PRODUCT_NAME,PRODUCT_VARIANT_ID,AREA_ID,PALLET_STATUS_NAME,INFEED_MISSION_CDATE,INFEED_MISSION_CTIME,INFEED_MISSION_START_DATE,INFEED_MISSION_START_TIME,INFEED_MISSION_END_DATE,INFEED_MISSION_END_TIME,INFEED_MISSION_STATUS,INFEED_MISSION_IS_DELETED,SHIFT_ID
79KWH,8,1,FULL,05-05-2025,22:15:50,05-05-2025,22:15:58,05-05-2025,22:18:23,COMPLETED,0,1
79KWH,8,1,FULL,05-05-2025,22:18:28,05-05-2025,22:20:46,05-05-2025,22:23:08,COMPLETED,0,1
79KWH,8,1,FULL,05-05-2025,22:23:13,05-05-2025,22:25:36,05-05-2025,22:27:58,COMPLETED,0,1
79KWH,8,2,FULL,05-05-2025,22:25:43,05-05-2025,22:25:48,05-05-2025,22:28:56,COMPLETED,0,1
79KWH,8,3,FULL,05-05-2025,22:25:51,05-05-2025,22:26:02,05-05-2025,22:30:38,COMPLETED,0,1
79KWH,8,1,FULL,05-05-2025,22:28:03,05-05-2025,22:28:13,05-05-2025,22:29:35,COMPLETED,0,1
79KWH,8,2,FULL,05-05-2025,22:29:02,05-05-2025,22:29:09,05-05-2025,22:31:46,COMPLETED,0,1
79KWH,8,1,FULL,05-05-2025,22:29:39,05-05-2025,22:29:48,05-05-2025,22:31:07,COMPLETED,0,1
79KWH,8,3,FULL,05-05-2025,22:30:44,05-05-2025,22:30:52,05-05-2025,22:34:44,COMPLETED,0,1
79KWH,8,1,FULL,05-05-2025,22:31:12,05-05-2025,22:31:21,05-05-2025,22:33:16,COMPLETED,0,1
79KWH,8,2,FULL,05-05-2025,22:31:51,05-05-2025,22:32:00,05-05-2025,22:35:23,COMPLETED,0,1
79KWH,8,1,FULL,05-05-2025,22:33:21,05-05-2025,22:33:30,05-05-2025,22:35:51,COMPLETED,0,1
79KWH,8,3,FULL,05-05-2025,22:34:50,05-05-2025,22:34:58,05-05-2025,22:38:49,COMPLETED,0,1
79KWH,8,2,FULL,05-05-2025,22:35:28,05-05-2025,22:35:38,05-05-2025,22:39:16,COMPLETED,0,1
79KWH,8,1,FULL,05-05-2025,22:35:56,05-05-2025,22:36:05,05-05-2025,22:38:25,COMPLETED,0,1
79KWH,8,3,FULL,05-05-2025,22:38:55,05-05-2025,22:39:03,05-05-2025,22:42:59,COMPLETED,0,1
79KWH,8,1,FULL,05-05-2025,22:52:29,05-05-2025,22:52:30,05-05-2025,22:54:55,COMPLETED,0,1
79KWH,8,3,FULL,05-05-2025,22:53:43,05-05-2025,22:53:45,05-05-2025,22:57:38,COMPLETED,0,1
79KWH,8,2,FULL,05-05-2025,22:54:00,05-05-2025,22:54:02,05-05-2025,22:57:46,COMPLETED,0,1
79KWH,8,1,FULL,05-05-2025,22:55:26,05-05-2025,22:55:38,06-05-2025,22:58:07,COMPLETED,0,1
79KWH,8,3,FULL,05-05-2025,22:57:44,05-05-2025,22:57:52,05-05-2025,23:01:50,COMPLETED,0,1
79KWH,8,2,FULL,05-05-2025,22:57:52,05-05-2025,22:58:00,05-05-2025,23:01:49,COMPLETED,0,1
79KWH,8,1,FULL,05-05-2025,22:58:32,05-05-2025,22:58:35,05-05-2025,23:00:27,COMPLETED,0,1
79KWH,8,1,FULL,05-05-2025,23:01:29,05-05-2025,23:01:38,05-05-2025,23:02:49,COMPLETED,0,1
79KWH,8,2,FULL,05-05-2025,23:01:55,05-05-2025,23:02:02,05-05-2025,23:05:50,COMPLETED,0,1
79KWH,8,3,FULL,05-05-2025,23:01:56,05-05-2025,23:02:04,05-05-2025,23:05:59,COMPLETED,0,1
79KWH,8,1,FULL,05-05-2025,23:04:31,05-05-2025,23:04:43,05-05-2025,23:05:54,COMPLETED,0,1
79KWH,8,2,FULL,05-05-2025,23:05:56,05-05-2025,23:06:03,05-05-2025,23:09:53,COMPLETED,0,1
79KWH,8,3,FULL,05-05-2025,23:06:06,05-05-2025,23:06:13,05-05-2025,23:10:13,COMPLETED,0,1
79KWH,8,1,FULL,05-05-2025,23:07:30,05-05-2025,23:08:35,05-05-2025,23:11:32,COMPLETED,0,1
79KWH,8,2,FULL,05-05-2025,23:09:58,05-05-2025,23:12:23,05-05-2025,23:16:32,COMPLETED,0,1
79KWH,8,3,FULL,05-05-2025,23:10:20,05-05-2025,23:12:17,05-05-2025,23:16:58,COMPLETED,0,1
79KWH,8,1,FULL,05-05-2025,23:11:37,05-05-2025,23:14:10,05-05-2025,23:17:40,COMPLETED,0,1
79KWH,8,2,FULL,05-05-2025,23:16:39,05-05-2025,23:16:47,05-05-2025,23:20:41,COMPLETED,0,1
79KWH,8,3,FULL,05-05-2025,23:17:04,05-05-2025,23:17:12,05-05-2025,23:21:12,COMPLETED,0,1
79KWH,8,1,FULL,05-05-2025,23:17:45,05-05-2025,23:17:54,05-05-2025,23:21:19,COMPLETED,0,1
79KWH,8,2,FULL,05-05-2025,23:20:47,05-05-2025,23:23:17,05-05-2025,23:27:28,COMPLETED,0,1
79KWH,8,3,FULL,05-05-2025,23:21:18,05-05-2025,23:21:25,05-05-2025,23:25:28,COMPLETED,0,1
79KWH,8,1,FULL,05-05-2025,23:21:24,05-05-2025,23:21:32,05-05-2025,23:23:50,COMPLETED,0,1
79KWH,8,1,FULL,05-05-2025,23:23:55,05-05-2025,23:24:04,05-05-2025,23:25:21,COMPLETED,0,1
79KWH,8,1,FULL,05-05-2025,23:25:26,05-05-2025,23:25:34,05-05-2025,23:26:48,COMPLETED,0,1
79KWH,8,3,FULL,05-05-2025,23:25:34,05-05-2025,23:25:42,05-05-2025,23:29:50,COMPLETED,0,1
79KWH,8,1,FULL,05-05-2025,23:26:54,05-05-2025,23:27:02,05-05-2025,23:28:19,COMPLETED,0,1
79KWH,8,2,FULL,05-05-2025,23:27:35,05-05-2025,23:27:42,05-05-2025,23:31:38,COMPLETED,0,1
79KWH,8,1,FULL,05-05-2025,23:28:38,05-05-2025,23:28:47,05-05-2025,23:30:02,COMPLETED,0,1
79KWH,8,3,FULL,05-05-2025,23:29:57,05-05-2025,23:30:04,05-05-2025,23:34:11,COMPLETED,0,1
79KWH,8,1,FULL,05-05-2025,23:30:39,05-05-2025,23:30:44,05-05-2025,23:31:58,COMPLETED,0,1
79KWH,8,2,FULL,05-05-2025,23:31:43,05-05-2025,23:31:53,05-05-2025,23:35:44,COMPLETED,0,1
79KWH,8,1,FULL,05-05-2025,23:33:43,05-05-2025,23:33:50,05-05-2025,23:35:06,COMPLETED,0,1
79KWH,8,3,FULL,05-05-2025,23:34:18,05-05-2025,23:34:25,05-05-2025,23:38:35,COMPLETED,0,1
79KWH,8,1,FULL,05-05-2025,23:35:43,05-05-2025,23:35:48,05-05-2025,23:37:05,COMPLETED,0,1
79KWH,8,2,FULL,05-05-2025,23:35:51,05-05-2025,23:35:58,05-05-2025,23:38:36,COMPLETED,0,1
79KWH,8,3,FULL,05-05-2025,23:38:41,05-05-2025,23:38:49,05-05-2025,23:42:58,COMPLETED,0,1
79KWH,8,2,FULL,05-05-2025,23:38:43,05-05-2025,23:38:50,05-05-2025,23:40:03,COMPLETED,0,1
79KWH,8,3,FULL,05-05-2025,23:43:04,05-05-2025,23:43:11,05-05-2025,23:47:24,COMPLETED,0,1
79KWH,8,3,FULL,05-05-2025,23:47:32,06-05-2025,06:34:39,06-05-2025,06:39:26,COMPLETED,0,1
79KWH,8,3,FULL,06-05-2025,06:39:32,06-05-2025,06:41:24,06-05-2025,06:46:15,COMPLETED,0,1
79KWH,8,3,FULL,06-05-2025,06:46:21,06-05-2025,06:48:07,06-05-2025,06:52:55,COMPLETED,0,1
79KWH,8,1,FULL,06-05-2025,07:01:51,06-05-2025,07:01:53,06-05-2025,07:04:13,COMPLETED,0,1
79KWH,8,3,FULL,06-05-2025,07:03:05,06-05-2025,07:03:16,06-05-2025,07:08:10,COMPLETED,0,1
79KWH,8,2,FULL,06-05-2025,07:03:22,06-05-2025,07:03:30,06-05-2025,07:06:47,COMPLETED,0,1
79KWH,8,1,FULL,06-05-2025,07:04:49,06-05-2025,07:04:55,06-05-2025,07:06:13,COMPLETED,0,1
79KWH,8,2,FULL,06-05-2025,07:06:54,06-05-2025,07:07:01,06-05-2025,07:08:54,COMPLETED,0,1
79KWH,8,1,FULL,06-05-2025,07:07:53,06-05-2025,07:08:06,06-05-2025,07:09:23,COMPLETED,0,1
79KWH,8,3,FULL,06-05-2025,07:08:18,06-05-2025,07:08:25,06-05-2025,07:12:39,COMPLETED,0,1
79KWH,8,2,FULL,06-05-2025,07:09:23,06-05-2025,07:09:37,06-05-2025,07:11:44,COMPLETED,0,1
79KWH,8,1,FULL,06-05-2025,07:10:50,06-05-2025,07:11:02,06-05-2025,07:12:22,COMPLETED,0,1
79KWH,8,3,FULL,06-05-2025,07:12:46,06-05-2025,07:12:54,06-05-2025,07:17:14,COMPLETED,0,1
79KWH,8,2,FULL,06-05-2025,07:14:37,06-05-2025,07:14:48,06-05-2025,07:17:00,COMPLETED,0,1
79KWH,8,1,FULL,06-05-2025,07:16:06,06-05-2025,07:16:08,06-05-2025,07:17:26,COMPLETED,0,1
79KWH,8,3,FULL,06-05-2025,07:17:21,06-05-2025,07:17:28,06-05-2025,07:21:46,COMPLETED,0,1
79KWH,8,2,FULL,06-05-2025,07:17:36,06-05-2025,07:17:42,06-05-2025,07:20:00,COMPLETED,0,1
79KWH,8,1,FULL,06-05-2025,07:19:10,06-05-2025,07:19:20,06-05-2025,07:20:38,COMPLETED,0,1
79KWH,8,2,FULL,06-05-2025,07:20:59,06-05-2025,07:21:11,06-05-2025,07:23:24,COMPLETED,0,1
79KWH,8,3,FULL,06-05-2025,07:21:53,06-05-2025,07:22:00,06-05-2025,07:26:22,COMPLETED,0,1
79KWH,8,1,FULL,06-05-2025,07:22:29,06-05-2025,07:22:31,06-05-2025,07:23:53,COMPLETED,0,1
79KWH,8,2,FULL,06-05-2025,07:23:59,06-05-2025,07:24:06,06-05-2025,07:26:26,COMPLETED,0,1
79KWH,8,1,FULL,06-05-2025,07:25:32,06-05-2025,07:25:33,06-05-2025,07:26:53,COMPLETED,0,1
79KWH,8,3,FULL,06-05-2025,07:26:28,06-05-2025,07:26:36,06-05-2025,07:30:55,COMPLETED,0,1
79KWH,8,2,FULL,06-05-2025,07:27:01,06-05-2025,07:27:08,06-05-2025,07:29:25,COMPLETED,0,1
79KWH,8,1,FULL,06-05-2025,07:28:28,06-05-2025,07:29:15,06-05-2025,07:31:41,COMPLETED,0,1
79KWH,8,2,FULL,06-05-2025,07:29:59,06-05-2025,07:31:55,06-05-2025,07:35:23,COMPLETED,0,1
79KWH,8,3,FULL,06-05-2025,07:31:03,06-05-2025,07:32:49,06-05-2025,07:37:47,COMPLETED,0,1
79KWH,8,1,FULL,06-05-2025,07:32:02,06-05-2025,07:34:07,06-05-2025,07:36:31,COMPLETED,0,1
79KWH,8,2,FULL,06-05-2025,07:35:29,06-05-2025,07:37:47,06-05-2025,07:41:11,COMPLETED,0,1
79KWH,8,1,FULL,06-05-2025,07:36:36,06-05-2025,07:36:45,06-05-2025,07:38:10,COMPLETED,0,1
79KWH,8,3,FULL,06-05-2025,07:37:53,06-05-2025,07:38:01,06-05-2025,07:42:24,COMPLETED,0,1
79KWH,8,1,FULL,06-05-2025,07:38:15,06-05-2025,07:38:24,06-05-2025,07:39:46,COMPLETED,0,1
79KWH,8,1,FULL,06-05-2025,07:40:05,06-05-2025,07:40:14,06-05-2025,07:41:40,COMPLETED,0,1
79KWH,8,2,FULL,06-05-2025,07:41:18,06-05-2025,07:41:26,06-05-2025,07:43:49,COMPLETED,0,1
79KWH,8,3,FULL,06-05-2025,07:42:31,06-05-2025,07:42:38,06-05-2025,07:47:06,COMPLETED,0,1
79KWH,8,1,FULL,06-05-2025,07:43:02,06-05-2025,07:43:06,06-05-2025,07:44:29,COMPLETED,0,1
79KWH,8,2,FULL,06-05-2025,07:43:55,06-05-2025,07:44:03,06-05-2025,07:46:23,COMPLETED,0,1
79KWH,8,1,FULL,06-05-2025,07:46:06,06-05-2025,07:46:08,06-05-2025,07:47:35,COMPLETED,0,1
79KWH,8,2,FULL,06-05-2025,07:46:29,06-05-2025,07:46:36,06-05-2025,07:49:01,COMPLETED,0,1
79KWH,8,3,FULL,06-05-2025,07:47:13,06-05-2025,07:47:19,06-05-2025,07:51:47,COMPLETED,0,1
79KWH,8,1,FULL,06-05-2025,07:49:03,06-05-2025,07:49:14,06-05-2025,07:50:39,COMPLETED,0,1
79KWH,8,2,FULL,06-05-2025,07:49:06,06-05-2025,07:49:15,06-05-2025,07:51:36,COMPLETED,0,1
79KWH,8,1,FULL,06-05-2025,07:51:05,06-05-2025,07:51:07,06-05-2025,07:52:36,COMPLETED,0,1
79KWH,8,2,FULL,06-05-2025,07:51:42,06-05-2025,07:51:49,06-05-2025,07:58:52,COMPLETED,0,1
79KWH,8,3,FULL,06-05-2025,07:51:55,06-05-2025,07:52:01,06-05-2025,07:56:26,COMPLETED,0,1
79KWH,8,1,FULL,06-05-2025,07:54:08,06-05-2025,07:54:14,06-05-2025,07:55:40,COMPLETED,0,1
79KWH,8,3,FULL,06-05-2025,07:56:33,06-05-2025,07:56:40,06-05-2025,08:01:14,COMPLETED,0,1
79KWH,8,2,FULL,06-05-2025,07:58:58,06-05-2025,07:59:07,06-05-2025,08:01:30,COMPLETED,0,1
79KWH,8,3,FULL,06-05-2025,08:01:19,06-05-2025,08:01:28,06-05-2025,08:05:57,COMPLETED,0,1
79KWH,8,1,FULL,06-05-2025,08:01:29,06-05-2025,08:01:33,06-05-2025,08:03:03,COMPLETED,0,1
79KWH,8,2,FULL,06-05-2025,08:01:37,06-05-2025,08:01:45,06-05-2025,08:04:13,COMPLETED,0,1
79KWH,8,1,FULL,06-05-2025,08:03:08,06-05-2025,08:03:17,06-05-2025,08:04:46,COMPLETED,0,1
79KWH,8,2,FULL,06-05-2025,08:04:19,06-05-2025,08:06:39,06-05-2025,08:10:06,COMPLETED,0,1
79KWH,8,1,FULL,06-05-2025,08:04:52,06-05-2025,08:07:05,06-05-2025,08:09:36,COMPLETED,0,1
79KWH,8,3,FULL,06-05-2025,08:06:03,06-05-2025,08:06:11,06-05-2025,08:10:46,COMPLETED,0,1
79KWH,8,1,FULL,06-05-2025,08:09:41,06-05-2025,08:11:59,06-05-2025,08:14:27,COMPLETED,0,1
79KWH,8,2,FULL,06-05-2025,08:10:13,06-05-2025,08:12:27,06-05-2025,08:16:27,COMPLETED,0,1
79KWH,8,3,FULL,06-05-2025,08:10:53,06-05-2025,08:12:34,06-05-2025,08:17:32,COMPLETED,0,1
79KWH,8,1,FULL,06-05-2025,08:14:32,06-05-2025,08:15:58,06-05-2025,08:17:41,COMPLETED,0,1
79KWH,8,2,FULL,06-05-2025,08:16:33,06-05-2025,08:16:40,06-05-2025,08:19:08,COMPLETED,0,1
79KWH,8,3,FULL,06-05-2025,08:17:38,06-05-2025,08:17:46,06-05-2025,08:22:23,COMPLETED,0,1
79KWH,8,1,FULL,06-05-2025,08:17:46,06-05-2025,08:17:55,06-05-2025,08:19:25,COMPLETED,0,1
79KWH,8,2,FULL,06-05-2025,08:19:14,06-05-2025,08:19:23,06-05-2025,08:21:55,COMPLETED,0,1
79KWH,8,1,FULL,06-05-2025,08:19:30,06-05-2025,08:19:38,06-05-2025,08:21:12,COMPLETED,0,1
79KWH,8,1,FULL,06-05-2025,08:21:17,06-05-2025,08:21:25,06-05-2025,08:22:57,COMPLETED,0,1
79KWH,8,2,FULL,06-05-2025,08:22:01,06-05-2025,08:22:09,06-05-2025,08:24:37,COMPLETED,0,1
79KWH,8,3,FULL,06-05-2025,08:22:29,06-05-2025,08:22:37,06-05-2025,08:27:13,COMPLETED,0,1
79KWH,8,1,FULL,06-05-2025,08:23:02,06-05-2025,08:23:11,06-05-2025,08:24:52,COMPLETED,0,1
79KWH,8,2,FULL,06-05-2025,08:24:42,06-05-2025,08:24:51,06-05-2025,08:27:25,COMPLETED,0,1
79KWH,8,1,FULL,06-05-2025,08:24:57,06-05-2025,08:25:06,06-05-2025,08:26:40,COMPLETED,0,1
79KWH,8,1,FULL,06-05-2025,08:26:45,06-05-2025,08:26:54,06-05-2025,08:28:30,COMPLETED,0,1
79KWH,8,3,FULL,06-05-2025,08:27:20,06-05-2025,08:27:26,06-05-2025,08:32:07,COMPLETED,0,1
79KWH,8,2,FULL,06-05-2025,08:27:32,06-05-2025,08:27:39,06-05-2025,08:30:11,COMPLETED,0,1
79KWH,8,1,FULL,06-05-2025,08:28:35,06-05-2025,08:28:44,06-05-2025,08:30:23,COMPLETED,0,1
79KWH,8,2,FULL,06-05-2025,08:30:17,06-05-2025,08:30:26,06-05-2025,08:33:02,COMPLETED,0,1
79KWH,8,1,FULL,06-05-2025,08:30:29,06-05-2025,08:30:36,06-05-2025,08:32:14,COMPLETED,0,1
79KWH,8,3,FULL,06-05-2025,08:32:14,06-05-2025,08:32:20,06-05-2025,08:36:58,COMPLETED,0,1
79KWH,8,1,FULL,06-05-2025,08:32:19,06-05-2025,08:32:28,06-05-2025,08:34:03,COMPLETED,0,1
79KWH,8,2,FULL,06-05-2025,08:33:09,06-05-2025,08:33:16,06-05-2025,08:35:48,COMPLETED,0,1
79KWH,8,1,FULL,06-05-2025,08:34:09,06-05-2025,08:34:18,06-05-2025,08:36:02,COMPLETED,0,1
79KWH,8,2,FULL,06-05-2025,08:35:53,06-05-2025,08:36:02,06-05-2025,08:38:39,COMPLETED,0,1
79KWH,8,1,FULL,06-05-2025,08:36:07,06-05-2025,08:36:16,06-05-2025,08:37:53,COMPLETED,0,1
79KWH,8,3,FULL,06-05-2025,08:37:05,06-05-2025,08:37:11,06-05-2025,08:41:53,COMPLETED,0,1
79KWH,8,1,FULL,06-05-2025,08:37:58,06-05-2025,08:38:06,06-05-2025,08:39:47,COMPLETED,0,1
79KWH,8,2,FULL,06-05-2025,08:38:45,06-05-2025,08:38:53,06-05-2025,08:41:28,COMPLETED,0,1
79KWH,8,1,FULL,06-05-2025,08:39:51,06-05-2025,08:40:00,06-05-2025,08:41:39,COMPLETED,0,1
79KWH,8,2,FULL,06-05-2025,08:41:33,06-05-2025,08:41:42,06-05-2025,08:44:22,COMPLETED,0,1
79KWH,8,1,FULL,06-05-2025,08:41:45,06-05-2025,08:41:54,06-05-2025,08:43:35,COMPLETED,0,1
79KWH,8,3,FULL,06-05-2025,08:42:00,06-05-2025,08:42:07,06-05-2025,08:46:46,COMPLETED,0,1
79KWH,8,1,FULL,06-05-2025,08:43:40,06-05-2025,08:43:49,06-05-2025,08:45:28,COMPLETED,0,1
79KWH,8,2,FULL,06-05-2025,08:44:27,06-05-2025,08:44:35,06-05-2025,08:47:12,COMPLETED,0,1
79KWH,8,1,FULL,06-05-2025,08:45:33,06-05-2025,08:45:42,06-05-2025,08:47:27,COMPLETED,0,1
79KWH,8,3,FULL,06-05-2025,08:46:52,06-05-2025,08:47:00,06-05-2025,08:51:44,COMPLETED,0,1
79KWH,8,2,FULL,06-05-2025,08:47:17,06-05-2025,08:49:31,06-05-2025,08:53:11,COMPLETED,0,1
79KWH,8,1,FULL,06-05-2025,08:47:32,06-05-2025,08:51:31,06-05-2025,08:54:06,COMPLETED,0,1
79KWH,8,3,FULL,06-05-2025,08:51:51,06-05-2025,08:53:32,06-05-2025,08:58:36,COMPLETED,0,1
79KWH,8,2,FULL,06-05-2025,08:53:18,06-05-2025,08:55:27,06-05-2025,08:59:02,COMPLETED,0,1
79KWH,8,1,FULL,06-05-2025,08:54:11,06-05-2025,08:56:19,06-05-2025,08:59:01,COMPLETED,0,1
79KWH,8,3,FULL,06-05-2025,08:58:43,06-05-2025,09:05:01,06-05-2025,09:09:48,COMPLETED,0,1
79KWH,8,1,FULL,06-05-2025,08:59:06,06-05-2025,08:59:15,06-05-2025,09:00:57,COMPLETED,0,1
79KWH,8,2,FULL,06-05-2025,08:59:09,06-05-2025,08:59:16,06-05-2025,09:02:00,COMPLETED,0,1
79KWH,8,1,FULL,06-05-2025,09:01:01,06-05-2025,09:01:10,06-05-2025,09:02:56,COMPLETED,0,1
79KWH,8,2,FULL,06-05-2025,09:02:07,06-05-2025,09:02:14,06-05-2025,09:04:54,COMPLETED,0,1
79KWH,8,1,FULL,06-05-2025,09:03:02,06-05-2025,09:03:10,06-05-2025,09:04:53,COMPLETED,0,1
79KWH,8,1,FULL,06-05-2025,09:04:58,06-05-2025,09:05:07,06-05-2025,09:06:54,COMPLETED,0,1
79KWH,8,2,FULL,06-05-2025,09:05:01,06-05-2025,09:05:09,06-05-2025,09:07:55,COMPLETED,0,1
79KWH,8,1,FULL,06-05-2025,09:06:59,06-05-2025,09:07:08,06-05-2025,09:08:52,COMPLETED,0,1
79KWH,8,2,FULL,06-05-2025,09:08:00,06-05-2025,09:08:09,06-05-2025,09:10:51,COMPLETED,0,1
79KWH,8,1,FULL,06-05-2025,09:08:57,06-05-2025,09:09:06,06-05-2025,09:10:59,COMPLETED,0,1
79KWH,8,3,FULL,06-05-2025,09:09:55,06-05-2025,09:10:02,06-05-2025,09:14:46,COMPLETED,0,1
79KWH,8,2,FULL,06-05-2025,09:10:58,06-05-2025,09:11:05,06-05-2025,09:13:54,COMPLETED,0,1
79KWH,8,1,FULL,06-05-2025,09:11:05,06-05-2025,09:11:13,06-05-2025,09:12:59,COMPLETED,0,1
79KWH,8,1,FULL,06-05-2025,09:13:04,06-05-2025,09:13:13,06-05-2025,09:15:01,COMPLETED,0,1
79KWH,8,3,FULL,06-05-2025,09:14:51,06-05-2025,09:15:00,06-05-2025,09:19:49,COMPLETED,0,1
79KWH,8,1,FULL,06-05-2025,09:15:06,06-05-2025,09:15:15,06-05-2025,09:17:03,COMPLETED,0,1
79KWH,8,2,FULL,06-05-2025,09:18:42,06-05-2025,09:18:51,06-05-2025,09:21:37,COMPLETED,0,1
79KWH,8,1,FULL,06-05-2025,09:19:51,06-05-2025,09:20:05,06-05-2025,09:21:59,COMPLETED,0,1
79KWH,8,3,FULL,06-05-2025,09:19:54,06-05-2025,09:20:03,06-05-2025,09:24:49,COMPLETED,0,1
79KWH,8,2,FULL,06-05-2025,09:21:43,06-05-2025,09:21:51,06-05-2025,09:24:43,COMPLETED,0,1
79KWH,8,3,FULL,06-05-2025,09:24:56,06-05-2025,09:25:03,06-05-2025,09:29:55,COMPLETED,0,1
79KWH,8,3,FULL,06-05-2025,09:30:03,06-05-2025,09:30:09,06-05-2025,09:35:04,COMPLETED,0,1
79KWH,8,3,FULL,06-05-2025,09:35:10,06-05-2025,09:36:53,06-05-2025,09:42:27,COMPLETED,0,1
79KWH,8,1,FULL,06-05-2025,09:37:39,06-05-2025,09:39:59,06-05-2025,09:42:37,COMPLETED,0,1
79KWH,8,2,FULL,06-05-2025,09:39:10,06-05-2025,09:39:22,06-05-2025,09:43:05,COMPLETED,0,1
79KWH,8,3,FULL,06-05-2025,09:42:33,06-05-2025,09:42:40,06-05-2025,09:47:33,COMPLETED,0,1
79KWH,8,1,FULL,06-05-2025,09:42:42,06-05-2025,09:42:51,06-05-2025,09:44:40,COMPLETED,0,1
79KWH,8,2,FULL,06-05-2025,09:43:11,06-05-2025,09:43:18,06-05-2025,09:46:12,COMPLETED,0,1
79KWH,8,1,FULL,06-05-2025,09:44:45,06-05-2025,09:44:54,06-05-2025,09:46:47,COMPLETED,0,1
79KWH,8,2,FULL,06-05-2025,09:46:19,06-05-2025,09:46:27,06-05-2025,09:49:18,COMPLETED,0,1
79KWH,8,1,FULL,06-05-2025,09:46:53,06-05-2025,09:47:02,06-05-2025,09:48:53,COMPLETED,0,1
79KWH,8,3,FULL,06-05-2025,09:47:40,06-05-2025,09:47:47,06-05-2025,09:52:44,COMPLETED,0,1
79KWH,8,2,FULL,06-05-2025,09:49:24,06-05-2025,09:49:33,06-05-2025,09:52:28,COMPLETED,0,1
79KWH,8,1,FULL,06-05-2025,09:49:41,06-05-2025,09:49:49,06-05-2025,09:51:45,COMPLETED,0,1
79KWH,8,2,FULL,06-05-2025,09:52:35,06-05-2025,09:52:43,06-05-2025,09:55:35,COMPLETED,0,1
79KWH,8,1,FULL,06-05-2025,09:52:40,06-05-2025,09:52:41,06-05-2025,09:54:33,COMPLETED,0,1
79KWH,8,3,FULL,06-05-2025,09:52:51,06-05-2025,09:52:58,06-05-2025,09:57:53,COMPLETED,0,1
79KWH,8,2,FULL,06-05-2025,09:55:42,06-05-2025,09:55:50,06-05-2025,09:58:47,COMPLETED,0,1
79KWH,8,1,FULL,06-05-2025,09:56:01,06-05-2025,09:56:13,06-05-2025,09:58:08,COMPLETED,0,1
79KWH,8,3,FULL,06-05-2025,09:57:59,06-05-2025,09:58:07,06-05-2025,10:03:05,COMPLETED,0,1
79KWH,8,2,FULL,06-05-2025,09:58:53,06-05-2025,09:59:01,06-05-2025,10:01:55,COMPLETED,0,1
79KWH,8,1,FULL,06-05-2025,09:58:58,06-05-2025,09:59:04,06-05-2025,10:00:58,COMPLETED,0,1
79KWH,8,2,FULL,06-05-2025,10:02:01,06-05-2025,10:02:09,06-05-2025,10:05:08,COMPLETED,0,1
79KWH,8,1,FULL,06-05-2025,10:02:03,06-05-2025,10:02:09,06-05-2025,10:04:05,COMPLETED,0,1
79KWH,8,3,FULL,06-05-2025,10:03:12,06-05-2025,10:03:20,06-05-2025,10:08:15,COMPLETED,0,1
79KWH,8,1,FULL,06-05-2025,10:05:01,06-05-2025,10:05:02,06-05-2025,10:08:27,COMPLETED,0,1
79KWH,8,2,FULL,06-05-2025,10:05:15,06-05-2025,10:05:22,06-05-2025,10:08:19,COMPLETED,0,1
79KWH,8,3,FULL,06-05-2025,10:08:21,06-05-2025,10:08:29,06-05-2025,10:13:32,COMPLETED,0,1
79KWH,8,2,FULL,06-05-2025,10:08:25,06-05-2025,10:08:33,06-05-2025,10:11:35,COMPLETED,0,1
79KWH,8,1,FULL,06-05-2025,10:08:31,06-05-2025,10:08:41,06-05-2025,10:10:40,COMPLETED,0,1
79KWH,8,1,FULL,06-05-2025,10:10:45,06-05-2025,10:10:53,06-05-2025,10:12:50,COMPLETED,0,1
79KWH,8,2,FULL,06-05-2025,10:11:41,06-05-2025,10:11:49,06-05-2025,10:14:48,COMPLETED,0,1
79KWH,8,1,FULL,06-05-2025,10:12:55,06-05-2025,10:13:04,06-05-2025,10:15:05,COMPLETED,0,1
79KWH,8,3,FULL,06-05-2025,10:13:38,06-05-2025,10:13:45,06-05-2025,10:18:44,COMPLETED,0,1
79KWH,8,2,FULL,06-05-2025,10:14:55,06-05-2025,10:15:03,06-05-2025,10:18:05,COMPLETED,0,1
79KWH,8,1,FULL,06-05-2025,10:15:10,06-05-2025,10:15:18,06-05-2025,10:17:16,COMPLETED,0,1
79KWH,8,1,FULL,06-05-2025,10:17:21,06-05-2025,10:17:29,06-05-2025,10:19:29,COMPLETED,0,1
79KWH,8,2,FULL,06-05-2025,10:18:10,06-05-2025,10:18:19,06-05-2025,10:21:17,COMPLETED,0,1
79KWH,8,3,FULL,06-05-2025,10:18:51,06-05-2025,10:18:59,06-05-2025,10:29:36,COMPLETED,0,1
79KWH,8,1,FULL,06-05-2025,10:19:35,06-05-2025,10:19:43,06-05-2025,10:21:41,COMPLETED,0,1
79KWH,8,2,FULL,06-05-2025,10:21:23,06-05-2025,10:23:24,06-05-2025,10:27:17,COMPLETED,0,1
79KWH,8,1,FULL,06-05-2025,10:21:46,06-05-2025,10:21:54,06-05-2025,10:23:57,COMPLETED,0,1
79KWH,8,1,FULL,06-05-2025,10:24:02,06-05-2025,10:26:11,06-05-2025,10:28:54,COMPLETED,0,1
79KWH,8,2,FULL,06-05-2025,10:27:23,06-05-2025,10:27:32,06-05-2025,10:30:34,COMPLETED,0,1
79KWH,8,1,FULL,06-05-2025,10:28:59,06-05-2025,10:29:08,06-05-2025,10:31:11,COMPLETED,0,1
79KWH,8,3,FULL,06-05-2025,10:29:44,06-05-2025,10:29:50,06-05-2025,10:34:51,COMPLETED,0,1
79KWH,8,2,FULL,06-05-2025,10:30:40,06-05-2025,10:32:37,06-05-2025,10:36:30,COMPLETED,0,1
79KWH,8,1,FULL,06-05-2025,10:31:17,06-05-2025,10:33:20,06-05-2025,10:36:04,COMPLETED,0,1
79KWH,8,3,FULL,06-05-2025,10:34:58,06-05-2025,10:36:48,06-05-2025,10:48:55,COMPLETED,0,1
79KWH,8,1,FULL,06-05-2025,10:36:09,06-05-2025,10:36:17,06-05-2025,10:38:23,COMPLETED,0,1
79KWH,8,2,FULL,06-05-2025,10:36:36,06-05-2025,10:36:43,06-05-2025,10:39:47,COMPLETED,0,1
79KWH,8,1,FULL,06-05-2025,10:38:28,06-05-2025,10:38:37,06-05-2025,10:40:40,COMPLETED,0,1
79KWH,8,2,FULL,06-05-2025,10:39:52,06-05-2025,10:40:01,06-05-2025,10:43:15,COMPLETED,0,1
79KWH,8,1,FULL,06-05-2025,10:40:45,06-05-2025,10:40:53,06-05-2025,10:43:05,COMPLETED,0,1
79KWH,8,1,FULL,06-05-2025,10:43:10,06-05-2025,10:43:18,06-05-2025,10:45:21,COMPLETED,0,1
79KWH,8,2,FULL,06-05-2025,10:43:21,06-05-2025,10:43:29,06-05-2025,10:46:36,COMPLETED,0,1
79KWH,8,1,FULL,06-05-2025,10:45:27,06-05-2025,10:45:36,06-05-2025,10:47:44,COMPLETED,0,1
79KWH,8,2,FULL,06-05-2025,10:46:41,06-05-2025,10:46:50,06-05-2025,10:50:01,COMPLETED,0,1
79KWH,8,1,FULL,06-05-2025,10:47:49,06-05-2025,10:47:58,06-05-2025,10:50:05,COMPLETED,0,1
79KWH,8,3,FULL,06-05-2025,10:49:02,06-05-2025,10:49:09,06-05-2025,10:54:12,COMPLETED,0,1
79KWH,8,2,FULL,06-05-2025,10:50:07,06-05-2025,10:50:15,06-05-2025,10:53:23,COMPLETED,0,1
79KWH,8,1,FULL,06-05-2025,10:50:10,06-05-2025,10:50:19,06-05-2025,10:52:28,COMPLETED,0,1
79KWH,8,1,FULL,06-05-2025,10:52:32,06-05-2025,10:52:41,06-05-2025,10:54:49,COMPLETED,0,1
79KWH,8,2,FULL,06-05-2025,10:53:30,06-05-2025,10:53:38,06-05-2025,10:56:52,COMPLETED,0,1
79KWH,8,3,FULL,06-05-2025,10:54:18,06-05-2025,10:56:43,06-05-2025,11:02:00,COMPLETED,0,1
79KWH,8,1,FULL,06-05-2025,10:54:53,06-05-2025,10:55:03,06-05-2025,10:57:12,COMPLETED,0,1
79KWH,8,2,FULL,06-05-2025,10:56:58,06-05-2025,10:57:06,06-05-2025,11:00:15,COMPLETED,0,1
79KWH,8,1,FULL,06-05-2025,10:57:17,06-05-2025,10:57:25,06-05-2025,10:59:33,COMPLETED,0,1
79KWH,8,1,FULL,06-05-2025,10:59:38,06-05-2025,10:59:47,06-05-2025,11:01:59,COMPLETED,0,1
79KWH,8,2,FULL,06-05-2025,11:00:21,06-05-2025,11:00:30,06-05-2025,11:03:45,COMPLETED,0,1
79KWH,8,1,FULL,06-05-2025,11:02:05,06-05-2025,11:04:17,06-05-2025,11:07:04,COMPLETED,0,1
79KWH,8,3,FULL,06-05-2025,11:02:06,06-05-2025,11:02:14,06-05-2025,11:07:30,COMPLETED,0,1
79KWH,8,2,FULL,06-05-2025,11:03:51,06-05-2025,11:05:48,06-05-2025,11:09:40,COMPLETED,0,1
79KWH,8,1,FULL,06-05-2025,11:07:09,06-05-2025,11:07:18,06-05-2025,11:09:31,COMPLETED,0,1
79KWH,8,3,FULL,06-05-2025,11:07:37,06-05-2025,11:07:44,06-05-2025,11:13:07,COMPLETED,0,1
79KWH,8,1,FULL,06-05-2025,11:09:35,06-05-2025,11:11:45,06-05-2025,11:14:33,COMPLETED,0,1
79KWH,8,2,FULL,06-05-2025,11:09:47,06-05-2025,11:23:43,06-05-2025,11:27:40,COMPLETED,0,1
79KWH,8,3,FULL,06-05-2025,11:13:14,06-05-2025,11:13:22,06-05-2025,11:18:41,COMPLETED,0,1
79KWH,8,1,FULL,06-05-2025,11:14:39,06-05-2025,11:14:47,06-05-2025,11:17:00,COMPLETED,0,1
79KWH,8,1,FULL,06-05-2025,11:17:05,06-05-2025,11:17:14,06-05-2025,11:19:24,COMPLETED,0,1
79KWH,8,3,FULL,06-05-2025,11:18:48,06-05-2025,11:18:55,06-05-2025,11:25:04,COMPLETED,0,1
79KWH,8,1,FULL,06-05-2025,11:19:29,06-05-2025,11:19:39,06-05-2025,11:21:55,COMPLETED,0,1
79KWH,8,1,FULL,06-05-2025,11:22:00,06-05-2025,11:22:09,06-05-2025,11:24:22,COMPLETED,0,1
79KWH,8,1,FULL,06-05-2025,11:24:28,06-05-2025,11:25:59,06-05-2025,11:28:09,COMPLETED,0,1
79KWH,8,3,FULL,06-05-2025,11:25:10,06-05-2025,11:25:18,06-05-2025,11:37:17,COMPLETED,0,1
79KWH,8,2,FULL,06-05-2025,11:27:45,06-05-2025,11:44:22,06-05-2025,11:48:13,COMPLETED,0,1
79KWH,8,1,FULL,06-05-2025,11:28:15,06-05-2025,11:28:23,06-05-2025,11:30:39,COMPLETED,0,1
79KWH,8,1,FULL,06-05-2025,11:30:44,06-05-2025,11:30:53,06-05-2025,11:33:12,COMPLETED,0,1
79KWH,8,1,FULL,06-05-2025,11:33:16,06-05-2025,11:33:26,06-05-2025,11:35:42,COMPLETED,0,1
79KWH,8,1,FULL,06-05-2025,11:35:47,06-05-2025,11:35:55,06-05-2025,11:38:17,COMPLETED,0,1
79KWH,8,3,FULL,06-05-2025,11:37:23,06-05-2025,11:37:31,06-05-2025,11:42:57,COMPLETED,0,1
79KWH,8,1,FULL,06-05-2025,11:38:21,06-05-2025,11:40:36,06-05-2025,11:43:28,COMPLETED,0,1
79KWH,8,3,FULL,06-05-2025,11:43:04,06-05-2025,11:43:11,06-05-2025,12:05:55,COMPLETED,0,1
79KWH,8,1,FULL,06-05-2025,11:43:32,06-05-2025,11:43:41,06-05-2025,11:46:04,COMPLETED,0,1
79KWH,8,1,FULL,06-05-2025,11:46:09,06-05-2025,11:48:19,06-05-2025,11:51:12,COMPLETED,0,1
79KWH,8,2,FULL,06-05-2025,11:48:19,06-05-2025,11:50:11,06-05-2025,11:54:10,COMPLETED,0,1
79KWH,8,1,FULL,06-05-2025,11:51:17,06-05-2025,11:51:26,06-05-2025,11:53:49,COMPLETED,0,1
79KWH,8,1,FULL,06-05-2025,11:53:53,06-05-2025,11:54:03,06-05-2025,11:56:23,COMPLETED,0,1
79KWH,8,1,FULL,06-05-2025,11:56:28,06-05-2025,11:56:37,06-05-2025,11:58:58,COMPLETED,0,1
79KWH,8,1,FULL,06-05-2025,11:59:03,06-05-2025,11:59:12,06-05-2025,12:01:39,COMPLETED,0,1
79KWH,8,1,FULL,06-05-2025,12:01:43,06-05-2025,12:01:53,06-05-2025,12:04:17,COMPLETED,0,1
79KWH,8,3,FULL,06-05-2025,12:06:00,06-05-2025,12:06:08,06-05-2025,12:11:40,COMPLETED,0,1
79KWH,8,3,FULL,06-05-2025,12:11:48,06-05-2025,12:11:55,06-05-2025,12:18:29,COMPLETED,0,1
79KWH,8,3,FULL,06-05-2025,12:18:35,06-05-2025,12:18:43,06-05-2025,12:24:32,COMPLETED,0,1
79KWH,8,2,FULL,06-05-2025,12:18:51,06-05-2025,12:19:05,06-05-2025,12:23:00,COMPLETED,0,1
79KWH,8,1,FULL,06-05-2025,12:20:27,06-05-2025,12:20:29,06-05-2025,12:23:28,COMPLETED,0,1
79KWH,8,2,FULL,06-05-2025,12:23:06,06-05-2025,12:23:14,06-05-2025,12:26:34,COMPLETED,0,1
79KWH,8,1,FULL,06-05-2025,12:23:33,06-05-2025,12:23:42,06-05-2025,12:26:07,COMPLETED,0,1
79KWH,8,3,FULL,06-05-2025,12:24:38,06-05-2025,12:24:47,06-05-2025,12:34:44,COMPLETED,0,1
79KWH,8,1,FULL,06-05-2025,12:26:27,06-05-2025,12:26:36,06-05-2025,12:29:02,COMPLETED,0,1
79KWH,8,2,FULL,06-05-2025,12:26:41,06-05-2025,12:26:49,06-05-2025,12:30:07,COMPLETED,0,1
79KWH,8,1,FULL,06-05-2025,12:29:25,06-05-2025,12:29:32,06-05-2025,12:31:57,COMPLETED,0,1
79KWH,8,2,FULL,06-05-2025,12:30:13,06-05-2025,12:30:21,06-05-2025,12:33:46,COMPLETED,0,1
79KWH,8,1,FULL,06-05-2025,12:32:27,06-05-2025,12:32:39,06-05-2025,12:35:10,COMPLETED,0,1
79KWH,8,2,FULL,06-05-2025,12:33:52,06-05-2025,12:34:00,06-05-2025,12:37:20,COMPLETED,0,1
79KWH,8,3,FULL,06-05-2025,12:34:52,06-05-2025,12:34:58,06-05-2025,12:38:16,COMPLETED,0,1
79KWH,8,1,FULL,06-05-2025,12:35:16,06-05-2025,12:35:24,06-05-2025,12:37:51,COMPLETED,0,1
79KWH,8,2,FULL,06-05-2025,12:37:26,06-05-2025,12:37:34,06-05-2025,12:40:58,COMPLETED,0,1
79KWH,8,1,FULL,06-05-2025,12:37:57,06-05-2025,12:38:06,06-05-2025,12:40:36,COMPLETED,0,1
79KWH,8,3,FULL,06-05-2025,12:38:23,06-05-2025,12:38:30,06-05-2025,12:39:38,COMPLETED,0,1
79KWH,8,3,FULL,06-05-2025,12:39:45,06-05-2025,12:39:52,06-05-2025,12:41:03,COMPLETED,0,1
79KWH,8,1,FULL,06-05-2025,12:40:41,06-05-2025,12:40:50,06-05-2025,12:43:20,COMPLETED,0,1
79KWH,8,2,FULL,06-05-2025,12:41:04,06-05-2025,12:41:12,06-05-2025,12:44:34,COMPLETED,0,1
79KWH,8,3,FULL,06-05-2025,12:41:10,06-05-2025,12:41:17,06-05-2025,12:42:25,COMPLETED,0,1
79KWH,8,3,FULL,06-05-2025,12:42:31,06-05-2025,12:42:38,06-05-2025,12:43:50,COMPLETED,0,1
79KWH,8,1,FULL,06-05-2025,12:43:24,06-05-2025,12:45:41,06-05-2025,12:48:48,COMPLETED,0,1
79KWH,8,3,FULL,06-05-2025,12:43:58,06-05-2025,12:44:05,06-05-2025,12:45:14,COMPLETED,0,1
79KWH,8,2,FULL,06-05-2025,12:44:40,06-05-2025,12:46:30,06-05-2025,12:50:28,COMPLETED,0,1
79KWH,8,3,FULL,06-05-2025,12:45:20,06-05-2025,12:45:28,06-05-2025,12:46:44,COMPLETED,0,1
79KWH,8,3,FULL,06-05-2025,12:46:51,06-05-2025,12:46:58,06-05-2025,12:48:09,COMPLETED,0,1
79KWH,8,3,FULL,06-05-2025,12:48:15,06-05-2025,12:48:23,06-05-2025,12:49:41,COMPLETED,0,1
79KWH,8,1,FULL,06-05-2025,12:48:53,06-05-2025,12:49:02,06-05-2025,12:51:31,COMPLETED,0,1
79KWH,8,3,FULL,06-05-2025,12:49:47,06-05-2025,12:49:55,06-05-2025,12:51:14,COMPLETED,0,1
79KWH,8,2,FULL,06-05-2025,12:50:34,06-05-2025,12:52:19,06-05-2025,12:56:25,COMPLETED,0,1
79KWH,8,3,FULL,06-05-2025,12:51:20,06-05-2025,12:51:28,06-05-2025,12:52:49,COMPLETED,0,1
79KWH,8,1,FULL,06-05-2025,12:51:37,06-05-2025,12:51:45,06-05-2025,12:54:18,COMPLETED,0,1
79KWH,8,3,FULL,06-05-2025,12:53:08,06-05-2025,12:53:18,06-05-2025,12:54:36,COMPLETED,0,1
79KWH,8,1,FULL,06-05-2025,12:54:23,06-05-2025,12:54:32,06-05-2025,12:57:04,COMPLETED,0,1
79KWH,8,2,FULL,06-05-2025,12:56:30,06-05-2025,12:56:39,06-05-2025,13:00:04,COMPLETED,0,1
79KWH,8,1,FULL,06-05-2025,12:57:08,06-05-2025,12:57:17,06-05-2025,12:59:53,COMPLETED,0,1
79KWH,8,1,FULL,06-05-2025,12:59:57,06-05-2025,13:02:12,06-05-2025,13:05:13,COMPLETED,0,1
79KWH,8,3,FULL,06-05-2025,13:05:03,06-05-2025,13:05:10,06-05-2025,13:06:33,COMPLETED,0,1
79KWH,8,2,FULL,06-05-2025,13:05:15,06-05-2025,13:05:15,06-05-2025,13:08:47,COMPLETED,0,1
79KWH,8,1,FULL,06-05-2025,13:05:18,06-05-2025,13:05:26,06-05-2025,13:08:03,COMPLETED,0,1
79KWH,8,3,FULL,06-05-2025,13:08:01,06-05-2025,13:10:07,06-05-2025,13:13:29,COMPLETED,0,1
79KWH,8,1,FULL,06-05-2025,13:08:08,06-05-2025,13:08:17,06-05-2025,13:10:52,COMPLETED,0,1
79KWH,8,2,FULL,06-05-2025,13:08:54,06-05-2025,13:09:01,06-05-2025,13:12:29,COMPLETED,0,1
79KWH,8,1,FULL,06-05-2025,13:10:56,06-05-2025,13:20:38,06-05-2025,13:23:42,COMPLETED,0,1
79KWH,8,2,FULL,06-05-2025,13:12:35,06-05-2025,13:14:25,06-05-2025,13:18:24,COMPLETED,0,1
79KWH,8,3,FULL,06-05-2025,13:13:37,06-05-2025,13:16:52,06-05-2025,13:20:20,COMPLETED,0,1
79KWH,8,2,FULL,06-05-2025,13:18:31,06-05-2025,13:18:39,06-05-2025,13:22:18,COMPLETED,0,1
79KWH,8,3,FULL,06-05-2025,13:20:27,06-05-2025,13:20:34,06-05-2025,13:21:54,COMPLETED,0,1
79KWH,8,3,FULL,06-05-2025,13:22:00,06-05-2025,13:22:07,06-05-2025,13:23:34,COMPLETED,0,1
79KWH,8,1,FULL,06-05-2025,13:23:47,06-05-2025,13:23:55,06-05-2025,13:26:31,COMPLETED,0,1
79KWH,8,3,FULL,06-05-2025,13:24:05,06-05-2025,13:26:52,06-05-2025,13:30:15,COMPLETED,0,1
79KWH,8,2,FULL,06-05-2025,13:24:16,06-05-2025,13:24:25,06-05-2025,13:28:29,COMPLETED,0,1
79KWH,8,1,FULL,06-05-2025,13:26:37,06-05-2025,13:28:50,06-05-2025,13:31:54,COMPLETED,0,1
79KWH,8,2,FULL,06-05-2025,13:28:35,06-05-2025,13:28:43,06-05-2025,13:32:23,COMPLETED,0,1
79KWH,8,3,FULL,06-05-2025,13:30:22,06-05-2025,13:33:35,06-05-2025,13:37:06,COMPLETED,0,1
79KWH,8,1,FULL,06-05-2025,13:31:59,06-05-2025,13:32:08,06-05-2025,13:34:44,COMPLETED,0,1
79KWH,8,2,FULL,06-05-2025,13:32:29,06-05-2025,13:32:37,06-05-2025,13:36:14,COMPLETED,0,1
79KWH,8,1,FULL,06-05-2025,13:34:49,06-05-2025,13:34:58,06-05-2025,13:37:38,COMPLETED,0,1
79KWH,8,2,FULL,06-05-2025,13:36:20,06-05-2025,13:36:28,06-05-2025,13:40:11,COMPLETED,0,1
79KWH,8,3,FULL,06-05-2025,13:37:13,06-05-2025,13:47:24,06-05-2025,13:50:53,COMPLETED,0,1
79KWH,8,1,FULL,06-05-2025,13:37:43,06-05-2025,13:37:52,06-05-2025,13:40:31,COMPLETED,0,1
79KWH,8,2,FULL,06-05-2025,13:40:17,06-05-2025,13:40:25,06-05-2025,13:44:04,COMPLETED,0,1
79KWH,8,1,FULL,06-05-2025,13:40:36,06-05-2025,13:40:45,06-05-2025,13:43:26,COMPLETED,0,1
79KWH,8,1,FULL,06-05-2025,13:43:31,06-05-2025,13:43:40,06-05-2025,13:46:18,COMPLETED,0,1
79KWH,8,3,FULL,06-05-2025,13:51:00,06-05-2025,13:51:07,06-05-2025,13:52:40,COMPLETED,0,1
79KWH,8,1,FULL,06-05-2025,13:51:48,06-05-2025,13:51:58,06-05-2025,13:55:05,COMPLETED,0,1
79KWH,8,2,FULL,06-05-2025,13:52:33,06-05-2025,13:54:04,06-05-2025,13:57:43,COMPLETED,0,1
79KWH,8,3,FULL,06-05-2025,13:52:46,06-05-2025,13:55:59,06-05-2025,13:59:27,COMPLETED,0,1
79KWH,8,1,FULL,06-05-2025,13:55:11,06-05-2025,13:57:25,06-05-2025,14:00:29,COMPLETED,0,1
79KWH,8,2,FULL,06-05-2025,13:57:49,06-05-2025,13:59:42,06-05-2025,14:03:49,COMPLETED,0,1
79KWH,8,3,FULL,06-05-2025,13:59:34,06-05-2025,13:59:41,06-05-2025,14:01:15,COMPLETED,0,1
79KWH,8,1,FULL,06-05-2025,14:00:34,06-05-2025,14:00:43,06-05-2025,14:03:27,COMPLETED,0,1
79KWH,8,3,FULL,06-05-2025,14:01:21,06-05-2025,14:01:29,06-05-2025,14:02:59,COMPLETED,0,1
79KWH,8,3,FULL,06-05-2025,14:03:05,06-05-2025,14:03:14,06-05-2025,14:04:51,COMPLETED,0,1
79KWH,8,1,FULL,06-05-2025,14:03:32,06-05-2025,14:03:41,06-05-2025,14:06:22,COMPLETED,0,1
79KWH,8,2,FULL,06-05-2025,14:03:56,06-05-2025,14:04:03,06-05-2025,14:07:43,COMPLETED,0,1
79KWH,8,3,FULL,06-05-2025,14:04:58,06-05-2025,14:05:05,06-05-2025,14:06:39,COMPLETED,0,1
79KWH,8,1,FULL,06-05-2025,14:06:27,06-05-2025,14:06:36,06-05-2025,14:09:22,COMPLETED,0,1
79KWH,8,3,FULL,06-05-2025,14:06:46,06-05-2025,14:06:53,06-05-2025,14:08:32,COMPLETED,0,1
79KWH,8,1,FULL,06-05-2025,14:09:28,06-05-2025,14:09:36,06-05-2025,14:12:18,COMPLETED,0,1
79KWH,8,3,FULL,06-05-2025,14:27:16,06-05-2025,14:27:28,06-05-2025,14:30:59,COMPLETED,0,1
79KWH,8,2,FULL,06-05-2025,14:27:24,06-05-2025,15:23:47,06-05-2025,15:27:17,COMPLETED,0,1
79KWH,8,1,FULL,06-05-2025,14:29:00,06-05-2025,14:29:04,06-05-2025,14:32:13,COMPLETED,0,1
79KWH,8,3,FULL,06-05-2025,14:31:06,06-05-2025,14:31:13,06-05-2025,14:32:55,COMPLETED,0,1
79KWH,8,1,FULL,06-05-2025,14:32:19,06-05-2025,14:32:27,06-05-2025,14:35:11,COMPLETED,0,1
79KWH,8,3,FULL,06-05-2025,14:33:17,06-05-2025,14:33:23,06-05-2025,14:35:02,COMPLETED,0,1
79KWH,8,3,FULL,06-05-2025,14:35:16,06-05-2025,14:35:16,06-05-2025,14:37:01,COMPLETED,0,1
79KWH,8,1,FULL,06-05-2025,14:35:16,06-05-2025,14:35:25,06-05-2025,14:38:14,COMPLETED,0,1
79KWH,8,3,FULL,06-05-2025,14:37:16,06-05-2025,14:40:12,06-05-2025,14:43:45,COMPLETED,0,1
79KWH,8,1,FULL,06-05-2025,14:38:19,06-05-2025,14:38:28,06-05-2025,14:41:29,COMPLETED,0,1
79KWH,8,1,FULL,06-05-2025,14:41:34,06-05-2025,14:41:43,06-05-2025,14:44:33,COMPLETED,0,1
79KWH,8,3,FULL,06-05-2025,14:43:52,06-05-2025,14:44:00,06-05-2025,14:45:46,COMPLETED,0,1
79KWH,8,1,FULL,06-05-2025,14:44:38,06-05-2025,14:44:46,06-05-2025,14:47:33,COMPLETED,0,1
79KWH,8,3,FULL,06-05-2025,14:45:53,06-05-2025,14:48:56,06-05-2025,14:52:31,COMPLETED,0,1
79KWH,8,1,FULL,06-05-2025,14:47:38,06-05-2025,14:49:54,06-05-2025,14:53:04,COMPLETED,0,1
79KWH,8,3,FULL,06-05-2025,14:52:38,06-05-2025,14:55:43,06-05-2025,14:59:24,COMPLETED,0,1
79KWH,8,1,FULL,06-05-2025,14:53:09,06-05-2025,14:53:17,06-05-2025,14:56:07,COMPLETED,0,1
79KWH,8,1,FULL,06-05-2025,14:56:11,06-05-2025,14:58:31,06-05-2025,15:01:42,COMPLETED,0,1
79KWH,8,3,FULL,06-05-2025,14:59:31,06-05-2025,15:02:29,06-05-2025,15:06:05,COMPLETED,0,1
79KWH,8,1,FULL,06-05-2025,15:01:47,06-05-2025,15:01:56,06-05-2025,15:04:46,COMPLETED,0,1
79KWH,8,1,FULL,06-05-2025,15:04:51,06-05-2025,15:05:00,06-05-2025,15:07:54,COMPLETED,0,1
79KWH,8,3,FULL,06-05-2025,15:06:11,06-05-2025,15:06:19,06-05-2025,15:08:12,COMPLETED,0,1
79KWH,8,1,FULL,06-05-2025,15:07:59,06-05-2025,15:08:07,06-05-2025,15:10:59,COMPLETED,0,1
79KWH,8,3,FULL,06-05-2025,15:08:18,06-05-2025,15:08:26,06-05-2025,15:10:14,COMPLETED,0,1
79KWH,8,3,FULL,06-05-2025,15:10:21,06-05-2025,15:10:28,06-05-2025,15:12:23,COMPLETED,0,1
79KWH,8,1,FULL,06-05-2025,15:11:03,06-05-2025,15:11:12,06-05-2025,15:14:06,COMPLETED,0,1
79KWH,8,3,FULL,06-05-2025,15:12:29,06-05-2025,15:12:37,06-05-2025,15:14:27,COMPLETED,0,1
79KWH,8,1,FULL,06-05-2025,15:14:11,06-05-2025,15:14:20,06-05-2025,15:17:13,COMPLETED,0,1
79KWH,8,3,FULL,06-05-2025,15:14:34,06-05-2025,15:17:50,06-05-2025,15:21:33,COMPLETED,0,1
79KWH,8,1,FULL,06-05-2025,15:17:18,06-05-2025,15:19:37,06-05-2025,15:22:51,COMPLETED,0,1
79KWH,8,3,FULL,06-05-2025,15:21:40,06-05-2025,15:24:34,06-05-2025,15:28:14,COMPLETED,0,1
79KWH,8,1,FULL,06-05-2025,15:22:56,06-05-2025,15:25:19,06-05-2025,15:28:30,COMPLETED,0,1
79KWH,8,2,FULL,06-05-2025,15:27:23,06-05-2025,15:27:31,06-05-2025,15:31:12,COMPLETED,0,1
79KWH,8,3,FULL,06-05-2025,15:28:20,06-05-2025,15:31:21,06-05-2025,15:35:06,COMPLETED,0,1
79KWH,8,1,FULL,06-05-2025,15:28:35,06-05-2025,15:29:12,06-05-2025,15:32:09,COMPLETED,0,1
79KWH,8,2,FULL,06-05-2025,15:31:19,06-05-2025,15:31:27,06-05-2025,15:35:10,COMPLETED,0,1
79KWH,8,1,FULL,06-05-2025,15:32:14,06-05-2025,15:32:23,06-05-2025,15:35:24,COMPLETED,0,1
79KWH,8,3,FULL,06-05-2025,15:35:13,06-05-2025,15:44:18,06-05-2025,15:47:59,COMPLETED,0,1
79KWH,8,2,FULL,06-05-2025,15:35:17,06-05-2025,15:35:24,06-05-2025,15:39:12,COMPLETED,0,1
79KWH,8,1,FULL,06-05-2025,15:35:30,06-05-2025,15:43:29,06-05-2025,15:46:47,COMPLETED,0,1
79KWH,8,2,FULL,06-05-2025,15:39:17,06-05-2025,15:41:16,06-05-2025,15:45:00,COMPLETED,0,1
79KWH,8,1,FULL,06-05-2025,15:46:53,06-05-2025,17:28:32,06-05-2025,17:31:42,COMPLETED,0,1
79KWH,8,2,FULL,06-05-2025,15:47:15,06-05-2025,15:47:22,06-05-2025,15:51:12,COMPLETED,0,1
79KWH,8,3,FULL,06-05-2025,15:48:06,06-05-2025,17:29:01,06-05-2025,17:32:47,COMPLETED,0,1
79KWH,8,2,FULL,06-05-2025,16:12:23,06-05-2025,16:12:33,06-05-2025,16:16:18,COMPLETED,0,1
79KWH,8,1,FULL,06-05-2025,17:31:48,06-05-2025,17:31:56,06-05-2025,17:34:55,COMPLETED,0,1
79KWH,8,3,FULL,06-05-2025,17:32:53,06-05-2025,17:33:02,06-05-2025,17:35:00,COMPLETED,0,1
79KWH,8,1,FULL,06-05-2025,17:35:00,06-05-2025,17:35:09,06-05-2025,17:38:11,COMPLETED,0,1
79KWH,8,3,FULL,06-05-2025,17:35:08,06-05-2025,17:35:14,06-05-2025,17:37:17,COMPLETED,0,1
79KWH,8,3,FULL,06-05-2025,17:37:24,06-05-2025,17:37:31,06-05-2025,17:39:32,COMPLETED,0,1
79KWH,8,1,FULL,06-05-2025,17:38:18,06-05-2025,17:38:25,06-05-2025,17:41:25,COMPLETED,0,1
79KWH,8,3,FULL,06-05-2025,17:39:39,06-05-2025,17:39:46,06-05-2025,17:41:52,COMPLETED,0,1
79KWH,8,1,FULL,06-05-2025,17:41:30,06-05-2025,17:41:38,06-05-2025,17:44:45,COMPLETED,0,1
79KWH,8,3,FULL,06-05-2025,17:41:58,06-05-2025,17:42:06,06-05-2025,17:44:10,COMPLETED,0,1
79KWH,8,2,FULL,07-05-2025,07:21:58,07-05-2025,07:37:56,07-05-2025,07:42:01,COMPLETED,0,1
79KWH,8,1,FULL,07-05-2025,07:23:09,07-05-2025,07:23:14,07-05-2025,07:26:19,COMPLETED,0,1
79KWH,8,1,FULL,07-05-2025,07:26:24,07-05-2025,07:26:32,07-05-2025,07:29:36,COMPLETED,0,1
79KWH,8,1,FULL,07-05-2025,07:29:40,07-05-2025,07:29:49,07-05-2025,07:32:55,COMPLETED,0,1
79KWH,8,3,FULL,07-05-2025,07:31:55,07-05-2025,07:32:02,07-05-2025,07:35:51,COMPLETED,0,1
79KWH,8,1,FULL,07-05-2025,07:33:01,07-05-2025,07:33:09,07-05-2025,07:36:14,COMPLETED,0,1
79KWH,8,3,FULL,07-05-2025,07:35:57,07-05-2025,07:38:52,07-05-2025,07:42:39,COMPLETED,0,1
79KWH,8,1,FULL,07-05-2025,07:36:19,07-05-2025,07:36:28,07-05-2025,07:39:36,COMPLETED,0,1
79KWH,8,1,FULL,07-05-2025,07:39:42,07-05-2025,07:39:51,07-05-2025,07:42:57,COMPLETED,0,1
79KWH,8,2,FULL,07-05-2025,07:42:07,07-05-2025,07:43:49,07-05-2025,07:47:50,COMPLETED,0,1
79KWH,8,3,FULL,07-05-2025,07:42:45,07-05-2025,07:45:35,07-05-2025,07:49:25,COMPLETED,0,1
79KWH,8,1,FULL,07-05-2025,07:43:02,07-05-2025,07:43:10,07-05-2025,07:46:20,COMPLETED,0,1
79KWH,8,1,FULL,07-05-2025,07:46:25,07-05-2025,07:46:34,07-05-2025,07:49:41,COMPLETED,0,1
79KWH,8,2,FULL,07-05-2025,07:47:56,07-05-2025,07:49:37,07-05-2025,07:53:44,COMPLETED,0,1
79KWH,8,3,FULL,07-05-2025,07:49:31,07-05-2025,07:54:15,07-05-2025,07:57:19,COMPLETED,0,1
79KWH,8,1,FULL,07-05-2025,07:49:46,07-05-2025,07:49:55,07-05-2025,07:53:06,COMPLETED,0,1
79KWH,8,1,FULL,07-05-2025,07:53:11,07-05-2025,07:53:20,07-05-2025,07:56:29,COMPLETED,0,1
79KWH,8,2,FULL,07-05-2025,07:53:50,07-05-2025,07:53:58,07-05-2025,07:57:32,COMPLETED,0,1
79KWH,8,1,FULL,07-05-2025,07:56:35,07-05-2025,07:56:44,07-05-2025,07:59:56,COMPLETED,0,1
79KWH,8,3,FULL,07-05-2025,07:57:26,07-05-2025,08:00:12,07-05-2025,08:04:04,COMPLETED,0,1
79KWH,8,2,FULL,07-05-2025,07:57:38,07-05-2025,07:59:21,07-05-2025,08:03:33,COMPLETED,0,1
79KWH,8,1,FULL,07-05-2025,08:00:01,07-05-2025,08:00:10,07-05-2025,08:03:20,COMPLETED,0,1
79KWH,8,1,FULL,07-05-2025,08:03:25,07-05-2025,08:03:34,07-05-2025,08:06:48,COMPLETED,0,1
79KWH,8,2,FULL,07-05-2025,08:03:39,07-05-2025,08:04:55,07-05-2025,08:08:44,COMPLETED,0,1
79KWH,8,3,FULL,07-05-2025,08:04:11,07-05-2025,08:07:02,07-05-2025,08:10:49,COMPLETED,0,1
79KWH,8,1,FULL,07-05-2025,08:06:53,07-05-2025,08:07:02,07-05-2025,08:10:13,COMPLETED,0,1
79KWH,8,2,FULL,07-05-2025,08:08:50,07-05-2025,08:10:29,07-05-2025,08:14:41,COMPLETED,0,1
79KWH,8,1,FULL,07-05-2025,08:10:18,07-05-2025,08:10:27,07-05-2025,08:13:39,COMPLETED,0,1
79KWH,8,3,FULL,07-05-2025,08:10:57,07-05-2025,08:13:41,07-05-2025,08:17:34,COMPLETED,0,1
79KWH,8,1,FULL,07-05-2025,08:13:44,07-05-2025,08:13:53,07-05-2025,08:17:01,COMPLETED,0,1
79KWH,8,2,FULL,07-05-2025,08:14:47,07-05-2025,08:16:23,07-05-2025,08:20:40,COMPLETED,0,1
79KWH,8,1,FULL,07-05-2025,08:17:06,07-05-2025,08:17:15,07-05-2025,08:20:28,COMPLETED,0,1
79KWH,8,3,FULL,07-05-2025,08:17:40,07-05-2025,08:20:29,07-05-2025,08:24:18,COMPLETED,0,1
79KWH,8,1,FULL,07-05-2025,08:20:33,07-05-2025,08:20:42,07-05-2025,08:25:50,COMPLETED,0,1
79KWH,8,2,FULL,07-05-2025,08:20:46,07-05-2025,08:22:27,07-05-2025,08:26:43,COMPLETED,0,1
79KWH,8,3,FULL,07-05-2025,08:24:25,07-05-2025,08:24:32,07-05-2025,08:26:52,COMPLETED,0,1
79KWH,8,1,FULL,07-05-2025,08:25:55,07-05-2025,08:26:04,07-05-2025,08:29:18,COMPLETED,0,1
79KWH,8,2,FULL,07-05-2025,08:26:50,07-05-2025,08:28:24,07-05-2025,08:32:43,COMPLETED,0,1
79KWH,8,3,FULL,07-05-2025,08:26:57,07-05-2025,08:27:06,07-05-2025,08:29:21,COMPLETED,0,1
79KWH,8,1,FULL,07-05-2025,08:29:23,07-05-2025,08:29:33,07-05-2025,08:32:51,COMPLETED,0,1
79KWH,8,3,FULL,07-05-2025,08:29:27,07-05-2025,08:29:37,07-05-2025,08:31:57,COMPLETED,0,1
79KWH,8,3,FULL,07-05-2025,08:32:04,07-05-2025,08:34:51,07-05-2025,08:38:42,COMPLETED,0,1
79KWH,8,2,FULL,07-05-2025,08:32:49,07-05-2025,08:34:27,07-05-2025,08:38:42,COMPLETED,0,1
79KWH,8,1,FULL,07-05-2025,08:32:56,07-05-2025,08:33:05,07-05-2025,08:36:20,COMPLETED,0,1
79KWH,8,1,FULL,07-05-2025,08:36:25,07-05-2025,08:36:35,07-05-2025,08:39:51,COMPLETED,0,1
79KWH,8,2,FULL,07-05-2025,08:38:48,07-05-2025,08:40:20,07-05-2025,08:44:43,COMPLETED,0,1
79KWH,8,3,FULL,07-05-2025,08:38:50,07-05-2025,08:40:57,07-05-2025,08:45:02,COMPLETED,0,1
79KWH,8,1,FULL,07-05-2025,08:39:56,07-05-2025,08:40:05,07-05-2025,08:43:21,COMPLETED,0,1
79KWH,8,1,FULL,07-05-2025,08:43:26,07-05-2025,08:43:35,07-05-2025,08:46:50,COMPLETED,0,1
79KWH,8,2,FULL,07-05-2025,08:44:50,07-05-2025,08:44:57,07-05-2025,08:48:55,COMPLETED,0,1
79KWH,8,3,FULL,07-05-2025,08:45:09,07-05-2025,08:45:16,07-05-2025,08:49:17,COMPLETED,0,1
79KWH,8,1,FULL,07-05-2025,08:46:55,07-05-2025,08:47:04,07-05-2025,08:50:21,COMPLETED,0,1
79KWH,8,3,FULL,07-05-2025,08:49:24,07-05-2025,08:51:19,07-05-2025,08:55:11,COMPLETED,0,1
79KWH,8,2,FULL,07-05-2025,08:50:18,07-05-2025,08:50:38,07-05-2025,08:55:01,COMPLETED,0,1
79KWH,8,1,FULL,07-05-2025,08:50:26,07-05-2025,08:50:35,07-05-2025,08:53:50,COMPLETED,0,1
79KWH,8,1,FULL,07-05-2025,08:53:55,07-05-2025,08:54:05,07-05-2025,08:57:30,COMPLETED,0,1
79KWH,8,2,FULL,07-05-2025,08:55:07,07-05-2025,08:56:41,07-05-2025,09:00:57,COMPLETED,0,1
79KWH,8,3,FULL,07-05-2025,08:55:17,07-05-2025,09:02:06,07-05-2025,09:06:54,COMPLETED,0,1
79KWH,8,1,FULL,07-05-2025,08:57:35,07-05-2025,08:57:44,07-05-2025,09:01:02,COMPLETED,0,1
79KWH,8,2,FULL,07-05-2025,09:01:04,07-05-2025,09:01:12,07-05-2025,09:05:20,COMPLETED,0,1
79KWH,8,1,FULL,07-05-2025,09:01:08,07-05-2025,09:01:17,07-05-2025,09:04:37,COMPLETED,0,1
79KWH,8,1,FULL,07-05-2025,09:04:42,07-05-2025,09:04:50,07-05-2025,09:08:08,COMPLETED,0,1
79KWH,8,2,FULL,07-05-2025,09:05:26,07-05-2025,09:05:34,07-05-2025,09:09:37,COMPLETED,0,1
79KWH,8,3,FULL,07-05-2025,09:07:00,07-05-2025,09:09:50,07-05-2025,09:14:33,COMPLETED,0,1
79KWH,8,1,FULL,07-05-2025,09:08:13,07-05-2025,09:08:23,07-05-2025,09:11:45,COMPLETED,0,1
79KWH,8,2,FULL,07-05-2025,09:09:44,07-05-2025,09:09:50,07-05-2025,09:13:59,COMPLETED,0,1
79KWH,8,1,FULL,07-05-2025,09:11:51,07-05-2025,09:11:59,07-05-2025,09:15:19,COMPLETED,0,1
79KWH,8,3,FULL,07-05-2025,09:14:40,07-05-2025,09:14:47,07-05-2025,09:18:05,COMPLETED,0,1
79KWH,8,1,FULL,07-05-2025,09:15:24,07-05-2025,09:15:33,07-05-2025,09:18:54,COMPLETED,0,1
79KWH,8,3,FULL,07-05-2025,09:18:12,07-05-2025,09:18:19,07-05-2025,09:20:43,COMPLETED,0,1
79KWH,8,1,FULL,07-05-2025,09:19:00,07-05-2025,09:19:08,07-05-2025,09:22:29,COMPLETED,0,1
79KWH,8,3,FULL,07-05-2025,09:20:49,07-05-2025,09:20:57,07-05-2025,09:23:25,COMPLETED,0,1
79KWH,8,3,FULL,07-05-2025,09:23:31,07-05-2025,09:26:09,07-05-2025,09:30:03,COMPLETED,0,1
79KWH,8,2,FULL,07-05-2025,09:23:45,07-05-2025,09:25:41,07-05-2025,09:30:01,COMPLETED,0,1
79KWH,8,1,FULL,07-05-2025,09:25:20,07-05-2025,09:25:33,07-05-2025,09:28:59,COMPLETED,0,1
79KWH,8,1,FULL,07-05-2025,09:29:04,07-05-2025,09:29:13,07-05-2025,09:32:37,COMPLETED,0,1
79KWH,8,2,FULL,07-05-2025,09:30:07,07-05-2025,09:30:15,07-05-2025,09:34:24,COMPLETED,0,1
79KWH,8,3,FULL,07-05-2025,09:30:10,07-05-2025,09:32:52,07-05-2025,09:36:52,COMPLETED,0,1
79KWH,8,1,FULL,07-05-2025,09:32:42,07-05-2025,09:32:50,07-05-2025,09:36:18,COMPLETED,0,1
79KWH,8,2,FULL,07-05-2025,09:34:31,07-05-2025,09:34:38,07-05-2025,09:38:44,COMPLETED,0,1
79KWH,8,1,FULL,07-05-2025,09:36:22,07-05-2025,09:36:32,07-05-2025,09:39:56,COMPLETED,0,1
79KWH,8,3,FULL,07-05-2025,09:36:59,07-05-2025,09:37:06,07-05-2025,09:39:34,COMPLETED,0,1
79KWH,8,2,FULL,07-05-2025,09:38:50,07-05-2025,09:38:58,07-05-2025,09:43:10,COMPLETED,0,1
79KWH,8,3,FULL,07-05-2025,09:39:40,07-05-2025,09:39:48,07-05-2025,09:42:20,COMPLETED,0,1
79KWH,8,1,FULL,07-05-2025,09:40:00,07-05-2025,09:40:10,07-05-2025,09:42:33,COMPLETED,0,1
79KWH,8,3,FULL,07-05-2025,09:42:28,07-05-2025,09:42:34,07-05-2025,09:45:04,COMPLETED,0,1
79KWH,8,1,FULL,07-05-2025,09:42:38,07-05-2025,09:42:47,07-05-2025,09:44:01,COMPLETED,0,1
79KWH,8,2,FULL,07-05-2025,09:43:16,07-05-2025,09:43:24,07-05-2025,09:47:33,COMPLETED,0,1
79KWH,8,1,FULL,07-05-2025,09:44:06,07-05-2025,09:44:15,07-05-2025,09:45:29,COMPLETED,0,1
79KWH,8,3,FULL,07-05-2025,09:45:11,07-05-2025,09:45:19,07-05-2025,09:47:56,COMPLETED,0,1
79KWH,8,1,FULL,07-05-2025,09:45:34,07-05-2025,09:45:43,07-05-2025,09:47:01,COMPLETED,0,1
79KWH,8,1,FULL,07-05-2025,09:47:06,07-05-2025,09:47:15,07-05-2025,09:48:29,COMPLETED,0,1
79KWH,8,2,FULL,07-05-2025,09:47:39,07-05-2025,09:49:16,07-05-2025,09:53:41,COMPLETED,0,1
79KWH,8,3,FULL,07-05-2025,09:48:03,07-05-2025,09:48:10,07-05-2025,09:50:42,COMPLETED,0,1
79KWH,8,1,FULL,07-05-2025,09:48:34,07-05-2025,09:48:44,07-05-2025,09:50:01,COMPLETED,0,1
79KWH,8,1,FULL,07-05-2025,09:50:06,07-05-2025,09:50:15,07-05-2025,09:51:29,COMPLETED,0,1
79KWH,8,3,FULL,07-05-2025,09:50:48,07-05-2025,09:50:56,07-05-2025,09:53:35,COMPLETED,0,1
79KWH,8,1,FULL,07-05-2025,09:51:34,07-05-2025,09:51:42,07-05-2025,09:53:01,COMPLETED,0,1
79KWH,8,1,FULL,07-05-2025,09:53:25,07-05-2025,09:53:28,07-05-2025,09:54:43,COMPLETED,0,1
79KWH,8,3,FULL,07-05-2025,09:53:41,07-05-2025,09:53:49,07-05-2025,09:56:25,COMPLETED,0,1
79KWH,8,2,FULL,07-05-2025,09:53:48,07-05-2025,09:55:29,07-05-2025,09:59:50,COMPLETED,0,1
79KWH,8,3,FULL,07-05-2025,09:56:31,07-05-2025,09:59:06,07-05-2025,10:03:11,COMPLETED,0,1
79KWH,8,1,FULL,07-05-2025,09:58:18,07-05-2025,09:58:28,07-05-2025,09:59:50,COMPLETED,0,1
79KWH,8,1,FULL,07-05-2025,09:59:54,07-05-2025,10:00:04,07-05-2025,10:01:23,COMPLETED,0,1
79KWH,8,2,FULL,07-05-2025,09:59:56,07-05-2025,10:00:04,07-05-2025,10:04:20,COMPLETED,0,1
79KWH,8,1,FULL,07-05-2025,10:01:28,07-05-2025,10:01:36,07-05-2025,10:02:57,COMPLETED,0,1
79KWH,8,1,FULL,07-05-2025,10:03:02,07-05-2025,10:03:10,07-05-2025,10:04:26,COMPLETED,0,1
79KWH,8,3,FULL,07-05-2025,10:03:19,07-05-2025,10:05:54,07-05-2025,10:09:56,COMPLETED,0,1
79KWH,8,2,FULL,07-05-2025,10:04:25,07-05-2025,10:04:34,07-05-2025,10:08:47,COMPLETED,0,1
79KWH,8,1,FULL,07-05-2025,10:04:31,07-05-2025,10:04:41,07-05-2025,10:06:02,COMPLETED,0,1
79KWH,8,1,FULL,07-05-2025,10:06:07,07-05-2025,10:06:16,07-05-2025,10:07:40,COMPLETED,0,1
79KWH,8,1,FULL,07-05-2025,10:07:46,07-05-2025,10:07:55,07-05-2025,10:09:16,COMPLETED,0,1
79KWH,8,2,FULL,07-05-2025,10:08:52,07-05-2025,10:09:01,07-05-2025,10:13:17,COMPLETED,0,1
79KWH,8,1,FULL,07-05-2025,10:09:21,07-05-2025,10:09:30,07-05-2025,10:10:49,COMPLETED,0,1
79KWH,8,3,FULL,07-05-2025,10:10:02,07-05-2025,10:10:10,07-05-2025,10:12:53,COMPLETED,0,1
79KWH,8,1,FULL,07-05-2025,10:10:53,07-05-2025,10:11:03,07-05-2025,10:12:31,COMPLETED,0,1
79KWH,8,3,FULL,07-05-2025,10:13:00,07-05-2025,10:13:07,07-05-2025,10:15:47,COMPLETED,0,1
79KWH,8,2,FULL,07-05-2025,10:13:22,07-05-2025,10:14:57,07-05-2025,10:19:19,COMPLETED,0,1
79KWH,8,3,FULL,07-05-2025,10:15:54,07-05-2025,10:16:02,07-05-2025,10:18:48,COMPLETED,0,1
79KWH,8,1,FULL,07-05-2025,10:16:51,07-05-2025,10:16:59,07-05-2025,10:18:21,COMPLETED,0,1
79KWH,8,1,FULL,07-05-2025,10:18:26,07-05-2025,10:18:36,07-05-2025,10:20:00,COMPLETED,0,1
79KWH,8,3,FULL,07-05-2025,10:18:54,07-05-2025,10:19:02,07-05-2025,10:21:44,COMPLETED,0,1
79KWH,8,2,FULL,07-05-2025,10:19:25,07-05-2025,10:21:05,07-05-2025,10:25:34,COMPLETED,0,1
79KWH,8,1,FULL,07-05-2025,10:20:05,07-05-2025,10:20:14,07-05-2025,10:21:36,COMPLETED,0,1
79KWH,8,1,FULL,07-05-2025,10:21:42,07-05-2025,10:21:50,07-05-2025,10:23:16,COMPLETED,0,1
79KWH,8,3,FULL,07-05-2025,10:21:50,07-05-2025,10:24:21,07-05-2025,10:28:30,COMPLETED,0,1
79KWH,8,1,FULL,07-05-2025,10:23:20,07-05-2025,10:23:30,07-05-2025,10:24:54,COMPLETED,0,1
79KWH,8,1,FULL,07-05-2025,10:24:59,07-05-2025,10:25:08,07-05-2025,10:26:36,COMPLETED,0,1
79KWH,8,2,FULL,07-05-2025,10:25:41,07-05-2025,10:27:12,07-05-2025,10:31:37,COMPLETED,0,1
79KWH,8,1,FULL,07-05-2025,10:26:42,07-05-2025,10:26:50,07-05-2025,10:28:14,COMPLETED,0,1
79KWH,8,1,FULL,07-05-2025,10:28:19,07-05-2025,10:28:28,07-05-2025,10:29:57,COMPLETED,0,1
79KWH,8,3,FULL,07-05-2025,10:28:36,07-05-2025,10:31:11,07-05-2025,10:35:15,COMPLETED,0,1
79KWH,8,1,FULL,07-05-2025,10:30:02,07-05-2025,10:30:10,07-05-2025,10:31:37,COMPLETED,0,1
79KWH,8,1,FULL,07-05-2025,10:31:42,07-05-2025,10:31:51,07-05-2025,10:33:21,COMPLETED,0,1
79KWH,8,2,FULL,07-05-2025,10:31:42,07-05-2025,10:31:51,07-05-2025,10:36:13,COMPLETED,0,1
79KWH,8,1,FULL,07-05-2025,10:33:27,07-05-2025,10:33:35,07-05-2025,10:35:08,COMPLETED,0,1
79KWH,8,1,FULL,07-05-2025,10:35:13,07-05-2025,10:35:21,07-05-2025,10:36:52,COMPLETED,0,1
79KWH,8,3,FULL,07-05-2025,10:35:21,07-05-2025,10:35:29,07-05-2025,10:38:20,COMPLETED,0,1
79KWH,8,2,FULL,07-05-2025,10:36:18,07-05-2025,10:36:26,07-05-2025,10:40:43,COMPLETED,0,1
79KWH,8,1,FULL,07-05-2025,10:36:57,07-05-2025,10:37:06,07-05-2025,10:38:34,COMPLETED,0,1
79KWH,8,3,FULL,07-05-2025,10:38:26,07-05-2025,10:38:34,07-05-2025,10:41:22,COMPLETED,0,1
79KWH,8,1,FULL,07-05-2025,10:38:40,07-05-2025,10:38:48,07-05-2025,10:40:21,COMPLETED,0,1
79KWH,8,1,FULL,07-05-2025,10:40:26,07-05-2025,10:40:35,07-05-2025,10:42:06,COMPLETED,0,1
79KWH,8,2,FULL,07-05-2025,10:40:48,07-05-2025,10:40:57,07-05-2025,10:45:22,COMPLETED,0,1
79KWH,8,3,FULL,07-05-2025,10:41:28,07-05-2025,10:41:36,07-05-2025,10:44:29,COMPLETED,0,1
79KWH,8,1,FULL,07-05-2025,10:42:11,07-05-2025,10:42:20,07-05-2025,10:43:55,COMPLETED,0,1
79KWH,8,1,FULL,07-05-2025,10:43:59,07-05-2025,10:44:08,07-05-2025,10:45:41,COMPLETED,0,1
79KWH,8,3,FULL,07-05-2025,10:44:35,07-05-2025,10:44:43,07-05-2025,10:47:34,COMPLETED,0,1
79KWH,8,2,FULL,07-05-2025,10:45:27,07-05-2025,10:45:36,07-05-2025,10:49:57,COMPLETED,0,1
79KWH,8,1,FULL,07-05-2025,10:45:47,07-05-2025,10:45:55,07-05-2025,10:47:31,COMPLETED,0,1
79KWH,8,1,FULL,07-05-2025,10:47:35,07-05-2025,10:47:45,07-05-2025,10:49:19,COMPLETED,0,1
79KWH,8,3,FULL,07-05-2025,10:47:40,07-05-2025,10:47:48,07-05-2025,10:50:42,COMPLETED,0,1
79KWH,8,1,FULL,07-05-2025,10:49:23,07-05-2025,10:49:33,07-05-2025,10:51:10,COMPLETED,0,1
79KWH,8,2,FULL,07-05-2025,10:50:03,07-05-2025,10:50:11,07-05-2025,10:54:37,COMPLETED,0,1
79KWH,8,3,FULL,07-05-2025,10:50:49,07-05-2025,10:50:56,07-05-2025,10:53:49,COMPLETED,0,1
79KWH,8,1,FULL,07-05-2025,10:51:14,07-05-2025,10:51:24,07-05-2025,10:52:59,COMPLETED,0,1
79KWH,8,1,FULL,07-05-2025,10:53:04,07-05-2025,10:53:13,07-05-2025,10:54:51,COMPLETED,0,1
79KWH,8,3,FULL,07-05-2025,10:53:54,07-05-2025,10:54:03,07-05-2025,10:57:02,COMPLETED,0,1
79KWH,8,2,FULL,07-05-2025,10:54:42,07-05-2025,10:54:51,07-05-2025,10:59:12,COMPLETED,0,1
79KWH,8,1,FULL,07-05-2025,10:54:57,07-05-2025,10:55:06,07-05-2025,10:56:42,COMPLETED,0,1
79KWH,8,1,FULL,07-05-2025,10:56:46,07-05-2025,10:56:56,07-05-2025,10:58:36,COMPLETED,0,1
79KWH,8,3,FULL,07-05-2025,10:57:08,07-05-2025,10:57:15,07-05-2025,11:00:10,COMPLETED,0,1
79KWH,8,1,FULL,07-05-2025,10:58:41,07-05-2025,10:58:51,07-05-2025,11:00:27,COMPLETED,0,1
79KWH,8,2,FULL,07-05-2025,10:59:18,07-05-2025,11:00:55,07-05-2025,11:05:28,COMPLETED,0,1
79KWH,8,3,FULL,07-05-2025,11:00:17,07-05-2025,11:00:24,07-05-2025,11:03:29,COMPLETED,0,1
79KWH,8,1,FULL,07-05-2025,11:00:32,07-05-2025,11:00:41,07-05-2025,11:02:21,COMPLETED,0,1
79KWH,8,1,FULL,07-05-2025,11:02:26,07-05-2025,11:02:35,07-05-2025,11:04:12,COMPLETED,0,1
79KWH,8,3,FULL,07-05-2025,11:03:35,07-05-2025,11:06:00,07-05-2025,11:10:13,COMPLETED,0,1
79KWH,8,1,FULL,07-05-2025,11:04:17,07-05-2025,11:04:26,07-05-2025,11:06:09,COMPLETED,0,1
79KWH,8,2,FULL,07-05-2025,11:05:34,07-05-2025,11:07:08,07-05-2025,11:11:38,COMPLETED,0,1
79KWH,8,1,FULL,07-05-2025,11:06:15,07-05-2025,11:06:23,07-05-2025,11:08:04,COMPLETED,0,1
79KWH,8,1,FULL,07-05-2025,11:08:09,07-05-2025,11:08:17,07-05-2025,11:10:02,COMPLETED,0,1
79KWH,8,1,FULL,07-05-2025,11:10:07,07-05-2025,11:10:16,07-05-2025,11:11:59,COMPLETED,0,1
79KWH,8,3,FULL,07-05-2025,11:10:20,07-05-2025,11:10:26,07-05-2025,11:13:28,COMPLETED,0,1
79KWH,8,2,FULL,07-05-2025,11:11:44,07-05-2025,11:11:52,07-05-2025,11:16:27,COMPLETED,0,1
79KWH,8,1,FULL,07-05-2025,11:12:05,07-05-2025,11:12:14,07-05-2025,11:14:01,COMPLETED,0,1
79KWH,8,3,FULL,07-05-2025,11:13:34,07-05-2025,11:13:42,07-05-2025,11:16:42,COMPLETED,0,1
79KWH,8,1,FULL,07-05-2025,11:14:06,07-05-2025,11:14:14,07-05-2025,11:15:58,COMPLETED,0,1
79KWH,8,1,FULL,07-05-2025,11:16:02,07-05-2025,11:16:13,07-05-2025,11:18:01,COMPLETED,0,1
79KWH,8,2,FULL,07-05-2025,11:16:32,07-05-2025,11:16:41,07-05-2025,11:21:09,COMPLETED,0,1
79KWH,8,3,FULL,07-05-2025,11:16:49,07-05-2025,11:19:14,07-05-2025,11:23:31,COMPLETED,0,1
79KWH,8,1,FULL,07-05-2025,11:18:06,07-05-2025,11:18:15,07-05-2025,11:19:59,COMPLETED,0,1
79KWH,8,1,FULL,07-05-2025,11:20:05,07-05-2025,11:20:13,07-05-2025,11:22:03,COMPLETED,0,1
79KWH,8,2,FULL,07-05-2025,11:21:14,07-05-2025,11:21:23,07-05-2025,11:26:02,COMPLETED,0,1
79KWH,8,1,FULL,07-05-2025,11:22:07,07-05-2025,11:22:17,07-05-2025,11:24:04,COMPLETED,0,1
79KWH,8,3,FULL,07-05-2025,11:23:37,07-05-2025,11:23:45,07-05-2025,11:26:46,COMPLETED,0,1
79KWH,8,1,FULL,07-05-2025,11:24:09,07-05-2025,11:24:17,07-05-2025,11:26:15,COMPLETED,0,1
79KWH,8,2,FULL,07-05-2025,11:26:09,07-05-2025,11:26:17,07-05-2025,11:30:50,COMPLETED,0,1
79KWH,8,1,FULL,07-05-2025,11:26:20,07-05-2025,11:26:29,07-05-2025,11:28:24,COMPLETED,0,1
79KWH,8,3,FULL,07-05-2025,11:26:53,07-05-2025,11:27:00,07-05-2025,11:30:06,COMPLETED,0,1
79KWH,8,1,FULL,07-05-2025,11:28:28,07-05-2025,11:28:37,07-05-2025,11:30:37,COMPLETED,0,1
79KWH,8,3,FULL,07-05-2025,11:30:13,07-05-2025,11:30:20,07-05-2025,11:33:25,COMPLETED,0,1
79KWH,8,1,FULL,07-05-2025,11:30:42,07-05-2025,11:30:51,07-05-2025,11:32:40,COMPLETED,0,1
79KWH,8,2,FULL,07-05-2025,11:30:57,07-05-2025,11:31:05,07-05-2025,11:34:00,COMPLETED,0,1
79KWH,8,1,FULL,07-05-2025,11:32:44,07-05-2025,11:32:54,07-05-2025,11:34:54,COMPLETED,0,1
79KWH,8,3,FULL,07-05-2025,11:33:33,07-05-2025,11:33:39,07-05-2025,11:36:49,COMPLETED,0,1
79KWH,8,2,FULL,07-05-2025,11:34:06,07-05-2025,11:34:14,07-05-2025,11:35:28,COMPLETED,0,1
79KWH,8,1,FULL,07-05-2025,11:34:58,07-05-2025,11:35:07,07-05-2025,11:36:58,COMPLETED,0,1
79KWH,8,3,FULL,07-05-2025,11:36:55,07-05-2025,11:37:03,07-05-2025,11:40:12,COMPLETED,0,1
79KWH,8,1,FULL,07-05-2025,11:37:03,07-05-2025,11:37:13,07-05-2025,11:39:08,COMPLETED,0,1
79KWH,8,1,FULL,07-05-2025,11:39:13,07-05-2025,11:39:23,07-05-2025,11:41:15,COMPLETED,0,1
79KWH,8,3,FULL,07-05-2025,11:40:17,07-05-2025,11:40:26,07-05-2025,11:43:39,COMPLETED,0,1
79KWH,8,3,FULL,07-05-2025,11:43:46,07-05-2025,11:43:52,07-05-2025,11:47:05,COMPLETED,0,1
79KWH,8,3,FULL,07-05-2025,11:47:11,07-05-2025,11:47:19,07-05-2025,11:50:37,COMPLETED,0,1
79KWH,8,3,FULL,07-05-2025,12:24:02,07-05-2025,12:24:52,07-05-2025,12:29:13,COMPLETED,0,1
79KWH,8,2,FULL,07-05-2025,12:24:14,07-05-2025,12:24:29,07-05-2025,12:27:24,COMPLETED,0,1
79KWH,8,1,FULL,07-05-2025,12:25:46,07-05-2025,12:25:56,07-05-2025,12:27:53,COMPLETED,0,1
79KWH,8,2,FULL,07-05-2025,12:27:31,07-05-2025,12:27:38,07-05-2025,12:28:51,COMPLETED,0,1
79KWH,8,1,FULL,07-05-2025,12:28:43,07-05-2025,12:28:49,07-05-2025,12:30:43,COMPLETED,0,1
79KWH,8,3,FULL,07-05-2025,12:29:20,07-05-2025,12:31:34,07-05-2025,12:36:08,COMPLETED,0,1
79KWH,8,2,FULL,07-05-2025,12:30:13,07-05-2025,14:57:42,07-05-2025,14:59:00,COMPLETED,0,1
79KWH,8,1,FULL,07-05-2025,12:31:52,07-05-2025,12:31:54,07-05-2025,12:33:56,COMPLETED,0,1
79KWH,8,1,FULL,07-05-2025,12:34:01,07-05-2025,12:34:10,07-05-2025,12:36:15,COMPLETED,0,1
79KWH,8,3,FULL,07-05-2025,12:36:14,07-05-2025,12:38:32,07-05-2025,12:42:53,COMPLETED,0,1
79KWH,8,1,FULL,07-05-2025,12:36:20,07-05-2025,12:36:29,07-05-2025,12:38:26,COMPLETED,0,1
79KWH,8,1,FULL,07-05-2025,12:38:31,07-05-2025,12:38:40,07-05-2025,12:40:43,COMPLETED,0,1
79KWH,8,1,FULL,07-05-2025,12:40:47,07-05-2025,12:40:57,07-05-2025,12:42:59,COMPLETED,0,1
79KWH,8,3,FULL,07-05-2025,12:43:00,07-05-2025,12:46:58,07-05-2025,12:51:24,COMPLETED,0,1
79KWH,8,1,FULL,07-05-2025,12:43:04,07-05-2025,12:43:13,07-05-2025,12:45:14,COMPLETED,0,1
79KWH,8,1,FULL,07-05-2025,12:45:20,07-05-2025,12:45:29,07-05-2025,12:47:28,COMPLETED,0,1
79KWH,8,1,FULL,07-05-2025,12:47:33,07-05-2025,12:47:41,07-05-2025,12:49:44,COMPLETED,0,1
79KWH,8,1,FULL,07-05-2025,12:49:52,07-05-2025,12:49:58,07-05-2025,12:52:03,COMPLETED,0,1
79KWH,8,3,FULL,07-05-2025,12:51:31,07-05-2025,12:51:38,07-05-2025,12:54:58,COMPLETED,0,1
79KWH,8,1,FULL,07-05-2025,12:52:08,07-05-2025,12:53:36,07-05-2025,12:55:43,COMPLETED,0,1
79KWH,8,3,FULL,07-05-2025,12:55:05,07-05-2025,12:55:11,07-05-2025,12:58:36,COMPLETED,0,1
79KWH,8,1,FULL,07-05-2025,12:55:48,07-05-2025,12:57:58,07-05-2025,13:00:44,COMPLETED,0,1
79KWH,8,3,FULL,07-05-2025,12:58:42,07-05-2025,12:58:51,07-05-2025,13:02:12,COMPLETED,0,1
79KWH,8,1,FULL,07-05-2025,13:00:49,07-05-2025,13:02:51,07-05-2025,13:05:39,COMPLETED,0,1
79KWH,8,3,FULL,07-05-2025,13:02:18,07-05-2025,13:02:26,07-05-2025,13:05:52,COMPLETED,0,1
79KWH,8,3,FULL,07-05-2025,13:05:58,07-05-2025,13:06:07,07-05-2025,13:09:30,COMPLETED,0,1
79KWH,8,1,FULL,09-05-2025,07:07:48,09-05-2025,07:08:00,09-05-2025,07:10:26,COMPLETED,0,1
79KWH,8,3,FULL,09-05-2025,07:09:03,09-05-2025,07:09:10,09-05-2025,07:13:06,COMPLETED,0,1
79KWH,8,1,FULL,09-05-2025,07:13:21,09-05-2025,07:14:42,09-05-2025,07:17:05,COMPLETED,0,1
79KWH,8,3,FULL,09-05-2025,07:14:34,09-05-2025,07:15:57,09-05-2025,07:19:49,COMPLETED,0,1
79KWH,8,2,FULL,09-05-2025,07:16:53,09-05-2025,07:17:03,09-05-2025,07:20:14,COMPLETED,0,1
79KWH,8,1,FULL,09-05-2025,07:17:10,09-05-2025,07:17:19,09-05-2025,07:18:43,COMPLETED,0,1
79KWH,8,1,FULL,09-05-2025,07:18:47,09-05-2025,07:18:56,09-05-2025,07:20:16,COMPLETED,0,1
79KWH,8,3,FULL,09-05-2025,07:19:56,09-05-2025,07:20:04,09-05-2025,07:23:00,COMPLETED,0,1
79KWH,8,2,FULL,09-05-2025,07:20:21,09-05-2025,07:20:29,09-05-2025,07:22:09,COMPLETED,0,1
79KWH,8,1,FULL,09-05-2025,07:21:22,09-05-2025,07:21:26,09-05-2025,07:23:02,COMPLETED,0,1
79KWH,8,2,FULL,09-05-2025,07:22:54,09-05-2025,07:23:06,09-05-2025,07:24:33,COMPLETED,0,1
79KWH,8,3,FULL,09-05-2025,07:23:07,09-05-2025,07:23:14,09-05-2025,07:26:40,COMPLETED,0,1
79KWH,8,1,FULL,09-05-2025,07:24:21,09-05-2025,07:24:26,09-05-2025,07:26:10,COMPLETED,0,1
79KWH,8,2,FULL,09-05-2025,07:25:51,09-05-2025,07:25:58,09-05-2025,07:27:17,COMPLETED,0,1
79KWH,8,3,FULL,09-05-2025,07:26:46,09-05-2025,07:26:53,09-05-2025,07:30:25,COMPLETED,0,1
79KWH,8,1,FULL,09-05-2025,07:27:41,09-05-2025,07:27:49,09-05-2025,07:29:45,COMPLETED,0,1
79KWH,8,2,FULL,09-05-2025,07:28:54,09-05-2025,07:28:56,09-05-2025,07:30:09,COMPLETED,0,1
79KWH,8,1,FULL,09-05-2025,07:30:20,09-05-2025,07:30:28,09-05-2025,07:32:19,COMPLETED,0,1
79KWH,8,3,FULL,09-05-2025,07:30:33,09-05-2025,07:30:39,09-05-2025,07:34:09,COMPLETED,0,1
79KWH,8,2,FULL,09-05-2025,07:31:51,09-05-2025,07:32:02,09-05-2025,07:33:20,COMPLETED,0,1
79KWH,8,1,FULL,09-05-2025,07:33:24,09-05-2025,07:33:29,09-05-2025,07:35:27,COMPLETED,0,1
79KWH,8,3,FULL,09-05-2025,07:34:16,09-05-2025,07:34:23,09-05-2025,07:37:56,COMPLETED,0,1
79KWH,8,2,FULL,09-05-2025,07:34:55,09-05-2025,07:34:58,09-05-2025,07:36:12,COMPLETED,0,1
79KWH,8,1,FULL,09-05-2025,07:36:23,09-05-2025,07:36:23,09-05-2025,07:38:30,COMPLETED,0,1
79KWH,8,2,FULL,09-05-2025,07:37:50,09-05-2025,07:37:51,09-05-2025,07:39:08,COMPLETED,0,1
79KWH,8,3,FULL,09-05-2025,07:38:02,09-05-2025,07:38:10,09-05-2025,07:41:42,COMPLETED,0,1
79KWH,8,1,FULL,09-05-2025,07:39:26,09-05-2025,07:39:27,09-05-2025,07:41:32,COMPLETED,0,1
79KWH,8,2,FULL,09-05-2025,07:40:54,09-05-2025,07:41:02,09-05-2025,07:42:15,COMPLETED,0,1
79KWH,8,3,FULL,09-05-2025,07:41:49,09-05-2025,07:41:56,09-05-2025,07:45:34,COMPLETED,0,1
79KWH,8,1,FULL,09-05-2025,07:42:24,09-05-2025,07:42:28,09-05-2025,07:44:37,COMPLETED,0,1
79KWH,8,2,FULL,09-05-2025,07:43:51,09-05-2025,07:43:54,09-05-2025,07:45:13,COMPLETED,0,1
79KWH,8,1,FULL,09-05-2025,07:45:26,09-05-2025,07:45:33,09-05-2025,07:47:41,COMPLETED,0,1
79KWH,8,3,FULL,09-05-2025,07:45:41,09-05-2025,07:45:48,09-05-2025,07:49:22,COMPLETED,0,1
79KWH,8,2,FULL,09-05-2025,07:46:55,09-05-2025,07:47:07,09-05-2025,07:48:24,COMPLETED,0,1
79KWH,8,1,FULL,09-05-2025,07:48:25,09-05-2025,07:48:37,09-05-2025,07:50:46,COMPLETED,0,1
79KWH,8,3,FULL,09-05-2025,07:49:29,09-05-2025,07:49:36,09-05-2025,07:53:14,COMPLETED,0,1
79KWH,8,2,FULL,09-05-2025,07:49:55,09-05-2025,07:50:03,09-05-2025,07:51:25,COMPLETED,0,1
79KWH,8,1,FULL,09-05-2025,07:51:27,09-05-2025,07:51:28,09-05-2025,07:53:36,COMPLETED,0,1
79KWH,8,2,FULL,09-05-2025,07:52:56,09-05-2025,07:53:03,09-05-2025,07:54:21,COMPLETED,0,1
79KWH,8,3,FULL,09-05-2025,07:53:21,09-05-2025,07:53:27,09-05-2025,07:57:03,COMPLETED,0,1
79KWH,8,1,FULL,09-05-2025,07:54:25,09-05-2025,07:54:32,09-05-2025,07:56:42,COMPLETED,0,1
79KWH,8,2,FULL,09-05-2025,07:55:55,09-05-2025,07:56:00,09-05-2025,07:57:23,COMPLETED,0,1
79KWH,8,3,FULL,09-05-2025,07:57:10,09-05-2025,07:57:16,09-05-2025,08:00:57,COMPLETED,0,1
79KWH,8,1,FULL,09-05-2025,07:57:29,09-05-2025,07:57:38,09-05-2025,07:59:47,COMPLETED,0,1
79KWH,8,2,FULL,09-05-2025,07:58:59,09-05-2025,07:59:02,09-05-2025,08:00:22,COMPLETED,0,1
79KWH,8,1,FULL,09-05-2025,08:00:27,09-05-2025,08:00:29,09-05-2025,08:02:41,COMPLETED,0,1
79KWH,8,3,FULL,09-05-2025,08:01:04,09-05-2025,08:01:12,09-05-2025,08:04:51,COMPLETED,0,1
79KWH,8,2,FULL,09-05-2025,08:01:56,09-05-2025,08:02:00,09-05-2025,08:03:24,COMPLETED,0,1
79KWH,8,1,FULL,09-05-2025,08:03:28,09-05-2025,08:03:37,09-05-2025,08:05:48,COMPLETED,0,1
79KWH,8,3,FULL,09-05-2025,08:04:57,09-05-2025,08:05:05,09-05-2025,08:08:48,COMPLETED,0,1
79KWH,8,2,FULL,09-05-2025,08:05:00,09-05-2025,08:07:08,09-05-2025,08:10:04,COMPLETED,0,1
79KWH,8,1,FULL,09-05-2025,08:06:27,09-05-2025,08:07:45,09-05-2025,08:10:37,COMPLETED,0,1
79KWH,8,3,FULL,09-05-2025,08:08:55,09-05-2025,08:09:01,09-05-2025,08:12:43,COMPLETED,0,1
79KWH,8,2,FULL,09-05-2025,08:10:11,09-05-2025,08:12:57,09-05-2025,08:15:59,COMPLETED,0,1
79KWH,8,1,FULL,09-05-2025,08:10:41,09-05-2025,08:10:50,09-05-2025,08:13:02,COMPLETED,0,1
79KWH,8,3,FULL,09-05-2025,08:12:50,09-05-2025,08:14:51,09-05-2025,08:19:30,COMPLETED,0,1
79KWH,8,1,FULL,09-05-2025,08:13:07,09-05-2025,08:15:04,09-05-2025,08:17:56,COMPLETED,0,1
79KWH,8,2,FULL,09-05-2025,08:16:06,09-05-2025,08:16:13,09-05-2025,08:17:37,COMPLETED,0,1
79KWH,8,2,FULL,09-05-2025,08:17:44,09-05-2025,08:17:51,09-05-2025,08:19:19,COMPLETED,0,1
79KWH,8,1,FULL,09-05-2025,08:18:02,09-05-2025,08:18:10,09-05-2025,08:20:24,COMPLETED,0,1
79KWH,8,2,FULL,09-05-2025,08:19:25,09-05-2025,08:19:33,09-05-2025,08:20:59,COMPLETED,0,1
79KWH,8,3,FULL,09-05-2025,08:19:37,09-05-2025,08:19:44,09-05-2025,08:23:28,COMPLETED,0,1
79KWH,8,1,FULL,09-05-2025,08:20:29,09-05-2025,08:20:38,09-05-2025,08:22:54,COMPLETED,0,1
79KWH,8,2,FULL,09-05-2025,08:21:05,09-05-2025,08:21:14,09-05-2025,08:22:46,COMPLETED,0,1
79KWH,8,1,FULL,09-05-2025,08:22:58,09-05-2025,08:23:08,09-05-2025,08:25:21,COMPLETED,0,1
79KWH,8,3,FULL,09-05-2025,08:23:34,09-05-2025,08:23:42,09-05-2025,08:27:31,COMPLETED,0,1
79KWH,8,2,FULL,09-05-2025,08:23:59,09-05-2025,08:24:10,09-05-2025,08:25:38,COMPLETED,0,1
79KWH,8,1,FULL,09-05-2025,08:25:26,09-05-2025,08:25:35,09-05-2025,08:27:53,COMPLETED,0,1
79KWH,8,2,FULL,09-05-2025,08:26:14,09-05-2025,08:26:19,09-05-2025,08:27:53,COMPLETED,0,1
79KWH,8,3,FULL,09-05-2025,08:27:38,09-05-2025,08:27:45,09-05-2025,08:31:36,COMPLETED,0,1
79KWH,8,1,FULL,09-05-2025,08:27:57,09-05-2025,08:28:07,09-05-2025,08:30:22,COMPLETED,0,1
79KWH,8,2,FULL,09-05-2025,08:29:04,09-05-2025,08:29:17,09-05-2025,08:30:47,COMPLETED,0,1
79KWH,8,1,FULL,09-05-2025,08:30:27,09-05-2025,08:30:36,09-05-2025,08:32:54,COMPLETED,0,1
79KWH,8,3,FULL,09-05-2025,08:31:41,09-05-2025,08:31:50,09-05-2025,08:35:40,COMPLETED,0,1
79KWH,8,2,FULL,09-05-2025,08:31:59,09-05-2025,08:32:11,09-05-2025,08:33:47,COMPLETED,0,1
79KWH,8,1,FULL,09-05-2025,08:32:59,09-05-2025,08:33:08,09-05-2025,08:35:24,COMPLETED,0,1
79KWH,8,2,FULL,09-05-2025,08:34:19,09-05-2025,08:34:29,09-05-2025,08:36:02,COMPLETED,0,1
79KWH,8,1,FULL,09-05-2025,08:35:29,09-05-2025,08:35:38,09-05-2025,08:37:59,COMPLETED,0,1
79KWH,8,3,FULL,09-05-2025,08:35:47,09-05-2025,08:35:54,09-05-2025,08:39:42,COMPLETED,0,1
79KWH,8,2,FULL,09-05-2025,08:37:03,09-05-2025,08:37:13,09-05-2025,08:38:50,COMPLETED,0,1
79KWH,8,1,FULL,09-05-2025,08:38:04,09-05-2025,08:38:13,09-05-2025,08:40:31,COMPLETED,0,1
79KWH,8,3,FULL,09-05-2025,08:39:49,09-05-2025,08:39:56,09-05-2025,08:43:51,COMPLETED,0,1
79KWH,8,1,FULL,09-05-2025,08:40:37,09-05-2025,08:40:46,09-05-2025,08:43:07,COMPLETED,0,1
79KWH,8,2,FULL,09-05-2025,08:43:08,09-05-2025,08:43:19,09-05-2025,08:44:52,COMPLETED,0,1
79KWH,8,1,FULL,09-05-2025,08:43:13,09-05-2025,08:43:21,09-05-2025,08:45:41,COMPLETED,0,1
79KWH,8,3,FULL,09-05-2025,08:43:57,09-05-2025,08:44:05,09-05-2025,08:47:57,COMPLETED,0,1
79KWH,8,1,FULL,09-05-2025,08:45:45,09-05-2025,08:45:55,09-05-2025,08:48:16,COMPLETED,0,1
79KWH,8,2,FULL,09-05-2025,08:46:40,09-05-2025,08:46:46,09-05-2025,08:48:24,COMPLETED,0,1
79KWH,8,3,FULL,09-05-2025,08:48:03,09-05-2025,08:48:11,09-05-2025,08:52:08,COMPLETED,0,1
79KWH,8,1,FULL,09-05-2025,08:48:21,09-05-2025,08:48:30,09-05-2025,08:50:50,COMPLETED,0,1
79KWH,8,2,FULL,09-05-2025,08:49:05,09-05-2025,08:49:06,09-05-2025,08:50:42,COMPLETED,0,1
79KWH,8,1,FULL,09-05-2025,08:50:56,09-05-2025,08:51:04,09-05-2025,08:53:29,COMPLETED,0,1
79KWH,8,2,FULL,09-05-2025,08:51:18,09-05-2025,08:51:24,09-05-2025,08:53:04,COMPLETED,0,1
79KWH,8,3,FULL,09-05-2025,08:52:14,09-05-2025,08:52:21,09-05-2025,08:56:14,COMPLETED,0,1
79KWH,8,1,FULL,09-05-2025,08:53:34,09-05-2025,08:53:43,09-05-2025,08:56:04,COMPLETED,0,1
79KWH,8,2,FULL,09-05-2025,08:54:08,09-05-2025,08:54:15,09-05-2025,08:55:53,COMPLETED,0,1
79KWH,8,1,FULL,09-05-2025,08:56:09,09-05-2025,08:56:18,09-05-2025,08:58:44,COMPLETED,0,1
79KWH,8,3,FULL,09-05-2025,08:56:20,09-05-2025,08:56:27,09-05-2025,09:00:26,COMPLETED,0,1
79KWH,8,2,FULL,09-05-2025,08:57:06,09-05-2025,08:57:17,09-05-2025,08:58:56,COMPLETED,0,1
79KWH,8,1,FULL,09-05-2025,08:58:50,09-05-2025,09:00:36,09-05-2025,09:03:31,COMPLETED,0,1
79KWH,8,2,FULL,09-05-2025,08:59:22,09-05-2025,09:01:47,09-05-2025,09:04:59,COMPLETED,0,1
79KWH,8,3,FULL,09-05-2025,09:00:33,09-05-2025,09:02:30,09-05-2025,09:07:11,COMPLETED,0,1
79KWH,8,1,FULL,09-05-2025,09:03:37,09-05-2025,09:05:25,09-05-2025,09:08:23,COMPLETED,0,1
79KWH,8,2,FULL,09-05-2025,09:05:05,09-05-2025,09:07:40,09-05-2025,09:10:47,COMPLETED,0,1
79KWH,8,3,FULL,09-05-2025,09:07:18,09-05-2025,09:07:25,09-05-2025,09:11:28,COMPLETED,0,1
79KWH,8,1,FULL,09-05-2025,09:08:28,09-05-2025,09:08:37,09-05-2025,09:11:00,COMPLETED,0,1
79KWH,8,2,FULL,09-05-2025,09:10:53,09-05-2025,09:11:00,09-05-2025,09:12:47,COMPLETED,0,1
79KWH,8,1,FULL,09-05-2025,09:11:06,09-05-2025,09:11:14,09-05-2025,09:13:43,COMPLETED,0,1
79KWH,8,3,FULL,09-05-2025,09:11:34,09-05-2025,09:11:42,09-05-2025,09:15:40,COMPLETED,0,1
79KWH,8,3,FULL,09-05-2025,09:15:47,09-05-2025,09:15:54,09-05-2025,09:19:53,COMPLETED,0,1
79KWH,8,3,FULL,09-05-2025,09:19:59,09-05-2025,09:20:06,09-05-2025,09:24:07,COMPLETED,0,1
79KWH,8,3,FULL,09-05-2025,09:24:14,09-05-2025,09:24:22,09-05-2025,09:28:26,COMPLETED,0,1
79KWH,8,1,FULL,09-05-2025,09:25:47,09-05-2025,09:26:02,09-05-2025,09:28:59,COMPLETED,0,1
79KWH,8,3,FULL,09-05-2025,09:28:32,09-05-2025,09:30:22,09-05-2025,09:35:13,COMPLETED,0,1
79KWH,8,2,FULL,09-05-2025,09:42:27,09-05-2025,09:42:28,09-05-2025,09:45:37,COMPLETED,0,1
79KWH,8,1,FULL,09-05-2025,09:44:32,09-05-2025,09:44:44,09-05-2025,09:47:13,COMPLETED,0,1
79KWH,8,3,FULL,09-05-2025,09:46:04,09-05-2025,09:46:15,09-05-2025,09:50:23,COMPLETED,0,1
79KWH,8,2,FULL,09-05-2025,09:46:26,09-05-2025,09:46:33,09-05-2025,09:48:20,COMPLETED,0,1
79KWH,8,1,FULL,09-05-2025,09:47:33,09-05-2025,09:47:40,09-05-2025,09:50:13,COMPLETED,0,1
79KWH,8,2,FULL,09-05-2025,09:48:48,09-05-2025,09:49:02,09-05-2025,09:50:48,COMPLETED,0,1
79KWH,8,1,FULL,09-05-2025,09:50:18,09-05-2025,09:52:12,09-05-2025,09:55:12,COMPLETED,0,1
79KWH,8,3,FULL,09-05-2025,09:50:29,09-05-2025,09:50:37,09-05-2025,09:54:50,COMPLETED,0,1
79KWH,8,2,FULL,09-05-2025,09:51:46,09-05-2025,09:53:33,09-05-2025,09:56:47,COMPLETED,0,1
79KWH,8,3,FULL,09-05-2025,09:54:57,09-05-2025,09:56:47,09-05-2025,10:01:41,COMPLETED,0,1
79KWH,8,1,FULL,09-05-2025,09:55:17,09-05-2025,09:57:05,09-05-2025,10:00:04,COMPLETED,0,1
79KWH,8,2,FULL,09-05-2025,09:56:53,09-05-2025,09:59:27,09-05-2025,10:02:37,COMPLETED,0,1
79KWH,8,1,FULL,09-05-2025,10:00:20,09-05-2025,10:00:33,09-05-2025,10:03:05,COMPLETED,0,1
79KWH,8,3,FULL,09-05-2025,10:01:55,09-05-2025,10:02:01,09-05-2025,10:06:18,COMPLETED,0,1
79KWH,8,2,FULL,09-05-2025,10:02:42,09-05-2025,10:02:51,09-05-2025,10:04:45,COMPLETED,0,1
79KWH,8,1,FULL,09-05-2025,10:03:10,09-05-2025,10:03:24,09-05-2025,10:06:00,COMPLETED,0,1
79KWH,8,2,FULL,09-05-2025,10:04:51,09-05-2025,10:04:59,09-05-2025,10:06:48,COMPLETED,0,1
79KWH,8,1,FULL,09-05-2025,10:06:04,09-05-2025,10:06:14,09-05-2025,10:08:47,COMPLETED,0,1
79KWH,8,3,FULL,09-05-2025,10:06:24,09-05-2025,10:06:32,09-05-2025,10:10:44,COMPLETED,0,1
79KWH,8,2,FULL,09-05-2025,10:07:55,09-05-2025,10:07:59,09-05-2025,10:09:54,COMPLETED,0,1
79KWH,8,1,FULL,09-05-2025,10:08:52,09-05-2025,10:09:01,09-05-2025,10:11:33,COMPLETED,0,1
79KWH,8,2,FULL,09-05-2025,10:10:50,09-05-2025,10:10:50,09-05-2025,10:12:43,COMPLETED,0,1
79KWH,8,3,FULL,09-05-2025,10:10:52,09-05-2025,10:10:58,09-05-2025,10:15:13,COMPLETED,0,1
79KWH,8,1,FULL,09-05-2025,10:11:37,09-05-2025,10:11:47,09-05-2025,10:14:23,COMPLETED,0,1
79KWH,8,2,FULL,09-05-2025,10:13:55,09-05-2025,10:14:07,09-05-2025,10:16:06,COMPLETED,0,1
79KWH,8,1,FULL,09-05-2025,10:14:28,09-05-2025,10:14:37,09-05-2025,10:17:08,COMPLETED,0,1
79KWH,8,3,FULL,09-05-2025,10:15:20,09-05-2025,10:15:27,09-05-2025,10:19:48,COMPLETED,0,1
79KWH,8,2,FULL,09-05-2025,10:16:51,09-05-2025,10:17:02,09-05-2025,10:18:58,COMPLETED,0,1
79KWH,8,1,FULL,09-05-2025,10:17:14,09-05-2025,10:17:23,09-05-2025,10:19:59,COMPLETED,0,1
79KWH,8,2,FULL,09-05-2025,10:19:06,09-05-2025,10:19:12,09-05-2025,10:21:10,COMPLETED,0,1
79KWH,8,3,FULL,09-05-2025,10:19:54,09-05-2025,10:20:02,09-05-2025,10:24:21,COMPLETED,0,1
79KWH,8,1,FULL,09-05-2025,10:20:05,09-05-2025,10:20:13,09-05-2025,10:22:47,COMPLETED,0,1
79KWH,8,2,FULL,09-05-2025,10:21:54,09-05-2025,10:23:51,09-05-2025,10:27:06,COMPLETED,0,1
79KWH,8,1,FULL,09-05-2025,10:22:52,09-05-2025,10:24:34,09-05-2025,10:27:39,COMPLETED,0,1
79KWH,8,3,FULL,09-05-2025,10:24:28,09-05-2025,10:26:10,09-05-2025,10:31:06,COMPLETED,0,1
79KWH,8,2,FULL,09-05-2025,10:27:11,09-05-2025,10:29:44,09-05-2025,10:33:05,COMPLETED,0,1
79KWH,8,1,FULL,09-05-2025,10:27:44,09-05-2025,10:29:27,09-05-2025,10:32:36,COMPLETED,0,1
79KWH,8,3,FULL,09-05-2025,10:31:13,09-05-2025,10:31:19,09-05-2025,10:35:40,COMPLETED,0,1
79KWH,8,1,FULL,09-05-2025,10:32:42,09-05-2025,10:32:50,09-05-2025,10:35:28,COMPLETED,0,1
79KWH,8,2,FULL,09-05-2025,10:33:12,09-05-2025,10:33:19,09-05-2025,10:35:18,COMPLETED,0,1
79KWH,8,2,FULL,09-05-2025,10:35:24,09-05-2025,10:35:31,09-05-2025,10:37:36,COMPLETED,0,1
79KWH,8,1,FULL,09-05-2025,10:35:34,09-05-2025,10:35:42,09-05-2025,10:38:23,COMPLETED,0,1
79KWH,8,3,FULL,09-05-2025,10:35:47,09-05-2025,10:35:54,09-05-2025,10:40:17,COMPLETED,0,1
79KWH,8,2,FULL,09-05-2025,10:37:42,09-05-2025,10:37:50,09-05-2025,10:39:52,COMPLETED,0,1
79KWH,8,1,FULL,09-05-2025,10:38:28,09-05-2025,10:38:37,09-05-2025,10:41:18,COMPLETED,0,1
79KWH,8,2,FULL,09-05-2025,10:39:58,09-05-2025,10:40:06,09-05-2025,10:42:13,COMPLETED,0,1
79KWH,8,3,FULL,09-05-2025,10:40:24,09-05-2025,10:40:31,09-05-2025,10:44:54,COMPLETED,0,1
79KWH,8,1,FULL,09-05-2025,10:41:23,09-05-2025,10:41:32,09-05-2025,10:44:09,COMPLETED,0,1
79KWH,8,2,FULL,09-05-2025,10:42:19,09-05-2025,10:42:28,09-05-2025,10:44:33,COMPLETED,0,1
79KWH,8,1,FULL,09-05-2025,10:44:14,09-05-2025,10:44:22,09-05-2025,10:47:02,COMPLETED,0,1
79KWH,8,2,FULL,09-05-2025,10:44:39,09-05-2025,10:44:47,09-05-2025,10:46:55,COMPLETED,0,1
79KWH,8,3,FULL,09-05-2025,10:45:02,09-05-2025,10:45:08,09-05-2025,10:49:35,COMPLETED,0,1
79KWH,8,2,FULL,09-05-2025,10:47:01,09-05-2025,10:47:09,09-05-2025,10:49:14,COMPLETED,0,1
79KWH,8,1,FULL,09-05-2025,10:47:07,09-05-2025,10:47:16,09-05-2025,10:50:00,COMPLETED,0,1
79KWH,8,2,FULL,09-05-2025,10:49:21,09-05-2025,10:51:51,09-05-2025,10:55:15,COMPLETED,0,1
79KWH,8,3,FULL,09-05-2025,10:49:41,09-05-2025,10:49:50,09-05-2025,10:54:14,COMPLETED,0,1
79KWH,8,1,FULL,09-05-2025,10:50:04,09-05-2025,10:51:43,09-05-2025,10:54:48,COMPLETED,0,1
79KWH,8,3,FULL,09-05-2025,10:54:22,09-05-2025,10:56:04,09-05-2025,11:01:05,COMPLETED,0,1
79KWH,8,1,FULL,09-05-2025,10:54:53,09-05-2025,10:55:01,09-05-2025,10:57:41,COMPLETED,0,1
79KWH,8,2,FULL,09-05-2025,10:55:22,09-05-2025,10:57:46,09-05-2025,11:01:08,COMPLETED,0,1
79KWH,8,1,FULL,09-05-2025,10:57:46,09-05-2025,10:59:28,09-05-2025,11:02:36,COMPLETED,0,1
79KWH,8,3,FULL,09-05-2025,11:01:12,09-05-2025,11:01:18,09-05-2025,11:05:46,COMPLETED,0,1
79KWH,8,2,FULL,09-05-2025,11:01:14,09-05-2025,11:01:21,09-05-2025,11:03:34,COMPLETED,0,1
79KWH,8,1,FULL,09-05-2025,11:02:41,09-05-2025,11:02:49,09-05-2025,11:05:30,COMPLETED,0,1
79KWH,8,1,FULL,09-05-2025,11:05:36,09-05-2025,11:05:45,09-05-2025,11:08:30,COMPLETED,0,1
79KWH,8,3,FULL,09-05-2025,11:05:52,09-05-2025,11:05:59,09-05-2025,11:10:31,COMPLETED,0,1
79KWH,8,1,FULL,09-05-2025,11:08:34,09-05-2025,11:08:43,09-05-2025,11:11:25,COMPLETED,0,1
79KWH,8,3,FULL,09-05-2025,11:10:38,09-05-2025,11:10:46,09-05-2025,11:15:18,COMPLETED,0,1
79KWH,8,1,FULL,09-05-2025,11:11:31,09-05-2025,11:11:39,09-05-2025,11:14:26,COMPLETED,0,1
79KWH,8,3,FULL,09-05-2025,11:15:26,09-05-2025,11:15:32,09-05-2025,11:20:07,COMPLETED,0,1
79KWH,8,3,FULL,09-05-2025,11:20:13,09-05-2025,11:21:50,09-05-2025,11:26:48,COMPLETED,0,1
79KWH,8,1,FULL,09-05-2025,14:01:24,09-05-2025,14:01:29,09-05-2025,14:04:35,COMPLETED,0,1
79KWH,8,3,FULL,09-05-2025,14:02:38,09-05-2025,14:02:45,09-05-2025,14:07:47,COMPLETED,0,1
79KWH,8,2,FULL,09-05-2025,14:02:54,09-05-2025,14:03:00,09-05-2025,14:06:20,COMPLETED,0,1
79KWH,8,1,FULL,09-05-2025,14:04:39,09-05-2025,14:04:48,09-05-2025,14:07:35,COMPLETED,0,1
79KWH,8,2,FULL,09-05-2025,14:06:27,09-05-2025,14:06:34,09-05-2025,14:08:48,COMPLETED,0,1
79KWH,8,1,FULL,09-05-2025,14:07:40,09-05-2025,14:07:49,09-05-2025,14:10:34,COMPLETED,0,1
79KWH,8,3,FULL,09-05-2025,14:07:54,09-05-2025,14:08:15,09-05-2025,14:12:50,COMPLETED,0,1
79KWH,8,2,FULL,09-05-2025,14:08:55,09-05-2025,14:09:02,09-05-2025,14:11:14,COMPLETED,0,1
79KWH,8,1,FULL,09-05-2025,14:10:39,09-05-2025,14:10:48,09-05-2025,14:13:36,COMPLETED,0,1
79KWH,8,2,FULL,09-05-2025,14:11:49,09-05-2025,14:11:56,09-05-2025,14:14:12,COMPLETED,0,1
79KWH,8,3,FULL,09-05-2025,14:12:56,09-05-2025,14:13:04,09-05-2025,14:17:43,COMPLETED,0,1
79KWH,8,1,FULL,09-05-2025,14:13:42,09-05-2025,14:13:51,09-05-2025,14:16:38,COMPLETED,0,1
79KWH,8,2,FULL,09-05-2025,14:14:53,09-05-2025,14:14:54,09-05-2025,14:17:08,COMPLETED,0,1
79KWH,8,1,FULL,09-05-2025,14:16:42,09-05-2025,14:16:51,09-05-2025,14:19:40,COMPLETED,0,1
79KWH,8,3,FULL,09-05-2025,14:17:50,09-05-2025,14:17:57,09-05-2025,14:22:34,COMPLETED,0,1
79KWH,8,2,FULL,09-05-2025,14:17:58,09-05-2025,14:18:04,09-05-2025,14:20:22,COMPLETED,0,1
79KWH,8,1,FULL,09-05-2025,14:19:45,09-05-2025,14:19:54,09-05-2025,14:22:41,COMPLETED,0,1
79KWH,8,2,FULL,09-05-2025,14:20:56,09-05-2025,14:21:04,09-05-2025,14:23:19,COMPLETED,0,1
79KWH,8,3,FULL,09-05-2025,14:22:40,09-05-2025,14:22:48,09-05-2025,14:27:30,COMPLETED,0,1
79KWH,8,1,FULL,09-05-2025,14:22:46,09-05-2025,14:22:55,09-05-2025,14:25:48,COMPLETED,0,1
79KWH,8,2,FULL,09-05-2025,14:23:57,09-05-2025,14:24:01,09-05-2025,14:26:20,COMPLETED,0,1
79KWH,8,1,FULL,09-05-2025,14:25:53,09-05-2025,14:26:01,09-05-2025,14:28:52,COMPLETED,0,1
79KWH,8,2,FULL,09-05-2025,14:26:56,09-05-2025,14:27:02,09-05-2025,14:29:20,COMPLETED,0,1
79KWH,8,3,FULL,09-05-2025,14:27:36,09-05-2025,14:27:44,09-05-2025,14:32:24,COMPLETED,0,1
79KWH,8,1,FULL,09-05-2025,14:28:57,09-05-2025,14:29:06,09-05-2025,14:31:59,COMPLETED,0,1
79KWH,8,2,FULL,09-05-2025,14:29:57,09-05-2025,14:32:05,09-05-2025,14:35:34,COMPLETED,0,1
79KWH,8,1,FULL,09-05-2025,14:32:04,09-05-2025,14:32:13,09-05-2025,14:35:03,COMPLETED,0,1
79KWH,8,3,FULL,09-05-2025,14:32:30,09-05-2025,14:34:08,09-05-2025,14:40:16,COMPLETED,0,1
79KWH,8,1,FULL,09-05-2025,14:35:08,09-05-2025,14:38:19,09-05-2025,14:41:33,COMPLETED,0,1
79KWH,8,2,FULL,09-05-2025,14:35:41,09-05-2025,14:37:58,09-05-2025,14:41:24,COMPLETED,0,1
79KWH,8,3,FULL,09-05-2025,14:40:23,09-05-2025,14:40:30,09-05-2025,14:45:13,COMPLETED,0,1
79KWH,8,2,FULL,09-05-2025,14:41:30,09-05-2025,14:41:38,09-05-2025,14:44:02,COMPLETED,0,1
79KWH,8,1,FULL,09-05-2025,14:41:37,09-05-2025,14:44:52,09-05-2025,14:48:03,COMPLETED,0,1
79KWH,8,2,FULL,09-05-2025,14:44:08,09-05-2025,14:44:15,09-05-2025,14:46:36,COMPLETED,0,1
79KWH,8,3,FULL,09-05-2025,14:45:19,09-05-2025,14:45:26,09-05-2025,14:50:14,COMPLETED,0,1
79KWH,8,2,FULL,09-05-2025,14:46:42,09-05-2025,14:46:50,09-05-2025,14:49:15,COMPLETED,0,1
79KWH,8,1,FULL,09-05-2025,14:48:08,09-05-2025,14:48:17,09-05-2025,14:51:14,COMPLETED,0,1
79KWH,8,3,FULL,09-05-2025,14:50:21,09-05-2025,14:50:29,09-05-2025,14:55:14,COMPLETED,0,1
79KWH,8,1,FULL,09-05-2025,14:51:19,09-05-2025,14:54:34,09-05-2025,14:57:45,COMPLETED,0,1
79KWH,8,3,FULL,09-05-2025,14:55:20,09-05-2025,14:56:51,09-05-2025,15:02:13,COMPLETED,0,1
79KWH,8,1,FULL,09-05-2025,14:57:51,09-05-2025,15:01:59,09-05-2025,15:05:14,COMPLETED,0,1
79KWH,8,3,FULL,09-05-2025,15:02:20,09-05-2025,15:02:28,09-05-2025,15:07:16,COMPLETED,0,1
79KWH,8,1,FULL,09-05-2025,15:05:18,09-05-2025,15:05:28,09-05-2025,15:08:24,COMPLETED,0,1
79KWH,8,3,FULL,09-05-2025,15:07:21,09-05-2025,15:07:30,09-05-2025,15:12:22,COMPLETED,0,1
79KWH,8,3,FULL,09-05-2025,15:12:29,09-05-2025,15:12:35,09-05-2025,15:17:26,COMPLETED,0,1
79KWH,8,3,FULL,10-05-2025,21:26:54,10-05-2025,21:27:06,10-05-2025,21:31:34,COMPLETED,0,1
79KWH,8,2,FULL,10-05-2025,21:27:06,10-05-2025,21:27:09,10-05-2025,21:31:26,COMPLETED,0,1
79KWH,8,1,FULL,10-05-2025,21:28:38,10-05-2025,21:28:44,10-05-2025,21:30:15,COMPLETED,0,1
79KWH,8,2,FULL,10-05-2025,21:31:31,10-05-2025,21:31:40,10-05-2025,21:35:36,COMPLETED,0,1
79KWH,8,1,FULL,10-05-2025,21:31:35,10-05-2025,21:31:39,10-05-2025,21:33:30,COMPLETED,0,1
79KWH,8,3,FULL,10-05-2025,21:31:42,10-05-2025,21:31:48,10-05-2025,21:35:55,COMPLETED,0,1
79KWH,8,1,FULL,10-05-2025,21:34:48,10-05-2025,21:36:24,10-05-2025,21:39:07,COMPLETED,0,1
79KWH,8,2,FULL,10-05-2025,21:35:42,10-05-2025,21:35:50,10-05-2025,21:39:51,COMPLETED,0,1
79KWH,8,3,FULL,10-05-2025,21:36:01,10-05-2025,21:36:09,10-05-2025,21:40:21,COMPLETED,0,1
79KWH,8,1,FULL,10-05-2025,21:39:13,10-05-2025,22:15:20,10-05-2025,22:26:19,COMPLETED,0,1
79KWH,8,2,FULL,10-05-2025,21:39:56,10-05-2025,21:40:04,10-05-2025,21:44:03,COMPLETED,0,1
79KWH,8,3,FULL,10-05-2025,21:40:28,10-05-2025,21:40:36,10-05-2025,21:44:44,COMPLETED,0,1
79KWH,8,3,FULL,10-05-2025,21:44:49,10-05-2025,21:44:58,10-05-2025,21:49:15,COMPLETED,0,1
79KWH,8,3,FULL,10-05-2025,21:49:23,10-05-2025,21:49:29,10-05-2025,21:53:40,COMPLETED,0,1
79KWH,8,2,FULL,10-05-2025,21:51:33,10-05-2025,21:51:35,10-05-2025,21:54:46,COMPLETED,0,1
79KWH,8,3,FULL,10-05-2025,21:54:29,10-05-2025,21:54:36,10-05-2025,21:58:52,COMPLETED,0,1
79KWH,8,2,FULL,10-05-2025,21:54:51,10-05-2025,21:55:01,10-05-2025,21:57:28,COMPLETED,0,1
79KWH,8,2,FULL,10-05-2025,21:58:54,10-05-2025,21:59:07,10-05-2025,22:01:32,COMPLETED,0,1
79KWH,8,3,FULL,10-05-2025,21:58:59,10-05-2025,21:59:06,10-05-2025,22:03:19,COMPLETED,0,1
79KWH,8,2,FULL,10-05-2025,22:01:49,10-05-2025,22:02:01,10-05-2025,22:04:31,COMPLETED,0,1
79KWH,8,3,FULL,10-05-2025,22:03:25,10-05-2025,22:03:34,10-05-2025,22:07:52,COMPLETED,0,1
79KWH,8,1,FULL,10-05-2025,22:26:24,10-05-2025,22:29:11,10-05-2025,22:31:27,COMPLETED,0,1
79KWH,8,2,FULL,10-05-2025,22:28:04,10-05-2025,22:28:15,10-05-2025,22:30:41,COMPLETED,0,1
79KWH,8,3,FULL,10-05-2025,22:28:13,10-05-2025,22:28:19,10-05-2025,22:32:35,COMPLETED,0,1
79KWH,8,1,FULL,10-05-2025,22:31:32,10-05-2025,22:33:55,10-05-2025,22:37:02,COMPLETED,0,1
79KWH,8,2,FULL,10-05-2025,22:33:19,10-05-2025,22:33:31,10-05-2025,22:36:02,COMPLETED,0,1
79KWH,8,3,FULL,10-05-2025,22:33:26,10-05-2025,22:33:32,10-05-2025,22:37:52,COMPLETED,0,1
79KWH,8,1,FULL,10-05-2025,22:37:07,10-05-2025,22:39:32,10-05-2025,22:42:35,COMPLETED,0,1
79KWH,8,2,FULL,10-05-2025,22:38:03,10-05-2025,22:38:09,10-05-2025,22:40:37,COMPLETED,0,1
79KWH,8,3,FULL,10-05-2025,22:38:13,10-05-2025,22:38:19,10-05-2025,22:42:35,COMPLETED,0,1
79KWH,8,1,FULL,10-05-2025,22:42:40,10-05-2025,22:44:41,10-05-2025,22:47:04,COMPLETED,0,1
79KWH,8,2,FULL,10-05-2025,22:42:51,10-05-2025,22:42:59,10-05-2025,22:45:33,COMPLETED,0,1
79KWH,8,3,FULL,10-05-2025,22:43:08,10-05-2025,22:43:18,10-05-2025,22:47:40,COMPLETED,0,1
79KWH,8,2,FULL,10-05-2025,22:45:40,10-05-2025,22:45:47,10-05-2025,22:48:18,COMPLETED,0,1
79KWH,8,1,FULL,10-05-2025,22:47:09,10-05-2025,22:49:50,10-05-2025,22:52:09,COMPLETED,0,1
79KWH,8,3,FULL,10-05-2025,22:47:45,10-05-2025,22:47:54,10-05-2025,22:52:13,COMPLETED,0,1
79KWH,8,2,FULL,10-05-2025,22:48:24,10-05-2025,22:48:32,10-05-2025,22:51:08,COMPLETED,0,1
79KWH,8,1,FULL,10-05-2025,22:52:15,10-05-2025,22:54:36,10-05-2025,22:57:50,COMPLETED,0,1
79KWH,8,3,FULL,10-05-2025,22:52:21,10-05-2025,22:52:27,10-05-2025,22:56:51,COMPLETED,0,1
79KWH,8,2,FULL,10-05-2025,22:53:08,10-05-2025,22:53:15,10-05-2025,22:55:48,COMPLETED,0,1
79KWH,8,2,FULL,10-05-2025,22:55:54,10-05-2025,22:56:03,10-05-2025,22:58:39,COMPLETED,0,1
79KWH,8,3,FULL,10-05-2025,22:56:58,10-05-2025,22:57:05,10-05-2025,23:01:27,COMPLETED,0,1
79KWH,8,1,FULL,10-05-2025,22:57:55,10-05-2025,22:58:04,10-05-2025,23:01:00,COMPLETED,0,1
79KWH,8,2,FULL,10-05-2025,22:58:45,10-05-2025,22:58:52,10-05-2025,23:01:25,COMPLETED,0,1
79KWH,8,2,FULL,10-05-2025,23:01:31,10-05-2025,23:01:40,10-05-2025,23:04:20,COMPLETED,0,1
79KWH,8,3,FULL,10-05-2025,23:01:33,10-05-2025,23:01:41,10-05-2025,23:06:06,COMPLETED,0,1
79KWH,8,2,FULL,10-05-2025,23:04:25,10-05-2025,23:04:34,10-05-2025,23:07:10,COMPLETED,0,1
79KWH,8,3,FULL,10-05-2025,23:06:12,10-05-2025,23:06:20,10-05-2025,23:10:43,COMPLETED,0,1
79KWH,8,2,FULL,10-05-2025,23:07:18,10-05-2025,23:07:25,10-05-2025,23:10:07,COMPLETED,0,1
79KWH,8,1,FULL,10-05-2025,23:07:18,10-05-2025,23:07:35,10-05-2025,23:10:54,COMPLETED,0,1
79KWH,8,2,FULL,10-05-2025,23:10:13,10-05-2025,23:10:21,10-05-2025,23:12:59,COMPLETED,0,1
79KWH,8,3,FULL,10-05-2025,23:10:49,10-05-2025,23:10:58,10-05-2025,23:15:24,COMPLETED,0,1
79KWH,8,1,FULL,10-05-2025,23:10:59,10-05-2025,23:11:08,10-05-2025,23:14:06,COMPLETED,0,1
79KWH,8,1,FULL,10-05-2025,23:14:11,10-05-2025,23:16:26,10-05-2025,23:19:42,COMPLETED,0,1
79KWH,8,3,FULL,10-05-2025,23:15:32,10-05-2025,23:15:39,10-05-2025,23:20:04,COMPLETED,0,1
79KWH,8,1,FULL,10-05-2025,23:19:47,10-05-2025,23:21:54,10-05-2025,23:25:07,COMPLETED,0,1
79KWH,8,3,FULL,10-05-2025,23:20:11,10-05-2025,23:20:17,10-05-2025,23:24:47,COMPLETED,0,1
79KWH,8,2,FULL,10-05-2025,23:22:18,10-05-2025,23:22:23,10-05-2025,23:25:07,COMPLETED,0,1
79KWH,8,3,FULL,10-05-2025,23:24:55,10-05-2025,23:25:01,10-05-2025,23:29:30,COMPLETED,0,1
79KWH,8,1,FULL,10-05-2025,23:25:12,10-05-2025,23:27:21,10-05-2025,23:30:39,COMPLETED,0,1
79KWH,8,2,FULL,10-05-2025,23:25:14,10-05-2025,23:25:21,10-05-2025,23:28:01,COMPLETED,0,1
79KWH,8,2,FULL,10-05-2025,23:28:08,10-05-2025,23:28:15,10-05-2025,23:31:00,COMPLETED,0,1
79KWH,8,3,FULL,10-05-2025,23:29:36,10-05-2025,23:29:45,10-05-2025,23:34:16,COMPLETED,0,1
79KWH,8,1,FULL,10-05-2025,23:30:44,10-05-2025,23:32:55,10-05-2025,23:36:10,COMPLETED,0,1
79KWH,8,2,FULL,10-05-2025,23:31:29,10-05-2025,23:31:42,10-05-2025,23:34:25,COMPLETED,0,1
79KWH,8,3,FULL,10-05-2025,23:34:22,10-05-2025,23:34:29,10-05-2025,23:38:58,COMPLETED,0,1
79KWH,8,1,FULL,10-05-2025,23:36:16,10-05-2025,23:38:55,10-05-2025,23:42:13,COMPLETED,0,1
79KWH,8,2,FULL,10-05-2025,23:37:03,10-05-2025,23:37:14,10-05-2025,23:40:02,COMPLETED,0,1
79KWH,8,3,FULL,10-05-2025,23:39:05,10-05-2025,23:39:12,10-05-2025,23:42:09,COMPLETED,0,1
79KWH,8,3,FULL,10-05-2025,23:42:16,10-05-2025,23:42:23,10-05-2025,23:43:46,COMPLETED,0,1
79KWH,8,1,FULL,10-05-2025,23:42:19,10-05-2025,23:44:23,10-05-2025,23:47:37,COMPLETED,0,1
79KWH,8,2,FULL,10-05-2025,23:43:37,10-05-2025,23:43:47,10-05-2025,23:46:31,COMPLETED,0,1
79KWH,8,3,FULL,10-05-2025,23:43:53,10-05-2025,23:44:00,10-05-2025,23:45:22,COMPLETED,0,1
79KWH,8,3,FULL,10-05-2025,23:45:28,10-05-2025,23:45:36,10-05-2025,23:47:02,COMPLETED,0,1
79KWH,8,3,FULL,10-05-2025,23:47:10,10-05-2025,23:47:16,10-05-2025,23:48:40,COMPLETED,0,1
79KWH,8,1,FULL,10-05-2025,23:47:41,10-05-2025,23:47:51,10-05-2025,23:50:57,COMPLETED,0,1
79KWH,8,2,FULL,10-05-2025,23:48:31,10-05-2025,23:48:38,10-05-2025,23:51:27,COMPLETED,0,1
79KWH,8,3,FULL,10-05-2025,23:48:47,10-05-2025,23:48:54,10-05-2025,23:50:22,COMPLETED,0,1
79KWH,8,1,FULL,10-05-2025,23:51:02,10-05-2025,23:53:11,10-05-2025,23:56:27,COMPLETED,0,1
79KWH,8,3,FULL,10-05-2025,23:51:54,10-05-2025,23:52:01,10-05-2025,23:53:27,COMPLETED,0,1
79KWH,8,1,FULL,10-05-2025,23:56:31,10-05-2025,23:58:36,11-05-2025,00:01:59,COMPLETED,0,1
79KWH,8,1,FULL,11-05-2025,00:02:04,11-05-2025,00:04:17,11-05-2025,00:07:36,COMPLETED,0,1
79KWH,8,1,FULL,11-05-2025,00:07:41,11-05-2025,00:09:44,11-05-2025,00:13:09,COMPLETED,0,1
79KWH,8,1,FULL,11-05-2025,00:13:14,11-05-2025,00:15:23,11-05-2025,00:18:42,COMPLETED,0,1
79KWH,8,1,FULL,11-05-2025,18:26:38,11-05-2025,18:26:52,11-05-2025,18:30:15,COMPLETED,0,1
79KWH,8,2,FULL,12-05-2025,07:28:19,12-05-2025,07:28:28,12-05-2025,07:30:14,COMPLETED,0,1
79KWH,8,1,FULL,12-05-2025,07:29:46,12-05-2025,07:58:09,12-05-2025,08:00:57,COMPLETED,0,1
79KWH,8,3,FULL,12-05-2025,07:31:05,12-05-2025,07:31:14,12-05-2025,07:32:24,COMPLETED,0,1
79KWH,8,2,FULL,12-05-2025,07:31:16,12-05-2025,07:31:25,12-05-2025,07:34:16,COMPLETED,0,1
79KWH,8,3,FULL,12-05-2025,07:34:18,12-05-2025,07:34:31,12-05-2025,07:35:58,COMPLETED,0,1
79KWH,8,2,FULL,12-05-2025,07:34:33,12-05-2025,07:34:44,12-05-2025,07:37:31,COMPLETED,0,1
79KWH,8,3,FULL,12-05-2025,07:37:21,12-05-2025,07:37:23,12-05-2025,07:38:54,COMPLETED,0,1
79KWH,8,2,FULL,12-05-2025,07:37:37,12-05-2025,07:37:46,12-05-2025,07:40:39,COMPLETED,0,1
79KWH,8,3,FULL,12-05-2025,07:40:20,12-05-2025,07:40:34,12-05-2025,07:42:03,COMPLETED,0,1
79KWH,8,2,FULL,12-05-2025,07:40:45,12-05-2025,07:40:53,12-05-2025,07:43:44,COMPLETED,0,1
79KWH,8,3,FULL,12-05-2025,07:43:22,12-05-2025,07:43:28,12-05-2025,07:45:02,COMPLETED,0,1
79KWH,8,2,FULL,12-05-2025,07:43:51,12-05-2025,07:43:58,12-05-2025,07:46:54,COMPLETED,0,1
79KWH,8,1,FULL,12-05-2025,08:01:02,12-05-2025,08:02:50,12-05-2025,08:06:14,COMPLETED,0,1
79KWH,8,2,FULL,12-05-2025,08:01:54,12-05-2025,08:01:57,12-05-2025,08:04:49,COMPLETED,0,1
79KWH,8,3,FULL,12-05-2025,08:02:00,12-05-2025,08:02:23,12-05-2025,08:03:54,COMPLETED,0,1
79KWH,8,1,FULL,12-05-2025,08:06:18,12-05-2025,08:13:22,12-05-2025,08:17:31,COMPLETED,0,1
79KWH,8,2,FULL,12-05-2025,08:06:58,12-05-2025,08:07:10,12-05-2025,08:10:07,COMPLETED,0,1
79KWH,8,3,FULL,12-05-2025,08:07:07,12-05-2025,08:07:12,12-05-2025,08:08:48,COMPLETED,0,1
79KWH,8,2,FULL,12-05-2025,08:16:56,12-05-2025,08:16:59,12-05-2025,08:19:52,COMPLETED,0,1
79KWH,8,1,FULL,12-05-2025,08:17:36,12-05-2025,08:19:27,12-05-2025,08:22:48,COMPLETED,0,1
79KWH,8,3,FULL,12-05-2025,08:18:45,12-05-2025,08:18:57,12-05-2025,08:20:30,COMPLETED,0,1
79KWH,8,2,FULL,12-05-2025,08:19:58,12-05-2025,08:20:06,12-05-2025,08:23:04,COMPLETED,0,1
79KWH,8,1,FULL,12-05-2025,08:22:53,12-05-2025,08:25:25,12-05-2025,08:28:43,COMPLETED,0,1
79KWH,8,2,FULL,12-05-2025,08:23:35,12-05-2025,08:23:46,12-05-2025,08:26:41,COMPLETED,0,1
79KWH,8,3,FULL,12-05-2025,08:23:42,12-05-2025,08:23:48,12-05-2025,08:25:27,COMPLETED,0,1
79KWH,8,1,FULL,12-05-2025,08:28:48,12-05-2025,08:30:36,12-05-2025,08:33:59,COMPLETED,0,1
79KWH,8,2,FULL,12-05-2025,08:29:34,12-05-2025,08:29:45,12-05-2025,08:32:45,COMPLETED,0,1
79KWH,8,3,FULL,12-05-2025,08:29:41,12-05-2025,08:32:34,12-05-2025,08:35:36,COMPLETED,0,1
79KWH,8,2,FULL,12-05-2025,08:32:51,12-05-2025,08:32:59,12-05-2025,08:35:56,COMPLETED,0,1
79KWH,8,1,FULL,12-05-2025,08:34:03,12-05-2025,08:34:13,12-05-2025,08:37:23,COMPLETED,0,1
79KWH,8,3,FULL,12-05-2025,08:35:43,12-05-2025,08:38:28,12-05-2025,08:41:36,COMPLETED,0,1
79KWH,8,2,FULL,12-05-2025,08:36:03,12-05-2025,08:36:10,12-05-2025,08:39:13,COMPLETED,0,1
79KWH,8,1,FULL,12-05-2025,08:37:28,12-05-2025,08:39:22,12-05-2025,08:42:44,COMPLETED,0,1
79KWH,8,2,FULL,12-05-2025,08:39:20,12-05-2025,08:39:28,12-05-2025,08:42:27,COMPLETED,0,1
79KWH,8,3,FULL,12-05-2025,08:41:42,12-05-2025,08:44:24,12-05-2025,08:47:30,COMPLETED,0,1
79KWH,8,2,FULL,12-05-2025,08:42:33,12-05-2025,08:42:41,12-05-2025,08:45:45,COMPLETED,0,1
79KWH,8,1,FULL,12-05-2025,08:42:49,12-05-2025,08:44:25,12-05-2025,08:47:23,COMPLETED,0,1
79KWH,8,2,FULL,12-05-2025,08:45:51,12-05-2025,08:45:59,12-05-2025,08:48:59,COMPLETED,0,1
79KWH,8,1,FULL,12-05-2025,08:47:28,12-05-2025,08:49:26,12-05-2025,08:52:52,COMPLETED,0,1
79KWH,8,3,FULL,12-05-2025,08:47:38,12-05-2025,08:50:16,12-05-2025,08:53:26,COMPLETED,0,1
79KWH,8,2,FULL,12-05-2025,08:49:05,12-05-2025,08:49:13,12-05-2025,08:52:19,COMPLETED,0,1
79KWH,8,2,FULL,12-05-2025,08:52:26,12-05-2025,08:52:33,12-05-2025,08:55:37,COMPLETED,0,1
79KWH,8,1,FULL,12-05-2025,08:52:57,12-05-2025,08:53:06,12-05-2025,08:56:22,COMPLETED,0,1
79KWH,8,3,FULL,12-05-2025,08:53:32,12-05-2025,08:56:15,12-05-2025,08:59:27,COMPLETED,0,1
79KWH,8,2,FULL,12-05-2025,08:55:42,12-05-2025,08:55:51,12-05-2025,08:59:06,COMPLETED,0,1
79KWH,8,1,FULL,12-05-2025,08:56:26,12-05-2025,08:56:36,12-05-2025,08:59:53,COMPLETED,0,1
79KWH,8,2,FULL,12-05-2025,08:59:13,12-05-2025,08:59:19,12-05-2025,09:02:25,COMPLETED,0,1
79KWH,8,3,FULL,12-05-2025,08:59:33,12-05-2025,09:02:13,12-05-2025,09:05:24,COMPLETED,0,1
79KWH,8,1,FULL,12-05-2025,08:59:59,12-05-2025,09:00:07,12-05-2025,09:03:21,COMPLETED,0,1
79KWH,8,2,FULL,12-05-2025,09:02:31,12-05-2025,09:02:40,12-05-2025,09:05:50,COMPLETED,0,1
79KWH,8,1,FULL,12-05-2025,09:03:26,12-05-2025,09:03:35,12-05-2025,09:06:54,COMPLETED,0,1
79KWH,8,3,FULL,12-05-2025,09:05:32,12-05-2025,09:08:11,12-05-2025,09:11:18,COMPLETED,0,1
79KWH,8,2,FULL,12-05-2025,09:05:56,12-05-2025,09:06:04,12-05-2025,09:09:12,COMPLETED,0,1
79KWH,8,1,FULL,12-05-2025,09:06:58,12-05-2025,09:07:08,12-05-2025,09:10:24,COMPLETED,0,1
79KWH,8,2,FULL,12-05-2025,09:09:19,12-05-2025,09:09:26,12-05-2025,09:12:37,COMPLETED,0,1
79KWH,8,1,FULL,12-05-2025,09:10:28,12-05-2025,09:10:38,12-05-2025,09:13:55,COMPLETED,0,1
79KWH,8,3,FULL,12-05-2025,09:11:24,12-05-2025,09:11:31,12-05-2025,09:13:16,COMPLETED,0,1
79KWH,8,2,FULL,12-05-2025,09:12:43,12-05-2025,09:12:51,12-05-2025,09:16:02,COMPLETED,0,1
79KWH,8,3,FULL,12-05-2025,09:13:24,12-05-2025,09:16:00,12-05-2025,09:19:08,COMPLETED,0,1
79KWH,8,1,FULL,12-05-2025,09:14:01,12-05-2025,09:14:10,12-05-2025,09:17:25,COMPLETED,0,1
79KWH,8,2,FULL,12-05-2025,09:16:07,12-05-2025,09:16:16,12-05-2025,09:19:30,COMPLETED,0,1
79KWH,8,1,FULL,12-05-2025,09:17:31,12-05-2025,09:17:38,12-05-2025,09:20:59,COMPLETED,0,1
79KWH,8,3,FULL,12-05-2025,09:19:15,12-05-2025,09:21:55,12-05-2025,09:25:09,COMPLETED,0,1
79KWH,8,2,FULL,12-05-2025,09:19:36,12-05-2025,09:19:44,12-05-2025,09:22:55,COMPLETED,0,1
79KWH,8,1,FULL,12-05-2025,09:21:04,12-05-2025,09:21:13,12-05-2025,09:24:29,COMPLETED,0,1
79KWH,8,2,FULL,12-05-2025,09:23:03,12-05-2025,09:23:09,12-05-2025,09:26:26,COMPLETED,0,1
79KWH,8,1,FULL,12-05-2025,09:24:34,12-05-2025,09:24:43,12-05-2025,09:28:05,COMPLETED,0,1
79KWH,8,3,FULL,12-05-2025,09:25:16,12-05-2025,09:27:50,12-05-2025,09:30:59,COMPLETED,0,1
79KWH,8,2,FULL,12-05-2025,09:26:31,12-05-2025,09:26:41,12-05-2025,09:29:54,COMPLETED,0,1
79KWH,8,1,FULL,12-05-2025,09:28:10,12-05-2025,09:28:19,12-05-2025,09:31:39,COMPLETED,0,1
79KWH,8,2,FULL,12-05-2025,09:30:01,12-05-2025,09:30:08,12-05-2025,09:33:25,COMPLETED,0,1
79KWH,8,3,FULL,12-05-2025,09:31:05,12-05-2025,09:33:45,12-05-2025,09:36:59,COMPLETED,0,1
79KWH,8,1,FULL,12-05-2025,09:31:43,12-05-2025,09:31:53,12-05-2025,09:35:16,COMPLETED,0,1
79KWH,8,2,FULL,12-05-2025,09:33:32,12-05-2025,09:33:40,12-05-2025,09:36:56,COMPLETED,0,1
79KWH,8,1,FULL,12-05-2025,09:35:22,12-05-2025,09:35:31,12-05-2025,09:38:51,COMPLETED,0,1
79KWH,8,2,FULL,12-05-2025,09:37:01,12-05-2025,09:37:09,12-05-2025,09:40:29,COMPLETED,0,1
79KWH,8,3,FULL,12-05-2025,09:37:05,12-05-2025,09:39:41,12-05-2025,09:42:52,COMPLETED,0,1
79KWH,8,1,FULL,12-05-2025,09:38:56,12-05-2025,09:39:06,12-05-2025,09:42:38,COMPLETED,0,1
79KWH,8,2,FULL,12-05-2025,09:40:35,12-05-2025,09:40:43,12-05-2025,09:44:00,COMPLETED,0,1
79KWH,8,1,FULL,12-05-2025,09:42:44,12-05-2025,09:42:52,12-05-2025,09:46:27,COMPLETED,0,1
79KWH,8,3,FULL,12-05-2025,09:42:58,12-05-2025,09:45:34,12-05-2025,09:48:50,COMPLETED,0,1
79KWH,8,2,FULL,12-05-2025,09:44:07,12-05-2025,09:44:14,12-05-2025,09:47:37,COMPLETED,0,1
79KWH,8,1,FULL,12-05-2025,09:46:32,12-05-2025,09:46:42,12-05-2025,09:50:06,COMPLETED,0,1
79KWH,8,2,FULL,12-05-2025,09:47:43,12-05-2025,09:47:51,12-05-2025,09:51:12,COMPLETED,0,1
79KWH,8,3,FULL,12-05-2025,09:48:55,12-05-2025,09:51:32,12-05-2025,09:54:44,COMPLETED,0,1
79KWH,8,1,FULL,12-05-2025,09:50:11,12-05-2025,09:50:20,12-05-2025,09:53:42,COMPLETED,0,1
79KWH,8,1,FULL,12-05-2025,09:53:48,12-05-2025,09:53:57,12-05-2025,09:57:24,COMPLETED,0,1
79KWH,8,3,FULL,12-05-2025,09:54:51,12-05-2025,09:57:24,12-05-2025,10:00:40,COMPLETED,0,1
79KWH,8,2,FULL,12-05-2025,09:56:06,12-05-2025,09:56:09,12-05-2025,09:59:32,COMPLETED,0,1
79KWH,8,1,FULL,12-05-2025,09:57:28,12-05-2025,09:57:38,12-05-2025,10:01:02,COMPLETED,0,1
79KWH,8,2,FULL,12-05-2025,09:59:37,12-05-2025,09:59:46,12-05-2025,10:03:07,COMPLETED,0,1
79KWH,8,3,FULL,12-05-2025,10:00:47,12-05-2025,10:03:24,12-05-2025,10:06:35,COMPLETED,0,1
79KWH,8,1,FULL,12-05-2025,10:01:07,12-05-2025,10:01:16,12-05-2025,10:04:44,COMPLETED,0,1
79KWH,8,2,FULL,12-05-2025,10:03:14,12-05-2025,10:03:21,12-05-2025,10:06:48,COMPLETED,0,1
79KWH,8,1,FULL,12-05-2025,10:04:50,12-05-2025,10:07:33,12-05-2025,10:11:06,COMPLETED,0,1
79KWH,8,3,FULL,12-05-2025,10:06:41,12-05-2025,10:08:19,12-05-2025,10:10:36,COMPLETED,0,1
79KWH,8,2,FULL,12-05-2025,10:06:54,12-05-2025,10:07:03,12-05-2025,10:10:26,COMPLETED,0,1
79KWH,8,2,FULL,12-05-2025,10:10:33,12-05-2025,10:10:41,12-05-2025,10:14:07,COMPLETED,0,1
79KWH,8,3,FULL,12-05-2025,10:10:43,12-05-2025,10:13:19,12-05-2025,10:16:34,COMPLETED,0,1
79KWH,8,1,FULL,12-05-2025,10:11:11,12-05-2025,10:13:06,12-05-2025,10:15:27,COMPLETED,0,1
79KWH,8,2,FULL,12-05-2025,10:14:14,12-05-2025,10:14:21,12-05-2025,10:17:45,COMPLETED,0,1
79KWH,8,1,FULL,12-05-2025,10:15:32,12-05-2025,10:18:55,12-05-2025,10:21:20,COMPLETED,0,1
79KWH,8,3,FULL,12-05-2025,10:16:40,12-05-2025,10:16:48,12-05-2025,10:18:47,COMPLETED,0,1
79KWH,8,2,FULL,12-05-2025,10:17:51,12-05-2025,10:17:59,12-05-2025,10:21:30,COMPLETED,0,1
79KWH,8,3,FULL,12-05-2025,10:18:55,12-05-2025,10:19:01,12-05-2025,10:20:58,COMPLETED,0,1
79KWH,8,3,FULL,12-05-2025,10:21:04,12-05-2025,10:21:12,12-05-2025,10:23:12,COMPLETED,0,1
79KWH,8,1,FULL,12-05-2025,10:21:25,12-05-2025,10:23:50,12-05-2025,10:26:10,COMPLETED,0,1
79KWH,8,2,FULL,12-05-2025,10:21:37,12-05-2025,10:21:44,12-05-2025,10:25:12,COMPLETED,0,1
79KWH,8,3,FULL,12-05-2025,10:23:20,12-05-2025,10:23:26,12-05-2025,10:25:24,COMPLETED,0,1
79KWH,8,2,FULL,12-05-2025,10:25:19,12-05-2025,10:25:26,12-05-2025,10:28:54,COMPLETED,0,1
79KWH,8,3,FULL,12-05-2025,10:25:30,12-05-2025,10:25:38,12-05-2025,10:27:42,COMPLETED,0,1
79KWH,8,1,FULL,12-05-2025,10:26:15,12-05-2025,10:26:24,12-05-2025,10:27:44,COMPLETED,0,1
79KWH,8,3,FULL,12-05-2025,10:27:48,12-05-2025,10:27:56,12-05-2025,10:29:56,COMPLETED,0,1
79KWH,8,1,FULL,12-05-2025,10:27:49,12-05-2025,10:30:50,12-05-2025,10:33:11,COMPLETED,0,1
79KWH,8,2,FULL,12-05-2025,10:29:01,12-05-2025,10:29:09,12-05-2025,10:32:43,COMPLETED,0,1
79KWH,8,3,FULL,12-05-2025,10:30:03,12-05-2025,10:30:10,12-05-2025,10:32:16,COMPLETED,0,1
79KWH,8,3,FULL,12-05-2025,10:32:23,12-05-2025,10:32:31,12-05-2025,10:34:32,COMPLETED,0,1
79KWH,8,2,FULL,12-05-2025,10:32:49,12-05-2025,10:32:57,12-05-2025,10:36:27,COMPLETED,0,1
79KWH,8,1,FULL,12-05-2025,10:33:21,12-05-2025,10:35:39,12-05-2025,10:38:02,COMPLETED,0,1
79KWH,8,3,FULL,12-05-2025,10:34:38,12-05-2025,10:34:46,12-05-2025,10:36:53,COMPLETED,0,1
79KWH,8,2,FULL,12-05-2025,10:36:34,12-05-2025,10:36:42,12-05-2025,10:40:17,COMPLETED,0,1
79KWH,8,3,FULL,12-05-2025,10:37:00,12-05-2025,10:37:07,12-05-2025,10:39:11,COMPLETED,0,1
79KWH,8,1,FULL,12-05-2025,10:38:07,12-05-2025,10:38:16,12-05-2025,10:39:33,COMPLETED,0,1
79KWH,8,3,FULL,12-05-2025,10:39:18,12-05-2025,10:39:25,12-05-2025,10:41:31,COMPLETED,0,1
79KWH,8,1,FULL,12-05-2025,10:39:38,12-05-2025,10:42:25,12-05-2025,10:44:49,COMPLETED,0,1
79KWH,8,3,FULL,12-05-2025,10:41:37,12-05-2025,10:41:45,12-05-2025,10:43:55,COMPLETED,0,1
79KWH,8,3,FULL,12-05-2025,10:44:03,12-05-2025,10:44:09,12-05-2025,10:46:19,COMPLETED,0,1
79KWH,8,1,FULL,12-05-2025,10:44:54,12-05-2025,10:47:15,12-05-2025,10:49:35,COMPLETED,0,1
79KWH,8,2,FULL,12-05-2025,10:45:23,12-05-2025,10:45:30,12-05-2025,10:49:02,COMPLETED,0,1
79KWH,8,3,FULL,12-05-2025,10:46:26,12-05-2025,10:46:33,12-05-2025,10:48:45,COMPLETED,0,1
79KWH,8,3,FULL,12-05-2025,10:48:51,12-05-2025,10:48:59,12-05-2025,10:51:08,COMPLETED,0,1
79KWH,8,2,FULL,12-05-2025,10:49:09,12-05-2025,10:49:17,12-05-2025,10:52:54,COMPLETED,0,1
79KWH,8,1,FULL,12-05-2025,10:49:40,12-05-2025,10:49:49,12-05-2025,10:51:08,COMPLETED,0,1
79KWH,8,1,FULL,12-05-2025,10:51:13,12-05-2025,10:55:11,12-05-2025,10:57:32,COMPLETED,0,1
79KWH,8,3,FULL,12-05-2025,10:51:15,12-05-2025,10:51:22,12-05-2025,10:53:35,COMPLETED,0,1
79KWH,8,2,FULL,12-05-2025,10:53:01,12-05-2025,10:53:09,12-05-2025,10:56:45,COMPLETED,0,1
79KWH,8,3,FULL,12-05-2025,10:53:42,12-05-2025,10:53:49,12-05-2025,10:56:01,COMPLETED,0,1
79KWH,8,3,FULL,12-05-2025,10:56:15,12-05-2025,10:56:15,12-05-2025,10:58:33,COMPLETED,0,1
79KWH,8,2,FULL,12-05-2025,10:56:50,12-05-2025,10:56:59,12-05-2025,11:00:42,COMPLETED,0,1
79KWH,8,1,FULL,12-05-2025,10:57:37,12-05-2025,10:59:57,12-05-2025,11:02:22,COMPLETED,0,1
79KWH,8,3,FULL,12-05-2025,10:59:11,12-05-2025,10:59:15,12-05-2025,11:01:28,COMPLETED,0,1
79KWH,8,2,FULL,12-05-2025,11:00:48,12-05-2025,11:00:56,12-05-2025,11:04:35,COMPLETED,0,1
79KWH,8,3,FULL,12-05-2025,11:01:36,12-05-2025,11:01:42,12-05-2025,11:04:01,COMPLETED,0,1
79KWH,8,1,FULL,12-05-2025,11:02:28,12-05-2025,11:05:52,12-05-2025,11:08:13,COMPLETED,0,1
79KWH,8,3,FULL,12-05-2025,11:04:08,12-05-2025,11:04:15,12-05-2025,11:06:31,COMPLETED,0,1
79KWH,8,2,FULL,12-05-2025,11:04:41,12-05-2025,11:04:49,12-05-2025,11:08:35,COMPLETED,0,1
79KWH,8,3,FULL,12-05-2025,11:06:39,12-05-2025,11:06:46,12-05-2025,11:09:07,COMPLETED,0,1
79KWH,8,1,FULL,12-05-2025,11:08:18,12-05-2025,11:08:27,12-05-2025,11:09:47,COMPLETED,0,1
79KWH,8,2,FULL,12-05-2025,11:08:42,12-05-2025,11:08:49,12-05-2025,11:12:31,COMPLETED,0,1
79KWH,8,3,FULL,12-05-2025,11:09:14,12-05-2025,11:09:21,12-05-2025,11:11:38,COMPLETED,0,1
79KWH,8,1,FULL,12-05-2025,11:09:52,12-05-2025,11:10:01,12-05-2025,11:11:18,COMPLETED,0,1
79KWH,8,1,FULL,12-05-2025,11:11:23,12-05-2025,11:13:42,12-05-2025,11:16:07,COMPLETED,0,1
79KWH,8,3,FULL,12-05-2025,11:11:45,12-05-2025,11:11:52,12-05-2025,11:14:16,COMPLETED,0,1
79KWH,8,2,FULL,12-05-2025,11:12:36,12-05-2025,11:12:46,12-05-2025,11:16:34,COMPLETED,0,1
79KWH,8,3,FULL,12-05-2025,11:14:23,12-05-2025,11:14:29,12-05-2025,11:16:50,COMPLETED,0,1
79KWH,8,1,FULL,12-05-2025,11:16:12,12-05-2025,11:16:21,12-05-2025,11:17:39,COMPLETED,0,1
79KWH,8,2,FULL,12-05-2025,11:16:39,12-05-2025,11:16:48,12-05-2025,11:20:33,COMPLETED,0,1
79KWH,8,3,FULL,12-05-2025,11:16:58,12-05-2025,11:17:05,12-05-2025,11:19:31,COMPLETED,0,1
79KWH,8,1,FULL,12-05-2025,11:17:49,12-05-2025,11:17:53,12-05-2025,11:19:12,COMPLETED,0,1
79KWH,8,1,FULL,12-05-2025,11:19:17,12-05-2025,11:19:26,12-05-2025,11:20:50,COMPLETED,0,1
79KWH,8,3,FULL,12-05-2025,11:19:37,12-05-2025,11:19:45,12-05-2025,11:22:07,COMPLETED,0,1
79KWH,8,2,FULL,12-05-2025,11:20:39,12-05-2025,11:20:47,12-05-2025,11:24:32,COMPLETED,0,1
79KWH,8,1,FULL,12-05-2025,11:20:55,12-05-2025,11:23:14,12-05-2025,11:25:40,COMPLETED,0,1
79KWH,8,3,FULL,12-05-2025,11:22:13,12-05-2025,11:22:22,12-05-2025,11:24:49,COMPLETED,0,1
79KWH,8,2,FULL,12-05-2025,11:24:39,12-05-2025,11:24:47,12-05-2025,11:28:39,COMPLETED,0,1
79KWH,8,3,FULL,12-05-2025,11:24:57,12-05-2025,11:25:03,12-05-2025,11:27:27,COMPLETED,0,1
79KWH,8,1,FULL,12-05-2025,11:25:45,12-05-2025,11:27:53,12-05-2025,11:30:04,COMPLETED,0,1
79KWH,8,3,FULL,12-05-2025,11:27:34,12-05-2025,11:27:42,12-05-2025,11:30:10,COMPLETED,0,1
79KWH,8,2,FULL,12-05-2025,11:28:44,12-05-2025,11:28:53,12-05-2025,11:32:41,COMPLETED,0,1
79KWH,8,1,FULL,12-05-2025,11:30:10,12-05-2025,11:32:30,12-05-2025,11:34:56,COMPLETED,0,1
79KWH,8,3,FULL,12-05-2025,11:30:17,12-05-2025,11:30:24,12-05-2025,11:32:50,COMPLETED,0,1
79KWH,8,2,FULL,12-05-2025,11:32:46,12-05-2025,11:32:55,12-05-2025,11:36:49,COMPLETED,0,1
79KWH,8,3,FULL,12-05-2025,11:32:56,12-05-2025,11:33:04,12-05-2025,11:35:36,COMPLETED,0,1
79KWH,8,1,FULL,12-05-2025,11:35:01,12-05-2025,11:35:10,12-05-2025,11:36:36,COMPLETED,0,1
79KWH,8,3,FULL,12-05-2025,11:35:43,12-05-2025,11:35:50,12-05-2025,11:38:19,COMPLETED,0,1
79KWH,8,1,FULL,12-05-2025,11:36:41,12-05-2025,11:36:50,12-05-2025,11:38:13,COMPLETED,0,1
79KWH,8,2,FULL,12-05-2025,11:36:56,12-05-2025,11:37:03,12-05-2025,11:40:53,COMPLETED,0,1
79KWH,8,1,FULL,12-05-2025,11:38:18,12-05-2025,11:38:27,12-05-2025,11:39:54,COMPLETED,0,1
79KWH,8,3,FULL,12-05-2025,11:38:25,12-05-2025,11:38:34,12-05-2025,11:41:06,COMPLETED,0,1
79KWH,8,1,FULL,12-05-2025,11:40:00,12-05-2025,11:40:09,12-05-2025,11:41:34,COMPLETED,0,1
79KWH,8,2,FULL,12-05-2025,11:40:58,12-05-2025,11:41:07,12-05-2025,11:45:02,COMPLETED,0,1
79KWH,8,3,FULL,12-05-2025,11:41:13,12-05-2025,11:41:20,12-05-2025,11:43:50,COMPLETED,0,1
79KWH,8,1,FULL,12-05-2025,11:41:43,12-05-2025,11:41:49,12-05-2025,11:43:17,COMPLETED,0,1
79KWH,8,1,FULL,12-05-2025,11:43:22,12-05-2025,11:43:30,12-05-2025,11:44:56,COMPLETED,0,1
79KWH,8,3,FULL,12-05-2025,11:43:57,12-05-2025,11:44:05,12-05-2025,11:46:37,COMPLETED,0,1
79KWH,8,3,FULL,12-05-2025,11:46:45,12-05-2025,11:46:52,12-05-2025,11:49:30,COMPLETED,0,1
79KWH,8,3,FULL,12-05-2025,11:49:37,12-05-2025,11:49:44,12-05-2025,11:52:18,COMPLETED,0,1
79KWH,8,2,FULL,12-05-2025,12:26:46,12-05-2025,12:27:33,12-05-2025,12:31:46,COMPLETED,0,1
79KWH,8,1,FULL,12-05-2025,12:28:14,12-05-2025,12:28:22,12-05-2025,12:30:51,COMPLETED,0,1
79KWH,8,3,FULL,12-05-2025,12:29:34,12-05-2025,12:29:40,12-05-2025,12:33:17,COMPLETED,0,1
79KWH,8,1,FULL,12-05-2025,12:31:18,12-05-2025,12:31:20,12-05-2025,12:32:47,COMPLETED,0,1
79KWH,8,2,FULL,12-05-2025,12:31:52,12-05-2025,12:32:00,12-05-2025,12:35:57,COMPLETED,0,1
79KWH,8,3,FULL,12-05-2025,12:33:24,12-05-2025,12:35:36,12-05-2025,12:39:10,COMPLETED,0,1
79KWH,8,1,FULL,12-05-2025,12:34:16,12-05-2025,12:35:20,12-05-2025,12:37:50,COMPLETED,0,1
79KWH,8,2,FULL,12-05-2025,12:36:02,12-05-2025,12:38:00,12-05-2025,12:42:13,COMPLETED,0,1
79KWH,8,1,FULL,12-05-2025,12:37:56,12-05-2025,12:40:52,12-05-2025,12:43:19,COMPLETED,0,1
79KWH,8,3,FULL,12-05-2025,12:39:16,12-05-2025,12:41:32,12-05-2025,12:45:12,COMPLETED,0,1
79KWH,8,2,FULL,12-05-2025,12:42:18,12-05-2025,12:44:21,12-05-2025,12:48:38,COMPLETED,0,1
79KWH,8,1,FULL,12-05-2025,12:43:24,12-05-2025,12:43:33,12-05-2025,12:45:06,COMPLETED,0,1
79KWH,8,1,FULL,12-05-2025,12:45:11,12-05-2025,12:47:57,12-05-2025,12:50:25,COMPLETED,0,1
79KWH,8,3,FULL,12-05-2025,12:45:18,12-05-2025,12:46:58,12-05-2025,12:50:02,COMPLETED,0,1
79KWH,8,2,FULL,12-05-2025,12:48:45,12-05-2025,12:50:43,12-05-2025,12:54:59,COMPLETED,0,1
79KWH,8,3,FULL,12-05-2025,12:50:08,12-05-2025,12:52:22,12-05-2025,12:56:01,COMPLETED,0,1
79KWH,8,1,FULL,12-05-2025,12:50:31,12-05-2025,12:50:39,12-05-2025,12:52:13,COMPLETED,0,1
79KWH,8,1,FULL,12-05-2025,12:52:18,12-05-2025,12:52:27,12-05-2025,12:54:00,COMPLETED,0,1
79KWH,8,1,FULL,12-05-2025,12:54:04,12-05-2025,12:56:15,12-05-2025,12:58:48,COMPLETED,0,1
79KWH,8,2,FULL,12-05-2025,12:55:05,12-05-2025,13:05:52,12-05-2025,13:10:13,COMPLETED,0,1
79KWH,8,3,FULL,12-05-2025,12:56:08,12-05-2025,12:58:17,12-05-2025,13:02:23,COMPLETED,0,1
79KWH,8,1,FULL,12-05-2025,12:58:54,12-05-2025,13:01:29,12-05-2025,13:04:00,COMPLETED,0,1
79KWH,8,3,FULL,12-05-2025,13:02:30,12-05-2025,13:05:12,12-05-2025,13:09:14,COMPLETED,0,1
79KWH,8,1,FULL,12-05-2025,13:04:05,12-05-2025,13:04:13,12-05-2025,13:05:51,COMPLETED,0,1
79KWH,8,1,FULL,12-05-2025,13:05:55,12-05-2025,13:08:05,12-05-2025,13:10:37,COMPLETED,0,1
79KWH,8,3,FULL,12-05-2025,13:09:20,12-05-2025,13:12:02,12-05-2025,13:15:38,COMPLETED,0,1
79KWH,8,2,FULL,12-05-2025,13:10:18,12-05-2025,13:11:46,12-05-2025,13:16:02,COMPLETED,0,1
79KWH,8,1,FULL,12-05-2025,13:10:41,12-05-2025,13:12:56,12-05-2025,13:15:33,COMPLETED,0,1
79KWH,8,1,FULL,12-05-2025,13:15:38,12-05-2025,13:15:47,12-05-2025,13:17:24,COMPLETED,0,1
79KWH,8,3,FULL,12-05-2025,13:15:43,12-05-2025,13:17:58,12-05-2025,13:21:39,COMPLETED,0,1
79KWH,8,2,FULL,12-05-2025,13:16:08,12-05-2025,13:18:10,12-05-2025,13:22:32,COMPLETED,0,1
79KWH,8,1,FULL,12-05-2025,13:17:29,12-05-2025,13:17:38,12-05-2025,13:19:16,COMPLETED,0,1
79KWH,8,1,FULL,12-05-2025,13:19:21,12-05-2025,13:19:31,12-05-2025,13:21:07,COMPLETED,0,1
79KWH,8,1,FULL,12-05-2025,13:21:12,12-05-2025,13:21:20,12-05-2025,13:23:00,COMPLETED,0,1
79KWH,8,3,FULL,12-05-2025,13:21:47,12-05-2025,13:23:54,12-05-2025,13:27:30,COMPLETED,0,1
79KWH,8,2,FULL,12-05-2025,13:22:39,12-05-2025,13:24:41,12-05-2025,13:28:59,COMPLETED,0,1
79KWH,8,1,FULL,12-05-2025,13:23:05,12-05-2025,13:23:14,12-05-2025,13:24:52,COMPLETED,0,1
79KWH,8,1,FULL,12-05-2025,13:24:57,12-05-2025,13:25:06,12-05-2025,13:26:48,COMPLETED,0,1
79KWH,8,1,FULL,12-05-2025,13:26:52,12-05-2025,13:29:04,12-05-2025,13:31:37,COMPLETED,0,1
79KWH,8,3,FULL,12-05-2025,13:27:37,12-05-2025,13:27:43,12-05-2025,13:30:28,COMPLETED,0,1
79KWH,8,2,FULL,12-05-2025,13:29:05,12-05-2025,13:30:36,12-05-2025,13:34:58,COMPLETED,0,1
79KWH,8,3,FULL,12-05-2025,13:30:38,12-05-2025,13:32:46,12-05-2025,13:36:28,COMPLETED,0,1
79KWH,8,1,FULL,12-05-2025,13:31:42,12-05-2025,13:31:51,12-05-2025,13:33:34,COMPLETED,0,1
79KWH,8,1,FULL,12-05-2025,13:33:39,12-05-2025,13:33:47,12-05-2025,13:35:28,COMPLETED,0,1
79KWH,8,2,FULL,12-05-2025,13:35:04,12-05-2025,13:35:12,12-05-2025,13:39:17,COMPLETED,0,1
79KWH,8,1,FULL,12-05-2025,13:35:33,12-05-2025,13:35:41,12-05-2025,13:37:27,COMPLETED,0,1
79KWH,8,3,FULL,12-05-2025,13:36:40,12-05-2025,13:38:43,12-05-2025,13:42:22,COMPLETED,0,1
79KWH,8,1,FULL,12-05-2025,13:37:32,12-05-2025,13:39:40,12-05-2025,13:47:14,COMPLETED,0,1
79KWH,8,2,FULL,12-05-2025,13:39:22,12-05-2025,13:39:32,12-05-2025,13:43:40,COMPLETED,0,1
79KWH,8,3,FULL,12-05-2025,13:42:33,12-05-2025,13:44:40,12-05-2025,13:48:23,COMPLETED,0,1
79KWH,8,2,FULL,12-05-2025,13:43:46,12-05-2025,13:43:54,12-05-2025,13:48:01,COMPLETED,0,1
79KWH,8,1,FULL,12-05-2025,13:47:19,12-05-2025,13:47:28,12-05-2025,13:49:14,COMPLETED,0,1
79KWH,8,2,FULL,12-05-2025,13:48:07,12-05-2025,13:48:14,12-05-2025,13:52:25,COMPLETED,0,1
79KWH,8,3,FULL,12-05-2025,13:48:35,12-05-2025,13:50:37,12-05-2025,13:54:17,COMPLETED,0,1
79KWH,8,1,FULL,12-05-2025,13:49:20,12-05-2025,13:49:29,12-05-2025,13:51:13,COMPLETED,0,1
79KWH,8,1,FULL,12-05-2025,13:51:17,12-05-2025,13:51:26,12-05-2025,13:53:13,COMPLETED,0,1
79KWH,8,2,FULL,12-05-2025,13:52:31,12-05-2025,13:54:33,12-05-2025,13:58:52,COMPLETED,0,1
79KWH,8,1,FULL,12-05-2025,13:53:18,12-05-2025,13:55:24,12-05-2025,13:58:07,COMPLETED,0,1
79KWH,8,3,FULL,12-05-2025,13:54:28,12-05-2025,13:56:34,12-05-2025,14:00:20,COMPLETED,0,1
79KWH,8,1,FULL,12-05-2025,13:58:11,12-05-2025,14:00:21,12-05-2025,14:03:00,COMPLETED,0,1
79KWH,8,2,FULL,12-05-2025,13:58:57,12-05-2025,13:59:06,12-05-2025,14:03:19,COMPLETED,0,1
79KWH,8,3,FULL,12-05-2025,14:00:32,12-05-2025,14:02:36,12-05-2025,14:06:17,COMPLETED,0,1
79KWH,8,1,FULL,12-05-2025,14:03:05,12-05-2025,14:03:13,12-05-2025,14:04:59,COMPLETED,0,1
79KWH,8,1,FULL,12-05-2025,14:05:04,12-05-2025,14:05:13,12-05-2025,14:07:01,COMPLETED,0,1
79KWH,8,3,FULL,12-05-2025,14:06:29,12-05-2025,14:06:32,12-05-2025,14:09:24,COMPLETED,0,1
79KWH,8,3,FULL,12-05-2025,14:09:35,12-05-2025,14:09:38,12-05-2025,14:12:28,COMPLETED,0,1
79KWH,8,3,FULL,12-05-2025,14:12:38,12-05-2025,14:12:42,12-05-2025,14:15:36,COMPLETED,0,1
79KWH,8,3,FULL,12-05-2025,14:15:48,12-05-2025,14:15:50,12-05-2025,14:18:42,COMPLETED,0,1
79KWH,8,2,FULL,12-05-2025,14:32:26,12-05-2025,14:32:29,12-05-2025,14:36:51,COMPLETED,0,1
79KWH,8,1,FULL,12-05-2025,14:33:55,12-05-2025,14:33:59,12-05-2025,14:36:36,COMPLETED,0,1
79KWH,8,3,FULL,12-05-2025,14:35:18,12-05-2025,14:35:31,12-05-2025,14:39:18,COMPLETED,0,1
79KWH,8,2,FULL,12-05-2025,14:36:57,12-05-2025,14:37:05,12-05-2025,14:41:21,COMPLETED,0,1
79KWH,8,1,FULL,12-05-2025,15:36:06,12-05-2025,15:37:19,12-05-2025,15:39:57,COMPLETED,0,1
79KWH,8,3,FULL,12-05-2025,15:37:22,12-05-2025,15:37:29,12-05-2025,15:41:13,COMPLETED,0,1
79KWH,8,2,FULL,12-05-2025,15:37:39,12-05-2025,15:37:52,12-05-2025,15:42:19,COMPLETED,0,1
79KWH,8,1,FULL,12-05-2025,15:40:03,12-05-2025,15:40:11,12-05-2025,15:41:59,COMPLETED,0,1
79KWH,8,3,FULL,12-05-2025,15:41:25,12-05-2025,15:41:27,12-05-2025,15:44:25,COMPLETED,0,1
79KWH,8,1,FULL,12-05-2025,15:42:07,12-05-2025,15:42:13,12-05-2025,15:44:05,COMPLETED,0,1
79KWH,8,2,FULL,12-05-2025,15:42:24,12-05-2025,15:42:33,12-05-2025,15:46:47,COMPLETED,0,1
79KWH,8,3,FULL,12-05-2025,15:44:36,12-05-2025,15:44:40,12-05-2025,15:47:36,COMPLETED,0,1
79KWH,8,1,FULL,12-05-2025,15:45:04,12-05-2025,15:45:16,12-05-2025,15:47:06,COMPLETED,0,1
79KWH,8,2,FULL,12-05-2025,15:46:52,12-05-2025,15:47:01,12-05-2025,15:51:16,COMPLETED,0,1
79KWH,8,3,FULL,12-05-2025,15:47:48,12-05-2025,15:47:50,12-05-2025,15:50:49,COMPLETED,0,1
79KWH,8,1,FULL,12-05-2025,15:48:07,12-05-2025,15:48:17,12-05-2025,15:50:11,COMPLETED,0,1
79KWH,8,1,FULL,12-05-2025,15:50:17,12-05-2025,15:50:25,12-05-2025,15:52:19,COMPLETED,0,1
79KWH,8,3,FULL,12-05-2025,15:51:00,12-05-2025,15:51:03,12-05-2025,15:53:59,COMPLETED,0,1
79KWH,8,2,FULL,12-05-2025,15:51:23,12-05-2025,15:51:31,12-05-2025,15:55:52,COMPLETED,0,1
79KWH,8,1,FULL,12-05-2025,15:53:04,12-05-2025,15:53:15,12-05-2025,15:55:17,COMPLETED,0,1
79KWH,8,3,FULL,12-05-2025,15:54:10,12-05-2025,15:54:13,12-05-2025,15:57:16,COMPLETED,0,1
79KWH,8,1,FULL,12-05-2025,15:55:22,12-05-2025,15:55:31,12-05-2025,15:57:25,COMPLETED,0,1
79KWH,8,2,FULL,12-05-2025,15:55:58,12-05-2025,15:56:06,12-05-2025,16:00:24,COMPLETED,0,1
79KWH,8,3,FULL,12-05-2025,15:57:26,12-05-2025,15:57:30,12-05-2025,16:00:29,COMPLETED,0,1
79KWH,8,2,FULL,12-05-2025,16:01:07,12-05-2025,16:01:20,12-05-2025,16:05:43,COMPLETED,0,1
79KWH,8,3,FULL,12-05-2025,16:01:19,12-05-2025,16:01:26,12-05-2025,16:04:29,COMPLETED,0,1
79KWH,8,1,FULL,12-05-2025,16:02:34,12-05-2025,16:04:20,12-05-2025,16:07:04,COMPLETED,0,1
79KWH,8,3,FULL,12-05-2025,16:04:41,12-05-2025,16:06:51,12-05-2025,16:10:39,COMPLETED,0,1
79KWH,8,2,FULL,12-05-2025,16:05:50,12-05-2025,16:07:46,12-05-2025,16:12:14,COMPLETED,0,1
79KWH,8,1,FULL,12-05-2025,16:07:08,12-05-2025,16:07:17,12-05-2025,16:09:12,COMPLETED,0,1
79KWH,8,1,FULL,12-05-2025,16:09:17,12-05-2025,16:09:26,12-05-2025,16:11:31,COMPLETED,0,1
79KWH,8,3,FULL,12-05-2025,16:10:49,12-05-2025,16:10:52,12-05-2025,16:13:58,COMPLETED,0,1
79KWH,8,1,FULL,12-05-2025,16:11:37,12-05-2025,16:13:47,12-05-2025,16:16:28,COMPLETED,0,1
79KWH,8,2,FULL,12-05-2025,16:12:19,12-05-2025,16:14:22,12-05-2025,16:18:53,COMPLETED,0,1
79KWH,8,3,FULL,12-05-2025,16:14:10,12-05-2025,16:14:12,12-05-2025,16:17:14,COMPLETED,0,1
79KWH,8,1,FULL,12-05-2025,16:16:33,12-05-2025,16:16:42,12-05-2025,16:18:41,COMPLETED,0,1
79KWH,8,3,FULL,12-05-2025,16:17:26,12-05-2025,16:17:29,12-05-2025,16:20:37,COMPLETED,0,1
79KWH,8,1,FULL,12-05-2025,16:18:47,12-05-2025,16:18:56,12-05-2025,16:20:53,COMPLETED,0,1
79KWH,8,2,FULL,12-05-2025,16:18:58,12-05-2025,16:19:06,12-05-2025,16:23:28,COMPLETED,0,1
79KWH,8,3,FULL,12-05-2025,16:20:49,12-05-2025,16:20:52,12-05-2025,16:23:56,COMPLETED,0,1
79KWH,8,1,FULL,12-05-2025,16:20:59,12-05-2025,16:21:07,12-05-2025,16:23:07,COMPLETED,0,1
79KWH,8,1,FULL,12-05-2025,16:23:12,12-05-2025,16:23:21,12-05-2025,16:25:19,COMPLETED,0,1
79KWH,8,2,FULL,12-05-2025,16:23:33,12-05-2025,16:23:42,12-05-2025,16:28:08,COMPLETED,0,1
79KWH,8,3,FULL,12-05-2025,16:24:08,12-05-2025,16:24:10,12-05-2025,16:27:21,COMPLETED,0,1
79KWH,8,1,FULL,12-05-2025,16:25:24,12-05-2025,16:25:33,12-05-2025,16:27:36,COMPLETED,0,1
79KWH,8,3,FULL,12-05-2025,16:27:33,12-05-2025,16:27:34,12-05-2025,16:30:42,COMPLETED,0,1
79KWH,8,1,FULL,12-05-2025,16:27:40,12-05-2025,16:27:49,12-05-2025,16:29:51,COMPLETED,0,1
79KWH,8,2,FULL,12-05-2025,16:28:15,12-05-2025,16:28:22,12-05-2025,16:32:51,COMPLETED,0,1
79KWH,8,1,FULL,12-05-2025,16:29:56,12-05-2025,16:30:05,12-05-2025,16:32:14,COMPLETED,0,1
79KWH,8,3,FULL,12-05-2025,16:30:54,12-05-2025,16:30:56,12-05-2025,16:34:07,COMPLETED,0,1
79KWH,8,1,FULL,12-05-2025,16:32:19,12-05-2025,16:32:28,12-05-2025,16:34:29,COMPLETED,0,1
79KWH,8,2,FULL,12-05-2025,16:32:56,12-05-2025,16:33:06,12-05-2025,16:37:35,COMPLETED,0,1
79KWH,8,3,FULL,12-05-2025,16:34:19,12-05-2025,16:34:21,12-05-2025,16:37:30,COMPLETED,0,1
79KWH,8,1,FULL,12-05-2025,16:34:34,12-05-2025,16:34:43,12-05-2025,16:36:49,COMPLETED,0,1
79KWH,8,1,FULL,12-05-2025,16:36:54,12-05-2025,16:38:57,12-05-2025,16:41:43,COMPLETED,0,1
79KWH,8,2,FULL,12-05-2025,16:37:41,12-05-2025,16:39:44,12-05-2025,16:44:14,COMPLETED,0,1
79KWH,8,3,FULL,12-05-2025,16:37:42,12-05-2025,16:39:53,12-05-2025,16:43:49,COMPLETED,0,1
79KWH,8,1,FULL,12-05-2025,16:41:47,12-05-2025,16:43:53,12-05-2025,16:46:41,COMPLETED,0,1
79KWH,8,3,FULL,12-05-2025,16:44:00,12-05-2025,16:44:03,12-05-2025,16:47:14,COMPLETED,0,1
79KWH,8,2,FULL,12-05-2025,16:44:19,12-05-2025,16:46:26,12-05-2025,16:51:00,COMPLETED,0,1
79KWH,8,1,FULL,12-05-2025,16:46:45,12-05-2025,16:46:55,12-05-2025,16:49:10,COMPLETED,0,1
79KWH,8,3,FULL,12-05-2025,16:47:25,12-05-2025,16:47:28,12-05-2025,16:50:45,COMPLETED,0,1
79KWH,8,1,FULL,12-05-2025,16:49:15,12-05-2025,16:49:25,12-05-2025,16:51:33,COMPLETED,0,1
79KWH,8,3,FULL,12-05-2025,16:50:56,12-05-2025,16:50:59,12-05-2025,16:54:11,COMPLETED,0,1
79KWH,8,2,FULL,12-05-2025,16:51:07,12-05-2025,16:51:14,12-05-2025,16:55:42,COMPLETED,0,1
79KWH,8,1,FULL,12-05-2025,16:51:38,12-05-2025,16:51:47,12-05-2025,16:53:54,COMPLETED,0,1
79KWH,8,1,FULL,12-05-2025,16:54:00,12-05-2025,16:54:08,12-05-2025,16:56:17,COMPLETED,0,1
79KWH,8,3,FULL,12-05-2025,16:54:22,12-05-2025,16:54:25,12-05-2025,16:57:42,COMPLETED,0,1
79KWH,8,2,FULL,12-05-2025,16:55:47,12-05-2025,16:55:56,12-05-2025,17:00:29,COMPLETED,0,1
79KWH,8,1,FULL,12-05-2025,16:56:22,12-05-2025,16:56:31,12-05-2025,16:58:39,COMPLETED,0,1
79KWH,8,3,FULL,12-05-2025,16:57:53,12-05-2025,16:57:56,12-05-2025,17:01:10,COMPLETED,0,1
79KWH,8,1,FULL,12-05-2025,16:58:44,12-05-2025,16:58:52,12-05-2025,17:01:02,COMPLETED,0,1
79KWH,8,2,FULL,12-05-2025,17:00:34,12-05-2025,17:00:43,12-05-2025,17:05:13,COMPLETED,0,1
79KWH,8,1,FULL,12-05-2025,17:01:07,12-05-2025,17:01:15,12-05-2025,17:03:24,COMPLETED,0,1
79KWH,8,3,FULL,12-05-2025,17:01:22,12-05-2025,17:01:25,12-05-2025,17:04:43,COMPLETED,0,1
79KWH,8,1,FULL,12-05-2025,17:03:29,12-05-2025,17:03:38,12-05-2025,17:05:50,COMPLETED,0,1
79KWH,8,3,FULL,12-05-2025,17:04:56,12-05-2025,17:04:57,12-05-2025,17:08:15,COMPLETED,0,1
79KWH,8,2,FULL,12-05-2025,17:05:19,12-05-2025,17:05:27,12-05-2025,17:08:25,COMPLETED,0,1
79KWH,8,1,FULL,12-05-2025,17:05:55,12-05-2025,17:06:03,12-05-2025,17:08:12,COMPLETED,0,1
79KWH,8,1,FULL,12-05-2025,17:08:18,12-05-2025,17:08:26,12-05-2025,17:10:38,COMPLETED,0,1
79KWH,8,3,FULL,12-05-2025,17:08:26,12-05-2025,17:10:36,12-05-2025,17:14:37,COMPLETED,0,1
79KWH,8,2,FULL,12-05-2025,17:08:31,12-05-2025,17:11:34,12-05-2025,17:14:29,COMPLETED,0,1
79KWH,8,1,FULL,12-05-2025,17:10:43,12-05-2025,17:12:43,12-05-2025,17:15:36,COMPLETED,0,1
79KWH,8,2,FULL,12-05-2025,17:14:35,12-05-2025,17:17:41,12-05-2025,17:20:40,COMPLETED,0,1
79KWH,8,3,FULL,12-05-2025,17:14:48,12-05-2025,17:14:51,12-05-2025,17:18:11,COMPLETED,0,1
79KWH,8,1,FULL,12-05-2025,17:15:41,12-05-2025,17:17:42,12-05-2025,17:20:34,COMPLETED,0,1
79KWH,8,3,FULL,12-05-2025,17:18:22,12-05-2025,17:18:25,12-05-2025,17:21:48,COMPLETED,0,1
79KWH,8,1,FULL,12-05-2025,17:20:38,12-05-2025,17:20:48,12-05-2025,17:23:01,COMPLETED,0,1
79KWH,8,3,FULL,12-05-2025,17:22:01,12-05-2025,17:22:02,12-05-2025,17:25:22,COMPLETED,0,1
79KWH,8,1,FULL,12-05-2025,17:23:06,12-05-2025,17:23:15,12-05-2025,17:25:32,COMPLETED,0,1
79KWH,8,3,FULL,12-05-2025,17:25:33,12-05-2025,17:25:36,12-05-2025,17:29:01,COMPLETED,0,1
79KWH,8,2,FULL,12-05-2025,17:28:11,12-05-2025,17:28:15,12-05-2025,17:29:32,COMPLETED,0,1
79KWH,8,3,FULL,12-05-2025,17:29:12,12-05-2025,17:29:15,12-05-2025,17:32:37,COMPLETED,0,1
79KWH,8,1,FULL,12-05-2025,17:30:37,12-05-2025,17:30:44,12-05-2025,17:32:57,COMPLETED,0,1
79KWH,8,2,FULL,12-05-2025,17:32:05,12-05-2025,17:32:08,12-05-2025,17:33:29,COMPLETED,0,1
79KWH,8,3,FULL,12-05-2025,17:32:49,12-05-2025,17:32:51,12-05-2025,17:36:19,COMPLETED,0,1
79KWH,8,1,FULL,12-05-2025,17:33:35,12-05-2025,17:35:13,12-05-2025,17:38:06,COMPLETED,0,1
79KWH,8,2,FULL,12-05-2025,17:35:03,12-05-2025,17:36:31,12-05-2025,17:39:24,COMPLETED,0,1
79KWH,8,3,FULL,12-05-2025,17:36:32,12-05-2025,17:38:48,12-05-2025,17:42:48,COMPLETED,0,1
79KWH,8,1,FULL,12-05-2025,17:38:37,12-05-2025,17:40:23,12-05-2025,17:43:15,COMPLETED,0,1
79KWH,8,2,FULL,12-05-2025,17:40:04,12-05-2025,17:42:28,12-05-2025,17:45:27,COMPLETED,0,1
79KWH,8,3,FULL,12-05-2025,17:42:58,12-05-2025,17:43:02,12-05-2025,17:46:31,COMPLETED,0,1
79KWH,8,1,FULL,12-05-2025,17:43:20,12-05-2025,17:43:29,12-05-2025,17:45:49,COMPLETED,0,1
79KWH,8,2,FULL,12-05-2025,17:45:33,12-05-2025,17:45:42,12-05-2025,17:46:58,COMPLETED,0,1
79KWH,8,1,FULL,12-05-2025,17:45:54,12-05-2025,17:46:03,12-05-2025,17:48:21,COMPLETED,0,1
79KWH,8,3,FULL,12-05-2025,17:46:43,12-05-2025,17:46:46,12-05-2025,17:50:12,COMPLETED,0,1
79KWH,8,3,FULL,12-05-2025,17:50:24,12-05-2025,17:50:26,12-05-2025,17:53:57,COMPLETED,0,1
79KWH,8,3,FULL,12-05-2025,17:54:08,12-05-2025,17:54:12,12-05-2025,17:57:39,COMPLETED,0,1
79KWH,8,1,FULL,12-05-2025,17:55:41,12-05-2025,17:55:53,12-05-2025,17:58:19,COMPLETED,0,1
79KWH,8,2,FULL,12-05-2025,17:57:13,12-05-2025,17:57:21,12-05-2025,17:58:41,COMPLETED,0,1
79KWH,8,3,FULL,12-05-2025,17:57:51,12-05-2025,17:57:53,12-05-2025,18:01:22,COMPLETED,0,1
79KWH,8,1,FULL,12-05-2025,17:59:07,12-05-2025,17:59:14,12-05-2025,18:01:32,COMPLETED,0,1
79KWH,8,2,FULL,12-05-2025,18:00:10,12-05-2025,18:00:20,12-05-2025,18:01:37,COMPLETED,0,1
79KWH,8,3,FULL,12-05-2025,18:01:32,12-05-2025,18:01:35,12-05-2025,18:05:09,COMPLETED,0,1
79KWH,8,1,FULL,12-05-2025,18:01:44,12-05-2025,18:01:47,12-05-2025,18:04:09,COMPLETED,0,1
79KWH,8,2,FULL,12-05-2025,18:03:12,12-05-2025,18:03:16,12-05-2025,18:04:38,COMPLETED,0,1
79KWH,8,1,FULL,12-05-2025,18:04:41,12-05-2025,18:04:51,12-05-2025,18:07:16,COMPLETED,0,1
79KWH,8,3,FULL,12-05-2025,18:05:21,12-05-2025,18:05:24,12-05-2025,18:08:56,COMPLETED,0,1
79KWH,8,2,FULL,12-05-2025,18:06:10,12-05-2025,18:06:17,12-05-2025,18:07:35,COMPLETED,0,1
79KWH,8,1,FULL,12-05-2025,18:07:44,12-05-2025,18:09:23,12-05-2025,18:12:18,COMPLETED,0,1
79KWH,8,3,FULL,12-05-2025,18:09:08,12-05-2025,18:09:10,12-05-2025,18:12:47,COMPLETED,0,1
79KWH,8,2,FULL,12-05-2025,18:09:15,12-05-2025,18:10:34,12-05-2025,18:13:33,COMPLETED,0,1
79KWH,8,1,FULL,12-05-2025,18:12:23,12-05-2025,18:12:33,12-05-2025,18:14:54,COMPLETED,0,1
79KWH,8,3,FULL,12-05-2025,18:13:00,12-05-2025,18:15:17,12-05-2025,18:19:19,COMPLETED,0,1
79KWH,8,2,FULL,12-05-2025,18:13:39,12-05-2025,18:16:33,12-05-2025,18:19:27,COMPLETED,0,1
79KWH,8,1,FULL,12-05-2025,18:14:59,12-05-2025,18:16:51,12-05-2025,18:19:49,COMPLETED,0,1
79KWH,8,3,FULL,12-05-2025,18:19:31,12-05-2025,18:19:34,12-05-2025,18:23:15,COMPLETED,0,1
79KWH,8,2,FULL,12-05-2025,18:19:34,12-05-2025,18:19:41,12-05-2025,18:21:03,COMPLETED,0,1
79KWH,8,1,FULL,12-05-2025,18:19:53,12-05-2025,18:20:03,12-05-2025,18:22:24,COMPLETED,0,1
79KWH,8,2,FULL,12-05-2025,18:21:09,12-05-2025,18:21:17,12-05-2025,18:22:35,COMPLETED,0,1
79KWH,8,3,FULL,12-05-2025,18:23:27,12-05-2025,18:23:29,12-05-2025,18:27:08,COMPLETED,0,1
79KWH,8,3,FULL,12-05-2025,18:27:19,12-05-2025,18:27:22,12-05-2025,18:31:06,COMPLETED,0,1
79KWH,8,1,FULL,12-05-2025,18:39:05,12-05-2025,18:39:07,12-05-2025,18:41:34,COMPLETED,0,1
79KWH,8,3,FULL,12-05-2025,18:40:22,12-05-2025,18:40:29,12-05-2025,18:44:10,COMPLETED,0,1
79KWH,8,2,FULL,12-05-2025,18:40:34,12-05-2025,18:40:43,12-05-2025,18:42:07,COMPLETED,0,1
79KWH,8,1,FULL,12-05-2025,18:42:02,12-05-2025,18:42:16,12-05-2025,18:44:43,COMPLETED,0,1
79KWH,8,2,FULL,12-05-2025,18:43:33,12-05-2025,18:43:45,12-05-2025,18:45:06,COMPLETED,0,1
79KWH,8,3,FULL,12-05-2025,18:44:22,12-05-2025,18:44:24,12-05-2025,18:48:08,COMPLETED,0,1
79KWH,8,1,FULL,12-05-2025,18:45:07,12-05-2025,18:45:11,12-05-2025,18:47:44,COMPLETED,0,1
79KWH,8,2,FULL,12-05-2025,18:46:37,12-05-2025,18:46:44,12-05-2025,18:48:10,COMPLETED,0,1
79KWH,8,1,FULL,12-05-2025,18:48:04,12-05-2025,18:48:12,12-05-2025,18:50:42,COMPLETED,0,1
79KWH,8,3,FULL,12-05-2025,18:48:19,12-05-2025,18:48:22,12-05-2025,18:52:04,COMPLETED,0,1
79KWH,8,2,FULL,12-05-2025,18:49:32,12-05-2025,18:49:35,12-05-2025,18:50:57,COMPLETED,0,1
79KWH,8,1,FULL,12-05-2025,18:51:08,12-05-2025,18:51:10,12-05-2025,18:53:38,COMPLETED,0,1
79KWH,8,3,FULL,12-05-2025,18:52:15,12-05-2025,18:52:18,12-05-2025,18:56:06,COMPLETED,0,1
79KWH,8,2,FULL,12-05-2025,18:52:36,12-05-2025,18:52:50,12-05-2025,18:54:18,COMPLETED,0,1
79KWH,8,1,FULL,12-05-2025,18:54:05,12-05-2025,18:54:05,12-05-2025,18:56:32,COMPLETED,0,1
79KWH,8,2,FULL,12-05-2025,18:55:35,12-05-2025,18:55:43,12-05-2025,18:57:08,COMPLETED,0,1
79KWH,8,3,FULL,12-05-2025,18:56:17,12-05-2025,18:56:20,12-05-2025,19:00:04,COMPLETED,0,1
79KWH,8,1,FULL,12-05-2025,18:57:07,12-05-2025,18:57:13,12-05-2025,18:59:48,COMPLETED,0,1
79KWH,8,2,FULL,12-05-2025,18:58:38,12-05-2025,18:58:47,12-05-2025,19:00:16,COMPLETED,0,1
79KWH,8,1,FULL,12-05-2025,19:00:05,12-05-2025,19:00:16,12-05-2025,19:02:47,COMPLETED,0,1
79KWH,8,3,FULL,12-05-2025,19:00:14,12-05-2025,19:00:18,12-05-2025,19:04:06,COMPLETED,0,1
79KWH,8,2,FULL,12-05-2025,19:01:35,12-05-2025,19:01:40,12-05-2025,19:03:06,COMPLETED,0,1
79KWH,8,1,FULL,12-05-2025,19:03:09,12-05-2025,19:03:15,12-05-2025,19:05:52,COMPLETED,0,1
79KWH,8,3,FULL,12-05-2025,19:04:18,12-05-2025,19:04:20,12-05-2025,19:08:05,COMPLETED,0,1
79KWH,8,2,FULL,12-05-2025,19:04:37,12-05-2025,19:04:44,12-05-2025,19:06:19,COMPLETED,0,1
79KWH,8,1,FULL,12-05-2025,19:06:06,12-05-2025,19:06:06,12-05-2025,19:08:37,COMPLETED,0,1
79KWH,8,2,FULL,12-05-2025,19:07:34,12-05-2025,19:07:43,12-05-2025,19:09:13,COMPLETED,0,1
79KWH,8,3,FULL,12-05-2025,19:08:16,12-05-2025,19:08:19,12-05-2025,19:12:10,COMPLETED,0,1
79KWH,8,1,FULL,12-05-2025,19:09:10,12-05-2025,19:09:19,12-05-2025,19:11:55,COMPLETED,0,1
79KWH,8,2,FULL,12-05-2025,19:10:38,12-05-2025,19:10:51,12-05-2025,19:12:26,COMPLETED,0,1
79KWH,8,1,FULL,12-05-2025,19:12:06,12-05-2025,19:12:09,12-05-2025,19:14:47,COMPLETED,0,1
79KWH,8,3,FULL,12-05-2025,19:12:21,12-05-2025,19:12:24,12-05-2025,19:16:11,COMPLETED,0,1
79KWH,8,2,FULL,12-05-2025,19:13:37,12-05-2025,19:13:50,12-05-2025,19:15:20,COMPLETED,0,1
79KWH,8,1,FULL,12-05-2025,19:15:10,12-05-2025,19:15:15,12-05-2025,19:17:57,COMPLETED,0,1
79KWH,8,3,FULL,12-05-2025,19:16:23,12-05-2025,19:16:25,12-05-2025,19:20:17,COMPLETED,0,1
79KWH,8,2,FULL,12-05-2025,19:16:38,12-05-2025,19:18:51,12-05-2025,19:21:58,COMPLETED,0,1
79KWH,8,1,FULL,12-05-2025,19:18:07,12-05-2025,19:19:45,12-05-2025,19:22:50,COMPLETED,0,1
79KWH,8,3,FULL,12-05-2025,19:20:29,12-05-2025,19:20:31,12-05-2025,19:24:21,COMPLETED,0,1
79KWH,8,2,FULL,12-05-2025,19:22:04,12-05-2025,19:25:31,12-05-2025,19:28:33,COMPLETED,0,1
79KWH,8,1,FULL,12-05-2025,19:22:55,12-05-2025,19:23:04,12-05-2025,19:25:42,COMPLETED,0,1
79KWH,8,3,FULL,12-05-2025,19:24:33,12-05-2025,19:27:01,12-05-2025,19:31:17,COMPLETED,0,1
79KWH,8,1,FULL,12-05-2025,19:25:47,12-05-2025,19:28:16,12-05-2025,19:31:19,COMPLETED,0,1
79KWH,8,2,FULL,12-05-2025,19:28:40,12-05-2025,19:28:47,12-05-2025,19:30:23,COMPLETED,0,1
79KWH,8,2,FULL,12-05-2025,19:30:30,12-05-2025,19:30:37,12-05-2025,19:32:10,COMPLETED,0,1
79KWH,8,1,FULL,12-05-2025,19:31:24,12-05-2025,19:31:33,12-05-2025,19:34:11,COMPLETED,0,1
79KWH,8,3,FULL,12-05-2025,19:31:29,12-05-2025,19:31:32,12-05-2025,19:35:23,COMPLETED,0,1
79KWH,8,2,FULL,12-05-2025,19:33:56,12-05-2025,19:34:04,12-05-2025,19:35:43,COMPLETED,0,1
79KWH,8,1,FULL,12-05-2025,19:34:16,12-05-2025,19:34:24,12-05-2025,19:37:01,COMPLETED,0,1
79KWH,8,3,FULL,12-05-2025,19:35:34,12-05-2025,19:35:37,12-05-2025,19:39:33,COMPLETED,0,1
79KWH,8,1,FULL,12-05-2025,19:37:06,12-05-2025,19:37:14,12-05-2025,19:39:58,COMPLETED,0,1
79KWH,8,2,FULL,12-05-2025,19:38:37,12-05-2025,19:38:47,12-05-2025,19:40:22,COMPLETED,0,1
79KWH,8,3,FULL,12-05-2025,19:39:44,12-05-2025,19:39:47,12-05-2025,19:43:40,COMPLETED,0,1
79KWH,8,1,FULL,12-05-2025,19:40:04,12-05-2025,19:40:12,12-05-2025,19:42:52,COMPLETED,0,1
79KWH,8,2,FULL,12-05-2025,19:41:35,12-05-2025,19:41:47,12-05-2025,19:43:28,COMPLETED,0,1
79KWH,8,1,FULL,12-05-2025,19:42:57,12-05-2025,19:43:06,12-05-2025,19:45:48,COMPLETED,0,1
79KWH,8,3,FULL,12-05-2025,19:43:52,12-05-2025,19:43:55,12-05-2025,19:47:52,COMPLETED,0,1
79KWH,8,2,FULL,12-05-2025,19:44:39,12-05-2025,19:44:52,12-05-2025,19:46:31,COMPLETED,0,1
79KWH,8,1,FULL,12-05-2025,19:45:53,12-05-2025,19:46:01,12-05-2025,19:48:38,COMPLETED,0,1
79KWH,8,2,FULL,12-05-2025,19:46:57,12-05-2025,19:46:59,12-05-2025,19:48:43,COMPLETED,0,1
79KWH,8,3,FULL,12-05-2025,19:48:03,12-05-2025,19:48:07,12-05-2025,19:52:03,COMPLETED,0,1
79KWH,8,1,FULL,12-05-2025,19:48:43,12-05-2025,19:48:52,12-05-2025,19:51:34,COMPLETED,0,1
79KWH,8,2,FULL,12-05-2025,19:49:38,12-05-2025,19:49:39,12-05-2025,19:51:20,COMPLETED,0,1
79KWH,8,1,FULL,12-05-2025,19:51:38,12-05-2025,19:51:48,12-05-2025,19:54:27,COMPLETED,0,1
79KWH,8,3,FULL,12-05-2025,19:52:15,12-05-2025,19:52:17,12-05-2025,19:56:17,COMPLETED,0,1
79KWH,8,2,FULL,12-05-2025,19:52:39,12-05-2025,19:52:44,12-05-2025,19:54:31,COMPLETED,0,1
79KWH,8,1,FULL,12-05-2025,19:54:32,12-05-2025,19:54:41,12-05-2025,19:57:24,COMPLETED,0,1
79KWH,8,2,FULL,12-05-2025,19:54:55,12-05-2025,19:54:59,12-05-2025,19:56:42,COMPLETED,0,1
79KWH,8,3,FULL,12-05-2025,19:56:27,12-05-2025,19:56:31,12-05-2025,20:00:29,COMPLETED,0,1
79KWH,8,1,FULL,12-05-2025,19:57:29,12-05-2025,19:57:37,12-05-2025,20:00:19,COMPLETED,0,1
79KWH,8,2,FULL,12-05-2025,19:57:37,12-05-2025,19:57:37,12-05-2025,19:59:25,COMPLETED,0,1
79KWH,8,2,FULL,12-05-2025,19:59:55,12-05-2025,20:00:08,12-05-2025,20:01:52,COMPLETED,0,1
79KWH,8,1,FULL,12-05-2025,20:00:24,12-05-2025,20:00:33,12-05-2025,20:03:16,COMPLETED,0,1
79KWH,8,3,FULL,12-05-2025,20:00:40,12-05-2025,20:00:43,12-05-2025,20:04:47,COMPLETED,0,1
79KWH,8,2,FULL,12-05-2025,20:02:47,12-05-2025,20:02:48,12-05-2025,20:04:37,COMPLETED,0,1
79KWH,8,1,FULL,12-05-2025,20:03:22,12-05-2025,20:03:30,12-05-2025,20:06:13,COMPLETED,0,1
79KWH,8,3,FULL,12-05-2025,20:04:59,12-05-2025,20:05:00,12-05-2025,20:09:01,COMPLETED,0,1
79KWH,8,2,FULL,12-05-2025,20:05:38,12-05-2025,20:05:47,12-05-2025,20:07:32,COMPLETED,0,1
79KWH,8,1,FULL,12-05-2025,20:06:18,12-05-2025,20:06:27,12-05-2025,20:09:17,COMPLETED,0,1
79KWH,8,2,FULL,12-05-2025,20:07:54,12-05-2025,20:08:01,12-05-2025,20:09:51,COMPLETED,0,1
79KWH,8,3,FULL,12-05-2025,20:09:12,12-05-2025,20:09:15,12-05-2025,20:13:19,COMPLETED,0,1
79KWH,8,1,FULL,12-05-2025,20:09:22,12-05-2025,20:09:31,12-05-2025,20:12:14,COMPLETED,0,1
79KWH,8,1,FULL,12-05-2025,20:12:19,12-05-2025,20:12:28,12-05-2025,20:15:15,COMPLETED,0,1
79KWH,8,3,FULL,12-05-2025,20:13:31,12-05-2025,20:13:33,12-05-2025,20:17:35,COMPLETED,0,1
79KWH,8,3,FULL,12-05-2025,20:17:46,12-05-2025,20:17:48,12-05-2025,20:21:55,COMPLETED,0,1
79KWH,8,3,FULL,12-05-2025,20:22:07,12-05-2025,20:22:09,12-05-2025,20:26:11,COMPLETED,0,1
79KWH,8,3,FULL,12-05-2025,20:26:22,12-05-2025,20:26:25,12-05-2025,20:30:33,COMPLETED,0,1
79KWH,8,1,FULL,12-05-2025,20:41:58,12-05-2025,20:42:05,12-05-2025,20:45:10,COMPLETED,0,1
79KWH,8,3,FULL,12-05-2025,20:43:17,12-05-2025,20:43:28,12-05-2025,20:47:48,COMPLETED,0,1
79KWH,8,2,FULL,12-05-2025,20:43:28,12-05-2025,20:43:30,12-05-2025,20:46:39,COMPLETED,0,1
79KWH,8,1,FULL,12-05-2025,20:45:15,12-05-2025,20:45:23,12-05-2025,20:48:10,COMPLETED,0,1
79KWH,8,2,FULL,12-05-2025,20:46:45,12-05-2025,20:46:53,12-05-2025,20:48:48,COMPLETED,0,1
79KWH,8,3,FULL,12-05-2025,20:48:00,12-05-2025,20:48:01,12-05-2025,20:52:11,COMPLETED,0,1
79KWH,8,1,FULL,12-05-2025,20:48:15,12-05-2025,20:48:24,12-05-2025,20:51:10,COMPLETED,0,1
79KWH,8,2,FULL,12-05-2025,20:49:29,12-05-2025,20:49:30,12-05-2025,20:51:20,COMPLETED,0,1
79KWH,8,1,FULL,12-05-2025,20:51:15,12-05-2025,20:51:24,12-05-2025,20:54:13,COMPLETED,0,1
79KWH,8,3,FULL,12-05-2025,20:52:21,12-05-2025,20:52:24,12-05-2025,20:56:32,COMPLETED,0,1
79KWH,8,2,FULL,12-05-2025,20:52:27,12-05-2025,20:52:30,12-05-2025,20:54:26,COMPLETED,0,1
79KWH,8,1,FULL,12-05-2025,20:54:18,12-05-2025,20:54:26,12-05-2025,20:57:13,COMPLETED,0,1
79KWH,8,2,FULL,12-05-2025,20:55:28,12-05-2025,20:55:37,12-05-2025,20:57:28,COMPLETED,0,1
79KWH,8,3,FULL,12-05-2025,20:56:43,12-05-2025,20:56:46,12-05-2025,21:00:59,COMPLETED,0,1
79KWH,8,1,FULL,12-05-2025,20:57:18,12-05-2025,20:57:27,12-05-2025,21:00:17,COMPLETED,0,1
79KWH,8,2,FULL,12-05-2025,20:58:26,12-05-2025,20:58:39,12-05-2025,21:00:33,COMPLETED,0,1
79KWH,8,1,FULL,12-05-2025,21:00:22,12-05-2025,21:00:30,12-05-2025,21:03:18,COMPLETED,0,1
79KWH,8,3,FULL,12-05-2025,21:01:10,12-05-2025,21:01:13,12-05-2025,21:05:22,COMPLETED,0,1
79KWH,8,2,FULL,12-05-2025,21:01:32,12-05-2025,21:01:44,12-05-2025,21:03:45,COMPLETED,0,1
79KWH,8,1,FULL,12-05-2025,21:03:24,12-05-2025,21:03:32,12-05-2025,21:06:24,COMPLETED,0,1
79KWH,8,2,FULL,12-05-2025,21:04:29,12-05-2025,21:04:43,12-05-2025,21:06:39,COMPLETED,0,1
79KWH,8,3,FULL,12-05-2025,21:05:33,12-05-2025,21:05:35,12-05-2025,21:09:50,COMPLETED,0,1
79KWH,8,1,FULL,12-05-2025,21:06:29,12-05-2025,21:06:38,12-05-2025,21:09:27,COMPLETED,0,1
79KWH,8,2,FULL,12-05-2025,21:07:32,12-05-2025,21:07:36,12-05-2025,21:09:35,COMPLETED,0,1
79KWH,8,1,FULL,12-05-2025,21:09:33,12-05-2025,21:09:42,12-05-2025,21:12:34,COMPLETED,0,1
79KWH,8,3,FULL,12-05-2025,21:10:02,12-05-2025,21:10:04,12-05-2025,21:14:15,COMPLETED,0,1
79KWH,8,2,FULL,12-05-2025,21:10:30,12-05-2025,21:10:31,12-05-2025,21:12:27,COMPLETED,0,1
79KWH,8,1,FULL,12-05-2025,21:12:39,12-05-2025,21:12:48,12-05-2025,21:15:39,COMPLETED,0,1
79KWH,8,2,FULL,12-05-2025,21:13:31,12-05-2025,21:13:37,12-05-2025,21:15:42,COMPLETED,0,1
79KWH,8,3,FULL,12-05-2025,21:14:26,12-05-2025,21:14:29,12-05-2025,21:18:46,COMPLETED,0,1
79KWH,8,1,FULL,12-05-2025,21:15:44,12-05-2025,21:15:53,12-05-2025,21:18:48,COMPLETED,0,1
79KWH,8,2,FULL,12-05-2025,21:16:30,12-05-2025,21:16:38,12-05-2025,21:18:37,COMPLETED,0,1
79KWH,8,1,FULL,12-05-2025,21:18:53,12-05-2025,21:19:01,12-05-2025,21:21:53,COMPLETED,0,1
79KWH,8,3,FULL,12-05-2025,21:18:57,12-05-2025,21:19:00,12-05-2025,21:23:14,COMPLETED,0,1
79KWH,8,2,FULL,12-05-2025,21:19:35,12-05-2025,21:22:11,12-05-2025,21:25:32,COMPLETED,0,1
79KWH,8,1,FULL,12-05-2025,21:21:58,12-05-2025,21:22:07,12-05-2025,21:25:02,COMPLETED,0,1
79KWH,8,3,FULL,12-05-2025,21:23:25,12-05-2025,21:26:09,12-05-2025,21:30:38,COMPLETED,0,1
79KWH,8,1,FULL,12-05-2025,21:25:07,12-05-2025,21:25:16,12-05-2025,21:28:09,COMPLETED,0,1
79KWH,8,2,FULL,12-05-2025,21:25:38,12-05-2025,21:28:10,12-05-2025,21:31:27,COMPLETED,0,1
79KWH,8,1,FULL,12-05-2025,21:28:14,12-05-2025,21:29:44,12-05-2025,21:33:01,COMPLETED,0,1
79KWH,8,3,FULL,12-05-2025,21:30:50,12-05-2025,21:30:52,12-05-2025,21:35:07,COMPLETED,0,1
79KWH,8,2,FULL,12-05-2025,21:31:33,12-05-2025,21:31:41,12-05-2025,21:33:47,COMPLETED,0,1
79KWH,8,1,FULL,12-05-2025,21:33:06,12-05-2025,21:33:14,12-05-2025,21:36:09,COMPLETED,0,1
79KWH,8,2,FULL,12-05-2025,21:33:53,12-05-2025,21:34:02,12-05-2025,21:36:05,COMPLETED,0,1
79KWH,8,3,FULL,12-05-2025,21:35:18,12-05-2025,21:35:20,12-05-2025,21:39:42,COMPLETED,0,1
79KWH,8,2,FULL,12-05-2025,21:36:12,12-05-2025,21:36:19,12-05-2025,21:38:28,COMPLETED,0,1
79KWH,8,1,FULL,12-05-2025,21:36:14,12-05-2025,21:36:23,12-05-2025,21:39:25,COMPLETED,0,1
79KWH,8,2,FULL,12-05-2025,21:38:34,12-05-2025,21:38:42,12-05-2025,21:40:48,COMPLETED,0,1
79KWH,8,1,FULL,12-05-2025,21:39:30,12-05-2025,21:39:39,12-05-2025,21:42:35,COMPLETED,0,1
79KWH,8,3,FULL,12-05-2025,21:39:53,12-05-2025,21:39:55,12-05-2025,21:44:13,COMPLETED,0,1
79KWH,8,2,FULL,12-05-2025,21:40:53,12-05-2025,21:41:01,12-05-2025,21:43:13,COMPLETED,0,1
79KWH,8,1,FULL,12-05-2025,21:42:40,12-05-2025,21:44:12,12-05-2025,21:47:27,COMPLETED,0,1
79KWH,8,2,FULL,12-05-2025,21:43:20,12-05-2025,21:43:27,12-05-2025,21:45:35,COMPLETED,0,1
79KWH,8,3,FULL,12-05-2025,21:44:24,12-05-2025,21:44:27,12-05-2025,21:48:50,COMPLETED,0,1
79KWH,8,2,FULL,12-05-2025,21:45:42,12-05-2025,21:45:49,12-05-2025,21:48:02,COMPLETED,0,1
79KWH,8,1,FULL,12-05-2025,21:47:32,12-05-2025,21:47:41,12-05-2025,21:50:43,COMPLETED,0,1
79KWH,8,3,FULL,12-05-2025,21:49:01,12-05-2025,21:49:04,12-05-2025,21:53:23,COMPLETED,0,1
79KWH,8,1,FULL,12-05-2025,21:50:47,12-05-2025,21:50:56,12-05-2025,21:54:02,COMPLETED,0,1
79KWH,8,3,FULL,12-05-2025,21:53:34,12-05-2025,21:53:37,12-05-2025,21:58:02,COMPLETED,0,1
79KWH,8,1,FULL,12-05-2025,21:54:07,12-05-2025,21:54:16,12-05-2025,21:57:20,COMPLETED,0,1
79KWH,8,2,FULL,12-05-2025,21:55:34,12-05-2025,21:55:48,12-05-2025,21:57:58,COMPLETED,0,1
79KWH,8,1,FULL,12-05-2025,21:57:25,12-05-2025,21:57:34,12-05-2025,22:00:40,COMPLETED,0,1
79KWH,8,3,FULL,12-05-2025,21:58:13,12-05-2025,21:58:16,12-05-2025,22:02:36,COMPLETED,0,1
79KWH,8,2,FULL,12-05-2025,21:58:32,12-05-2025,21:58:40,12-05-2025,22:00:54,COMPLETED,0,1
79KWH,8,1,FULL,12-05-2025,22:00:45,12-05-2025,22:00:54,12-05-2025,22:03:59,COMPLETED,0,1
79KWH,8,2,FULL,12-05-2025,22:01:32,12-05-2025,22:01:36,12-05-2025,22:03:47,COMPLETED,0,1
79KWH,8,3,FULL,12-05-2025,22:02:47,12-05-2025,22:02:50,12-05-2025,22:07:17,COMPLETED,0,1
79KWH,8,1,FULL,12-05-2025,22:04:03,12-05-2025,22:04:13,12-05-2025,22:07:21,COMPLETED,0,1
79KWH,8,2,FULL,12-05-2025,22:04:32,12-05-2025,22:04:44,12-05-2025,22:07:00,COMPLETED,0,1
79KWH,8,1,FULL,12-05-2025,22:07:27,12-05-2025,22:08:53,12-05-2025,22:12:11,COMPLETED,0,1
79KWH,8,3,FULL,12-05-2025,22:07:28,12-05-2025,22:10:06,12-05-2025,22:14:35,COMPLETED,0,1
79KWH,8,2,FULL,12-05-2025,22:07:36,12-05-2025,22:09:55,12-05-2025,22:13:17,COMPLETED,0,1
79KWH,8,1,FULL,12-05-2025,22:12:17,12-05-2025,22:12:25,12-05-2025,22:15:33,COMPLETED,0,1
79KWH,8,2,FULL,12-05-2025,22:13:22,12-05-2025,22:15:50,12-05-2025,22:19:18,COMPLETED,0,1
79KWH,8,3,FULL,12-05-2025,22:14:46,12-05-2025,22:14:49,12-05-2025,22:19:18,COMPLETED,0,1
79KWH,8,1,FULL,12-05-2025,22:15:38,12-05-2025,22:15:47,12-05-2025,22:18:53,COMPLETED,0,1
79KWH,8,1,FULL,12-05-2025,22:18:58,12-05-2025,22:19:07,12-05-2025,22:22:17,COMPLETED,0,1
79KWH,8,2,FULL,12-05-2025,22:19:24,12-05-2025,22:19:32,12-05-2025,22:21:47,COMPLETED,0,1
79KWH,8,3,FULL,12-05-2025,22:19:30,12-05-2025,22:19:31,12-05-2025,22:23:57,COMPLETED,0,1
79KWH,8,2,FULL,12-05-2025,22:21:53,12-05-2025,22:22:01,12-05-2025,22:24:22,COMPLETED,0,1
79KWH,8,1,FULL,12-05-2025,22:22:22,12-05-2025,22:22:31,12-05-2025,22:25:39,COMPLETED,0,1
79KWH,8,3,FULL,12-05-2025,22:24:09,12-05-2025,22:24:11,12-05-2025,22:28:41,COMPLETED,0,1
79KWH,8,2,FULL,12-05-2025,22:24:29,12-05-2025,22:24:36,12-05-2025,22:26:53,COMPLETED,0,1
79KWH,8,1,FULL,12-05-2025,22:25:45,12-05-2025,22:25:53,12-05-2025,22:29:00,COMPLETED,0,1
79KWH,8,2,FULL,12-05-2025,22:26:58,12-05-2025,22:27:07,12-05-2025,22:29:29,COMPLETED,0,1
79KWH,8,3,FULL,12-05-2025,22:28:52,12-05-2025,22:28:55,12-05-2025,22:33:22,COMPLETED,0,1
79KWH,8,1,FULL,12-05-2025,22:29:04,12-05-2025,22:29:13,12-05-2025,22:32:21,COMPLETED,0,1
79KWH,8,2,FULL,12-05-2025,22:29:34,12-05-2025,22:29:43,12-05-2025,22:32:03,COMPLETED,0,1
79KWH,8,2,FULL,12-05-2025,22:32:10,12-05-2025,22:32:17,12-05-2025,22:34:42,COMPLETED,0,1
79KWH,8,1,FULL,12-05-2025,22:32:27,12-05-2025,22:32:35,12-05-2025,22:35:49,COMPLETED,0,1
79KWH,8,3,FULL,12-05-2025,22:33:33,12-05-2025,22:33:36,12-05-2025,22:38:07,COMPLETED,0,1
79KWH,8,2,FULL,12-05-2025,22:34:49,12-05-2025,22:34:57,12-05-2025,22:37:18,COMPLETED,0,1
79KWH,8,1,FULL,12-05-2025,22:35:53,12-05-2025,22:37:20,12-05-2025,22:40:46,COMPLETED,0,1
79KWH,8,2,FULL,12-05-2025,22:37:24,12-05-2025,22:37:32,12-05-2025,22:39:58,COMPLETED,0,1
79KWH,8,3,FULL,12-05-2025,22:38:18,12-05-2025,22:38:21,12-05-2025,22:42:50,COMPLETED,0,1
79KWH,8,2,FULL,12-05-2025,22:40:05,12-05-2025,22:40:12,12-05-2025,22:42:36,COMPLETED,0,1
79KWH,8,1,FULL,12-05-2025,22:40:51,12-05-2025,22:40:59,12-05-2025,22:44:12,COMPLETED,0,1
79KWH,8,2,FULL,12-05-2025,22:42:42,12-05-2025,22:42:50,12-05-2025,22:45:19,COMPLETED,0,1
79KWH,8,3,FULL,12-05-2025,22:43:02,12-05-2025,22:43:04,12-05-2025,22:47:39,COMPLETED,0,1
79KWH,8,1,FULL,12-05-2025,22:44:17,12-05-2025,22:44:26,12-05-2025,22:47:37,COMPLETED,0,1
79KWH,8,2,FULL,12-05-2025,22:45:26,12-05-2025,22:48:18,12-05-2025,22:51:45,COMPLETED,0,1
79KWH,8,1,FULL,12-05-2025,22:47:43,12-05-2025,22:49:17,12-05-2025,22:52:43,COMPLETED,0,1
79KWH,8,3,FULL,12-05-2025,22:47:49,12-05-2025,22:50:42,12-05-2025,22:55:14,COMPLETED,0,1
79KWH,8,2,FULL,12-05-2025,22:51:52,12-05-2025,22:51:59,12-05-2025,22:54:29,COMPLETED,0,1
79KWH,8,1,FULL,12-05-2025,22:52:47,12-05-2025,22:52:56,12-05-2025,22:56:06,COMPLETED,0,1
79KWH,8,2,FULL,12-05-2025,22:54:39,12-05-2025,22:56:54,12-05-2025,23:00:29,COMPLETED,0,1
79KWH,8,3,FULL,12-05-2025,22:55:24,12-05-2025,22:55:28,12-05-2025,22:58:22,COMPLETED,0,1
79KWH,8,1,FULL,12-05-2025,22:56:11,12-05-2025,22:57:36,12-05-2025,23:00:57,COMPLETED,0,1
79KWH,8,3,FULL,12-05-2025,22:58:34,12-05-2025,22:58:36,12-05-2025,22:59:46,COMPLETED,0,1
79KWH,8,3,FULL,12-05-2025,22:59:56,12-05-2025,22:59:59,12-05-2025,23:01:15,COMPLETED,0,1
79KWH,8,2,FULL,12-05-2025,23:00:39,12-05-2025,23:00:43,12-05-2025,23:03:11,COMPLETED,0,1
79KWH,8,1,FULL,12-05-2025,23:01:01,12-05-2025,23:01:10,12-05-2025,23:04:20,COMPLETED,0,1
79KWH,8,3,FULL,12-05-2025,23:01:27,12-05-2025,23:01:29,12-05-2025,23:02:40,COMPLETED,0,1
79KWH,8,3,FULL,12-05-2025,23:02:52,12-05-2025,23:02:54,12-05-2025,23:04:10,COMPLETED,0,1
79KWH,8,2,FULL,12-05-2025,23:03:25,12-05-2025,23:03:26,12-05-2025,23:05:55,COMPLETED,0,1
79KWH,8,3,FULL,12-05-2025,23:04:21,12-05-2025,23:04:24,12-05-2025,23:05:35,COMPLETED,0,1
79KWH,8,1,FULL,12-05-2025,23:04:25,12-05-2025,23:04:34,12-05-2025,23:07:48,COMPLETED,0,1
79KWH,8,3,FULL,12-05-2025,23:05:48,12-05-2025,23:05:49,12-05-2025,23:07:05,COMPLETED,0,1
79KWH,8,2,FULL,12-05-2025,23:06:04,12-05-2025,23:06:09,12-05-2025,23:08:46,COMPLETED,0,1
79KWH,8,3,FULL,12-05-2025,23:07:16,12-05-2025,23:07:18,12-05-2025,23:08:30,COMPLETED,0,1
79KWH,8,1,FULL,12-05-2025,23:07:53,12-05-2025,23:08:02,12-05-2025,23:11:15,COMPLETED,0,1
79KWH,8,3,FULL,12-05-2025,23:08:41,12-05-2025,23:08:44,12-05-2025,23:10:02,COMPLETED,0,1
79KWH,8,2,FULL,12-05-2025,23:08:56,12-05-2025,23:09:00,12-05-2025,23:11:33,COMPLETED,0,1
79KWH,8,3,FULL,12-05-2025,23:10:12,12-05-2025,23:10:16,12-05-2025,23:11:29,COMPLETED,0,1
79KWH,8,1,FULL,12-05-2025,23:11:20,12-05-2025,23:11:29,12-05-2025,23:14:47,COMPLETED,0,1
79KWH,8,3,FULL,12-05-2025,23:11:41,12-05-2025,23:11:43,12-05-2025,23:13:02,COMPLETED,0,1
79KWH,8,2,FULL,12-05-2025,23:11:42,12-05-2025,23:11:48,12-05-2025,23:14:25,COMPLETED,0,1
79KWH,8,3,FULL,12-05-2025,23:13:15,12-05-2025,23:13:16,12-05-2025,23:14:32,COMPLETED,0,1
79KWH,8,2,FULL,12-05-2025,23:14:34,12-05-2025,23:14:39,12-05-2025,23:17:14,COMPLETED,0,1
79KWH,8,3,FULL,12-05-2025,23:14:44,12-05-2025,23:14:46,12-05-2025,23:16:07,COMPLETED,0,1
79KWH,8,1,FULL,12-05-2025,23:14:53,12-05-2025,23:15:01,12-05-2025,23:18:15,COMPLETED,0,1
79KWH,8,3,FULL,12-05-2025,23:16:19,12-05-2025,23:16:21,12-05-2025,23:17:43,COMPLETED,0,1
79KWH,8,2,FULL,12-05-2025,23:17:25,12-05-2025,23:17:28,12-05-2025,23:20:08,COMPLETED,0,1
79KWH,8,3,FULL,12-05-2025,23:17:54,12-05-2025,23:17:57,12-05-2025,23:19:21,COMPLETED,0,1
79KWH,8,1,FULL,12-05-2025,23:18:21,12-05-2025,23:18:30,12-05-2025,23:21:47,COMPLETED,0,1
79KWH,8,2,FULL,12-05-2025,23:20:18,12-05-2025,23:20:22,12-05-2025,23:22:58,COMPLETED,0,1
79KWH,8,3,FULL,12-05-2025,23:20:40,12-05-2025,23:20:45,12-05-2025,23:22:06,COMPLETED,0,1
79KWH,8,1,FULL,12-05-2025,23:21:52,12-05-2025,23:22:01,12-05-2025,23:25:14,COMPLETED,0,1
79KWH,8,2,FULL,12-05-2025,23:23:08,12-05-2025,23:23:11,12-05-2025,23:25:54,COMPLETED,0,1
79KWH,8,3,FULL,12-05-2025,23:23:36,12-05-2025,23:23:45,12-05-2025,23:25:09,COMPLETED,0,1
79KWH,8,1,FULL,12-05-2025,23:25:19,12-05-2025,23:25:28,12-05-2025,23:28:44,COMPLETED,0,1
79KWH,8,1,FULL,12-05-2025,23:28:49,12-05-2025,23:28:58,12-05-2025,23:32:14,COMPLETED,0,1
79KWH,8,1,FULL,12-05-2025,23:32:19,12-05-2025,23:33:36,12-05-2025,23:36:00,COMPLETED,0,1
79KWH,8,1,FULL,12-05-2025,23:36:06,12-05-2025,23:38:27,12-05-2025,23:40:51,COMPLETED,0,1
79KWH,8,1,FULL,13-05-2025,09:57:03,13-05-2025,09:57:15,13-05-2025,09:59:41,COMPLETED,0,1
79KWH,8,3,FULL,13-05-2025,09:58:22,13-05-2025,09:58:29,13-05-2025,10:01:31,COMPLETED,0,1
79KWH,8,2,FULL,13-05-2025,09:58:37,13-05-2025,09:58:51,13-05-2025,10:02:28,COMPLETED,0,1
79KWH,8,1,FULL,13-05-2025,10:00:00,13-05-2025,10:00:10,13-05-2025,10:01:31,COMPLETED,0,1
79KWH,8,3,FULL,13-05-2025,10:01:53,13-05-2025,10:02:11,13-05-2025,10:03:38,COMPLETED,0,1
79KWH,8,2,FULL,13-05-2025,10:02:46,13-05-2025,10:22:35,13-05-2025,10:25:19,COMPLETED,0,1
79KWH,8,1,FULL,13-05-2025,10:03:15,13-05-2025,10:04:05,13-05-2025,10:06:30,COMPLETED,0,1
79KWH,8,3,FULL,13-05-2025,10:04:22,13-05-2025,10:06:37,13-05-2025,10:09:36,COMPLETED,0,1
79KWH,8,1,FULL,13-05-2025,10:06:34,13-05-2025,10:09:04,13-05-2025,10:11:25,COMPLETED,0,1
79KWH,8,3,FULL,13-05-2025,10:09:48,13-05-2025,10:09:50,13-05-2025,10:11:18,COMPLETED,0,1
79KWH,8,3,FULL,13-05-2025,10:11:30,13-05-2025,10:11:33,13-05-2025,10:12:58,COMPLETED,0,1
79KWH,8,1,FULL,13-05-2025,10:11:30,13-05-2025,10:11:39,13-05-2025,10:13:58,COMPLETED,0,1
79KWH,8,3,FULL,13-05-2025,10:13:10,13-05-2025,10:13:12,13-05-2025,10:14:46,COMPLETED,0,1
79KWH,8,1,FULL,13-05-2025,10:14:02,13-05-2025,10:14:12,13-05-2025,10:17:28,COMPLETED,0,1
79KWH,8,3,FULL,13-05-2025,10:14:58,13-05-2025,10:15:01,13-05-2025,10:16:26,COMPLETED,0,1
79KWH,8,3,FULL,13-05-2025,10:16:38,13-05-2025,10:16:40,13-05-2025,10:18:12,COMPLETED,0,1
79KWH,8,1,FULL,13-05-2025,10:17:33,13-05-2025,10:17:42,13-05-2025,10:21:09,COMPLETED,0,1
79KWH,8,3,FULL,13-05-2025,10:18:23,13-05-2025,10:18:26,13-05-2025,10:19:55,COMPLETED,0,1
79KWH,8,3,FULL,13-05-2025,10:20:07,13-05-2025,10:20:08,13-05-2025,10:21:42,COMPLETED,0,1
79KWH,8,1,FULL,13-05-2025,10:21:14,13-05-2025,10:21:23,13-05-2025,10:24:48,COMPLETED,0,1
79KWH,8,3,FULL,13-05-2025,10:21:54,13-05-2025,10:21:56,13-05-2025,10:23:26,COMPLETED,0,1
79KWH,8,3,FULL,13-05-2025,10:23:38,13-05-2025,10:23:40,13-05-2025,10:25:17,COMPLETED,0,1
79KWH,8,1,FULL,13-05-2025,10:24:53,13-05-2025,10:25:01,13-05-2025,10:28:45,COMPLETED,0,1
79KWH,8,2,FULL,13-05-2025,10:25:28,13-05-2025,10:27:28,13-05-2025,10:30:53,COMPLETED,0,1
79KWH,8,3,FULL,13-05-2025,10:25:29,13-05-2025,10:28:20,13-05-2025,10:31:22,COMPLETED,0,1
79KWH,8,1,FULL,13-05-2025,10:28:50,13-05-2025,10:32:23,13-05-2025,10:35:46,COMPLETED,0,1
79KWH,8,2,FULL,13-05-2025,10:31:03,13-05-2025,10:33:11,13-05-2025,10:36:52,COMPLETED,0,1
79KWH,8,3,FULL,13-05-2025,10:31:35,13-05-2025,10:34:15,13-05-2025,10:37:23,COMPLETED,0,1
79KWH,8,1,FULL,13-05-2025,10:35:51,13-05-2025,10:39:30,13-05-2025,10:42:56,COMPLETED,0,1
79KWH,8,2,FULL,13-05-2025,10:37:01,13-05-2025,10:39:06,13-05-2025,10:42:43,COMPLETED,0,1
79KWH,8,3,FULL,13-05-2025,10:37:35,13-05-2025,10:40:20,13-05-2025,10:43:25,COMPLETED,0,1
79KWH,8,2,FULL,13-05-2025,10:42:52,13-05-2025,10:45:02,13-05-2025,10:48:46,COMPLETED,0,1
79KWH,8,1,FULL,13-05-2025,10:43:01,13-05-2025,10:43:10,13-05-2025,10:46:30,COMPLETED,0,1
79KWH,8,3,FULL,13-05-2025,10:43:37,13-05-2025,10:46:15,13-05-2025,10:49:25,COMPLETED,0,1
79KWH,8,1,FULL,13-05-2025,10:46:35,13-05-2025,10:46:44,13-05-2025,10:50:09,COMPLETED,0,1
79KWH,8,2,FULL,13-05-2025,10:48:55,13-05-2025,10:50:58,13-05-2025,10:54:38,COMPLETED,0,1
79KWH,8,3,FULL,13-05-2025,10:49:37,13-05-2025,10:49:39,13-05-2025,10:51:15,COMPLETED,0,1
79KWH,8,1,FULL,13-05-2025,10:50:14,13-05-2025,10:50:23,13-05-2025,10:53:47,COMPLETED,0,1
79KWH,8,3,FULL,13-05-2025,10:51:26,13-05-2025,10:51:30,13-05-2025,10:53:12,COMPLETED,0,1
79KWH,8,3,FULL,13-05-2025,10:53:24,13-05-2025,10:53:26,13-05-2025,10:55:05,COMPLETED,0,1
79KWH,8,1,FULL,13-05-2025,10:53:52,13-05-2025,10:57:21,13-05-2025,11:00:50,COMPLETED,0,1
79KWH,8,2,FULL,13-05-2025,10:54:47,13-05-2025,10:54:52,13-05-2025,10:57:43,COMPLETED,0,1
79KWH,8,3,FULL,13-05-2025,10:55:18,13-05-2025,10:55:20,13-05-2025,10:57:04,COMPLETED,0,1
79KWH,8,3,FULL,13-05-2025,10:57:16,13-05-2025,10:57:18,13-05-2025,10:58:58,COMPLETED,0,1
79KWH,8,2,FULL,13-05-2025,10:57:53,13-05-2025,10:57:57,13-05-2025,11:00:47,COMPLETED,0,1
79KWH,8,3,FULL,13-05-2025,10:59:10,13-05-2025,10:59:13,13-05-2025,11:00:57,COMPLETED,0,1
79KWH,8,1,FULL,13-05-2025,11:00:55,13-05-2025,11:04:26,13-05-2025,11:07:57,COMPLETED,0,1
79KWH,8,2,FULL,13-05-2025,11:00:57,13-05-2025,11:01:01,13-05-2025,11:03:54,COMPLETED,0,1
79KWH,8,3,FULL,13-05-2025,11:01:07,13-05-2025,11:01:11,13-05-2025,11:02:54,COMPLETED,0,1
79KWH,8,3,FULL,13-05-2025,11:03:05,13-05-2025,11:03:08,13-05-2025,11:04:56,COMPLETED,0,1
79KWH,8,2,FULL,13-05-2025,11:04:04,13-05-2025,11:04:08,13-05-2025,11:06:58,COMPLETED,0,1
79KWH,8,3,FULL,13-05-2025,11:05:08,13-05-2025,11:05:10,13-05-2025,11:06:53,COMPLETED,0,1
79KWH,8,3,FULL,13-05-2025,11:07:04,13-05-2025,11:09:46,13-05-2025,11:13:01,COMPLETED,0,1
79KWH,8,2,FULL,13-05-2025,11:07:07,13-05-2025,11:07:12,13-05-2025,11:10:08,COMPLETED,0,1
79KWH,8,1,FULL,13-05-2025,11:08:02,13-05-2025,11:11:29,13-05-2025,11:13:53,COMPLETED,0,1
79KWH,8,2,FULL,13-05-2025,11:10:17,13-05-2025,11:12:22,13-05-2025,11:16:06,COMPLETED,0,1
79KWH,8,3,FULL,13-05-2025,11:13:13,13-05-2025,11:13:15,13-05-2025,11:15:00,COMPLETED,0,1
79KWH,8,1,FULL,13-05-2025,11:13:58,13-05-2025,11:16:23,13-05-2025,11:18:44,COMPLETED,0,1
79KWH,8,3,FULL,13-05-2025,11:15:12,13-05-2025,11:15:15,13-05-2025,11:17:06,COMPLETED,0,1
79KWH,8,2,FULL,13-05-2025,11:16:16,13-05-2025,11:18:14,13-05-2025,11:22:00,COMPLETED,0,1
79KWH,8,3,FULL,13-05-2025,11:17:17,13-05-2025,11:17:21,13-05-2025,11:19:09,COMPLETED,0,1
79KWH,8,1,FULL,13-05-2025,11:18:49,13-05-2025,11:18:58,13-05-2025,11:20:24,COMPLETED,0,1
79KWH,8,3,FULL,13-05-2025,11:19:21,13-05-2025,11:19:23,13-05-2025,11:21:16,COMPLETED,0,1
79KWH,8,1,FULL,13-05-2025,11:20:29,13-05-2025,11:20:38,13-05-2025,11:21:58,COMPLETED,0,1
79KWH,8,3,FULL,13-05-2025,11:21:28,13-05-2025,11:21:30,13-05-2025,11:23:18,COMPLETED,0,1
79KWH,8,1,FULL,13-05-2025,11:22:02,13-05-2025,11:22:12,13-05-2025,11:23:32,COMPLETED,0,1
79KWH,8,2,FULL,13-05-2025,11:22:11,13-05-2025,11:22:14,13-05-2025,11:25:08,COMPLETED,0,1
79KWH,8,3,FULL,13-05-2025,11:23:30,13-05-2025,11:23:33,13-05-2025,11:25:28,COMPLETED,0,1
79KWH,8,1,FULL,13-05-2025,11:23:38,13-05-2025,11:23:46,13-05-2025,11:25:03,COMPLETED,0,1
79KWH,8,1,FULL,13-05-2025,11:25:07,13-05-2025,11:25:16,13-05-2025,11:26:37,COMPLETED,0,1
79KWH,8,2,FULL,13-05-2025,11:25:18,13-05-2025,11:25:22,13-05-2025,11:28:21,COMPLETED,0,1
79KWH,8,3,FULL,13-05-2025,11:25:39,13-05-2025,11:25:42,13-05-2025,11:27:35,COMPLETED,0,1
79KWH,8,1,FULL,13-05-2025,11:26:42,13-05-2025,11:29:01,13-05-2025,11:31:27,COMPLETED,0,1
79KWH,8,3,FULL,13-05-2025,11:27:45,13-05-2025,11:30:18,13-05-2025,11:33:34,COMPLETED,0,1
79KWH,8,2,FULL,13-05-2025,11:28:32,13-05-2025,11:30:31,13-05-2025,11:34:16,COMPLETED,0,1
79KWH,8,1,FULL,13-05-2025,11:31:32,13-05-2025,11:34:09,13-05-2025,11:37:00,COMPLETED,0,1
79KWH,8,3,FULL,13-05-2025,11:33:47,13-05-2025,11:33:49,13-05-2025,11:35:43,COMPLETED,0,1
79KWH,8,2,FULL,13-05-2025,11:34:27,13-05-2025,11:36:24,13-05-2025,11:40:13,COMPLETED,0,1
79KWH,8,3,FULL,13-05-2025,11:35:55,13-05-2025,11:35:57,13-05-2025,11:37:56,COMPLETED,0,1
79KWH,8,1,FULL,13-05-2025,11:37:05,13-05-2025,11:37:14,13-05-2025,11:39:05,COMPLETED,0,1
79KWH,8,3,FULL,13-05-2025,11:38:08,13-05-2025,11:38:11,13-05-2025,11:40:07,COMPLETED,0,1
79KWH,8,1,FULL,13-05-2025,11:39:09,13-05-2025,11:39:19,13-05-2025,11:40:35,COMPLETED,0,1
79KWH,8,3,FULL,13-05-2025,11:40:19,13-05-2025,11:40:21,13-05-2025,11:42:23,COMPLETED,0,1
79KWH,8,2,FULL,13-05-2025,11:40:23,13-05-2025,11:40:27,13-05-2025,11:43:26,COMPLETED,0,1
79KWH,8,1,FULL,13-05-2025,11:40:40,13-05-2025,11:40:48,13-05-2025,11:42:44,COMPLETED,0,1
79KWH,8,3,FULL,13-05-2025,11:42:34,13-05-2025,11:42:37,13-05-2025,11:44:34,COMPLETED,0,1
79KWH,8,1,FULL,13-05-2025,11:42:50,13-05-2025,11:42:58,13-05-2025,11:45:28,COMPLETED,0,1
79KWH,8,3,FULL,13-05-2025,11:44:45,13-05-2025,11:44:48,13-05-2025,11:46:51,COMPLETED,0,1
79KWH,8,3,FULL,13-05-2025,11:47:02,13-05-2025,11:47:04,13-05-2025,11:49:04,COMPLETED,0,1
79KWH,8,3,FULL,13-05-2025,12:25:37,13-05-2025,12:25:38,13-05-2025,12:28:59,COMPLETED,0,1
79KWH,8,2,FULL,13-05-2025,12:25:49,13-05-2025,12:25:50,13-05-2025,12:29:39,COMPLETED,0,1
79KWH,8,1,FULL,13-05-2025,12:27:19,13-05-2025,12:27:20,13-05-2025,12:29:48,COMPLETED,0,1
79KWH,8,3,FULL,13-05-2025,12:29:11,13-05-2025,12:29:13,13-05-2025,12:31:15,COMPLETED,0,1
79KWH,8,2,FULL,13-05-2025,12:29:49,13-05-2025,12:29:54,13-05-2025,12:32:53,COMPLETED,0,1
79KWH,8,1,FULL,13-05-2025,12:30:15,13-05-2025,12:30:16,13-05-2025,12:31:37,COMPLETED,0,1
79KWH,8,3,FULL,13-05-2025,12:31:39,13-05-2025,12:31:44,13-05-2025,12:33:52,COMPLETED,0,1
79KWH,8,2,FULL,13-05-2025,12:33:04,13-05-2025,12:33:07,13-05-2025,12:36:15,COMPLETED,0,1
79KWH,8,1,FULL,13-05-2025,12:33:20,13-05-2025,12:33:30,13-05-2025,12:34:52,COMPLETED,0,1
79KWH,8,3,FULL,13-05-2025,12:34:37,13-05-2025,12:34:48,13-05-2025,12:36:53,COMPLETED,0,1
79KWH,8,1,FULL,13-05-2025,12:36:15,13-05-2025,12:36:17,13-05-2025,12:37:54,COMPLETED,0,1
79KWH,8,2,FULL,13-05-2025,12:36:25,13-05-2025,12:36:29,13-05-2025,12:39:31,COMPLETED,0,1
79KWH,8,3,FULL,13-05-2025,12:37:39,13-05-2025,12:37:49,13-05-2025,12:39:59,COMPLETED,0,1
79KWH,8,2,FULL,13-05-2025,12:39:41,13-05-2025,12:39:45,13-05-2025,12:42:53,COMPLETED,0,1
79KWH,8,1,FULL,13-05-2025,12:42:53,13-05-2025,12:43:06,13-05-2025,12:44:59,COMPLETED,0,1
79KWH,8,3,FULL,13-05-2025,12:44:13,13-05-2025,12:44:14,13-05-2025,12:46:22,COMPLETED,0,1
79KWH,8,2,FULL,13-05-2025,12:44:26,13-05-2025,12:44:32,13-05-2025,12:47:35,COMPLETED,0,1
79KWH,8,1,FULL,13-05-2025,12:45:57,13-05-2025,12:46:08,13-05-2025,12:48:00,COMPLETED,0,1
79KWH,8,3,FULL,13-05-2025,12:47:14,13-05-2025,12:47:18,13-05-2025,12:49:28,COMPLETED,0,1
79KWH,8,2,FULL,13-05-2025,12:47:46,13-05-2025,12:47:50,13-05-2025,12:50:59,COMPLETED,0,1
79KWH,8,1,FULL,13-05-2025,12:48:55,13-05-2025,12:48:57,13-05-2025,12:50:51,COMPLETED,0,1
79KWH,8,3,FULL,13-05-2025,12:50:18,13-05-2025,12:50:25,13-05-2025,12:52:33,COMPLETED,0,1
79KWH,8,2,FULL,13-05-2025,12:51:08,13-05-2025,12:51:13,13-05-2025,12:54:20,COMPLETED,0,1
79KWH,8,1,FULL,13-05-2025,12:51:51,13-05-2025,12:52:01,13-05-2025,12:53:54,COMPLETED,0,1
79KWH,8,3,FULL,13-05-2025,12:53:16,13-05-2025,12:53:29,13-05-2025,12:55:40,COMPLETED,0,1
79KWH,8,2,FULL,13-05-2025,12:54:29,13-05-2025,12:54:34,13-05-2025,12:57:46,COMPLETED,0,1
79KWH,8,1,FULL,13-05-2025,12:54:54,13-05-2025,12:55:06,13-05-2025,12:56:58,COMPLETED,0,1
79KWH,8,3,FULL,13-05-2025,12:56:12,13-05-2025,12:56:23,13-05-2025,12:58:31,COMPLETED,0,1
79KWH,8,1,FULL,13-05-2025,12:57:52,13-05-2025,12:57:55,13-05-2025,12:59:53,COMPLETED,0,1
79KWH,8,2,FULL,13-05-2025,12:57:57,13-05-2025,12:58:01,13-05-2025,13:01:10,COMPLETED,0,1
79KWH,8,3,FULL,13-05-2025,12:59:15,13-05-2025,12:59:28,13-05-2025,13:01:42,COMPLETED,0,1
79KWH,8,2,FULL,13-05-2025,13:01:20,13-05-2025,13:01:24,13-05-2025,13:04:36,COMPLETED,0,1
79KWH,8,1,FULL,13-05-2025,13:05:01,13-05-2025,13:05:04,13-05-2025,13:07:00,COMPLETED,0,1
79KWH,8,3,FULL,13-05-2025,13:06:20,13-05-2025,13:06:25,13-05-2025,13:08:38,COMPLETED,0,1
79KWH,8,2,FULL,13-05-2025,13:06:36,13-05-2025,13:06:44,13-05-2025,13:09:54,COMPLETED,0,1
79KWH,8,1,FULL,13-05-2025,13:07:57,13-05-2025,13:08:11,13-05-2025,13:10:06,COMPLETED,0,1
79KWH,8,3,FULL,13-05-2025,13:09:22,13-05-2025,13:09:34,13-05-2025,13:11:50,COMPLETED,0,1
79KWH,8,2,FULL,13-05-2025,13:10:04,13-05-2025,13:10:08,13-05-2025,13:13:23,COMPLETED,0,1
79KWH,8,1,FULL,13-05-2025,13:11:02,13-05-2025,13:11:03,13-05-2025,13:13:02,COMPLETED,0,1
79KWH,8,3,FULL,13-05-2025,13:12:27,13-05-2025,13:12:32,13-05-2025,13:14:45,COMPLETED,0,1
79KWH,8,2,FULL,13-05-2025,13:13:33,13-05-2025,13:13:37,13-05-2025,13:16:50,COMPLETED,0,1
79KWH,8,1,FULL,13-05-2025,13:13:59,13-05-2025,13:14:13,13-05-2025,13:16:10,COMPLETED,0,1
79KWH,8,3,FULL,13-05-2025,13:15:23,13-05-2025,13:15:27,13-05-2025,13:17:47,COMPLETED,0,1
79KWH,8,2,FULL,13-05-2025,13:16:59,13-05-2025,13:17:04,13-05-2025,13:20:23,COMPLETED,0,1
79KWH,8,1,FULL,13-05-2025,13:25:20,13-05-2025,13:25:32,13-05-2025,13:28:16,COMPLETED,0,1
79KWH,8,2,FULL,13-05-2025,13:26:52,13-05-2025,13:27:07,13-05-2025,13:30:59,COMPLETED,0,1
79KWH,8,3,FULL,13-05-2025,13:27:02,13-05-2025,13:27:05,13-05-2025,13:30:29,COMPLETED,0,1
79KWH,8,1,FULL,13-05-2025,13:28:22,13-05-2025,13:28:30,13-05-2025,13:30:11,COMPLETED,0,1
79KWH,8,3,FULL,13-05-2025,13:30:40,13-05-2025,13:33:02,13-05-2025,13:36:32,COMPLETED,0,1
79KWH,8,1,FULL,13-05-2025,13:30:43,13-05-2025,13:32:34,13-05-2025,13:34:55,COMPLETED,0,1
79KWH,8,2,FULL,13-05-2025,13:31:09,13-05-2025,13:33:05,13-05-2025,13:37:02,COMPLETED,0,1
79KWH,8,1,FULL,13-05-2025,13:35:00,13-05-2025,13:37:22,13-05-2025,13:40:05,COMPLETED,0,1
79KWH,8,3,FULL,13-05-2025,13:36:44,13-05-2025,13:36:46,13-05-2025,13:39:03,COMPLETED,0,1
79KWH,8,2,FULL,13-05-2025,13:37:12,13-05-2025,13:38:42,13-05-2025,13:42:17,COMPLETED,0,1
79KWH,8,3,FULL,13-05-2025,13:39:14,13-05-2025,13:39:18,13-05-2025,13:41:41,COMPLETED,0,1
79KWH,8,1,FULL,13-05-2025,13:40:10,13-05-2025,13:40:19,13-05-2025,13:42:01,COMPLETED,0,1
79KWH,8,3,FULL,13-05-2025,13:41:53,13-05-2025,13:41:54,13-05-2025,13:44:14,COMPLETED,0,1
79KWH,8,1,FULL,13-05-2025,13:42:06,13-05-2025,13:42:15,13-05-2025,13:43:33,COMPLETED,0,1
79KWH,8,2,FULL,13-05-2025,13:42:28,13-05-2025,13:44:17,13-05-2025,13:48:16,COMPLETED,0,1
79KWH,8,1,FULL,13-05-2025,13:43:38,13-05-2025,13:43:47,13-05-2025,13:45:30,COMPLETED,0,1
79KWH,8,3,FULL,13-05-2025,13:44:25,13-05-2025,13:44:27,13-05-2025,13:46:53,COMPLETED,0,1
79KWH,8,1,FULL,13-05-2025,13:45:47,13-05-2025,13:45:58,13-05-2025,13:48:01,COMPLETED,0,1
79KWH,8,3,FULL,13-05-2025,13:47:04,13-05-2025,13:47:07,13-05-2025,13:49:29,COMPLETED,0,1
79KWH,8,1,FULL,13-05-2025,13:48:06,13-05-2025,13:48:15,13-05-2025,13:50:18,COMPLETED,0,1
79KWH,8,2,FULL,13-05-2025,13:48:22,13-05-2025,13:50:01,13-05-2025,13:53:59,COMPLETED,0,1
79KWH,8,3,FULL,13-05-2025,13:49:40,13-05-2025,13:49:43,13-05-2025,13:52:08,COMPLETED,0,1
79KWH,8,1,FULL,13-05-2025,13:50:57,13-05-2025,13:53:02,13-05-2025,13:55:46,COMPLETED,0,1
79KWH,8,3,FULL,13-05-2025,13:52:19,13-05-2025,13:54:34,13-05-2025,13:58:02,COMPLETED,0,1
79KWH,8,2,FULL,13-05-2025,13:54:05,13-05-2025,13:55:42,13-05-2025,13:59:54,COMPLETED,0,1
79KWH,8,1,FULL,13-05-2025,13:55:50,13-05-2025,13:55:59,13-05-2025,13:58:05,COMPLETED,0,1
79KWH,8,1,FULL,13-05-2025,13:58:11,13-05-2025,14:00:54,13-05-2025,14:03:39,COMPLETED,0,1
79KWH,8,3,FULL,13-05-2025,13:58:14,13-05-2025,13:58:16,13-05-2025,14:00:44,COMPLETED,0,1
79KWH,8,2,FULL,13-05-2025,14:00:00,13-05-2025,14:01:40,13-05-2025,14:05:56,COMPLETED,0,1
79KWH,8,3,FULL,13-05-2025,14:00:55,13-05-2025,14:00:57,13-05-2025,14:03:27,COMPLETED,0,1
79KWH,8,3,FULL,13-05-2025,22:50:44,13-05-2025,22:50:53,13-05-2025,22:54:27,COMPLETED,0,1
79KWH,8,2,FULL,13-05-2025,22:50:57,13-05-2025,22:51:00,13-05-2025,22:55:14,COMPLETED,0,1
79KWH,8,3,FULL,13-05-2025,22:54:39,13-05-2025,22:54:41,13-05-2025,22:57:09,COMPLETED,0,1
79KWH,8,2,FULL,13-05-2025,22:55:24,13-05-2025,22:55:28,13-05-2025,22:59:04,COMPLETED,0,1
79KWH,8,3,FULL,13-05-2025,22:57:20,13-05-2025,22:57:22,13-05-2025,22:59:53,COMPLETED,0,1
79KWH,8,2,FULL,13-05-2025,22:59:14,13-05-2025,22:59:18,13-05-2025,23:02:42,COMPLETED,0,1
79KWH,8,3,FULL,13-05-2025,23:00:04,13-05-2025,23:00:07,13-05-2025,23:02:37,COMPLETED,0,1
79KWH,8,3,FULL,13-05-2025,23:02:49,13-05-2025,23:04:57,13-05-2025,23:08:31,COMPLETED,0,1
79KWH,8,2,FULL,13-05-2025,23:02:53,13-05-2025,23:06:23,13-05-2025,23:10:18,COMPLETED,0,1
79KWH,8,3,FULL,13-05-2025,23:08:43,13-05-2025,23:08:44,13-05-2025,23:11:21,COMPLETED,0,1
79KWH,8,2,FULL,13-05-2025,23:10:28,13-05-2025,23:14:05,13-05-2025,23:18:06,COMPLETED,0,1
79KWH,8,3,FULL,13-05-2025,23:11:33,13-05-2025,23:11:34,13-05-2025,23:14:09,COMPLETED,0,1
79KWH,8,3,FULL,13-05-2025,23:14:21,13-05-2025,23:14:23,13-05-2025,23:17:03,COMPLETED,0,1
79KWH,8,3,FULL,13-05-2025,23:17:13,13-05-2025,23:17:17,13-05-2025,23:19:53,COMPLETED,0,1
79KWH,8,2,FULL,13-05-2025,23:18:15,13-05-2025,23:18:20,13-05-2025,23:21:41,COMPLETED,0,1
79KWH,8,1,FULL,13-05-2025,23:18:47,13-05-2025,23:19:00,13-05-2025,23:21:29,COMPLETED,0,1
79KWH,8,3,FULL,13-05-2025,23:20:05,13-05-2025,23:20:07,13-05-2025,23:22:52,COMPLETED,0,1
79KWH,8,1,FULL,13-05-2025,23:21:34,13-05-2025,23:21:42,13-05-2025,23:22:56,COMPLETED,0,1
79KWH,8,2,FULL,13-05-2025,23:21:52,13-05-2025,23:21:56,13-05-2025,23:25:23,COMPLETED,0,1
79KWH,8,1,FULL,13-05-2025,23:23:02,13-05-2025,23:23:10,13-05-2025,23:24:26,COMPLETED,0,1
79KWH,8,3,FULL,13-05-2025,23:23:04,13-05-2025,23:23:07,13-05-2025,23:25:44,COMPLETED,0,1
79KWH,8,1,FULL,13-05-2025,23:24:32,13-05-2025,23:24:40,13-05-2025,23:25:55,COMPLETED,0,1
79KWH,8,2,FULL,13-05-2025,23:25:32,13-05-2025,23:25:36,13-05-2025,23:29:00,COMPLETED,0,1
79KWH,8,3,FULL,13-05-2025,23:25:56,13-05-2025,23:25:58,13-05-2025,23:28:40,COMPLETED,0,1
79KWH,8,1,FULL,13-05-2025,23:26:00,13-05-2025,23:26:08,13-05-2025,23:27:29,COMPLETED,0,1
79KWH,8,3,FULL,13-05-2025,23:28:51,13-05-2025,23:28:54,13-05-2025,23:31:32,COMPLETED,0,1
79KWH,8,2,FULL,13-05-2025,23:29:09,13-05-2025,23:32:43,13-05-2025,23:36:45,COMPLETED,0,1
79KWH,8,3,FULL,13-05-2025,23:31:43,13-05-2025,23:33:54,13-05-2025,23:37:35,COMPLETED,0,1
79KWH,8,2,FULL,13-05-2025,23:36:54,13-05-2025,23:40:32,13-05-2025,23:44:30,COMPLETED,0,1
79KWH,8,3,FULL,13-05-2025,23:37:47,13-05-2025,23:37:50,13-05-2025,23:40:36,COMPLETED,0,1
79KWH,8,3,FULL,13-05-2025,23:40:48,13-05-2025,23:40:50,13-05-2025,23:43:36,COMPLETED,0,1
79KWH,8,3,FULL,13-05-2025,23:43:47,13-05-2025,23:43:50,13-05-2025,23:46:32,COMPLETED,0,1
79KWH,8,2,FULL,13-05-2025,23:44:40,13-05-2025,23:44:44,13-05-2025,23:48:14,COMPLETED,0,1
79KWH,8,1,FULL,13-05-2025,23:45:29,13-05-2025,23:45:39,13-05-2025,23:48:03,COMPLETED,0,1
79KWH,8,3,FULL,13-05-2025,23:46:44,13-05-2025,23:46:47,13-05-2025,23:49:43,COMPLETED,0,1
79KWH,8,1,FULL,13-05-2025,23:48:08,13-05-2025,23:48:17,13-05-2025,23:49:40,COMPLETED,0,1
79KWH,8,2,FULL,13-05-2025,23:48:25,13-05-2025,23:48:29,13-05-2025,23:51:57,COMPLETED,0,1
79KWH,8,1,FULL,13-05-2025,23:49:45,13-05-2025,23:49:53,13-05-2025,23:51:13,COMPLETED,0,1
79KWH,8,3,FULL,13-05-2025,23:49:53,14-05-2025,06:41:41,14-05-2025,06:45:20,COMPLETED,0,1
79KWH,8,1,FULL,14-05-2025,06:41:57,14-05-2025,06:42:15,14-05-2025,06:44:49,COMPLETED,0,1
79KWH,8,2,FULL,14-05-2025,06:42:02,14-05-2025,06:45:09,14-05-2025,06:49:16,COMPLETED,0,1
79KWH,8,3,FULL,14-05-2025,06:45:32,14-05-2025,06:45:35,14-05-2025,06:48:26,COMPLETED,0,1
79KWH,8,3,FULL,14-05-2025,06:48:38,14-05-2025,06:48:40,14-05-2025,06:51:29,COMPLETED,0,1
79KWH,8,3,FULL,14-05-2025,06:51:40,14-05-2025,06:51:42,14-05-2025,06:54:36,COMPLETED,0,1
79KWH,8,3,FULL,14-05-2025,06:54:47,14-05-2025,06:54:50,14-05-2025,06:57:42,COMPLETED,0,1
79KWH,8,3,FULL,14-05-2025,07:35:50,14-05-2025,07:37:35,14-05-2025,07:41:23,COMPLETED,0,1
79KWH,8,2,FULL,14-05-2025,07:36:01,14-05-2025,07:37:39,14-05-2025,07:41:39,COMPLETED,0,1
79KWH,8,1,FULL,14-05-2025,07:37:49,14-05-2025,07:37:51,14-05-2025,07:40:19,COMPLETED,0,1
79KWH,8,1,FULL,14-05-2025,07:40:39,14-05-2025,07:42:41,14-05-2025,07:45:04,COMPLETED,0,1
79KWH,8,3,FULL,14-05-2025,07:41:35,14-05-2025,07:41:37,14-05-2025,07:44:30,COMPLETED,0,1
79KWH,8,2,FULL,14-05-2025,07:41:48,14-05-2025,07:45:24,14-05-2025,07:49:30,COMPLETED,0,1
79KWH,8,3,FULL,14-05-2025,07:44:40,14-05-2025,07:44:44,14-05-2025,07:47:42,COMPLETED,0,1
79KWH,8,1,FULL,14-05-2025,07:45:09,14-05-2025,07:45:19,14-05-2025,07:46:44,COMPLETED,0,1
79KWH,8,1,FULL,14-05-2025,07:46:49,14-05-2025,07:46:59,14-05-2025,07:48:26,COMPLETED,0,1
79KWH,8,3,FULL,14-05-2025,07:47:54,14-05-2025,07:47:57,14-05-2025,07:50:57,COMPLETED,0,1
79KWH,8,2,FULL,14-05-2025,07:49:40,14-05-2025,07:49:44,14-05-2025,07:53:15,COMPLETED,0,1
79KWH,8,1,FULL,14-05-2025,07:49:46,14-05-2025,07:49:51,14-05-2025,07:51:16,COMPLETED,0,1
79KWH,8,3,FULL,14-05-2025,07:51:08,14-05-2025,07:51:11,14-05-2025,07:54:12,COMPLETED,0,1
79KWH,8,1,FULL,14-05-2025,07:52:42,14-05-2025,07:52:55,14-05-2025,07:54:23,COMPLETED,0,1
79KWH,8,2,FULL,14-05-2025,07:53:25,14-05-2025,07:53:30,14-05-2025,07:57:06,COMPLETED,0,1
79KWH,8,3,FULL,14-05-2025,07:54:24,14-05-2025,07:54:26,14-05-2025,07:57:22,COMPLETED,0,1
79KWH,8,1,FULL,14-05-2025,07:55:45,14-05-2025,07:55:48,14-05-2025,07:57:13,COMPLETED,0,1
79KWH,8,2,FULL,14-05-2025,07:57:15,14-05-2025,07:57:19,14-05-2025,08:00:53,COMPLETED,0,1
79KWH,8,3,FULL,14-05-2025,07:57:33,14-05-2025,07:57:36,14-05-2025,08:00:37,COMPLETED,0,1
79KWH,8,1,FULL,14-05-2025,07:59:21,14-05-2025,08:01:00,14-05-2025,08:03:30,COMPLETED,0,1
79KWH,8,3,FULL,14-05-2025,08:00:48,14-05-2025,08:02:51,14-05-2025,08:06:36,COMPLETED,0,1
79KWH,8,2,FULL,14-05-2025,08:01:04,14-05-2025,08:04:33,14-05-2025,08:08:41,COMPLETED,0,1
79KWH,8,1,FULL,14-05-2025,08:03:35,14-05-2025,08:03:44,14-05-2025,08:05:10,COMPLETED,0,1
79KWH,8,1,FULL,14-05-2025,08:05:15,14-05-2025,08:07:28,14-05-2025,08:09:58,COMPLETED,0,1
79KWH,8,3,FULL,14-05-2025,08:06:47,14-05-2025,08:06:51,14-05-2025,08:09:55,COMPLETED,0,1
79KWH,8,2,FULL,14-05-2025,08:08:52,14-05-2025,08:12:26,14-05-2025,08:16:28,COMPLETED,0,1
79KWH,8,1,FULL,14-05-2025,08:10:03,14-05-2025,08:10:12,14-05-2025,08:11:40,COMPLETED,0,1
79KWH,8,3,FULL,14-05-2025,08:10:05,14-05-2025,08:10:08,14-05-2025,08:13:09,COMPLETED,0,1
79KWH,8,3,FULL,14-05-2025,08:13:21,14-05-2025,08:13:23,14-05-2025,08:16:28,COMPLETED,0,1
79KWH,8,3,FULL,14-05-2025,08:16:39,14-05-2025,08:16:42,14-05-2025,08:19:45,COMPLETED,0,1
79KWH,8,1,FULL,14-05-2025,08:18:33,14-05-2025,08:18:44,14-05-2025,08:20:15,COMPLETED,0,1
79KWH,8,3,FULL,14-05-2025,08:19:57,14-05-2025,08:19:58,14-05-2025,08:23:06,COMPLETED,0,1
79KWH,8,2,FULL,14-05-2025,08:20:06,14-05-2025,08:20:14,14-05-2025,08:23:55,COMPLETED,0,1
79KWH,8,1,FULL,14-05-2025,08:21:30,14-05-2025,08:21:40,14-05-2025,08:23:09,COMPLETED,0,1
79KWH,8,3,FULL,14-05-2025,08:23:18,14-05-2025,08:23:20,14-05-2025,08:26:25,COMPLETED,0,1
79KWH,8,2,FULL,14-05-2025,08:24:05,14-05-2025,08:24:10,14-05-2025,08:27:46,COMPLETED,0,1
79KWH,8,1,FULL,14-05-2025,08:24:34,14-05-2025,08:24:34,14-05-2025,08:26:07,COMPLETED,0,1
79KWH,8,3,FULL,14-05-2025,08:26:37,14-05-2025,08:26:39,14-05-2025,08:29:48,COMPLETED,0,1
79KWH,8,1,FULL,14-05-2025,08:27:33,14-05-2025,08:27:46,14-05-2025,08:29:17,COMPLETED,0,1
79KWH,8,2,FULL,14-05-2025,08:27:56,14-05-2025,08:27:59,14-05-2025,08:31:42,COMPLETED,0,1
79KWH,8,3,FULL,14-05-2025,08:29:59,14-05-2025,08:30:02,14-05-2025,08:33:09,COMPLETED,0,1
79KWH,8,1,FULL,14-05-2025,08:30:35,14-05-2025,08:30:42,14-05-2025,08:32:17,COMPLETED,0,1
79KWH,8,2,FULL,14-05-2025,08:31:52,14-05-2025,08:31:56,14-05-2025,08:35:35,COMPLETED,0,1
79KWH,8,3,FULL,14-05-2025,08:33:20,14-05-2025,08:33:24,14-05-2025,08:36:35,COMPLETED,0,1
79KWH,8,1,FULL,14-05-2025,08:33:33,14-05-2025,08:33:42,14-05-2025,08:35:14,COMPLETED,0,1
79KWH,8,1,FULL,14-05-2025,08:35:34,14-05-2025,08:35:43,14-05-2025,08:37:20,COMPLETED,0,1
79KWH,8,2,FULL,14-05-2025,08:35:44,14-05-2025,08:35:48,14-05-2025,08:39:33,COMPLETED,0,1
79KWH,8,3,FULL,14-05-2025,08:36:48,14-05-2025,08:36:49,14-05-2025,08:39:56,COMPLETED,0,1
79KWH,8,1,FULL,14-05-2025,08:38:36,14-05-2025,08:38:45,14-05-2025,08:40:19,COMPLETED,0,1
79KWH,8,2,FULL,14-05-2025,08:39:42,14-05-2025,08:39:47,14-05-2025,08:43:28,COMPLETED,0,1
79KWH,8,3,FULL,14-05-2025,08:40:09,14-05-2025,08:40:10,14-05-2025,08:43:24,COMPLETED,0,1
79KWH,8,1,FULL,14-05-2025,08:41:34,14-05-2025,08:41:43,14-05-2025,08:43:19,COMPLETED,0,1
79KWH,8,3,FULL,14-05-2025,08:43:36,14-05-2025,08:43:37,14-05-2025,08:46:47,COMPLETED,0,1
79KWH,8,2,FULL,14-05-2025,08:43:37,14-05-2025,08:43:41,14-05-2025,08:47:28,COMPLETED,0,1
79KWH,8,1,FULL,14-05-2025,08:44:38,14-05-2025,08:44:45,14-05-2025,08:46:19,COMPLETED,0,1
79KWH,8,1,FULL,14-05-2025,08:46:39,14-05-2025,08:48:38,14-05-2025,08:51:13,COMPLETED,0,1
79KWH,8,3,FULL,14-05-2025,08:46:59,14-05-2025,08:47:01,14-05-2025,08:50:17,COMPLETED,0,1
79KWH,8,2,FULL,14-05-2025,08:47:38,14-05-2025,08:51:11,14-05-2025,08:55:18,COMPLETED,0,1
79KWH,8,3,FULL,14-05-2025,08:50:29,14-05-2025,08:52:21,14-05-2025,08:56:13,COMPLETED,0,1
79KWH,8,1,FULL,14-05-2025,08:51:18,14-05-2025,08:51:27,14-05-2025,08:53:02,COMPLETED,0,1
79KWH,8,1,FULL,14-05-2025,08:53:07,14-05-2025,08:53:15,14-05-2025,08:54:59,COMPLETED,0,1
79KWH,8,1,FULL,14-05-2025,08:55:05,14-05-2025,08:57:13,14-05-2025,08:59:45,COMPLETED,0,1
79KWH,8,2,FULL,14-05-2025,08:55:29,14-05-2025,08:59:04,14-05-2025,09:03:17,COMPLETED,0,1
79KWH,8,3,FULL,14-05-2025,08:56:25,14-05-2025,08:56:27,14-05-2025,08:59:45,COMPLETED,0,1
79KWH,8,1,FULL,14-05-2025,08:59:50,14-05-2025,08:59:59,14-05-2025,09:01:41,COMPLETED,0,1
79KWH,8,3,FULL,14-05-2025,08:59:57,14-05-2025,08:59:59,14-05-2025,09:03:14,COMPLETED,0,1
79KWH,8,1,FULL,14-05-2025,09:01:46,14-05-2025,09:01:55,14-05-2025,09:03:34,COMPLETED,0,1
79KWH,8,3,FULL,14-05-2025,09:03:26,14-05-2025,09:03:28,14-05-2025,09:06:48,COMPLETED,0,1
79KWH,8,2,FULL,14-05-2025,09:03:26,14-05-2025,09:03:31,14-05-2025,09:07:17,COMPLETED,0,1
79KWH,8,1,FULL,14-05-2025,09:03:38,14-05-2025,09:03:48,14-05-2025,09:05:30,COMPLETED,0,1
79KWH,8,1,FULL,14-05-2025,09:05:35,14-05-2025,09:05:44,14-05-2025,09:07:24,COMPLETED,0,1
79KWH,8,3,FULL,14-05-2025,09:07:00,14-05-2025,09:07:01,14-05-2025,09:10:17,COMPLETED,0,1
79KWH,8,2,FULL,14-05-2025,09:07:28,14-05-2025,09:07:32,14-05-2025,09:11:24,COMPLETED,0,1
79KWH,8,1,FULL,14-05-2025,09:07:29,14-05-2025,09:07:38,14-05-2025,09:09:23,COMPLETED,0,1
79KWH,8,3,FULL,14-05-2025,09:10:29,14-05-2025,09:10:32,14-05-2025,09:13:53,COMPLETED,0,1
79KWH,8,3,FULL,14-05-2025,09:14:04,14-05-2025,09:14:07,14-05-2025,09:17:26,COMPLETED,0,1
79KWH,8,3,FULL,14-05-2025,09:17:38,14-05-2025,09:17:40,14-05-2025,09:21:02,COMPLETED,0,1
79KWH,8,3,FULL,14-05-2025,09:21:14,14-05-2025,09:21:17,14-05-2025,09:24:37,COMPLETED,0,1
79KWH,8,3,FULL,14-05-2025,09:39:51,14-05-2025,09:40:02,14-05-2025,09:44:03,COMPLETED,0,1
79KWH,8,2,FULL,14-05-2025,09:40:01,14-05-2025,09:40:16,14-05-2025,09:44:25,COMPLETED,0,1
79KWH,8,1,FULL,14-05-2025,09:41:31,14-05-2025,09:42:21,14-05-2025,09:44:56,COMPLETED,0,1
79KWH,8,3,FULL,14-05-2025,09:44:15,14-05-2025,09:44:17,14-05-2025,09:47:44,COMPLETED,0,1
79KWH,8,2,FULL,14-05-2025,09:44:35,14-05-2025,09:44:40,14-05-2025,09:48:32,COMPLETED,0,1
79KWH,8,1,FULL,14-05-2025,09:45:02,14-05-2025,09:45:10,14-05-2025,09:46:57,COMPLETED,0,1
79KWH,8,3,FULL,14-05-2025,09:57:23,14-05-2025,09:57:26,14-05-2025,10:00:57,COMPLETED,0,1
79KWH,8,2,FULL,14-05-2025,09:57:33,14-05-2025,09:57:47,14-05-2025,10:01:34,COMPLETED,0,1
79KWH,8,1,FULL,14-05-2025,09:59:01,14-05-2025,09:59:02,14-05-2025,10:00:47,COMPLETED,0,1
79KWH,8,3,FULL,14-05-2025,10:01:08,14-05-2025,10:01:11,14-05-2025,10:04:34,COMPLETED,0,1
79KWH,8,2,FULL,14-05-2025,10:01:43,14-05-2025,10:01:48,14-05-2025,10:05:43,COMPLETED,0,1
79KWH,8,1,FULL,14-05-2025,10:01:58,14-05-2025,10:02:11,14-05-2025,10:04:00,COMPLETED,0,1
79KWH,8,3,FULL,14-05-2025,10:04:45,14-05-2025,10:04:49,14-05-2025,10:08:19,COMPLETED,0,1
79KWH,8,1,FULL,14-05-2025,10:05:02,14-05-2025,10:06:54,14-05-2025,10:09:30,COMPLETED,0,1
79KWH,8,2,FULL,14-05-2025,10:05:53,14-05-2025,10:05:56,14-05-2025,10:09:47,COMPLETED,0,1
79KWH,8,3,FULL,14-05-2025,10:08:30,14-05-2025,10:10:11,14-05-2025,10:14:11,COMPLETED,0,1
79KWH,8,1,FULL,14-05-2025,10:09:35,14-05-2025,10:11:41,14-05-2025,10:14:22,COMPLETED,0,1
79KWH,8,2,FULL,14-05-2025,10:09:58,14-05-2025,10:13:28,14-05-2025,10:17:42,COMPLETED,0,1
79KWH,8,3,FULL,14-05-2025,10:14:22,14-05-2025,10:14:25,14-05-2025,10:17:59,COMPLETED,0,1
79KWH,8,1,FULL,14-05-2025,10:14:27,14-05-2025,10:14:36,14-05-2025,10:16:23,COMPLETED,0,1
79KWH,8,1,FULL,14-05-2025,10:16:28,14-05-2025,10:16:36,14-05-2025,10:18:26,COMPLETED,0,1
79KWH,8,2,FULL,14-05-2025,10:17:51,14-05-2025,10:21:30,14-05-2025,10:25:43,COMPLETED,0,1
79KWH,8,3,FULL,14-05-2025,10:18:10,14-05-2025,10:18:13,14-05-2025,10:21:41,COMPLETED,0,1
79KWH,8,1,FULL,14-05-2025,10:18:31,14-05-2025,10:18:40,14-05-2025,10:20:26,COMPLETED,0,1
79KWH,8,1,FULL,14-05-2025,10:20:31,14-05-2025,10:20:40,14-05-2025,10:22:31,COMPLETED,0,1
79KWH,8,3,FULL,14-05-2025,10:21:52,14-05-2025,10:21:55,14-05-2025,10:25:29,COMPLETED,0,1
79KWH,8,1,FULL,14-05-2025,10:22:37,14-05-2025,10:22:45,14-05-2025,10:24:41,COMPLETED,0,1
79KWH,8,1,FULL,14-05-2025,10:24:45,14-05-2025,10:24:55,14-05-2025,10:26:49,COMPLETED,0,1
79KWH,8,3,FULL,14-05-2025,10:25:39,14-05-2025,10:25:43,14-05-2025,10:29:13,COMPLETED,0,1
79KWH,8,2,FULL,14-05-2025,10:25:54,14-05-2025,10:29:26,14-05-2025,10:33:45,COMPLETED,0,1
79KWH,8,1,FULL,14-05-2025,10:26:53,14-05-2025,10:27:02,14-05-2025,10:28:51,COMPLETED,0,1
79KWH,8,1,FULL,14-05-2025,10:28:56,14-05-2025,10:29:05,14-05-2025,10:31:01,COMPLETED,0,1
79KWH,8,3,FULL,14-05-2025,10:29:25,14-05-2025,10:29:27,14-05-2025,10:33:02,COMPLETED,0,1
79KWH,8,1,FULL,14-05-2025,10:31:06,14-05-2025,10:31:15,14-05-2025,10:33:07,COMPLETED,0,1
79KWH,8,1,FULL,14-05-2025,10:33:12,14-05-2025,10:35:21,14-05-2025,10:38:03,COMPLETED,0,1
79KWH,8,3,FULL,14-05-2025,10:33:13,14-05-2025,10:33:16,14-05-2025,10:36:48,COMPLETED,0,1
79KWH,8,2,FULL,14-05-2025,10:33:55,14-05-2025,10:33:59,14-05-2025,10:37:57,COMPLETED,0,1
79KWH,8,3,FULL,14-05-2025,10:37:00,14-05-2025,10:38:39,14-05-2025,10:42:47,COMPLETED,0,1
79KWH,8,2,FULL,14-05-2025,10:38:06,14-05-2025,10:38:11,14-05-2025,10:42:12,COMPLETED,0,1
79KWH,8,1,FULL,14-05-2025,10:38:08,14-05-2025,10:38:17,14-05-2025,10:40:10,COMPLETED,0,1
79KWH,8,1,FULL,14-05-2025,10:40:16,14-05-2025,10:40:24,14-05-2025,10:42:22,COMPLETED,0,1
79KWH,8,2,FULL,14-05-2025,10:42:22,14-05-2025,10:42:26,14-05-2025,10:46:25,COMPLETED,0,1
79KWH,8,1,FULL,14-05-2025,10:42:26,14-05-2025,10:42:36,14-05-2025,10:44:30,COMPLETED,0,1
79KWH,8,3,FULL,14-05-2025,10:42:58,14-05-2025,10:43:01,14-05-2025,10:46:41,COMPLETED,0,1
79KWH,8,1,FULL,14-05-2025,10:44:35,14-05-2025,10:44:44,14-05-2025,10:46:45,COMPLETED,0,1
79KWH,8,2,FULL,14-05-2025,10:46:34,14-05-2025,10:46:39,14-05-2025,10:50:43,COMPLETED,0,1
79KWH,8,1,FULL,14-05-2025,10:46:50,14-05-2025,10:47:00,14-05-2025,10:49:03,COMPLETED,0,1
79KWH,8,3,FULL,14-05-2025,10:46:52,14-05-2025,10:48:28,14-05-2025,10:52:41,COMPLETED,0,1
79KWH,8,1,FULL,14-05-2025,10:49:08,14-05-2025,10:49:17,14-05-2025,10:51:25,COMPLETED,0,1
79KWH,8,2,FULL,14-05-2025,10:50:52,14-05-2025,10:50:58,14-05-2025,10:54:59,COMPLETED,0,1
79KWH,8,1,FULL,14-05-2025,10:51:31,14-05-2025,10:51:39,14-05-2025,10:53:46,COMPLETED,0,1
79KWH,8,3,FULL,14-05-2025,10:52:54,14-05-2025,10:54:32,14-05-2025,10:58:37,COMPLETED,0,1
79KWH,8,1,FULL,14-05-2025,10:53:52,14-05-2025,10:54:00,14-05-2025,10:56:10,COMPLETED,0,1
79KWH,8,2,FULL,14-05-2025,10:55:09,14-05-2025,10:55:13,14-05-2025,10:59:20,COMPLETED,0,1
79KWH,8,1,FULL,14-05-2025,10:56:15,14-05-2025,10:56:24,14-05-2025,10:58:31,COMPLETED,0,1
79KWH,8,1,FULL,14-05-2025,10:58:36,14-05-2025,10:58:45,14-05-2025,11:00:55,COMPLETED,0,1
79KWH,8,3,FULL,14-05-2025,10:58:48,14-05-2025,11:00:25,14-05-2025,11:04:35,COMPLETED,0,1
79KWH,8,2,FULL,14-05-2025,10:59:31,14-05-2025,10:59:35,14-05-2025,11:03:37,COMPLETED,0,1
79KWH,8,1,FULL,14-05-2025,11:01:00,14-05-2025,11:01:08,14-05-2025,11:03:21,COMPLETED,0,1
79KWH,8,1,FULL,14-05-2025,11:03:26,14-05-2025,11:03:35,14-05-2025,11:05:47,COMPLETED,0,1
79KWH,8,2,FULL,14-05-2025,11:03:47,14-05-2025,11:03:51,14-05-2025,11:08:01,COMPLETED,0,1
79KWH,8,3,FULL,14-05-2025,11:04:46,14-05-2025,11:04:49,14-05-2025,11:08:27,COMPLETED,0,1
79KWH,8,1,FULL,14-05-2025,11:05:52,14-05-2025,11:06:01,14-05-2025,11:08:11,COMPLETED,0,1
79KWH,8,2,FULL,14-05-2025,11:08:10,14-05-2025,11:08:14,14-05-2025,11:12:20,COMPLETED,0,1
79KWH,8,1,FULL,14-05-2025,11:08:16,14-05-2025,11:08:25,14-05-2025,11:10:39,COMPLETED,0,1
79KWH,8,3,FULL,14-05-2025,11:08:38,14-05-2025,11:08:41,14-05-2025,11:12:23,COMPLETED,0,1
79KWH,8,1,FULL,14-05-2025,11:10:43,14-05-2025,11:10:53,14-05-2025,11:13:04,COMPLETED,0,1
79KWH,8,2,FULL,14-05-2025,11:12:29,14-05-2025,11:12:34,14-05-2025,11:16:43,COMPLETED,0,1
79KWH,8,3,FULL,14-05-2025,11:12:35,14-05-2025,11:12:37,14-05-2025,11:16:16,COMPLETED,0,1
79KWH,8,1,FULL,14-05-2025,11:13:10,14-05-2025,11:13:18,14-05-2025,11:15:32,COMPLETED,0,1
79KWH,8,1,FULL,14-05-2025,11:15:37,14-05-2025,11:15:46,14-05-2025,11:17:58,COMPLETED,0,1
79KWH,8,3,FULL,14-05-2025,11:16:27,14-05-2025,11:16:30,14-05-2025,11:20:15,COMPLETED,0,1
79KWH,8,2,FULL,14-05-2025,11:16:54,14-05-2025,11:16:58,14-05-2025,11:21:02,COMPLETED,0,1
79KWH,8,1,FULL,14-05-2025,11:18:03,14-05-2025,11:18:12,14-05-2025,11:20:34,COMPLETED,0,1
79KWH,8,1,FULL,14-05-2025,11:20:39,14-05-2025,11:20:48,14-05-2025,11:23:01,COMPLETED,0,1
79KWH,8,2,FULL,14-05-2025,11:21:11,14-05-2025,11:21:15,14-05-2025,11:25:26,COMPLETED,0,1
79KWH,8,1,FULL,14-05-2025,11:23:06,14-05-2025,11:23:16,14-05-2025,11:25:33,COMPLETED,0,1
79KWH,8,2,FULL,14-05-2025,11:25:37,14-05-2025,11:25:41,14-05-2025,11:29:49,COMPLETED,0,1
79KWH,8,1,FULL,14-05-2025,11:25:37,14-05-2025,11:25:46,14-05-2025,11:28:02,COMPLETED,0,1
79KWH,8,1,FULL,14-05-2025,11:28:07,14-05-2025,11:28:16,14-05-2025,11:30:35,COMPLETED,0,1
79KWH,8,2,FULL,14-05-2025,11:29:58,14-05-2025,11:30:03,14-05-2025,11:34:15,COMPLETED,0,1
79KWH,8,1,FULL,14-05-2025,11:30:40,14-05-2025,11:30:49,14-05-2025,11:33:07,COMPLETED,0,1
79KWH,8,1,FULL,14-05-2025,11:33:12,14-05-2025,11:33:21,14-05-2025,11:35:40,COMPLETED,0,1
79KWH,8,2,FULL,14-05-2025,11:34:25,14-05-2025,11:34:29,14-05-2025,11:38:40,COMPLETED,0,1
79KWH,8,1,FULL,14-05-2025,11:35:46,14-05-2025,11:35:55,14-05-2025,11:38:19,COMPLETED,0,1
79KWH,8,1,FULL,14-05-2025,11:38:24,14-05-2025,11:38:32,14-05-2025,11:40:53,COMPLETED,0,1
79KWH,8,2,FULL,14-05-2025,11:38:49,14-05-2025,11:38:54,14-05-2025,11:43:05,COMPLETED,0,1
79KWH,8,1,FULL,14-05-2025,11:40:58,14-05-2025,11:41:06,14-05-2025,11:43:27,COMPLETED,0,1
79KWH,8,2,FULL,14-05-2025,11:43:15,14-05-2025,11:43:20,14-05-2025,11:47:36,COMPLETED,0,1
79KWH,8,1,FULL,14-05-2025,11:43:32,14-05-2025,11:43:41,14-05-2025,11:46:05,COMPLETED,0,1
79KWH,8,1,FULL,14-05-2025,11:46:10,14-05-2025,11:46:19,14-05-2025,11:48:41,COMPLETED,0,1
79KWH,8,1,FULL,14-05-2025,11:48:46,14-05-2025,11:48:55,14-05-2025,11:51:19,COMPLETED,0,1
79KWH,8,1,FULL,14-05-2025,12:41:28,14-05-2025,12:41:41,14-05-2025,12:44:03,COMPLETED,0,1
79KWH,8,2,FULL,14-05-2025,12:41:55,14-05-2025,12:42:00,14-05-2025,12:46:14,COMPLETED,0,1
79KWH,8,1,FULL,14-05-2025,12:44:08,14-05-2025,12:44:17,14-05-2025,12:46:44,COMPLETED,0,1
79KWH,8,2,FULL,14-05-2025,12:46:24,14-05-2025,12:46:28,14-05-2025,12:50:48,COMPLETED,0,1
79KWH,8,1,FULL,14-05-2025,12:46:49,14-05-2025,12:46:57,14-05-2025,12:49:22,COMPLETED,0,1
79KWH,8,1,FULL,14-05-2025,12:49:26,14-05-2025,12:49:35,14-05-2025,12:52:02,COMPLETED,0,1
79KWH,8,2,FULL,14-05-2025,12:50:58,14-05-2025,12:51:03,14-05-2025,12:55:20,COMPLETED,0,1
79KWH,8,1,FULL,14-05-2025,12:52:06,14-05-2025,12:52:16,14-05-2025,12:54:46,COMPLETED,0,1
79KWH,8,1,FULL,14-05-2025,12:54:51,14-05-2025,12:55:00,14-05-2025,12:57:26,COMPLETED,0,1
79KWH,8,2,FULL,14-05-2025,12:55:29,14-05-2025,12:55:41,14-05-2025,13:00:01,COMPLETED,0,1
79KWH,8,1,FULL,14-05-2025,12:57:31,14-05-2025,12:57:40,14-05-2025,13:00:05,COMPLETED,0,1
79KWH,8,1,FULL,14-05-2025,13:07:34,14-05-2025,13:07:38,14-05-2025,13:10:10,COMPLETED,0,1
79KWH,8,2,FULL,14-05-2025,13:08:12,14-05-2025,13:08:17,14-05-2025,13:12:34,COMPLETED,0,1
79KWH,8,1,FULL,14-05-2025,13:10:14,14-05-2025,13:10:23,14-05-2025,13:12:52,COMPLETED,0,1
79KWH,8,2,FULL,14-05-2025,13:12:43,14-05-2025,13:12:48,14-05-2025,13:17:12,COMPLETED,0,1
79KWH,8,1,FULL,14-05-2025,13:12:57,14-05-2025,13:13:06,14-05-2025,13:15:34,COMPLETED,0,1
79KWH,8,1,FULL,14-05-2025,13:15:39,14-05-2025,13:15:48,14-05-2025,13:18:21,COMPLETED,0,1
79KWH,8,2,FULL,14-05-2025,13:17:22,14-05-2025,13:17:26,14-05-2025,13:21:47,COMPLETED,0,1
79KWH,8,1,FULL,14-05-2025,13:18:26,14-05-2025,13:18:35,14-05-2025,13:21:05,COMPLETED,0,1
79KWH,8,1,FULL,14-05-2025,13:21:10,14-05-2025,13:21:19,14-05-2025,13:23:52,COMPLETED,0,1
79KWH,8,2,FULL,14-05-2025,13:21:56,14-05-2025,13:22:01,14-05-2025,13:26:26,COMPLETED,0,1
79KWH,8,1,FULL,14-05-2025,13:23:57,14-05-2025,13:24:06,14-05-2025,13:26:38,COMPLETED,0,1
79KWH,8,2,FULL,14-05-2025,13:26:36,14-05-2025,13:26:41,14-05-2025,13:31:02,COMPLETED,0,1
79KWH,8,1,FULL,14-05-2025,13:26:42,14-05-2025,13:26:52,14-05-2025,13:29:26,COMPLETED,0,1
79KWH,8,1,FULL,14-05-2025,13:29:31,14-05-2025,13:29:40,14-05-2025,13:32:13,COMPLETED,0,1
79KWH,8,2,FULL,14-05-2025,13:31:11,14-05-2025,13:31:16,14-05-2025,13:35:46,COMPLETED,0,1
79KWH,8,1,FULL,14-05-2025,13:32:19,14-05-2025,13:32:27,14-05-2025,13:35:09,COMPLETED,0,1
79KWH,8,1,FULL,14-05-2025,13:35:14,14-05-2025,13:35:22,14-05-2025,13:37:57,COMPLETED,0,1
79KWH,8,2,FULL,14-05-2025,13:35:57,14-05-2025,13:36:01,14-05-2025,13:40:24,COMPLETED,0,1
79KWH,8,1,FULL,14-05-2025,13:38:03,14-05-2025,13:38:11,14-05-2025,13:40:50,COMPLETED,0,1
79KWH,8,1,FULL,14-05-2025,13:40:55,14-05-2025,13:41:04,14-05-2025,13:43:40,COMPLETED,0,1
79KWH,8,2,FULL,14-05-2025,13:41:58,14-05-2025,13:42:03,14-05-2025,13:46:34,COMPLETED,0,1
79KWH,8,1,FULL,14-05-2025,13:43:45,14-05-2025,13:43:54,14-05-2025,13:46:33,COMPLETED,0,1
79KWH,8,1,FULL,14-05-2025,13:46:37,14-05-2025,13:46:46,14-05-2025,13:49:24,COMPLETED,0,1
79KWH,8,2,FULL,14-05-2025,13:46:43,14-05-2025,13:46:48,14-05-2025,13:51:16,COMPLETED,0,1
79KWH,8,1,FULL,14-05-2025,13:49:29,14-05-2025,13:49:38,14-05-2025,13:52:18,COMPLETED,0,1
79KWH,8,2,FULL,14-05-2025,13:51:27,14-05-2025,13:51:30,14-05-2025,13:56:09,COMPLETED,0,1
79KWH,8,1,FULL,14-05-2025,13:52:24,14-05-2025,13:52:32,14-05-2025,13:55:10,COMPLETED,0,1
79KWH,8,1,FULL,14-05-2025,13:55:15,14-05-2025,13:55:23,14-05-2025,13:58:04,COMPLETED,0,1
79KWH,8,2,FULL,14-05-2025,13:56:19,14-05-2025,13:56:23,14-05-2025,14:00:57,COMPLETED,0,1
79KWH,8,1,FULL,14-05-2025,13:58:09,14-05-2025,13:58:17,14-05-2025,14:00:56,COMPLETED,0,1
79KWH,8,1,FULL,14-05-2025,14:01:01,14-05-2025,14:01:10,14-05-2025,14:03:52,COMPLETED,0,1
79KWH,8,2,FULL,14-05-2025,14:01:06,14-05-2025,14:01:12,14-05-2025,14:04:09,COMPLETED,0,1
79KWH,8,1,FULL,14-05-2025,14:03:57,14-05-2025,14:04:06,14-05-2025,14:06:50,COMPLETED,0,1
79KWH,8,2,FULL,14-05-2025,14:04:20,14-05-2025,14:04:23,14-05-2025,14:05:39,COMPLETED,0,1
79KWH,8,2,FULL,14-05-2025,14:05:49,14-05-2025,14:05:53,14-05-2025,14:07:14,COMPLETED,0,1
79KWH,8,1,FULL,14-05-2025,14:06:55,14-05-2025,14:07:04,14-05-2025,14:09:54,COMPLETED,0,1
79KWH,8,2,FULL,14-05-2025,14:07:23,14-05-2025,14:07:28,14-05-2025,14:08:44,COMPLETED,0,1
79KWH,8,2,FULL,14-05-2025,14:08:53,14-05-2025,14:09:05,14-05-2025,14:10:27,COMPLETED,0,1
79KWH,8,1,FULL,14-05-2025,14:09:59,14-05-2025,14:10:07,14-05-2025,14:12:49,COMPLETED,0,1
79KWH,8,2,FULL,14-05-2025,14:10:36,14-05-2025,14:10:41,14-05-2025,14:11:56,COMPLETED,0,1
79KWH,8,2,FULL,14-05-2025,14:12:06,14-05-2025,14:12:10,14-05-2025,14:13:32,COMPLETED,0,1
79KWH,8,1,FULL,14-05-2025,14:12:56,14-05-2025,14:13:04,14-05-2025,14:15:48,COMPLETED,0,1
79KWH,8,1,FULL,14-05-2025,14:15:53,14-05-2025,14:16:02,14-05-2025,14:18:46,COMPLETED,0,1
79KWH,8,1,FULL,14-05-2025,14:18:51,14-05-2025,14:19:00,14-05-2025,14:21:47,COMPLETED,0,1
79KWH,8,1,FULL,14-05-2025,14:21:52,14-05-2025,14:22:01,14-05-2025,14:24:52,COMPLETED,0,1
79KWH,8,1,FULL,14-05-2025,14:29:24,14-05-2025,14:29:36,14-05-2025,14:32:26,COMPLETED,0,1
79KWH,8,2,FULL,14-05-2025,14:29:54,14-05-2025,14:30:07,14-05-2025,14:31:25,COMPLETED,0,1
79KWH,8,2,FULL,14-05-2025,14:31:56,14-05-2025,14:32:07,14-05-2025,14:33:29,COMPLETED,0,1
79KWH,8,1,FULL,14-05-2025,14:32:31,14-05-2025,14:32:40,14-05-2025,14:35:28,COMPLETED,0,1
79KWH,8,2,FULL,14-05-2025,14:33:55,14-05-2025,14:33:57,14-05-2025,14:35:14,COMPLETED,0,1
79KWH,8,1,FULL,14-05-2025,14:35:32,14-05-2025,14:35:42,14-05-2025,14:38:30,COMPLETED,0,1
79KWH,8,2,FULL,14-05-2025,14:35:57,14-05-2025,14:36:11,14-05-2025,14:37:31,COMPLETED,0,1
79KWH,8,2,FULL,14-05-2025,14:37:55,14-05-2025,14:37:59,14-05-2025,14:39:16,COMPLETED,0,1
79KWH,8,1,FULL,14-05-2025,14:38:35,14-05-2025,14:38:43,14-05-2025,14:41:30,COMPLETED,0,1
79KWH,8,2,FULL,14-05-2025,14:39:56,14-05-2025,14:39:57,14-05-2025,14:41:18,COMPLETED,0,1
79KWH,8,1,FULL,14-05-2025,14:41:35,14-05-2025,14:41:44,14-05-2025,14:44:34,COMPLETED,0,1
79KWH,8,2,FULL,14-05-2025,14:41:58,14-05-2025,14:42:01,14-05-2025,14:43:18,COMPLETED,0,1
79KWH,8,2,FULL,14-05-2025,14:43:55,14-05-2025,14:43:59,14-05-2025,14:45:20,COMPLETED,0,1
79KWH,8,1,FULL,14-05-2025,14:44:39,14-05-2025,14:44:48,14-05-2025,14:47:37,COMPLETED,0,1
79KWH,8,2,FULL,14-05-2025,14:45:56,14-05-2025,14:46:04,14-05-2025,14:47:22,COMPLETED,0,1
79KWH,8,1,FULL,14-05-2025,14:47:42,14-05-2025,14:47:51,14-05-2025,14:50:50,COMPLETED,0,1
79KWH,8,2,FULL,14-05-2025,14:48:47,14-05-2025,14:49:02,14-05-2025,14:50:25,COMPLETED,0,1
79KWH,8,2,FULL,14-05-2025,14:50:49,14-05-2025,14:50:53,14-05-2025,14:52:14,COMPLETED,0,1
79KWH,8,1,FULL,14-05-2025,14:50:55,14-05-2025,14:51:04,14-05-2025,14:53:54,COMPLETED,0,1
79KWH,8,2,FULL,14-05-2025,14:52:47,14-05-2025,14:52:57,14-05-2025,14:54:23,COMPLETED,0,1
79KWH,8,1,FULL,14-05-2025,14:53:59,14-05-2025,14:54:08,14-05-2025,14:57:00,COMPLETED,0,1
79KWH,8,2,FULL,14-05-2025,14:54:49,14-05-2025,14:54:51,14-05-2025,14:56:13,COMPLETED,0,1
79KWH,8,2,FULL,14-05-2025,14:56:24,14-05-2025,14:56:27,14-05-2025,14:57:54,COMPLETED,0,1
79KWH,8,1,FULL,14-05-2025,14:57:05,14-05-2025,14:57:14,14-05-2025,15:00:05,COMPLETED,0,1
79KWH,8,2,FULL,14-05-2025,14:58:04,14-05-2025,14:58:08,14-05-2025,14:59:32,COMPLETED,0,1
79KWH,8,2,FULL,14-05-2025,14:59:42,14-05-2025,14:59:46,14-05-2025,15:01:15,COMPLETED,0,1
79KWH,8,1,FULL,14-05-2025,15:00:10,14-05-2025,15:00:19,14-05-2025,15:03:14,COMPLETED,0,1
79KWH,8,2,FULL,14-05-2025,15:01:26,14-05-2025,15:01:28,14-05-2025,15:02:55,COMPLETED,0,1
79KWH,8,2,FULL,14-05-2025,15:03:04,14-05-2025,15:03:10,14-05-2025,15:04:41,COMPLETED,0,1
79KWH,8,1,FULL,14-05-2025,15:03:20,14-05-2025,15:03:29,14-05-2025,15:06:22,COMPLETED,0,1
79KWH,8,2,FULL,14-05-2025,15:04:51,14-05-2025,15:04:56,14-05-2025,15:06:24,COMPLETED,0,1
79KWH,8,1,FULL,14-05-2025,15:06:27,14-05-2025,15:06:36,14-05-2025,15:09:32,COMPLETED,0,1
79KWH,8,2,FULL,14-05-2025,15:06:35,14-05-2025,15:06:39,14-05-2025,15:08:11,COMPLETED,0,1
79KWH,8,2,FULL,14-05-2025,15:08:20,14-05-2025,15:08:25,14-05-2025,15:09:56,COMPLETED,0,1
79KWH,8,1,FULL,14-05-2025,15:09:37,14-05-2025,15:09:46,14-05-2025,15:12:40,COMPLETED,0,1
79KWH,8,2,FULL,14-05-2025,15:10:52,14-05-2025,15:10:53,14-05-2025,15:12:28,COMPLETED,0,1
79KWH,8,2,FULL,14-05-2025,15:12:38,14-05-2025,15:12:42,14-05-2025,15:14:14,COMPLETED,0,1
79KWH,8,1,FULL,14-05-2025,15:12:46,14-05-2025,15:12:54,14-05-2025,15:15:56,COMPLETED,0,1
79KWH,8,2,FULL,14-05-2025,15:14:23,14-05-2025,15:14:28,14-05-2025,15:16:05,COMPLETED,0,1
79KWH,8,1,FULL,14-05-2025,15:16:01,14-05-2025,15:16:11,14-05-2025,15:19:10,COMPLETED,0,1
79KWH,8,2,FULL,14-05-2025,15:16:15,14-05-2025,15:16:19,14-05-2025,15:17:53,COMPLETED,0,1
79KWH,8,1,FULL,14-05-2025,15:19:15,14-05-2025,15:19:24,14-05-2025,15:22:20,COMPLETED,0,1
79KWH,8,1,FULL,14-05-2025,15:22:25,14-05-2025,15:22:35,14-05-2025,15:25:38,COMPLETED,0,1
79KWH,8,1,FULL,14-05-2025,15:25:43,14-05-2025,15:25:51,14-05-2025,15:28:49,COMPLETED,0,1
79KWH,8,1,FULL,14-05-2025,15:33:03,14-05-2025,15:33:04,14-05-2025,15:36:15,COMPLETED,0,1
79KWH,8,3,FULL,14-05-2025,15:34:19,14-05-2025,15:35:30,14-05-2025,15:39:36,COMPLETED,0,1
79KWH,8,2,FULL,14-05-2025,15:34:37,14-05-2025,15:34:37,14-05-2025,15:36:15,COMPLETED,0,1
79KWH,8,1,FULL,14-05-2025,15:36:20,14-05-2025,15:36:28,14-05-2025,15:39:27,COMPLETED,0,1
79KWH,8,2,FULL,14-05-2025,15:37:32,14-05-2025,15:37:41,14-05-2025,15:39:16,COMPLETED,0,1
79KWH,8,1,FULL,14-05-2025,15:39:32,14-05-2025,15:39:40,14-05-2025,15:42:45,COMPLETED,0,1
79KWH,8,3,FULL,14-05-2025,15:39:47,14-05-2025,15:43:56,14-05-2025,15:48:13,COMPLETED,0,1
79KWH,8,2,FULL,14-05-2025,15:40:35,14-05-2025,15:40:41,14-05-2025,15:42:22,COMPLETED,0,1
79KWH,8,1,FULL,14-05-2025,15:42:50,14-05-2025,15:42:58,14-05-2025,15:46:01,COMPLETED,0,1
79KWH,8,2,FULL,14-05-2025,15:43:35,14-05-2025,15:43:47,14-05-2025,15:45:25,COMPLETED,0,1
79KWH,8,1,FULL,14-05-2025,15:46:06,14-05-2025,15:46:15,14-05-2025,15:49:21,COMPLETED,0,1
79KWH,8,2,FULL,14-05-2025,15:46:38,14-05-2025,15:46:49,14-05-2025,15:48:34,COMPLETED,0,1
79KWH,8,3,FULL,14-05-2025,15:48:26,14-05-2025,15:52:41,14-05-2025,15:56:50,COMPLETED,0,1
79KWH,8,1,FULL,14-05-2025,15:49:26,14-05-2025,15:49:34,14-05-2025,15:52:41,COMPLETED,0,1
79KWH,8,2,FULL,14-05-2025,15:49:35,14-05-2025,15:49:45,14-05-2025,15:51:26,COMPLETED,0,1
79KWH,8,2,FULL,14-05-2025,15:52:38,14-05-2025,15:52:51,14-05-2025,15:54:37,COMPLETED,0,1
79KWH,8,1,FULL,14-05-2025,15:52:47,14-05-2025,15:52:55,14-05-2025,15:56:04,COMPLETED,0,1
79KWH,8,2,FULL,14-05-2025,15:55:33,14-05-2025,15:55:34,14-05-2025,15:57:16,COMPLETED,0,1
79KWH,8,1,FULL,14-05-2025,15:56:09,14-05-2025,15:56:17,14-05-2025,15:59:23,COMPLETED,0,1
79KWH,8,3,FULL,14-05-2025,15:57:02,14-05-2025,16:01:07,14-05-2025,16:05:21,COMPLETED,0,1
79KWH,8,2,FULL,14-05-2025,15:58:36,14-05-2025,15:58:41,14-05-2025,16:00:27,COMPLETED,0,1
79KWH,8,1,FULL,14-05-2025,15:59:29,14-05-2025,15:59:37,14-05-2025,16:02:46,COMPLETED,0,1
79KWH,8,2,FULL,14-05-2025,16:02:35,14-05-2025,16:02:48,14-05-2025,16:04:33,COMPLETED,0,1
79KWH,8,1,FULL,14-05-2025,16:02:50,14-05-2025,16:02:59,14-05-2025,16:06:13,COMPLETED,0,1
79KWH,8,2,FULL,14-05-2025,16:04:44,14-05-2025,16:04:47,14-05-2025,16:06:34,COMPLETED,0,1
79KWH,8,3,FULL,14-05-2025,16:05:33,14-05-2025,16:09:49,14-05-2025,16:13:58,COMPLETED,0,1
79KWH,8,1,FULL,14-05-2025,16:06:18,14-05-2025,16:06:26,14-05-2025,16:09:37,COMPLETED,0,1
79KWH,8,2,FULL,14-05-2025,16:07:17,14-05-2025,16:07:31,14-05-2025,16:09:17,COMPLETED,0,1
79KWH,8,2,FULL,14-05-2025,16:09:28,14-05-2025,16:09:31,14-05-2025,16:11:22,COMPLETED,0,1
79KWH,8,1,FULL,14-05-2025,16:09:42,14-05-2025,16:09:51,14-05-2025,16:13:06,COMPLETED,0,1
79KWH,8,2,FULL,14-05-2025,16:11:33,14-05-2025,16:11:36,14-05-2025,16:13:22,COMPLETED,0,1
79KWH,8,1,FULL,14-05-2025,16:13:11,14-05-2025,16:13:20,14-05-2025,16:16:32,COMPLETED,0,1
79KWH,8,2,FULL,14-05-2025,16:13:33,14-05-2025,16:13:36,14-05-2025,16:15:30,COMPLETED,0,1
79KWH,8,3,FULL,14-05-2025,16:14:09,14-05-2025,16:18:23,14-05-2025,16:22:38,COMPLETED,0,1
79KWH,8,2,FULL,14-05-2025,16:16:15,14-05-2025,16:16:27,14-05-2025,16:18:16,COMPLETED,0,1
79KWH,8,1,FULL,14-05-2025,16:16:37,14-05-2025,16:16:46,14-05-2025,16:20:05,COMPLETED,0,1
79KWH,8,2,FULL,14-05-2025,16:18:34,14-05-2025,16:18:43,14-05-2025,16:20:38,COMPLETED,0,1
79KWH,8,1,FULL,14-05-2025,16:20:10,14-05-2025,16:20:19,14-05-2025,16:23:33,COMPLETED,0,1
79KWH,8,3,FULL,14-05-2025,16:22:50,14-05-2025,16:27:00,14-05-2025,16:31:12,COMPLETED,0,1
79KWH,8,1,FULL,14-05-2025,16:23:39,14-05-2025,16:26:14,14-05-2025,16:29:35,COMPLETED,0,1
79KWH,8,1,FULL,14-05-2025,16:29:40,14-05-2025,16:29:49,14-05-2025,16:33:00,COMPLETED,0,1
79KWH,8,2,FULL,14-05-2025,16:30:55,14-05-2025,16:31:02,14-05-2025,16:32:54,COMPLETED,0,1
79KWH,8,3,FULL,14-05-2025,16:31:23,14-05-2025,16:35:34,14-05-2025,16:39:55,COMPLETED,0,1
79KWH,8,1,FULL,14-05-2025,16:33:06,14-05-2025,16:35:52,14-05-2025,16:39:17,COMPLETED,0,1
79KWH,8,2,FULL,14-05-2025,16:33:59,14-05-2025,16:34:05,14-05-2025,16:36:03,COMPLETED,0,1
79KWH,8,2,FULL,14-05-2025,16:36:13,14-05-2025,16:38:51,14-05-2025,16:42:04,COMPLETED,0,1
79KWH,8,1,FULL,14-05-2025,16:39:22,14-05-2025,16:39:30,14-05-2025,16:42:07,COMPLETED,0,1
79KWH,8,3,FULL,14-05-2025,16:40:05,14-05-2025,16:44:26,14-05-2025,16:48:38,COMPLETED,0,1
79KWH,8,1,FULL,14-05-2025,16:42:12,14-05-2025,16:42:21,14-05-2025,16:44:16,COMPLETED,0,1
79KWH,8,2,FULL,14-05-2025,16:42:14,14-05-2025,16:42:18,14-05-2025,16:44:18,COMPLETED,0,1
79KWH,8,1,FULL,14-05-2025,16:44:21,14-05-2025,16:44:30,14-05-2025,16:47:06,COMPLETED,0,1
79KWH,8,2,FULL,14-05-2025,16:44:28,14-05-2025,16:47:03,14-05-2025,16:50:16,COMPLETED,0,1
79KWH,8,1,FULL,14-05-2025,16:47:11,14-05-2025,16:47:19,14-05-2025,16:50:35,COMPLETED,0,1
79KWH,8,3,FULL,14-05-2025,16:48:49,14-05-2025,16:52:54,14-05-2025,16:57:15,COMPLETED,0,1
79KWH,8,2,FULL,14-05-2025,16:50:27,14-05-2025,16:53:02,14-05-2025,16:56:21,COMPLETED,0,1
79KWH,8,1,FULL,14-05-2025,16:50:40,14-05-2025,16:53:15,14-05-2025,16:56:38,COMPLETED,0,1
79KWH,8,2,FULL,14-05-2025,16:56:32,14-05-2025,16:56:35,14-05-2025,16:58:34,COMPLETED,0,1
79KWH,8,1,FULL,14-05-2025,16:56:43,14-05-2025,16:59:22,14-05-2025,17:02:42,COMPLETED,0,1
79KWH,8,3,FULL,14-05-2025,16:57:27,14-05-2025,17:01:28,14-05-2025,17:05:40,COMPLETED,0,1
79KWH,8,1,FULL,14-05-2025,17:02:47,14-05-2025,17:05:23,14-05-2025,17:08:21,COMPLETED,0,1
79KWH,8,3,FULL,14-05-2025,17:05:50,14-05-2025,17:05:53,14-05-2025,17:09:49,COMPLETED,0,1
79KWH,8,1,FULL,14-05-2025,17:08:27,14-05-2025,17:08:36,14-05-2025,17:10:34,COMPLETED,0,1
79KWH,8,3,FULL,14-05-2025,17:10:01,14-05-2025,17:14:05,14-05-2025,17:18:24,COMPLETED,0,1
79KWH,8,1,FULL,14-05-2025,17:10:39,14-05-2025,17:10:48,14-05-2025,17:13:26,COMPLETED,0,1
79KWH,8,3,FULL,14-05-2025,17:18:35,14-05-2025,17:22:44,14-05-2025,17:27:05,COMPLETED,0,1
79KWH,8,3,FULL,14-05-2025,17:27:16,14-05-2025,17:31:26,14-05-2025,17:35:41,COMPLETED,0,1
79KWH,8,3,FULL,14-05-2025,17:38:07,14-05-2025,17:39:55,14-05-2025,17:44:14,COMPLETED,0,1
79KWH,8,2,FULL,14-05-2025,17:38:12,14-05-2025,17:38:25,14-05-2025,17:42:18,COMPLETED,0,1
79KWH,8,1,FULL,14-05-2025,17:39:46,14-05-2025,17:39:57,14-05-2025,17:42:43,COMPLETED,0,1
79KWH,8,2,FULL,14-05-2025,17:42:23,14-05-2025,17:42:32,14-05-2025,17:46:20,COMPLETED,0,1
79KWH,8,1,FULL,14-05-2025,17:42:48,14-05-2025,17:42:57,14-05-2025,17:44:56,COMPLETED,0,1
79KWH,8,3,FULL,14-05-2025,17:44:25,14-05-2025,17:48:28,14-05-2025,17:52:43,COMPLETED,0,1
79KWH,8,1,FULL,14-05-2025,17:45:48,14-05-2025,17:45:52,14-05-2025,17:48:32,COMPLETED,0,1
79KWH,8,2,FULL,14-05-2025,17:46:30,14-05-2025,17:46:34,14-05-2025,17:49:33,COMPLETED,0,1
79KWH,8,1,FULL,14-05-2025,17:48:45,14-05-2025,17:48:46,14-05-2025,17:52:02,COMPLETED,0,1
79KWH,8,2,FULL,14-05-2025,17:49:43,14-05-2025,17:49:47,14-05-2025,17:51:48,COMPLETED,0,1
79KWH,8,2,FULL,14-05-2025,17:51:57,14-05-2025,17:52:02,14-05-2025,17:54:09,COMPLETED,0,1
79KWH,8,1,FULL,14-05-2025,17:52:07,14-05-2025,17:52:16,14-05-2025,17:55:31,COMPLETED,0,1
79KWH,8,3,FULL,14-05-2025,17:52:55,14-05-2025,17:52:57,14-05-2025,17:56:59,COMPLETED,0,1
79KWH,8,2,FULL,14-05-2025,17:54:18,14-05-2025,17:54:23,14-05-2025,17:56:27,COMPLETED,0,1
79KWH,8,1,FULL,14-05-2025,17:55:36,14-05-2025,17:55:45,14-05-2025,17:59:01,COMPLETED,0,1
79KWH,8,2,FULL,14-05-2025,17:56:38,14-05-2025,17:56:41,14-05-2025,17:58:49,COMPLETED,0,1
79KWH,8,3,FULL,14-05-2025,17:57:09,14-05-2025,17:57:13,14-05-2025,18:01:14,COMPLETED,0,1
79KWH,8,1,FULL,14-05-2025,17:59:06,14-05-2025,17:59:15,14-05-2025,18:02:32,COMPLETED,0,1
79KWH,8,2,FULL,14-05-2025,17:59:22,14-05-2025,17:59:31,14-05-2025,18:01:37,COMPLETED,0,1
79KWH,8,3,FULL,14-05-2025,18:01:24,14-05-2025,18:05:33,14-05-2025,18:09:54,COMPLETED,0,1
79KWH,8,2,FULL,14-05-2025,18:02:20,14-05-2025,18:02:34,14-05-2025,18:04:44,COMPLETED,0,1
79KWH,8,1,FULL,14-05-2025,18:02:37,14-05-2025,18:05:17,14-05-2025,18:08:40,COMPLETED,0,1
79KWH,8,2,FULL,14-05-2025,18:05:21,14-05-2025,18:05:27,14-05-2025,18:07:34,COMPLETED,0,1
79KWH,8,2,FULL,14-05-2025,18:07:43,14-05-2025,18:07:48,14-05-2025,18:09:59,COMPLETED,0,1
79KWH,8,1,FULL,14-05-2025,18:08:45,14-05-2025,18:08:54,14-05-2025,18:11:36,COMPLETED,0,1
79KWH,8,3,FULL,14-05-2025,18:10:06,14-05-2025,18:14:18,14-05-2025,18:18:35,COMPLETED,0,1
79KWH,8,2,FULL,14-05-2025,18:10:19,14-05-2025,18:10:28,14-05-2025,18:12:37,COMPLETED,0,1
79KWH,8,1,FULL,14-05-2025,18:11:41,14-05-2025,18:13:37,14-05-2025,18:16:19,COMPLETED,0,1
79KWH,8,2,FULL,14-05-2025,18:12:47,14-05-2025,18:12:51,14-05-2025,18:15:05,COMPLETED,0,1
79KWH,8,2,FULL,14-05-2025,18:15:15,14-05-2025,18:15:18,14-05-2025,18:17:29,COMPLETED,0,1
79KWH,8,1,FULL,14-05-2025,18:16:24,14-05-2025,18:16:32,14-05-2025,18:19:11,COMPLETED,0,1
79KWH,8,3,FULL,14-05-2025,18:18:46,14-05-2025,18:22:52,14-05-2025,18:27:14,COMPLETED,0,1
79KWH,8,1,FULL,14-05-2025,18:19:16,14-05-2025,18:19:25,14-05-2025,18:22:47,COMPLETED,0,1
79KWH,8,1,FULL,14-05-2025,18:22:52,14-05-2025,18:23:01,14-05-2025,18:26:20,COMPLETED,0,1
79KWH,8,3,FULL,14-05-2025,18:27:25,14-05-2025,18:27:28,14-05-2025,18:31:31,COMPLETED,0,1
79KWH,8,3,FULL,14-05-2025,18:31:41,14-05-2025,18:31:45,14-05-2025,18:35:59,COMPLETED,0,1
79KWH,8,3,FULL,14-05-2025,18:36:12,14-05-2025,18:36:14,14-05-2025,20:28:41,COMPLETED,0,1
79KWH,8,1,FULL,14-05-2025,18:48:44,14-05-2025,18:50:44,14-05-2025,18:54:09,COMPLETED,0,1
79KWH,8,2,FULL,14-05-2025,18:50:19,14-05-2025,18:50:29,14-05-2025,18:52:45,COMPLETED,0,1
79KWH,8,2,FULL,14-05-2025,18:53:14,14-05-2025,18:53:28,14-05-2025,18:55:42,COMPLETED,0,1
79KWH,8,1,FULL,14-05-2025,18:54:14,14-05-2025,18:54:23,14-05-2025,18:57:13,COMPLETED,0,1
79KWH,8,2,FULL,14-05-2025,18:56:18,14-05-2025,18:56:24,14-05-2025,18:58:42,COMPLETED,0,1
79KWH,8,1,FULL,14-05-2025,18:57:18,14-05-2025,18:59:13,14-05-2025,19:01:57,COMPLETED,0,1
79KWH,8,2,FULL,14-05-2025,18:59:15,14-05-2025,18:59:24,14-05-2025,19:01:40,COMPLETED,0,1
79KWH,8,1,FULL,14-05-2025,19:02:02,14-05-2025,19:02:11,14-05-2025,19:04:51,COMPLETED,0,1
79KWH,8,1,FULL,14-05-2025,19:04:56,14-05-2025,19:05:05,14-05-2025,19:08:28,COMPLETED,0,1
79KWH,8,2,FULL,14-05-2025,19:12:44,14-05-2025,19:12:46,14-05-2025,19:15:05,COMPLETED,0,1
79KWH,8,1,FULL,14-05-2025,19:14:09,14-05-2025,19:14:09,14-05-2025,19:17:31,COMPLETED,0,1
79KWH,8,2,FULL,14-05-2025,19:15:16,14-05-2025,19:15:19,14-05-2025,19:17:36,COMPLETED,0,1
79KWH,8,1,FULL,14-05-2025,19:17:36,14-05-2025,19:17:45,14-05-2025,19:21:12,COMPLETED,0,1
79KWH,8,2,FULL,14-05-2025,19:17:47,14-05-2025,19:17:50,14-05-2025,19:20:13,COMPLETED,0,1
79KWH,8,2,FULL,14-05-2025,19:20:24,14-05-2025,19:20:27,14-05-2025,19:22:47,COMPLETED,0,1
79KWH,8,1,FULL,14-05-2025,19:21:17,14-05-2025,19:21:26,14-05-2025,19:24:50,COMPLETED,0,1
79KWH,8,2,FULL,14-05-2025,19:22:57,14-05-2025,19:23:01,14-05-2025,19:25:23,COMPLETED,0,1
79KWH,8,1,FULL,14-05-2025,19:24:55,14-05-2025,19:25:03,14-05-2025,19:28:31,COMPLETED,0,1
79KWH,8,2,FULL,14-05-2025,19:25:33,14-05-2025,19:25:38,14-05-2025,19:27:58,COMPLETED,0,1
79KWH,8,2,FULL,14-05-2025,19:28:09,14-05-2025,19:28:12,14-05-2025,19:30:38,COMPLETED,0,1
79KWH,8,1,FULL,14-05-2025,19:28:36,14-05-2025,19:28:44,14-05-2025,19:32:08,COMPLETED,0,1
79KWH,8,2,FULL,14-05-2025,19:30:49,14-05-2025,19:30:52,14-05-2025,19:33:16,COMPLETED,0,1
79KWH,8,1,FULL,14-05-2025,19:32:13,14-05-2025,19:32:21,14-05-2025,19:34:51,COMPLETED,0,1
79KWH,8,2,FULL,14-05-2025,19:33:26,14-05-2025,19:33:30,14-05-2025,19:35:58,COMPLETED,0,1
79KWH,8,1,FULL,14-05-2025,19:34:56,14-05-2025,19:35:05,14-05-2025,19:36:34,COMPLETED,0,1
79KWH,8,2,FULL,14-05-2025,19:36:08,14-05-2025,19:36:12,14-05-2025,19:38:36,COMPLETED,0,1
79KWH,8,1,FULL,14-05-2025,19:36:38,14-05-2025,19:36:47,14-05-2025,19:38:20,COMPLETED,0,1
79KWH,8,1,FULL,14-05-2025,19:38:25,14-05-2025,19:38:34,14-05-2025,19:40:04,COMPLETED,0,1
79KWH,8,2,FULL,14-05-2025,19:38:47,14-05-2025,19:38:51,14-05-2025,19:41:20,COMPLETED,0,1
79KWH,8,1,FULL,14-05-2025,19:40:10,14-05-2025,19:40:18,14-05-2025,19:41:50,COMPLETED,0,1
79KWH,8,2,FULL,14-05-2025,19:41:30,14-05-2025,19:41:34,14-05-2025,19:44:01,COMPLETED,0,1
79KWH,8,1,FULL,14-05-2025,19:41:55,14-05-2025,19:42:04,14-05-2025,19:43:33,COMPLETED,0,1
79KWH,8,1,FULL,14-05-2025,19:43:38,14-05-2025,19:43:47,14-05-2025,19:45:19,COMPLETED,0,1
79KWH,8,2,FULL,14-05-2025,19:44:11,14-05-2025,19:44:15,14-05-2025,19:46:47,COMPLETED,0,1
79KWH,8,1,FULL,14-05-2025,19:45:25,14-05-2025,19:45:33,14-05-2025,19:47:02,COMPLETED,0,1
79KWH,8,2,FULL,14-05-2025,19:46:56,14-05-2025,19:47:01,14-05-2025,19:49:29,COMPLETED,0,1
79KWH,8,1,FULL,14-05-2025,19:47:06,14-05-2025,19:47:16,14-05-2025,19:48:44,COMPLETED,0,1
79KWH,8,1,FULL,14-05-2025,19:48:49,14-05-2025,19:48:58,14-05-2025,19:50:30,COMPLETED,0,1
79KWH,8,2,FULL,14-05-2025,19:49:40,14-05-2025,19:49:44,14-05-2025,19:52:17,COMPLETED,0,1
79KWH,8,1,FULL,14-05-2025,19:50:35,14-05-2025,19:50:44,14-05-2025,19:52:18,COMPLETED,0,1
79KWH,8,1,FULL,14-05-2025,19:52:24,14-05-2025,19:52:33,14-05-2025,19:54:05,COMPLETED,0,1
79KWH,8,2,FULL,14-05-2025,19:52:27,14-05-2025,19:52:31,14-05-2025,19:55:03,COMPLETED,0,1
79KWH,8,1,FULL,14-05-2025,19:54:10,14-05-2025,19:54:19,14-05-2025,19:55:52,COMPLETED,0,1
79KWH,8,2,FULL,14-05-2025,19:55:12,14-05-2025,19:55:17,14-05-2025,19:57:53,COMPLETED,0,1
79KWH,8,1,FULL,14-05-2025,19:55:57,14-05-2025,19:56:05,14-05-2025,19:57:42,COMPLETED,0,1
79KWH,8,1,FULL,14-05-2025,19:57:48,14-05-2025,19:57:56,14-05-2025,19:59:24,COMPLETED,0,1
79KWH,8,2,FULL,14-05-2025,19:58:03,14-05-2025,19:58:06,14-05-2025,20:00:39,COMPLETED,0,1
79KWH,8,1,FULL,14-05-2025,19:59:29,14-05-2025,19:59:38,14-05-2025,20:01:07,COMPLETED,0,1
79KWH,8,2,FULL,14-05-2025,20:00:49,14-05-2025,20:00:53,14-05-2025,20:03:29,COMPLETED,0,1
79KWH,8,1,FULL,14-05-2025,20:01:12,14-05-2025,20:01:21,14-05-2025,20:02:54,COMPLETED,0,1
79KWH,8,1,FULL,14-05-2025,20:02:59,14-05-2025,20:03:08,14-05-2025,20:04:40,COMPLETED,0,1
79KWH,8,2,FULL,14-05-2025,20:03:40,14-05-2025,20:03:43,14-05-2025,20:06:17,COMPLETED,0,1
79KWH,8,1,FULL,14-05-2025,20:04:44,14-05-2025,20:04:53,14-05-2025,20:06:26,COMPLETED,0,1
79KWH,8,1,FULL,14-05-2025,20:06:31,14-05-2025,20:06:40,14-05-2025,20:08:08,COMPLETED,0,1
79KWH,8,1,FULL,14-05-2025,20:17:54,14-05-2025,20:18:02,14-05-2025,20:19:34,COMPLETED,0,1
79KWH,8,2,FULL,14-05-2025,20:18:23,14-05-2025,20:18:33,14-05-2025,20:21:13,COMPLETED,0,1
79KWH,8,1,FULL,14-05-2025,20:19:39,14-05-2025,20:19:48,14-05-2025,20:21:20,COMPLETED,0,1
79KWH,8,2,FULL,14-05-2025,20:21:23,14-05-2025,20:21:27,14-05-2025,20:24:03,COMPLETED,0,1
79KWH,8,1,FULL,14-05-2025,20:21:25,14-05-2025,20:21:35,14-05-2025,20:23:06,COMPLETED,0,1
79KWH,8,1,FULL,14-05-2025,20:23:59,14-05-2025,20:25:42,14-05-2025,20:28:08,COMPLETED,0,1
79KWH,8,2,FULL,14-05-2025,20:24:14,14-05-2025,20:24:17,14-05-2025,20:26:59,COMPLETED,0,1
79KWH,8,3,FULL,14-05-2025,20:28:53,14-05-2025,20:28:55,14-05-2025,20:33:13,COMPLETED,0,1
79KWH,8,3,FULL,14-05-2025,20:33:26,14-05-2025,20:37:39,14-05-2025,20:42:00,COMPLETED,0,1
79KWH,8,3,FULL,14-05-2025,20:42:12,14-05-2025,20:46:25,14-05-2025,20:50:55,COMPLETED,0,1
79KWH,8,3,FULL,14-05-2025,20:51:07,14-05-2025,20:55:13,14-05-2025,20:59:39,COMPLETED,0,1
79KWH,8,3,FULL,14-05-2025,20:59:51,14-05-2025,21:03:58,14-05-2025,21:08:30,COMPLETED,0,1
79KWH,8,2,FULL,14-05-2025,21:03:40,14-05-2025,21:03:48,14-05-2025,21:06:28,COMPLETED,0,1
79KWH,8,1,FULL,14-05-2025,21:05:11,14-05-2025,21:05:12,14-05-2025,21:07:59,COMPLETED,0,1
79KWH,8,2,FULL,14-05-2025,21:06:44,14-05-2025,21:06:56,14-05-2025,21:09:40,COMPLETED,0,1
79KWH,8,1,FULL,14-05-2025,21:08:09,14-05-2025,21:08:13,14-05-2025,21:10:15,COMPLETED,0,1
79KWH,8,3,FULL,14-05-2025,21:08:40,14-05-2025,21:12:47,14-05-2025,21:17:14,COMPLETED,0,1
79KWH,8,2,FULL,14-05-2025,21:09:49,14-05-2025,21:09:53,14-05-2025,21:12:33,COMPLETED,0,1
79KWH,8,1,FULL,14-05-2025,21:11:11,14-05-2025,21:11:12,14-05-2025,21:13:19,COMPLETED,0,1
79KWH,8,2,FULL,14-05-2025,21:12:45,14-05-2025,21:12:48,14-05-2025,21:15:34,COMPLETED,0,1
79KWH,8,1,FULL,14-05-2025,21:14:10,14-05-2025,21:14:16,14-05-2025,21:16:20,COMPLETED,0,1
79KWH,8,2,FULL,14-05-2025,21:15:44,14-05-2025,21:15:48,14-05-2025,21:18:29,COMPLETED,0,1
79KWH,8,1,FULL,14-05-2025,21:17:12,14-05-2025,21:17:17,14-05-2025,21:19:08,COMPLETED,0,1
79KWH,8,3,FULL,14-05-2025,21:17:25,14-05-2025,21:21:26,14-05-2025,21:25:52,COMPLETED,0,1
79KWH,8,2,FULL,14-05-2025,21:18:46,14-05-2025,21:18:57,14-05-2025,21:21:45,COMPLETED,0,1
79KWH,8,1,FULL,14-05-2025,21:20:10,14-05-2025,21:21:28,14-05-2025,21:23:57,COMPLETED,0,1
79KWH,8,2,FULL,14-05-2025,21:21:56,14-05-2025,21:22:00,14-05-2025,21:24:44,COMPLETED,0,1
79KWH,8,1,FULL,14-05-2025,21:24:02,14-05-2025,21:26:18,14-05-2025,21:29:07,COMPLETED,0,1
79KWH,8,2,FULL,14-05-2025,21:24:54,14-05-2025,21:24:58,14-05-2025,21:27:47,COMPLETED,0,1
79KWH,8,3,FULL,14-05-2025,21:26:02,14-05-2025,21:26:05,14-05-2025,21:30:18,COMPLETED,0,1
79KWH,8,2,FULL,14-05-2025,21:27:57,14-05-2025,21:28:02,14-05-2025,21:30:47,COMPLETED,0,1
79KWH,8,1,FULL,14-05-2025,21:29:12,14-05-2025,21:29:21,14-05-2025,21:31:24,COMPLETED,0,1
79KWH,8,3,FULL,14-05-2025,21:30:30,14-05-2025,21:34:35,14-05-2025,21:39:08,COMPLETED,0,1
79KWH,8,2,FULL,14-05-2025,21:30:56,14-05-2025,21:31:02,14-05-2025,21:33:53,COMPLETED,0,1
79KWH,8,1,FULL,14-05-2025,21:31:30,14-05-2025,21:31:38,14-05-2025,21:33:27,COMPLETED,0,1
79KWH,8,1,FULL,14-05-2025,21:33:31,14-05-2025,21:33:41,14-05-2025,21:35:11,COMPLETED,0,1
79KWH,8,2,FULL,14-05-2025,21:34:05,14-05-2025,21:34:08,14-05-2025,21:36:56,COMPLETED,0,1
79KWH,8,1,FULL,14-05-2025,21:35:16,14-05-2025,21:35:25,14-05-2025,21:37:03,COMPLETED,0,1
79KWH,8,2,FULL,14-05-2025,21:37:08,14-05-2025,21:37:11,14-05-2025,21:40:03,COMPLETED,0,1
79KWH,8,1,FULL,14-05-2025,21:37:08,14-05-2025,21:37:16,14-05-2025,21:38:47,COMPLETED,0,1
79KWH,8,1,FULL,14-05-2025,21:38:52,14-05-2025,21:39:00,14-05-2025,21:40:36,COMPLETED,0,1
79KWH,8,3,FULL,14-05-2025,21:39:20,14-05-2025,21:43:25,14-05-2025,21:47:52,COMPLETED,0,1
79KWH,8,2,FULL,14-05-2025,21:40:13,14-05-2025,21:40:18,14-05-2025,21:43:08,COMPLETED,0,1
79KWH,8,1,FULL,14-05-2025,21:40:41,14-05-2025,21:40:49,14-05-2025,21:42:22,COMPLETED,0,1
79KWH,8,1,FULL,14-05-2025,21:42:27,14-05-2025,21:42:36,14-05-2025,21:44:12,COMPLETED,0,1
79KWH,8,2,FULL,14-05-2025,21:43:18,14-05-2025,21:43:23,14-05-2025,21:46:17,COMPLETED,0,1
79KWH,8,1,FULL,14-05-2025,21:44:18,14-05-2025,21:44:26,14-05-2025,21:46:07,COMPLETED,0,1
79KWH,8,1,FULL,14-05-2025,21:46:12,14-05-2025,21:46:21,14-05-2025,21:48:00,COMPLETED,0,1
79KWH,8,2,FULL,14-05-2025,21:46:28,14-05-2025,21:46:31,14-05-2025,21:49:22,COMPLETED,0,1
79KWH,8,3,FULL,14-05-2025,21:48:03,14-05-2025,21:52:03,14-05-2025,21:56:32,COMPLETED,0,1
79KWH,8,1,FULL,14-05-2025,21:48:05,14-05-2025,21:48:14,14-05-2025,21:49:48,COMPLETED,0,1
79KWH,8,2,FULL,14-05-2025,21:49:31,14-05-2025,21:49:36,14-05-2025,21:52:32,COMPLETED,0,1
79KWH,8,1,FULL,14-05-2025,21:49:53,14-05-2025,21:50:02,14-05-2025,21:51:45,COMPLETED,0,1
79KWH,8,1,FULL,14-05-2025,21:51:50,14-05-2025,21:51:58,14-05-2025,21:53:34,COMPLETED,0,1
79KWH,8,2,FULL,14-05-2025,21:52:41,14-05-2025,21:52:46,14-05-2025,21:55:41,COMPLETED,0,1
79KWH,8,1,FULL,14-05-2025,21:53:39,14-05-2025,21:53:47,14-05-2025,21:55:32,COMPLETED,0,1
79KWH,8,1,FULL,14-05-2025,21:55:37,14-05-2025,21:57:51,14-05-2025,22:00:22,COMPLETED,0,1
79KWH,8,2,FULL,14-05-2025,21:55:50,14-05-2025,21:55:55,14-05-2025,21:58:54,COMPLETED,0,1
79KWH,8,3,FULL,14-05-2025,21:56:44,14-05-2025,22:00:48,14-05-2025,22:05:14,COMPLETED,0,1
79KWH,8,2,FULL,14-05-2025,21:59:05,14-05-2025,21:59:08,14-05-2025,22:02:03,COMPLETED,0,1
79KWH,8,1,FULL,14-05-2025,22:00:27,14-05-2025,22:00:36,14-05-2025,22:02:32,COMPLETED,0,1
79KWH,8,2,FULL,14-05-2025,22:02:13,14-05-2025,22:02:17,14-05-2025,22:05:18,COMPLETED,0,1
79KWH,8,1,FULL,14-05-2025,22:02:36,14-05-2025,22:04:30,14-05-2025,22:07:17,COMPLETED,0,1
79KWH,8,3,FULL,14-05-2025,22:05:26,14-05-2025,22:09:24,14-05-2025,22:13:54,COMPLETED,0,1
79KWH,8,2,FULL,14-05-2025,22:05:28,14-05-2025,22:05:32,14-05-2025,22:08:31,COMPLETED,0,1
79KWH,8,1,FULL,14-05-2025,22:07:22,14-05-2025,22:07:31,14-05-2025,22:09:28,COMPLETED,0,1
79KWH,8,2,FULL,14-05-2025,22:08:40,14-05-2025,22:08:45,14-05-2025,22:11:47,COMPLETED,0,1
79KWH,8,1,FULL,14-05-2025,22:09:33,14-05-2025,22:09:42,14-05-2025,22:11:19,COMPLETED,0,1
79KWH,8,1,FULL,14-05-2025,22:11:25,14-05-2025,22:11:32,14-05-2025,22:13:15,COMPLETED,0,1
79KWH,8,1,FULL,14-05-2025,22:13:20,14-05-2025,22:13:29,14-05-2025,22:15:08,COMPLETED,0,1
79KWH,8,3,FULL,14-05-2025,22:14:05,14-05-2025,22:18:03,14-05-2025,22:22:29,COMPLETED,0,1
79KWH,8,3,FULL,14-05-2025,22:22:41,14-05-2025,22:22:42,14-05-2025,22:27:07,COMPLETED,0,1
79KWH,8,3,FULL,14-05-2025,22:27:18,14-05-2025,22:31:21,14-05-2025,22:35:49,COMPLETED,0,1
79KWH,8,3,FULL,14-05-2025,22:36:02,14-05-2025,22:40:04,14-05-2025,22:44:33,COMPLETED,0,1
79KWH,8,1,FULL,14-05-2025,22:44:41,14-05-2025,22:44:53,14-05-2025,22:47:43,COMPLETED,0,1
79KWH,8,3,FULL,14-05-2025,22:44:45,14-05-2025,22:48:42,14-05-2025,22:53:09,COMPLETED,0,1
79KWH,8,2,FULL,14-05-2025,22:45:01,14-05-2025,22:45:10,14-05-2025,22:48:10,COMPLETED,0,1
79KWH,8,1,FULL,14-05-2025,22:47:47,14-05-2025,22:47:57,14-05-2025,22:50:04,COMPLETED,0,1
79KWH,8,2,FULL,14-05-2025,22:48:21,14-05-2025,22:48:24,14-05-2025,22:51:28,COMPLETED,0,1
79KWH,8,1,FULL,14-05-2025,22:50:10,14-05-2025,22:50:19,14-05-2025,22:52:16,COMPLETED,0,1
79KWH,8,2,FULL,14-05-2025,22:51:39,14-05-2025,22:51:43,14-05-2025,22:54:44,COMPLETED,0,1
79KWH,8,1,FULL,14-05-2025,22:52:21,14-05-2025,22:52:30,14-05-2025,22:54:11,COMPLETED,0,1
79KWH,8,3,FULL,14-05-2025,22:53:20,14-05-2025,22:57:18,14-05-2025,23:01:52,COMPLETED,0,1
79KWH,8,1,FULL,14-05-2025,22:54:26,14-05-2025,22:54:40,14-05-2025,22:56:27,COMPLETED,0,1
79KWH,8,2,FULL,14-05-2025,22:54:55,14-05-2025,22:54:59,14-05-2025,22:58:06,COMPLETED,0,1
79KWH,8,1,FULL,14-05-2025,22:57:30,14-05-2025,22:57:38,14-05-2025,22:59:25,COMPLETED,0,1
79KWH,8,2,FULL,14-05-2025,22:58:16,14-05-2025,22:58:20,14-05-2025,23:01:23,COMPLETED,0,1
79KWH,8,1,FULL,14-05-2025,23:00:27,14-05-2025,23:00:36,14-05-2025,23:02:23,COMPLETED,0,1
79KWH,8,2,FULL,14-05-2025,23:01:33,14-05-2025,23:01:37,14-05-2025,23:04:45,COMPLETED,0,1
79KWH,8,3,FULL,14-05-2025,23:02:02,14-05-2025,23:06:04,14-05-2025,23:10:34,COMPLETED,0,1
79KWH,8,1,FULL,14-05-2025,23:03:31,14-05-2025,23:04:36,14-05-2025,23:07:13,COMPLETED,0,1
79KWH,8,2,FULL,14-05-2025,23:04:55,14-05-2025,23:04:59,14-05-2025,23:08:06,COMPLETED,0,1
79KWH,8,1,FULL,14-05-2025,23:07:18,15-05-2025,06:37:12,15-05-2025,06:40:02,COMPLETED,0,1
79KWH,8,2,FULL,14-05-2025,23:08:17,14-05-2025,23:08:20,14-05-2025,23:11:31,COMPLETED,0,1
79KWH,8,3,FULL,14-05-2025,23:10:45,14-05-2025,23:14:41,14-05-2025,23:19:16,COMPLETED,0,1
79KWH,8,2,FULL,14-05-2025,23:11:42,14-05-2025,23:11:45,14-05-2025,23:14:51,COMPLETED,0,1
79KWH,8,2,FULL,14-05-2025,23:15:00,14-05-2025,23:15:05,14-05-2025,23:18:16,COMPLETED,0,1
79KWH,8,2,FULL,14-05-2025,23:18:26,14-05-2025,23:18:31,14-05-2025,23:21:39,COMPLETED,0,1
79KWH,8,3,FULL,14-05-2025,23:19:28,14-05-2025,23:23:29,14-05-2025,23:28:00,COMPLETED,0,1
79KWH,8,2,FULL,14-05-2025,23:21:49,14-05-2025,23:21:53,14-05-2025,23:25:08,COMPLETED,0,1
79KWH,8,2,FULL,14-05-2025,23:25:19,14-05-2025,23:25:23,14-05-2025,23:28:33,COMPLETED,0,1
79KWH,8,3,FULL,14-05-2025,23:28:11,14-05-2025,23:28:14,14-05-2025,23:32:52,COMPLETED,0,1
79KWH,8,2,FULL,14-05-2025,23:28:43,14-05-2025,23:28:47,14-05-2025,23:32:03,COMPLETED,0,1
79KWH,8,2,FULL,14-05-2025,23:32:14,14-05-2025,23:32:17,14-05-2025,23:35:30,COMPLETED,0,1
79KWH,8,3,FULL,14-05-2025,23:33:04,14-05-2025,23:33:07,14-05-2025,23:37:41,COMPLETED,0,1
79KWH,8,2,FULL,14-05-2025,23:35:41,14-05-2025,23:35:45,14-05-2025,23:39:03,COMPLETED,0,1
79KWH,8,3,FULL,14-05-2025,23:37:54,14-05-2025,23:37:56,14-05-2025,23:40:51,COMPLETED,0,1
79KWH,8,2,FULL,14-05-2025,23:39:13,14-05-2025,23:39:18,14-05-2025,23:42:33,COMPLETED,0,1
79KWH,8,3,FULL,14-05-2025,23:41:02,14-05-2025,23:41:05,14-05-2025,23:42:17,COMPLETED,0,1
79KWH,8,3,FULL,14-05-2025,23:42:28,14-05-2025,23:42:31,14-05-2025,23:43:47,COMPLETED,0,1
79KWH,8,2,FULL,14-05-2025,23:42:44,14-05-2025,23:42:48,14-05-2025,23:46:09,COMPLETED,0,1
79KWH,8,3,FULL,14-05-2025,23:43:58,14-05-2025,23:44:01,14-05-2025,23:45:13,COMPLETED,0,1
79KWH,8,3,FULL,14-05-2025,23:45:26,14-05-2025,23:45:27,14-05-2025,23:46:44,COMPLETED,0,1
79KWH,8,2,FULL,14-05-2025,23:46:18,14-05-2025,23:46:23,14-05-2025,23:49:40,COMPLETED,0,1
79KWH,8,3,FULL,14-05-2025,23:46:56,14-05-2025,23:46:58,14-05-2025,23:48:09,COMPLETED,0,1
79KWH,8,3,FULL,14-05-2025,23:48:21,14-05-2025,23:48:24,14-05-2025,23:49:42,COMPLETED,0,1
79KWH,8,2,FULL,14-05-2025,23:49:50,14-05-2025,23:49:54,14-05-2025,23:53:15,COMPLETED,0,1
79KWH,8,3,FULL,14-05-2025,23:49:52,14-05-2025,23:49:55,14-05-2025,23:51:07,COMPLETED,0,1
79KWH,8,3,FULL,14-05-2025,23:51:20,14-05-2025,23:51:21,14-05-2025,23:52:39,COMPLETED,0,1
79KWH,8,3,FULL,14-05-2025,23:52:51,14-05-2025,23:52:53,14-05-2025,23:54:07,COMPLETED,0,1
79KWH,8,2,FULL,14-05-2025,23:53:24,14-05-2025,23:53:28,14-05-2025,23:56:47,COMPLETED,0,1
79KWH,8,3,FULL,14-05-2025,23:54:18,14-05-2025,23:54:21,14-05-2025,23:55:38,COMPLETED,0,1
79KWH,8,3,FULL,14-05-2025,23:55:49,14-05-2025,23:55:52,14-05-2025,23:57:08,COMPLETED,0,1
79KWH,8,2,FULL,14-05-2025,23:56:57,14-05-2025,23:57:01,15-05-2025,00:00:25,COMPLETED,0,1
79KWH,8,3,FULL,14-05-2025,23:57:19,14-05-2025,23:57:22,14-05-2025,23:58:44,COMPLETED,0,1
79KWH,8,3,FULL,14-05-2025,23:58:55,14-05-2025,23:58:58,15-05-2025,00:00:17,COMPLETED,0,1
79KWH,8,3,FULL,15-05-2025,00:00:28,15-05-2025,00:00:32,15-05-2025,00:01:55,COMPLETED,0,1
79KWH,8,3,FULL,15-05-2025,00:02:06,15-05-2025,00:02:10,15-05-2025,00:03:29,COMPLETED,0,1
79KWH,8,1,FULL,15-05-2025,06:40:07,15-05-2025,06:40:17,15-05-2025,06:42:24,COMPLETED,0,1
79KWH,8,1,FULL,15-05-2025,06:42:29,15-05-2025,06:42:37,15-05-2025,06:44:49,COMPLETED,0,1
79KWH,8,1,FULL,15-05-2025,06:44:53,15-05-2025,06:45:02,15-05-2025,06:47:13,COMPLETED,0,1
79KWH,8,1,FULL,15-05-2025,06:47:18,15-05-2025,06:47:27,15-05-2025,06:49:40,COMPLETED,0,1
79KWH,8,3,FULL,15-05-2025,07:50:03,15-05-2025,07:50:17,15-05-2025,07:53:18,COMPLETED,0,1
79KWH,8,2,FULL,15-05-2025,07:50:14,15-05-2025,07:50:28,15-05-2025,07:53:47,COMPLETED,0,1
79KWH,8,1,FULL,15-05-2025,07:52:35,15-05-2025,07:52:39,15-05-2025,07:55:28,COMPLETED,0,1
79KWH,8,3,FULL,15-05-2025,07:53:53,15-05-2025,07:54:01,15-05-2025,07:55:23,COMPLETED,0,1
79KWH,8,2,FULL,15-05-2025,07:54:10,15-05-2025,07:54:15,15-05-2025,07:57:41,COMPLETED,0,1
79KWH,8,1,FULL,15-05-2025,07:55:33,15-05-2025,07:55:42,15-05-2025,07:57:57,COMPLETED,0,1
79KWH,8,3,FULL,15-05-2025,07:57:45,15-05-2025,07:57:58,15-05-2025,07:59:25,COMPLETED,0,1
79KWH,8,2,FULL,15-05-2025,07:57:55,15-05-2025,07:57:55,15-05-2025,08:01:18,COMPLETED,0,1
79KWH,8,1,FULL,15-05-2025,08:02:27,15-05-2025,08:04:07,15-05-2025,08:06:56,COMPLETED,0,1
79KWH,8,3,FULL,15-05-2025,08:03:47,15-05-2025,08:05:44,15-05-2025,08:08:42,COMPLETED,0,1
79KWH,8,2,FULL,15-05-2025,08:16:41,15-05-2025,08:16:52,15-05-2025,08:20:21,COMPLETED,0,1
79KWH,8,1,FULL,15-05-2025,08:18:07,15-05-2025,08:18:20,15-05-2025,08:21:13,COMPLETED,0,1
79KWH,8,3,FULL,15-05-2025,08:19:30,15-05-2025,08:19:35,15-05-2025,08:22:37,COMPLETED,0,1
79KWH,8,2,FULL,15-05-2025,08:20:31,15-05-2025,08:20:35,15-05-2025,08:24:00,COMPLETED,0,1
79KWH,8,1,FULL,15-05-2025,08:21:18,15-05-2025,08:21:28,15-05-2025,08:23:41,COMPLETED,0,1
79KWH,8,3,FULL,15-05-2025,08:22:49,15-05-2025,08:22:51,15-05-2025,08:24:21,COMPLETED,0,1
79KWH,8,1,FULL,15-05-2025,08:24:06,15-05-2025,08:24:10,15-05-2025,08:26:27,COMPLETED,0,1
79KWH,8,2,FULL,15-05-2025,08:24:10,15-05-2025,08:24:14,15-05-2025,08:27:46,COMPLETED,0,1
79KWH,8,3,FULL,15-05-2025,08:25:31,15-05-2025,08:25:32,15-05-2025,08:27:01,COMPLETED,0,1
79KWH,8,2,FULL,15-05-2025,08:27:56,15-05-2025,08:28:00,15-05-2025,08:31:28,COMPLETED,0,1
79KWH,8,1,FULL,15-05-2025,08:27:58,15-05-2025,08:28:06,15-05-2025,08:30:22,COMPLETED,0,1
79KWH,8,3,FULL,15-05-2025,08:29:18,15-05-2025,08:29:22,15-05-2025,08:30:49,COMPLETED,0,1
79KWH,8,2,FULL,15-05-2025,08:31:39,15-05-2025,08:31:42,15-05-2025,08:35:13,COMPLETED,0,1
79KWH,8,1,FULL,15-05-2025,08:31:44,15-05-2025,08:32:42,15-05-2025,08:35:21,COMPLETED,0,1
79KWH,8,3,FULL,15-05-2025,08:33:09,15-05-2025,08:34:12,15-05-2025,08:37:17,COMPLETED,0,1
79KWH,8,2,FULL,15-05-2025,08:35:23,15-05-2025,08:35:28,15-05-2025,08:38:57,COMPLETED,0,1
79KWH,8,1,FULL,15-05-2025,08:35:35,15-05-2025,08:37:35,15-05-2025,08:40:12,COMPLETED,0,1
79KWH,8,3,FULL,15-05-2025,08:37:28,15-05-2025,08:40:16,15-05-2025,08:43:16,COMPLETED,0,1
79KWH,8,2,FULL,15-05-2025,08:42:25,15-05-2025,08:42:29,15-05-2025,08:46:04,COMPLETED,0,1
79KWH,8,1,FULL,15-05-2025,08:43:48,15-05-2025,08:43:58,15-05-2025,08:46:03,COMPLETED,0,1
79KWH,8,3,FULL,15-05-2025,08:45:12,15-05-2025,08:46:24,15-05-2025,08:49:31,COMPLETED,0,1
79KWH,8,2,FULL,15-05-2025,08:46:15,15-05-2025,08:46:18,15-05-2025,08:49:50,COMPLETED,0,1
79KWH,8,1,FULL,15-05-2025,08:46:53,15-05-2025,08:46:59,15-05-2025,08:49:16,COMPLETED,0,1
79KWH,8,3,FULL,15-05-2025,08:49:41,15-05-2025,08:49:45,15-05-2025,08:51:15,COMPLETED,0,1
79KWH,8,1,FULL,15-05-2025,08:49:51,15-05-2025,08:49:58,15-05-2025,08:52:03,COMPLETED,0,1
79KWH,8,2,FULL,15-05-2025,08:50:01,15-05-2025,08:50:04,15-05-2025,08:53:40,COMPLETED,0,1
79KWH,8,3,FULL,15-05-2025,08:51:28,15-05-2025,08:54:15,15-05-2025,08:57:21,COMPLETED,0,1
79KWH,8,1,FULL,15-05-2025,08:52:58,15-05-2025,08:54:14,15-05-2025,08:56:51,COMPLETED,0,1
79KWH,8,2,FULL,15-05-2025,08:53:50,15-05-2025,08:53:55,15-05-2025,08:57:27,COMPLETED,0,1
79KWH,8,1,FULL,15-05-2025,08:56:56,15-05-2025,08:59:03,15-05-2025,09:01:45,COMPLETED,0,1
79KWH,8,3,FULL,15-05-2025,08:57:32,15-05-2025,09:00:15,15-05-2025,09:03:17,COMPLETED,0,1
79KWH,8,2,FULL,15-05-2025,08:57:38,15-05-2025,08:57:41,15-05-2025,09:01:20,COMPLETED,0,1
79KWH,8,3,FULL,15-05-2025,09:46:40,15-05-2025,09:46:43,15-05-2025,09:49:52,COMPLETED,0,1
79KWH,8,2,FULL,15-05-2025,09:46:47,15-05-2025,09:46:49,15-05-2025,09:50:27,COMPLETED,0,1
79KWH,8,3,FULL,15-05-2025,09:50:04,15-05-2025,09:50:07,15-05-2025,09:51:43,COMPLETED,0,1
79KWH,8,2,FULL,15-05-2025,09:50:38,15-05-2025,09:50:41,15-05-2025,09:54:23,COMPLETED,0,1
79KWH,8,3,FULL,15-05-2025,09:51:55,15-05-2025,09:51:56,15-05-2025,09:53:43,COMPLETED,0,1
79KWH,8,3,FULL,15-05-2025,09:53:54,15-05-2025,09:53:57,15-05-2025,09:55:35,COMPLETED,0,1
79KWH,8,3,FULL,15-05-2025,09:55:47,15-05-2025,09:55:49,15-05-2025,09:57:30,COMPLETED,0,1
79KWH,8,3,FULL,15-05-2025,09:57:41,15-05-2025,09:57:44,15-05-2025,09:59:29,COMPLETED,0,1
79KWH,8,3,FULL,15-05-2025,09:59:40,15-05-2025,10:02:24,15-05-2025,10:05:37,COMPLETED,0,1
79KWH,8,3,FULL,15-05-2025,10:05:49,15-05-2025,10:08:28,15-05-2025,10:11:36,COMPLETED,0,1
79KWH,8,3,FULL,15-05-2025,10:11:47,15-05-2025,10:14:25,15-05-2025,10:17:38,COMPLETED,0,1
79KWH,8,3,FULL,15-05-2025,10:17:48,15-05-2025,10:17:52,15-05-2025,10:19:35,COMPLETED,0,1
79KWH,8,3,FULL,15-05-2025,10:19:46,15-05-2025,10:19:49,15-05-2025,10:21:36,COMPLETED,0,1
79KWH,8,3,FULL,15-05-2025,10:21:46,15-05-2025,10:21:50,15-05-2025,10:23:38,COMPLETED,0,1
79KWH,8,3,FULL,15-05-2025,10:23:51,15-05-2025,10:23:53,15-05-2025,10:25:41,COMPLETED,0,1
79KWH,8,3,FULL,15-05-2025,10:25:53,15-05-2025,10:25:56,15-05-2025,10:27:42,COMPLETED,0,1
79KWH,8,3,FULL,15-05-2025,10:27:53,15-05-2025,10:27:56,15-05-2025,10:29:51,COMPLETED,0,1
79KWH,8,3,FULL,15-05-2025,10:30:02,15-05-2025,10:30:06,15-05-2025,10:31:54,COMPLETED,0,1
79KWH,8,3,FULL,15-05-2025,10:32:06,15-05-2025,10:32:08,15-05-2025,10:34:01,COMPLETED,0,1
79KWH,8,3,FULL,15-05-2025,10:34:12,15-05-2025,10:34:15,15-05-2025,10:36:11,COMPLETED,0,1
79KWH,8,3,FULL,15-05-2025,10:36:21,15-05-2025,10:38:59,15-05-2025,10:42:16,COMPLETED,0,1
79KWH,8,3,FULL,15-05-2025,10:42:28,15-05-2025,10:42:30,15-05-2025,10:44:23,COMPLETED,0,1
79KWH,8,3,FULL,15-05-2025,10:44:35,15-05-2025,10:47:00,15-05-2025,10:50:19,COMPLETED,0,1
79KWH,8,3,FULL,15-05-2025,10:50:30,15-05-2025,10:52:58,15-05-2025,10:56:12,COMPLETED,0,1
79KWH,8,3,FULL,15-05-2025,10:56:22,15-05-2025,10:56:26,15-05-2025,10:58:27,COMPLETED,0,1
79KWH,8,3,FULL,15-05-2025,10:58:38,15-05-2025,11:01:09,15-05-2025,11:04:24,COMPLETED,0,1
79KWH,8,3,FULL,15-05-2025,11:04:36,15-05-2025,11:07:03,15-05-2025,11:10:25,COMPLETED,0,1
79KWH,8,3,FULL,15-05-2025,11:10:37,15-05-2025,11:13:05,15-05-2025,11:16:22,COMPLETED,0,1
79KWH,8,3,FULL,15-05-2025,11:16:35,15-05-2025,11:16:37,15-05-2025,11:18:48,COMPLETED,0,1
79KWH,8,3,FULL,15-05-2025,11:18:59,15-05-2025,11:19:02,15-05-2025,11:21:11,COMPLETED,0,1
79KWH,8,3,FULL,15-05-2025,11:21:23,15-05-2025,11:23:48,15-05-2025,11:27:11,COMPLETED,0,1
79KWH,8,3,FULL,15-05-2025,11:27:23,15-05-2025,11:29:42,15-05-2025,11:33:00,COMPLETED,0,1
79KWH,8,3,FULL,15-05-2025,11:33:12,15-05-2025,11:35:42,15-05-2025,11:39:09,COMPLETED,0,1
79KWH,8,3,FULL,15-05-2025,11:39:22,15-05-2025,11:39:24,15-05-2025,11:41:35,COMPLETED,0,1
79KWH,8,3,FULL,15-05-2025,11:41:49,15-05-2025,11:41:50,15-05-2025,11:44:07,COMPLETED,0,1
79KWH,8,3,FULL,15-05-2025,11:44:18,15-05-2025,11:44:21,15-05-2025,11:46:30,COMPLETED,0,1
79KWH,8,3,FULL,15-05-2025,11:46:41,15-05-2025,11:46:44,15-05-2025,11:48:57,COMPLETED,0,1
79KWH,8,3,FULL,15-05-2025,11:49:08,15-05-2025,11:49:11,15-05-2025,11:51:27,COMPLETED,0,1
79KWH,8,3,FULL,15-05-2025,11:51:37,15-05-2025,11:53:58,15-05-2025,11:57:25,COMPLETED,0,1
79KWH,8,3,FULL,15-05-2025,11:57:37,15-05-2025,11:59:57,15-05-2025,12:03:22,COMPLETED,0,1
79KWH,8,3,FULL,15-05-2025,12:03:32,15-05-2025,12:05:48,15-05-2025,12:09:16,COMPLETED,0,1
79KWH,8,3,FULL,15-05-2025,12:09:28,15-05-2025,12:09:30,15-05-2025,12:11:44,COMPLETED,0,1
79KWH,8,3,FULL,16-05-2025,07:56:38,16-05-2025,07:56:42,16-05-2025,08:00:10,COMPLETED,0,1
79KWH,8,3,FULL,16-05-2025,08:00:22,16-05-2025,08:00:26,16-05-2025,08:02:41,COMPLETED,0,1
79KWH,8,3,FULL,16-05-2025,08:02:52,16-05-2025,08:02:55,16-05-2025,08:05:20,COMPLETED,0,1
79KWH,8,3,FULL,16-05-2025,08:05:32,16-05-2025,08:05:35,16-05-2025,08:07:52,COMPLETED,0,1
79KWH,8,3,FULL,16-05-2025,08:08:02,16-05-2025,08:10:27,16-05-2025,08:14:04,COMPLETED,0,1
79KWH,8,3,FULL,16-05-2025,08:14:15,16-05-2025,08:16:34,16-05-2025,08:20:01,COMPLETED,0,1
79KWH,8,3,FULL,16-05-2025,08:20:13,16-05-2025,08:22:33,16-05-2025,08:26:05,COMPLETED,0,1
79KWH,8,3,FULL,16-05-2025,08:26:15,16-05-2025,08:26:19,16-05-2025,08:28:42,COMPLETED,0,1
79KWH,8,3,FULL,16-05-2025,08:28:55,16-05-2025,08:28:56,16-05-2025,08:31:23,COMPLETED,0,1
79KWH,8,3,FULL,16-05-2025,08:31:35,16-05-2025,08:31:37,16-05-2025,08:34:01,COMPLETED,0,1
79KWH,8,3,FULL,16-05-2025,08:34:12,16-05-2025,08:36:32,16-05-2025,08:40:05,COMPLETED,0,1
79KWH,8,3,FULL,16-05-2025,08:40:16,16-05-2025,08:42:40,16-05-2025,08:46:09,COMPLETED,0,1
79KWH,8,3,FULL,16-05-2025,08:46:21,16-05-2025,08:48:34,16-05-2025,08:52:08,COMPLETED,0,1
79KWH,8,2,FULL,16-05-2025,08:51:33,16-05-2025,08:51:43,16-05-2025,08:54:04,COMPLETED,0,1
79KWH,8,3,FULL,16-05-2025,08:52:20,16-05-2025,08:54:43,16-05-2025,08:58:13,COMPLETED,0,1
79KWH,8,2,FULL,16-05-2025,08:54:14,16-05-2025,08:54:18,16-05-2025,08:58:01,COMPLETED,0,1
79KWH,8,2,FULL,16-05-2025,08:58:10,16-05-2025,08:58:15,16-05-2025,09:01:57,COMPLETED,0,1
79KWH,8,3,FULL,16-05-2025,08:58:25,16-05-2025,09:00:31,16-05-2025,09:04:06,COMPLETED,0,1
79KWH,8,2,FULL,16-05-2025,09:02:06,16-05-2025,09:02:10,16-05-2025,09:05:57,COMPLETED,0,1
79KWH,8,3,FULL,16-05-2025,09:04:18,16-05-2025,09:06:32,16-05-2025,09:10:03,COMPLETED,0,1
79KWH,8,2,FULL,16-05-2025,09:06:07,16-05-2025,09:06:11,16-05-2025,09:09:53,COMPLETED,0,1
79KWH,8,2,FULL,16-05-2025,09:10:04,16-05-2025,09:10:07,16-05-2025,09:13:53,COMPLETED,0,1
79KWH,8,3,FULL,16-05-2025,09:10:14,16-05-2025,09:10:16,16-05-2025,09:12:51,COMPLETED,0,1
79KWH,8,3,FULL,16-05-2025,09:13:02,16-05-2025,09:13:05,16-05-2025,09:15:37,COMPLETED,0,1
79KWH,8,2,FULL,16-05-2025,09:14:04,16-05-2025,09:14:08,16-05-2025,09:17:52,COMPLETED,0,1
79KWH,8,3,FULL,16-05-2025,09:15:50,16-05-2025,09:15:52,16-05-2025,09:18:34,COMPLETED,0,1
79KWH,8,2,FULL,16-05-2025,09:18:02,16-05-2025,09:18:07,16-05-2025,09:21:55,COMPLETED,0,1
79KWH,8,3,FULL,16-05-2025,09:18:45,16-05-2025,09:18:48,16-05-2025,09:21:22,COMPLETED,0,1
79KWH,8,3,FULL,16-05-2025,09:21:33,16-05-2025,09:21:36,16-05-2025,09:24:17,COMPLETED,0,1
79KWH,8,3,FULL,16-05-2025,09:24:27,16-05-2025,09:24:31,16-05-2025,09:27:07,COMPLETED,0,1
79KWH,8,3,FULL,16-05-2025,09:27:20,16-05-2025,09:29:36,16-05-2025,09:33:16,COMPLETED,0,1
79KWH,8,2,FULL,16-05-2025,09:30:17,16-05-2025,09:30:24,16-05-2025,09:34:09,COMPLETED,0,1
79KWH,8,3,FULL,16-05-2025,09:33:27,16-05-2025,09:35:34,16-05-2025,09:39:10,COMPLETED,0,1
79KWH,8,2,FULL,16-05-2025,09:34:20,16-05-2025,09:34:23,16-05-2025,09:38:10,COMPLETED,0,1
79KWH,8,2,FULL,16-05-2025,09:38:21,16-05-2025,09:38:24,16-05-2025,09:42:17,COMPLETED,0,1
79KWH,8,3,FULL,16-05-2025,09:39:21,16-05-2025,09:41:25,16-05-2025,09:45:05,COMPLETED,0,1
79KWH,8,2,FULL,16-05-2025,09:42:27,16-05-2025,09:42:32,16-05-2025,09:46:26,COMPLETED,0,1
79KWH,8,3,FULL,16-05-2025,09:45:17,16-05-2025,09:45:18,16-05-2025,09:47:57,COMPLETED,0,1
79KWH,8,2,FULL,16-05-2025,09:46:35,16-05-2025,09:46:39,16-05-2025,09:50:30,COMPLETED,0,1
79KWH,8,3,FULL,16-05-2025,09:48:09,16-05-2025,09:48:11,16-05-2025,09:51:00,COMPLETED,0,1
79KWH,8,2,FULL,16-05-2025,09:50:41,16-05-2025,09:50:45,16-05-2025,09:54:44,COMPLETED,0,1
79KWH,8,3,FULL,16-05-2025,09:51:11,16-05-2025,09:51:15,16-05-2025,09:53:55,COMPLETED,0,1
79KWH,8,3,FULL,16-05-2025,09:54:05,16-05-2025,09:54:09,16-05-2025,09:56:56,COMPLETED,0,1
79KWH,8,2,FULL,16-05-2025,09:54:54,16-05-2025,09:54:58,16-05-2025,09:58:52,COMPLETED,0,1
79KWH,8,3,FULL,16-05-2025,09:57:07,16-05-2025,09:57:10,16-05-2025,09:59:54,COMPLETED,0,1
79KWH,8,2,FULL,16-05-2025,09:59:01,16-05-2025,09:59:06,16-05-2025,10:03:06,COMPLETED,0,1
79KWH,8,3,FULL,16-05-2025,10:00:06,16-05-2025,10:00:08,16-05-2025,10:03:02,COMPLETED,0,1
79KWH,8,3,FULL,16-05-2025,10:03:14,16-05-2025,10:03:16,16-05-2025,10:06:06,COMPLETED,0,1
79KWH,8,2,FULL,16-05-2025,10:03:16,16-05-2025,10:03:20,16-05-2025,10:07:20,COMPLETED,0,1
79KWH,8,3,FULL,16-05-2025,10:06:17,16-05-2025,10:06:20,16-05-2025,10:09:10,COMPLETED,0,1
79KWH,8,2,FULL,16-05-2025,10:07:30,16-05-2025,10:07:34,16-05-2025,10:11:39,COMPLETED,0,1
79KWH,8,3,FULL,16-05-2025,10:09:22,16-05-2025,10:09:25,16-05-2025,10:12:17,COMPLETED,0,1
79KWH,8,2,FULL,16-05-2025,10:11:49,16-05-2025,10:11:53,16-05-2025,10:15:56,COMPLETED,0,1
79KWH,8,3,FULL,16-05-2025,10:12:30,16-05-2025,10:12:31,16-05-2025,10:15:24,COMPLETED,0,1
79KWH,8,3,FULL,16-05-2025,10:15:35,16-05-2025,10:15:37,16-05-2025,10:18:27,COMPLETED,0,1
79KWH,8,2,FULL,16-05-2025,10:16:07,16-05-2025,10:16:10,16-05-2025,10:20:17,COMPLETED,0,1
79KWH,8,3,FULL,16-05-2025,10:18:39,16-05-2025,10:18:41,16-05-2025,10:21:35,COMPLETED,0,1
79KWH,8,2,FULL,16-05-2025,10:20:27,16-05-2025,10:20:31,16-05-2025,10:24:32,COMPLETED,0,1
79KWH,8,3,FULL,16-05-2025,10:21:47,16-05-2025,10:23:54,16-05-2025,10:27:36,COMPLETED,0,1
79KWH,8,2,FULL,16-05-2025,10:24:42,16-05-2025,10:24:46,16-05-2025,10:28:53,COMPLETED,0,1
79KWH,8,3,FULL,16-05-2025,10:27:47,16-05-2025,10:29:50,16-05-2025,10:33:39,COMPLETED,0,1
79KWH,8,2,FULL,16-05-2025,10:28:58,16-05-2025,10:29:07,16-05-2025,10:33:04,COMPLETED,0,1
79KWH,8,2,FULL,16-05-2025,10:33:14,16-05-2025,10:33:18,16-05-2025,10:37:15,COMPLETED,0,1
79KWH,8,3,FULL,16-05-2025,10:33:50,16-05-2025,10:35:49,16-05-2025,10:39:32,COMPLETED,0,1
79KWH,8,2,FULL,16-05-2025,10:37:25,16-05-2025,10:37:30,16-05-2025,10:41:40,COMPLETED,0,1
79KWH,8,3,FULL,16-05-2025,10:39:43,16-05-2025,10:39:46,16-05-2025,10:42:45,COMPLETED,0,1
79KWH,8,2,FULL,16-05-2025,10:41:49,16-05-2025,10:41:53,16-05-2025,10:45:59,COMPLETED,0,1
79KWH,8,3,FULL,16-05-2025,10:42:56,16-05-2025,10:42:59,16-05-2025,10:45:59,COMPLETED,0,1
79KWH,8,2,FULL,16-05-2025,10:46:08,16-05-2025,10:46:13,16-05-2025,10:50:22,COMPLETED,0,1
79KWH,8,3,FULL,16-05-2025,10:46:11,16-05-2025,10:46:13,16-05-2025,10:49:12,COMPLETED,0,1
79KWH,8,3,FULL,16-05-2025,10:49:24,16-05-2025,10:49:27,16-05-2025,10:52:23,COMPLETED,0,1
79KWH,8,2,FULL,16-05-2025,10:50:32,16-05-2025,10:50:36,16-05-2025,10:54:42,COMPLETED,0,1
79KWH,8,3,FULL,16-05-2025,10:52:34,16-05-2025,10:52:37,16-05-2025,10:55:39,COMPLETED,0,1
79KWH,8,2,FULL,16-05-2025,10:54:52,16-05-2025,10:54:57,16-05-2025,10:59:08,COMPLETED,0,1
79KWH,8,3,FULL,16-05-2025,10:55:51,16-05-2025,10:57:55,16-05-2025,11:01:41,COMPLETED,0,1
79KWH,8,2,FULL,16-05-2025,10:59:19,16-05-2025,10:59:22,16-05-2025,11:03:30,COMPLETED,0,1
79KWH,8,3,FULL,16-05-2025,11:01:52,16-05-2025,11:03:52,16-05-2025,11:07:42,COMPLETED,0,1
79KWH,8,2,FULL,16-05-2025,11:03:39,16-05-2025,11:03:43,16-05-2025,11:07:55,COMPLETED,0,1
79KWH,8,3,FULL,16-05-2025,11:07:52,16-05-2025,11:07:56,16-05-2025,11:11:02,COMPLETED,0,1
79KWH,8,2,FULL,16-05-2025,11:08:04,16-05-2025,11:08:08,16-05-2025,11:12:17,COMPLETED,0,1
79KWH,8,3,FULL,16-05-2025,11:11:13,16-05-2025,11:13:04,16-05-2025,11:16:58,COMPLETED,0,1
79KWH,8,2,FULL,16-05-2025,11:12:27,16-05-2025,11:12:32,16-05-2025,11:16:47,COMPLETED,0,1
79KWH,8,2,FULL,16-05-2025,11:16:58,16-05-2025,11:17:01,16-05-2025,11:21:13,COMPLETED,0,1
79KWH,8,3,FULL,16-05-2025,11:17:08,16-05-2025,11:19:03,16-05-2025,11:22:51,COMPLETED,0,1
79KWH,8,2,FULL,16-05-2025,11:21:22,16-05-2025,11:21:26,16-05-2025,11:25:42,COMPLETED,0,1
79KWH,8,3,FULL,16-05-2025,11:23:02,16-05-2025,11:23:04,16-05-2025,11:26:13,COMPLETED,0,1
79KWH,8,2,FULL,16-05-2025,11:25:51,16-05-2025,11:25:56,16-05-2025,11:30:09,COMPLETED,0,1
79KWH,8,3,FULL,16-05-2025,11:26:23,16-05-2025,11:28:20,16-05-2025,11:32:10,COMPLETED,0,1
79KWH,8,2,FULL,16-05-2025,11:30:20,16-05-2025,11:30:23,16-05-2025,11:34:42,COMPLETED,0,1
79KWH,8,3,FULL,16-05-2025,11:32:22,16-05-2025,11:34:17,16-05-2025,11:38:11,COMPLETED,0,1
79KWH,8,2,FULL,16-05-2025,11:34:53,16-05-2025,11:34:56,16-05-2025,11:39:17,COMPLETED,0,1
79KWH,8,3,FULL,16-05-2025,11:38:22,16-05-2025,11:38:25,16-05-2025,11:41:32,COMPLETED,0,1
79KWH,8,2,FULL,16-05-2025,11:39:27,16-05-2025,11:39:31,16-05-2025,11:43:57,COMPLETED,0,1
79KWH,8,3,FULL,16-05-2025,11:41:45,16-05-2025,11:41:46,16-05-2025,11:44:58,COMPLETED,0,1
79KWH,8,2,FULL,16-05-2025,11:44:07,16-05-2025,11:44:11,16-05-2025,11:48:29,COMPLETED,0,1
79KWH,8,3,FULL,16-05-2025,11:45:10,16-05-2025,11:47:04,16-05-2025,11:50:55,COMPLETED,0,1
79KWH,8,2,FULL,16-05-2025,11:48:38,16-05-2025,11:48:43,16-05-2025,11:53:05,COMPLETED,0,1
79KWH,8,3,FULL,16-05-2025,11:51:06,16-05-2025,11:52:59,16-05-2025,11:56:55,COMPLETED,0,1
79KWH,8,2,FULL,16-05-2025,11:53:15,16-05-2025,11:53:19,16-05-2025,11:57:43,COMPLETED,0,1
79KWH,8,3,FULL,16-05-2025,11:57:06,16-05-2025,11:58:53,16-05-2025,12:02:45,COMPLETED,0,1
79KWH,8,2,FULL,16-05-2025,11:57:53,16-05-2025,11:57:57,16-05-2025,12:02:21,COMPLETED,0,1
79KWH,8,2,FULL,16-05-2025,12:02:32,16-05-2025,12:02:35,16-05-2025,12:06:55,COMPLETED,0,1
79KWH,8,3,FULL,16-05-2025,12:02:53,16-05-2025,12:03:00,16-05-2025,12:06:55,ABORT,0,1
79KWH,8,2,FULL,16-05-2025,12:26:08,16-05-2025,12:26:14,16-05-2025,12:30:41,COMPLETED,0,1
79KWH,8,2,FULL,16-05-2025,12:30:50,16-05-2025,12:30:55,16-05-2025,12:35:23,COMPLETED,0,1
79KWH,8,2,FULL,16-05-2025,12:35:32,16-05-2025,12:35:37,16-05-2025,12:40:11,COMPLETED,0,1
79KWH,8,2,FULL,16-05-2025,12:40:21,16-05-2025,12:41:47,16-05-2025,12:46:09,COMPLETED,0,1
79KWH,8,2,FULL,16-05-2025,12:46:19,16-05-2025,12:47:49,16-05-2025,12:52:27,COMPLETED,0,1
79KWH,8,2,FULL,16-05-2025,12:52:38,16-05-2025,12:52:42,16-05-2025,12:57:07,COMPLETED,0,1
79KWH,8,2,FULL,16-05-2025,12:57:17,16-05-2025,12:57:21,16-05-2025,13:01:34,COMPLETED,0,1
79KWH,8,3,FULL,16-05-2025,13:01:24,16-05-2025,13:03:16,16-05-2025,13:07:15,COMPLETED,0,1
79KWH,8,2,FULL,16-05-2025,13:01:45,16-05-2025,13:01:48,16-05-2025,13:06:13,COMPLETED,0,1
79KWH,8,2,FULL,16-05-2025,13:06:24,16-05-2025,13:06:27,16-05-2025,13:11:04,COMPLETED,0,1
79KWH,8,3,FULL,16-05-2025,13:07:26,16-05-2025,13:17:00,16-05-2025,13:20:11,COMPLETED,0,1
79KWH,8,2,FULL,16-05-2025,13:11:15,16-05-2025,13:11:17,16-05-2025,13:15:52,COMPLETED,0,1
79KWH,8,2,FULL,16-05-2025,13:16:02,16-05-2025,13:16:06,16-05-2025,13:19:07,COMPLETED,0,1
79KWH,8,2,FULL,16-05-2025,13:19:16,16-05-2025,13:19:22,16-05-2025,13:20:41,COMPLETED,0,1
79KWH,8,3,FULL,16-05-2025,13:20:22,16-05-2025,13:22:07,16-05-2025,13:26:06,COMPLETED,0,1
79KWH,8,2,FULL,16-05-2025,13:20:52,16-05-2025,13:20:55,16-05-2025,13:22:19,COMPLETED,0,1
79KWH,8,2,FULL,16-05-2025,13:22:28,16-05-2025,13:22:33,16-05-2025,13:23:53,COMPLETED,0,1
79KWH,8,2,FULL,16-05-2025,13:24:04,16-05-2025,13:24:07,16-05-2025,13:25:31,COMPLETED,0,1
79KWH,8,2,FULL,16-05-2025,13:25:41,16-05-2025,13:25:46,16-05-2025,13:27:05,COMPLETED,0,1
79KWH,8,3,FULL,16-05-2025,13:26:19,16-05-2025,13:28:12,16-05-2025,13:32:07,COMPLETED,0,1
79KWH,8,2,FULL,16-05-2025,13:27:14,16-05-2025,13:27:19,16-05-2025,13:28:43,COMPLETED,0,1
79KWH,8,2,FULL,16-05-2025,13:28:53,16-05-2025,13:28:58,16-05-2025,13:30:19,COMPLETED,0,1
79KWH,8,2,FULL,16-05-2025,13:30:29,16-05-2025,13:30:33,16-05-2025,13:31:58,COMPLETED,0,1
79KWH,8,2,FULL,16-05-2025,13:32:09,16-05-2025,13:32:12,16-05-2025,13:33:32,COMPLETED,0,1
79KWH,8,3,FULL,16-05-2025,13:32:18,16-05-2025,13:32:20,16-05-2025,13:35:39,COMPLETED,0,1
79KWH,8,2,FULL,16-05-2025,13:33:41,16-05-2025,13:33:46,16-05-2025,13:35:10,COMPLETED,0,1
79KWH,8,2,FULL,16-05-2025,13:35:19,16-05-2025,13:35:24,16-05-2025,13:36:44,COMPLETED,0,1
79KWH,8,3,FULL,16-05-2025,13:35:50,16-05-2025,13:37:42,16-05-2025,13:41:37,COMPLETED,0,1
79KWH,8,2,FULL,16-05-2025,13:36:55,16-05-2025,13:36:59,16-05-2025,13:38:25,COMPLETED,0,1
79KWH,8,2,FULL,16-05-2025,13:38:35,16-05-2025,13:38:39,16-05-2025,13:40:00,COMPLETED,0,1
79KWH,8,2,FULL,16-05-2025,13:40:10,16-05-2025,13:40:14,16-05-2025,13:41:38,COMPLETED,0,1
79KWH,8,3,FULL,16-05-2025,13:41:49,16-05-2025,13:43:36,16-05-2025,13:47:36,COMPLETED,0,1
79KWH,8,2,FULL,16-05-2025,13:41:50,16-05-2025,13:41:53,16-05-2025,13:43:13,COMPLETED,0,1
79KWH,8,2,FULL,16-05-2025,13:43:22,16-05-2025,13:43:26,16-05-2025,13:44:53,COMPLETED,0,1
79KWH,8,2,FULL,16-05-2025,13:45:02,16-05-2025,13:45:06,16-05-2025,13:46:27,COMPLETED,0,1
79KWH,8,2,FULL,16-05-2025,13:46:38,16-05-2025,13:46:40,16-05-2025,13:48:08,COMPLETED,0,1
79KWH,8,3,FULL,16-05-2025,13:47:48,16-05-2025,13:49:32,16-05-2025,13:53:30,COMPLETED,0,1
79KWH,8,2,FULL,16-05-2025,13:48:18,16-05-2025,13:48:22,16-05-2025,13:49:44,COMPLETED,0,1
79KWH,8,2,FULL,16-05-2025,13:49:54,16-05-2025,13:49:58,16-05-2025,13:51:26,COMPLETED,0,1
79KWH,8,2,FULL,16-05-2025,13:51:36,16-05-2025,13:51:40,16-05-2025,13:53:04,COMPLETED,0,1
79KWH,8,2,FULL,16-05-2025,13:53:14,16-05-2025,13:53:18,16-05-2025,13:54:47,COMPLETED,0,1
79KWH,8,3,FULL,16-05-2025,13:53:42,16-05-2025,13:55:34,16-05-2025,13:59:35,COMPLETED,0,1
79KWH,8,2,FULL,16-05-2025,13:54:57,16-05-2025,13:55:01,16-05-2025,13:56:30,COMPLETED,0,1
79KWH,8,2,FULL,16-05-2025,13:56:39,16-05-2025,13:56:44,16-05-2025,13:58:17,COMPLETED,0,1
79KWH,8,2,FULL,16-05-2025,13:58:27,16-05-2025,13:58:31,16-05-2025,13:59:59,COMPLETED,0,1
79KWH,8,2,FULL,16-05-2025,14:00:10,16-05-2025,14:00:14,16-05-2025,14:01:47,COMPLETED,0,1
79KWH,8,2,FULL,16-05-2025,14:01:58,16-05-2025,14:02:00,16-05-2025,14:03:32,COMPLETED,0,1
79KWH,8,2,FULL,16-05-2025,14:03:43,16-05-2025,14:03:46,16-05-2025,14:05:23,COMPLETED,0,1
79KWH,8,2,FULL,16-05-2025,14:05:33,16-05-2025,14:05:37,16-05-2025,14:07:10,COMPLETED,0,1
79KWH,8,2,FULL,16-05-2025,14:07:20,16-05-2025,14:07:24,16-05-2025,14:09:01,COMPLETED,0,1
79KWH,8,2,FULL,16-05-2025,14:09:12,16-05-2025,14:09:15,16-05-2025,14:10:50,COMPLETED,0,1
79KWH,8,2,FULL,16-05-2025,14:30:10,16-05-2025,14:30:23,16-05-2025,14:32:02,COMPLETED,0,1
79KWH,8,2,FULL,16-05-2025,14:32:13,16-05-2025,14:32:16,16-05-2025,14:33:51,COMPLETED,0,1
79KWH,8,2,FULL,16-05-2025,14:34:02,16-05-2025,14:34:06,16-05-2025,14:35:48,COMPLETED,0,1
79KWH,8,2,FULL,16-05-2025,14:35:58,16-05-2025,14:36:03,16-05-2025,14:37:42,COMPLETED,0,1
79KWH,8,2,FULL,16-05-2025,14:37:52,16-05-2025,14:37:56,16-05-2025,14:39:41,COMPLETED,0,1
79KWH,8,2,FULL,16-05-2025,14:39:50,16-05-2025,14:39:55,16-05-2025,14:41:36,COMPLETED,0,1
79KWH,8,2,FULL,16-05-2025,14:41:47,16-05-2025,14:41:50,16-05-2025,14:43:38,COMPLETED,0,1
79KWH,8,2,FULL,16-05-2025,14:43:50,16-05-2025,14:43:52,16-05-2025,14:45:36,COMPLETED,0,1
79KWH,8,2,FULL,16-05-2025,14:45:45,16-05-2025,14:45:50,16-05-2025,14:47:37,COMPLETED,0,1
79KWH,8,2,FULL,16-05-2025,14:47:46,16-05-2025,14:47:51,16-05-2025,14:49:35,COMPLETED,0,1
79KWH,8,2,FULL,16-05-2025,14:49:46,16-05-2025,14:49:50,16-05-2025,14:51:39,COMPLETED,0,1
79KWH,8,2,FULL,16-05-2025,14:51:49,16-05-2025,14:51:54,16-05-2025,14:53:39,COMPLETED,0,1
79KWH,8,2,FULL,16-05-2025,14:53:48,16-05-2025,14:53:53,16-05-2025,14:55:44,COMPLETED,0,1
79KWH,8,2,FULL,16-05-2025,14:55:54,16-05-2025,14:55:58,16-05-2025,14:57:45,COMPLETED,0,1
79KWH,8,2,FULL,16-05-2025,14:57:56,16-05-2025,14:57:59,16-05-2025,14:59:53,COMPLETED,0,1
79KWH,8,3,FULL,16-05-2025,14:58:15,16-05-2025,14:59:10,16-05-2025,15:03:12,COMPLETED,0,1
79KWH,8,2,FULL,16-05-2025,15:00:04,16-05-2025,15:00:07,16-05-2025,15:01:58,COMPLETED,0,1
79KWH,8,2,FULL,16-05-2025,15:02:08,16-05-2025,15:02:12,16-05-2025,15:04:07,COMPLETED,0,1
79KWH,8,3,FULL,16-05-2025,15:03:23,16-05-2025,15:05:05,16-05-2025,15:09:04,COMPLETED,0,1
79KWH,8,2,FULL,16-05-2025,15:04:17,16-05-2025,15:04:22,16-05-2025,15:06:13,COMPLETED,0,1
79KWH,8,2,FULL,16-05-2025,15:06:23,16-05-2025,15:06:26,16-05-2025,15:08:23,COMPLETED,0,1
79KWH,8,2,FULL,16-05-2025,15:08:32,16-05-2025,15:08:37,16-05-2025,15:10:31,COMPLETED,0,1
79KWH,8,3,FULL,16-05-2025,15:09:10,16-05-2025,15:11:03,16-05-2025,00:00:00,ABORT,0,1
79KWH,8,2,FULL,16-05-2025,15:10:42,16-05-2025,15:10:45,16-05-2025,15:12:44,COMPLETED,0,1
79KWH,8,2,FULL,16-05-2025,15:12:55,16-05-2025,15:12:57,16-05-2025,15:14:54,COMPLETED,0,1
79KWH,8,2,FULL,16-05-2025,15:15:03,16-05-2025,15:15:09,16-05-2025,15:17:09,COMPLETED,0,1
79KWH,8,2,FULL,16-05-2025,15:17:19,16-05-2025,15:17:23,16-05-2025,15:19:20,COMPLETED,0,1
79KWH,8,2,FULL,16-05-2025,15:19:30,16-05-2025,15:19:34,16-05-2025,15:21:36,COMPLETED,0,1
79KWH,8,2,FULL,16-05-2025,15:21:46,16-05-2025,15:21:49,16-05-2025,15:23:48,COMPLETED,0,1
79KWH,8,2,FULL,16-05-2025,15:23:58,16-05-2025,15:24:02,16-05-2025,15:26:08,COMPLETED,0,1
79KWH,8,2,FULL,16-05-2025,15:26:16,16-05-2025,15:26:22,16-05-2025,15:28:24,COMPLETED,0,1
79KWH,8,2,FULL,16-05-2025,15:28:34,16-05-2025,15:28:38,16-05-2025,15:30:46,COMPLETED,0,1
79KWH,8,2,FULL,16-05-2025,15:30:55,16-05-2025,15:31:00,16-05-2025,15:33:04,COMPLETED,0,1
79KWH,8,2,FULL,16-05-2025,15:33:16,16-05-2025,15:33:18,16-05-2025,15:35:26,COMPLETED,0,1
79KWH,8,2,FULL,16-05-2025,15:35:36,16-05-2025,15:35:41,16-05-2025,15:37:46,COMPLETED,0,1
79KWH,8,2,FULL,16-05-2025,15:37:56,16-05-2025,15:38:00,16-05-2025,15:40:11,COMPLETED,0,1
79KWH,8,2,FULL,16-05-2025,15:40:21,16-05-2025,15:40:26,16-05-2025,15:42:33,COMPLETED,0,1
79KWH,8,2,FULL,16-05-2025,15:42:43,16-05-2025,15:42:46,16-05-2025,15:44:58,COMPLETED,0,1
79KWH,8,2,FULL,16-05-2025,15:45:08,16-05-2025,15:45:13,16-05-2025,15:47:24,COMPLETED,0,1
79KWH,8,2,FULL,16-05-2025,15:47:33,16-05-2025,15:47:41,16-05-2025,15:49:56,COMPLETED,0,1
79KWH,8,3,FULL,16-05-2025,15:48:22,16-05-2025,16:01:55,16-05-2025,16:05:32,COMPLETED,0,1
79KWH,8,2,FULL,16-05-2025,15:50:06,16-05-2025,15:50:16,16-05-2025,15:52:28,COMPLETED,0,1
79KWH,8,2,FULL,16-05-2025,15:52:38,16-05-2025,15:52:42,16-05-2025,15:54:59,COMPLETED,0,1
79KWH,8,2,FULL,16-05-2025,15:55:10,16-05-2025,15:55:14,16-05-2025,15:57:27,COMPLETED,0,1
79KWH,8,2,FULL,16-05-2025,15:57:38,16-05-2025,15:57:41,16-05-2025,16:00:01,COMPLETED,0,1
79KWH,8,2,FULL,16-05-2025,16:00:12,16-05-2025,16:00:15,16-05-2025,16:02:31,COMPLETED,0,1
79KWH,8,2,FULL,16-05-2025,16:02:41,16-05-2025,16:02:45,16-05-2025,16:05:04,COMPLETED,0,1
79KWH,8,2,FULL,16-05-2025,16:05:14,16-05-2025,16:05:19,16-05-2025,16:07:35,COMPLETED,0,1
79KWH,8,3,FULL,16-05-2025,16:05:38,16-05-2025,16:07:50,16-05-2025,16:11:53,COMPLETED,0,1
79KWH,8,2,FULL,16-05-2025,16:07:46,16-05-2025,16:07:48,16-05-2025,16:10:11,COMPLETED,0,1
79KWH,8,2,FULL,16-05-2025,16:10:22,16-05-2025,16:10:25,16-05-2025,16:12:44,COMPLETED,0,1
79KWH,8,3,FULL,16-05-2025,16:11:59,16-05-2025,16:13:49,16-05-2025,16:17:49,COMPLETED,0,1
79KWH,8,2,FULL,16-05-2025,16:12:54,16-05-2025,16:12:59,16-05-2025,16:15:22,COMPLETED,0,1
79KWH,8,2,FULL,16-05-2025,16:15:32,16-05-2025,16:15:37,16-05-2025,16:17:58,COMPLETED,0,1
79KWH,8,3,FULL,16-05-2025,16:17:56,16-05-2025,16:19:45,16-05-2025,16:23:49,COMPLETED,0,1
79KWH,8,2,FULL,16-05-2025,16:18:07,16-05-2025,16:18:11,16-05-2025,16:20:37,COMPLETED,0,1
79KWH,8,2,FULL,16-05-2025,16:20:48,16-05-2025,16:20:51,16-05-2025,16:23:15,COMPLETED,0,1
79KWH,8,2,FULL,16-05-2025,16:23:25,16-05-2025,16:23:29,16-05-2025,16:25:57,COMPLETED,0,1
79KWH,8,3,FULL,16-05-2025,16:23:55,16-05-2025,16:25:45,16-05-2025,16:29:44,COMPLETED,0,1
79KWH,8,2,FULL,16-05-2025,16:26:07,16-05-2025,16:26:10,16-05-2025,16:28:34,COMPLETED,0,1
79KWH,8,2,FULL,16-05-2025,16:28:45,16-05-2025,16:28:48,16-05-2025,16:31:18,COMPLETED,0,1
79KWH,8,3,FULL,16-05-2025,16:29:52,16-05-2025,16:31:36,16-05-2025,16:35:41,COMPLETED,0,1
79KWH,8,2,FULL,16-05-2025,16:31:27,16-05-2025,16:31:32,16-05-2025,16:34:00,COMPLETED,0,1
79KWH,8,2,FULL,16-05-2025,16:34:10,16-05-2025,16:34:14,16-05-2025,16:36:48,COMPLETED,0,1
79KWH,8,3,FULL,16-05-2025,16:35:48,16-05-2025,16:37:35,16-05-2025,16:41:35,COMPLETED,0,1
79KWH,8,2,FULL,16-05-2025,16:36:56,16-05-2025,16:37:01,16-05-2025,16:39:29,COMPLETED,0,1
79KWH,8,2,FULL,16-05-2025,16:39:40,16-05-2025,16:39:44,16-05-2025,16:42:18,COMPLETED,0,1
79KWH,8,3,FULL,16-05-2025,16:41:41,16-05-2025,16:43:25,16-05-2025,16:47:32,COMPLETED,0,1
79KWH,8,2,FULL,16-05-2025,16:42:28,16-05-2025,16:42:33,16-05-2025,16:45:04,COMPLETED,0,1
79KWH,8,2,FULL,16-05-2025,16:45:15,16-05-2025,16:45:18,16-05-2025,16:47:57,COMPLETED,0,1
79KWH,8,3,FULL,16-05-2025,16:47:38,16-05-2025,16:49:25,16-05-2025,16:53:28,COMPLETED,0,1
79KWH,8,2,FULL,16-05-2025,16:48:06,16-05-2025,16:48:11,16-05-2025,16:50:43,COMPLETED,0,1
79KWH,8,2,FULL,16-05-2025,16:50:53,16-05-2025,16:50:57,16-05-2025,16:53:35,COMPLETED,0,1
79KWH,8,3,FULL,16-05-2025,16:53:35,16-05-2025,16:55:17,16-05-2025,16:59:26,COMPLETED,0,1
79KWH,8,2,FULL,16-05-2025,16:53:46,16-05-2025,16:53:49,16-05-2025,16:56:23,COMPLETED,0,1
79KWH,8,2,FULL,16-05-2025,16:56:33,16-05-2025,16:56:38,16-05-2025,16:59:20,COMPLETED,0,1
79KWH,8,2,FULL,16-05-2025,16:59:31,16-05-2025,16:59:34,16-05-2025,17:02:12,COMPLETED,0,1
79KWH,8,3,FULL,16-05-2025,16:59:32,16-05-2025,17:01:18,16-05-2025,17:05:20,COMPLETED,0,1
79KWH,8,2,FULL,16-05-2025,17:02:21,16-05-2025,17:02:27,16-05-2025,17:05:10,COMPLETED,0,1
79KWH,8,2,FULL,16-05-2025,17:05:20,16-05-2025,17:05:24,16-05-2025,17:08:08,COMPLETED,0,1
79KWH,8,3,FULL,16-05-2025,17:05:27,16-05-2025,17:09:39,16-05-2025,17:13:46,COMPLETED,0,1
79KWH,8,2,FULL,16-05-2025,17:08:16,16-05-2025,17:08:22,16-05-2025,17:11:05,COMPLETED,0,1
79KWH,8,2,FULL,16-05-2025,17:11:14,16-05-2025,17:11:19,16-05-2025,17:14:00,COMPLETED,0,1
79KWH,8,3,FULL,16-05-2025,17:13:53,16-05-2025,17:13:59,16-05-2025,17:17:34,COMPLETED,0,1
79KWH,8,2,FULL,16-05-2025,17:14:09,16-05-2025,17:14:13,16-05-2025,17:17:02,COMPLETED,0,1
79KWH,8,2,FULL,16-05-2025,17:17:12,16-05-2025,17:17:17,16-05-2025,17:20:00,COMPLETED,0,1
79KWH,8,3,FULL,16-05-2025,17:17:41,16-05-2025,17:21:54,16-05-2025,17:26:04,COMPLETED,0,1
79KWH,8,2,FULL,16-05-2025,17:20:09,16-05-2025,17:20:14,16-05-2025,17:23:02,COMPLETED,0,1
79KWH,8,2,FULL,16-05-2025,17:23:12,16-05-2025,17:23:15,16-05-2025,17:26:02,COMPLETED,0,1
79KWH,8,3,FULL,16-05-2025,17:26:11,16-05-2025,17:30:24,16-05-2025,17:34:29,COMPLETED,0,1
79KWH,8,2,FULL,16-05-2025,17:26:13,16-05-2025,17:26:16,16-05-2025,17:29:09,COMPLETED,0,1
79KWH,8,2,FULL,16-05-2025,17:29:20,16-05-2025,17:29:23,16-05-2025,17:32:12,COMPLETED,0,1
79KWH,8,2,FULL,16-05-2025,17:32:22,16-05-2025,17:32:27,16-05-2025,17:35:20,COMPLETED,0,1
79KWH,8,3,FULL,16-05-2025,17:34:37,16-05-2025,17:38:54,16-05-2025,17:43:04,COMPLETED,0,1
79KWH,8,2,FULL,16-05-2025,17:35:29,16-05-2025,17:35:34,16-05-2025,17:38:25,COMPLETED,0,1
79KWH,8,2,FULL,16-05-2025,17:38:36,16-05-2025,17:38:39,16-05-2025,17:41:36,COMPLETED,0,1
79KWH,8,2,FULL,16-05-2025,17:41:46,16-05-2025,17:41:50,16-05-2025,17:44:42,COMPLETED,0,1
79KWH,8,3,FULL,16-05-2025,17:43:11,16-05-2025,17:47:19,16-05-2025,17:51:25,COMPLETED,0,1
79KWH,8,2,FULL,16-05-2025,17:44:52,16-05-2025,17:44:56,16-05-2025,17:47:53,COMPLETED,0,1
79KWH,8,2,FULL,16-05-2025,17:48:03,16-05-2025,17:48:08,16-05-2025,17:51:01,COMPLETED,0,1
79KWH,8,2,FULL,16-05-2025,17:51:12,16-05-2025,17:51:15,16-05-2025,17:54:17,COMPLETED,0,1
79KWH,8,3,FULL,16-05-2025,17:51:31,16-05-2025,17:51:38,16-05-2025,17:55:22,COMPLETED,0,1
79KWH,8,2,FULL,16-05-2025,17:54:28,16-05-2025,17:54:31,16-05-2025,17:57:29,COMPLETED,0,1
79KWH,8,3,FULL,16-05-2025,17:55:30,16-05-2025,17:59:42,16-05-2025,18:03:49,COMPLETED,0,1
79KWH,8,2,FULL,16-05-2025,17:57:40,16-05-2025,17:57:43,16-05-2025,18:00:45,COMPLETED,0,1
79KWH,8,2,FULL,16-05-2025,18:00:54,16-05-2025,18:00:59,16-05-2025,18:03:57,COMPLETED,0,1
79KWH,8,3,FULL,16-05-2025,18:03:55,16-05-2025,18:08:04,16-05-2025,18:12:16,COMPLETED,0,1
79KWH,8,2,FULL,16-05-2025,18:04:06,16-05-2025,18:04:11,16-05-2025,18:07:16,COMPLETED,0,1
79KWH,8,2,FULL,16-05-2025,18:07:25,16-05-2025,18:07:30,16-05-2025,18:10:30,COMPLETED,0,1
79KWH,8,2,FULL,16-05-2025,18:10:40,16-05-2025,18:10:44,16-05-2025,18:13:49,COMPLETED,0,1
79KWH,8,3,FULL,16-05-2025,18:12:23,16-05-2025,18:16:34,16-05-2025,18:20:41,COMPLETED,0,1
79KWH,8,2,FULL,16-05-2025,18:13:59,16-05-2025,18:14:03,16-05-2025,18:17:06,COMPLETED,0,1
79KWH,8,2,FULL,16-05-2025,18:17:16,16-05-2025,18:17:20,16-05-2025,18:20:27,COMPLETED,0,1
79KWH,8,2,FULL,16-05-2025,18:20:37,16-05-2025,18:20:41,16-05-2025,18:23:45,COMPLETED,0,1
79KWH,8,3,FULL,16-05-2025,18:20:48,16-05-2025,18:24:54,16-05-2025,18:29:08,COMPLETED,0,1
79KWH,8,2,FULL,16-05-2025,18:23:54,16-05-2025,18:23:59,16-05-2025,18:27:08,COMPLETED,0,1
79KWH,8,2,FULL,16-05-2025,18:27:19,16-05-2025,18:27:23,16-05-2025,18:30:30,COMPLETED,0,1
79KWH,8,3,FULL,16-05-2025,18:29:13,16-05-2025,18:29:22,16-05-2025,18:33:08,COMPLETED,0,1
79KWH,8,2,FULL,16-05-2025,18:30:39,16-05-2025,18:30:45,16-05-2025,18:33:56,COMPLETED,0,1
79KWH,8,3,FULL,16-05-2025,18:33:15,16-05-2025,18:37:32,16-05-2025,18:41:47,COMPLETED,0,1
79KWH,8,2,FULL,16-05-2025,18:34:05,16-05-2025,18:34:10,16-05-2025,18:37:18,COMPLETED,0,1
79KWH,8,3,FULL,16-05-2025,18:41:55,16-05-2025,18:46:11,16-05-2025,18:50:20,COMPLETED,0,1
79KWH,8,2,FULL,16-05-2025,18:46:10,16-05-2025,18:46:15,16-05-2025,18:49:26,COMPLETED,0,1
79KWH,8,2,FULL,16-05-2025,18:49:37,16-05-2025,18:49:40,16-05-2025,18:52:50,COMPLETED,0,1
79KWH,8,3,FULL,16-05-2025,18:50:27,16-05-2025,18:54:37,16-05-2025,18:58:51,COMPLETED,0,1
79KWH,8,2,FULL,16-05-2025,18:53:00,16-05-2025,18:53:03,16-05-2025,18:56:17,COMPLETED,0,1
79KWH,8,2,FULL,16-05-2025,18:56:26,16-05-2025,18:56:31,16-05-2025,18:59:44,COMPLETED,0,1
79KWH,8,3,FULL,16-05-2025,18:58:58,16-05-2025,19:03:03,16-05-2025,19:07:14,COMPLETED,0,1
79KWH,8,2,FULL,16-05-2025,18:59:54,16-05-2025,18:59:58,16-05-2025,19:03:14,COMPLETED,0,1
79KWH,8,2,FULL,16-05-2025,19:03:23,16-05-2025,19:03:28,16-05-2025,19:06:41,COMPLETED,0,1
79KWH,8,2,FULL,16-05-2025,19:06:53,16-05-2025,19:06:56,16-05-2025,19:10:15,COMPLETED,0,1
79KWH,8,3,FULL,16-05-2025,19:07:22,16-05-2025,19:11:36,16-05-2025,19:15:52,COMPLETED,0,1
79KWH,8,2,FULL,16-05-2025,19:10:24,16-05-2025,19:10:30,16-05-2025,19:13:46,COMPLETED,0,1
79KWH,8,2,FULL,16-05-2025,19:13:55,16-05-2025,19:14:01,16-05-2025,19:17:22,COMPLETED,0,1
79KWH,8,3,FULL,16-05-2025,19:15:58,16-05-2025,19:18:39,16-05-2025,19:21:25,COMPLETED,0,1
79KWH,8,2,FULL,16-05-2025,19:17:33,16-05-2025,19:17:36,16-05-2025,19:20:54,COMPLETED,0,1
79KWH,8,2,FULL,16-05-2025,19:21:05,16-05-2025,19:21:08,16-05-2025,19:24:30,COMPLETED,0,1
79KWH,8,3,FULL,16-05-2025,19:21:32,16-05-2025,19:25:40,16-05-2025,19:29:58,COMPLETED,0,1
79KWH,8,2,FULL,16-05-2025,19:24:40,16-05-2025,19:24:44,16-05-2025,19:28:04,COMPLETED,0,1
79KWH,8,2,FULL,16-05-2025,19:28:13,16-05-2025,19:28:18,16-05-2025,19:31:41,COMPLETED,0,1
79KWH,8,3,FULL,16-05-2025,19:30:03,16-05-2025,19:30:11,16-05-2025,19:34:05,COMPLETED,0,1
79KWH,8,2,FULL,16-05-2025,19:31:52,16-05-2025,19:31:55,16-05-2025,19:35:16,COMPLETED,0,1
79KWH,8,3,FULL,16-05-2025,19:34:11,16-05-2025,19:34:19,16-05-2025,19:38:17,COMPLETED,0,1
79KWH,8,2,FULL,16-05-2025,19:35:27,16-05-2025,19:35:30,16-05-2025,19:38:56,COMPLETED,0,1
79KWH,8,3,FULL,16-05-2025,19:38:23,16-05-2025,19:38:31,16-05-2025,19:42:30,COMPLETED,0,1
79KWH,8,2,FULL,16-05-2025,19:39:06,16-05-2025,19:39:10,16-05-2025,19:42:33,COMPLETED,0,1
79KWH,8,3,FULL,16-05-2025,19:42:37,16-05-2025,19:42:44,16-05-2025,19:46:46,COMPLETED,0,1
79KWH,8,2,FULL,16-05-2025,19:42:43,16-05-2025,19:42:47,16-05-2025,19:46:15,COMPLETED,0,1
79KWH,8,2,FULL,16-05-2025,19:46:24,16-05-2025,19:46:28,16-05-2025,19:49:53,COMPLETED,0,1
79KWH,8,3,FULL,16-05-2025,19:46:52,16-05-2025,19:47:00,16-05-2025,19:51:04,COMPLETED,0,1
79KWH,8,2,FULL,16-05-2025,19:50:02,16-05-2025,19:50:07,16-05-2025,19:53:38,COMPLETED,0,1
79KWH,8,3,FULL,16-05-2025,19:51:11,16-05-2025,19:51:18,16-05-2025,19:55:25,COMPLETED,0,1
79KWH,8,2,FULL,16-05-2025,19:53:48,16-05-2025,19:53:53,16-05-2025,19:57:21,COMPLETED,0,1
79KWH,8,3,FULL,16-05-2025,19:55:31,16-05-2025,19:55:40,16-05-2025,19:59:39,COMPLETED,0,1
79KWH,8,2,FULL,16-05-2025,19:57:31,16-05-2025,19:57:35,16-05-2025,20:01:08,COMPLETED,0,1
79KWH,8,3,FULL,16-05-2025,19:59:45,16-05-2025,19:59:53,16-05-2025,20:04:03,COMPLETED,0,1
79KWH,8,2,FULL,16-05-2025,20:01:18,16-05-2025,20:01:23,16-05-2025,20:04:52,COMPLETED,0,1
79KWH,8,3,FULL,16-05-2025,20:04:09,16-05-2025,20:04:18,16-05-2025,20:08:21,COMPLETED,0,1
79KWH,8,2,FULL,16-05-2025,20:05:02,16-05-2025,20:05:06,16-05-2025,20:08:41,COMPLETED,0,1
79KWH,8,3,FULL,16-05-2025,20:08:28,16-05-2025,20:08:35,16-05-2025,20:12:42,COMPLETED,0,1
79KWH,8,2,FULL,16-05-2025,20:08:52,16-05-2025,20:08:55,16-05-2025,20:12:26,COMPLETED,0,1
79KWH,8,2,FULL,16-05-2025,20:12:35,16-05-2025,20:12:41,16-05-2025,20:16:18,COMPLETED,0,1
79KWH,8,3,FULL,16-05-2025,20:12:49,16-05-2025,20:12:57,16-05-2025,20:17:00,COMPLETED,0,1
79KWH,8,2,FULL,16-05-2025,20:16:30,16-05-2025,20:16:33,16-05-2025,20:20:07,COMPLETED,0,1
79KWH,8,3,FULL,16-05-2025,20:17:07,16-05-2025,20:17:14,16-05-2025,20:21:25,COMPLETED,0,1
79KWH,8,2,FULL,16-05-2025,20:20:17,16-05-2025,20:20:21,16-05-2025,20:24:01,COMPLETED,0,1
79KWH,8,3,FULL,16-05-2025,20:21:32,16-05-2025,20:21:39,16-05-2025,20:25:46,COMPLETED,0,1
79KWH,8,2,FULL,16-05-2025,20:24:11,16-05-2025,20:24:15,16-05-2025,20:27:50,COMPLETED,0,1
79KWH,8,3,FULL,16-05-2025,20:25:53,16-05-2025,20:26:00,16-05-2025,20:30:11,COMPLETED,0,1
79KWH,8,2,FULL,16-05-2025,20:28:00,16-05-2025,20:28:04,16-05-2025,20:31:47,COMPLETED,0,1
79KWH,8,3,FULL,16-05-2025,20:30:17,16-05-2025,20:30:25,16-05-2025,20:34:32,COMPLETED,0,1
79KWH,8,3,FULL,16-05-2025,20:34:38,16-05-2025,20:34:46,16-05-2025,20:38:58,COMPLETED,0,1
79KWH,8,3,FULL,16-05-2025,20:39:05,16-05-2025,20:39:12,16-05-2025,20:43:20,COMPLETED,0,1
79KWH,8,3,FULL,16-05-2025,20:43:26,16-05-2025,20:43:34,16-05-2025,20:47:54,COMPLETED,0,1
79KWH,8,3,FULL,16-05-2025,20:48:00,16-05-2025,20:48:09,16-05-2025,20:52:20,COMPLETED,0,1
79KWH,8,3,FULL,16-05-2025,20:52:35,16-05-2025,20:52:48,16-05-2025,20:57:04,COMPLETED,0,1
79KWH,8,2,FULL,16-05-2025,20:52:48,16-05-2025,20:52:49,16-05-2025,20:56:26,COMPLETED,0,1
79KWH,8,2,FULL,16-05-2025,20:56:36,16-05-2025,20:56:41,16-05-2025,21:00:23,COMPLETED,0,1
79KWH,8,3,FULL,16-05-2025,20:57:10,16-05-2025,20:57:19,16-05-2025,21:01:31,COMPLETED,0,1
79KWH,8,2,FULL,16-05-2025,21:00:32,16-05-2025,21:00:37,16-05-2025,21:04:16,COMPLETED,0,1
79KWH,8,3,FULL,16-05-2025,21:01:37,16-05-2025,21:01:46,16-05-2025,21:06:04,COMPLETED,0,1
79KWH,8,2,FULL,16-05-2025,21:04:26,16-05-2025,21:04:31,16-05-2025,21:08:17,COMPLETED,0,1
79KWH,8,3,FULL,16-05-2025,21:06:11,16-05-2025,21:06:18,16-05-2025,21:10:33,COMPLETED,0,1
79KWH,8,2,FULL,16-05-2025,21:08:28,16-05-2025,21:08:31,16-05-2025,21:12:12,COMPLETED,0,1
79KWH,8,3,FULL,16-05-2025,21:10:40,16-05-2025,21:10:47,16-05-2025,21:15:13,COMPLETED,0,1
79KWH,8,2,FULL,16-05-2025,21:12:21,16-05-2025,21:12:25,16-05-2025,21:16:12,COMPLETED,0,1
79KWH,8,3,FULL,16-05-2025,21:15:19,16-05-2025,21:15:27,16-05-2025,21:19:49,COMPLETED,0,1
79KWH,8,2,FULL,16-05-2025,21:16:20,16-05-2025,21:16:25,16-05-2025,21:20:08,COMPLETED,0,1
79KWH,8,3,FULL,16-05-2025,21:19:54,16-05-2025,21:20:03,16-05-2025,21:24:26,COMPLETED,0,1
79KWH,8,2,FULL,16-05-2025,21:20:17,16-05-2025,21:20:22,16-05-2025,21:24:10,COMPLETED,0,1
79KWH,8,2,FULL,16-05-2025,21:24:19,16-05-2025,21:24:24,16-05-2025,21:28:10,COMPLETED,0,1
79KWH,8,3,FULL,16-05-2025,21:24:33,16-05-2025,21:24:40,16-05-2025,21:28:59,COMPLETED,0,1
79KWH,8,2,FULL,16-05-2025,21:28:20,16-05-2025,21:28:24,16-05-2025,21:32:16,COMPLETED,0,1
79KWH,8,3,FULL,16-05-2025,21:29:05,16-05-2025,21:29:13,16-05-2025,21:33:44,COMPLETED,0,1
79KWH,8,2,FULL,16-05-2025,21:32:30,16-05-2025,21:32:44,16-05-2025,21:36:31,COMPLETED,0,1
79KWH,8,3,FULL,16-05-2025,21:33:50,16-05-2025,21:33:59,16-05-2025,21:38:20,COMPLETED,0,1
79KWH,8,2,FULL,16-05-2025,21:36:40,16-05-2025,21:36:45,16-05-2025,21:40:39,COMPLETED,0,1
79KWH,8,3,FULL,16-05-2025,21:38:27,16-05-2025,21:38:35,16-05-2025,21:43:00,COMPLETED,0,1
79KWH,8,2,FULL,16-05-2025,21:40:49,16-05-2025,21:40:53,16-05-2025,21:44:41,COMPLETED,0,1
79KWH,8,3,FULL,16-05-2025,21:43:07,16-05-2025,21:43:14,16-05-2025,21:47:36,COMPLETED,0,1
79KWH,8,2,FULL,16-05-2025,21:44:52,16-05-2025,21:44:55,16-05-2025,21:48:49,COMPLETED,0,1
79KWH,8,3,FULL,16-05-2025,21:47:42,16-05-2025,21:47:50,16-05-2025,21:52:19,COMPLETED,0,1
79KWH,8,2,FULL,16-05-2025,21:48:59,16-05-2025,21:49:03,16-05-2025,21:52:55,COMPLETED,0,1
79KWH,8,3,FULL,16-05-2025,21:52:24,16-05-2025,21:52:33,16-05-2025,21:56:56,COMPLETED,0,1
79KWH,8,2,FULL,16-05-2025,21:53:04,16-05-2025,21:53:10,16-05-2025,21:57:06,COMPLETED,0,1
79KWH,8,3,FULL,16-05-2025,21:57:04,16-05-2025,21:57:10,16-05-2025,22:01:41,COMPLETED,0,1
79KWH,8,2,FULL,16-05-2025,21:57:17,16-05-2025,21:57:20,16-05-2025,22:01:13,COMPLETED,0,1
79KWH,8,2,FULL,16-05-2025,22:01:23,16-05-2025,22:01:27,16-05-2025,22:05:24,COMPLETED,0,1
79KWH,8,3,FULL,16-05-2025,22:01:47,16-05-2025,22:01:55,16-05-2025,22:06:30,COMPLETED,0,1
79KWH,8,2,FULL,16-05-2025,22:05:34,16-05-2025,22:05:38,16-05-2025,22:09:33,COMPLETED,0,1
79KWH,8,3,FULL,16-05-2025,22:06:36,16-05-2025,22:06:43,16-05-2025,22:11:20,COMPLETED,0,1
79KWH,8,2,FULL,16-05-2025,22:09:43,16-05-2025,22:09:47,16-05-2025,22:13:49,COMPLETED,0,1
79KWH,8,3,FULL,16-05-2025,22:11:26,16-05-2025,22:11:33,16-05-2025,22:16:01,COMPLETED,0,1
79KWH,8,2,FULL,16-05-2025,22:13:59,16-05-2025,22:14:03,16-05-2025,22:17:58,COMPLETED,0,1
79KWH,8,3,FULL,16-05-2025,22:16:07,16-05-2025,22:16:16,16-05-2025,22:20:49,COMPLETED,0,1
79KWH,8,2,FULL,16-05-2025,22:18:09,16-05-2025,22:18:12,16-05-2025,22:22:15,COMPLETED,0,1
79KWH,8,3,FULL,16-05-2025,22:20:55,16-05-2025,22:21:03,16-05-2025,22:25:33,COMPLETED,0,1
79KWH,8,2,FULL,16-05-2025,22:22:26,16-05-2025,22:22:29,16-05-2025,22:26:31,COMPLETED,0,1
79KWH,8,3,FULL,16-05-2025,22:25:41,16-05-2025,22:25:47,16-05-2025,22:28:42,COMPLETED,0,1
79KWH,8,2,FULL,16-05-2025,22:26:40,16-05-2025,22:26:46,16-05-2025,22:30:52,COMPLETED,0,1
79KWH,8,3,FULL,16-05-2025,22:28:48,16-05-2025,22:28:56,16-05-2025,22:30:10,COMPLETED,0,1
79KWH,8,3,FULL,16-05-2025,22:30:17,16-05-2025,22:30:25,16-05-2025,22:31:42,COMPLETED,0,1
79KWH,8,2,FULL,16-05-2025,22:31:01,16-05-2025,22:31:06,16-05-2025,22:35:07,COMPLETED,0,1
79KWH,8,3,FULL,16-05-2025,22:31:48,16-05-2025,22:31:56,16-05-2025,22:33:09,COMPLETED,0,1
79KWH,8,3,FULL,16-05-2025,22:33:15,16-05-2025,22:33:22,16-05-2025,22:34:40,COMPLETED,0,1
79KWH,8,3,FULL,16-05-2025,22:34:48,16-05-2025,22:34:55,16-05-2025,22:36:08,COMPLETED,0,1
79KWH,8,2,FULL,16-05-2025,22:35:17,16-05-2025,22:35:21,16-05-2025,22:39:28,COMPLETED,0,1
79KWH,8,3,FULL,16-05-2025,22:36:14,16-05-2025,22:36:22,16-05-2025,22:37:40,COMPLETED,0,1
79KWH,8,3,FULL,16-05-2025,22:37:47,16-05-2025,22:37:55,16-05-2025,22:39:08,COMPLETED,0,1
79KWH,8,3,FULL,16-05-2025,22:39:14,16-05-2025,22:39:22,16-05-2025,22:40:42,COMPLETED,0,1
79KWH,8,2,FULL,16-05-2025,22:39:38,16-05-2025,22:39:42,16-05-2025,22:43:45,COMPLETED,0,1
79KWH,8,3,FULL,16-05-2025,22:40:49,16-05-2025,22:40:56,16-05-2025,22:42:14,COMPLETED,0,1
79KWH,8,3,FULL,16-05-2025,22:42:20,16-05-2025,22:42:28,16-05-2025,22:43:48,COMPLETED,0,1
79KWH,8,3,FULL,16-05-2025,22:43:54,16-05-2025,22:44:02,16-05-2025,22:45:18,COMPLETED,0,1
79KWH,8,2,FULL,16-05-2025,22:43:55,16-05-2025,22:43:59,16-05-2025,22:48:09,COMPLETED,0,1
79KWH,8,3,FULL,16-05-2025,22:45:25,16-05-2025,22:45:32,16-05-2025,22:46:52,COMPLETED,0,1
79KWH,8,3,FULL,16-05-2025,22:46:58,16-05-2025,22:47:06,16-05-2025,22:48:24,COMPLETED,0,1
79KWH,8,2,FULL,16-05-2025,22:48:18,16-05-2025,22:48:23,16-05-2025,22:52:29,COMPLETED,0,1
79KWH,8,3,FULL,16-05-2025,22:48:31,16-05-2025,22:48:38,16-05-2025,22:50:00,COMPLETED,0,1
79KWH,8,3,FULL,16-05-2025,22:50:07,16-05-2025,22:50:14,16-05-2025,22:51:35,COMPLETED,0,1
79KWH,8,3,FULL,16-05-2025,22:51:42,16-05-2025,22:51:49,16-05-2025,22:54:03,COMPLETED,0,1
79KWH,8,2,FULL,16-05-2025,22:52:39,16-05-2025,22:52:43,16-05-2025,22:56:52,COMPLETED,0,1
79KWH,8,3,FULL,16-05-2025,22:54:09,16-05-2025,22:54:17,16-05-2025,22:57:28,COMPLETED,0,1
79KWH,8,2,FULL,16-05-2025,22:57:02,16-05-2025,22:57:06,16-05-2025,23:01:13,COMPLETED,0,1
79KWH,8,3,FULL,16-05-2025,22:57:34,16-05-2025,22:57:42,16-05-2025,23:01:04,COMPLETED,0,1
79KWH,8,3,FULL,16-05-2025,23:01:11,16-05-2025,23:01:18,16-05-2025,23:04:46,COMPLETED,0,1
79KWH,8,2,FULL,16-05-2025,23:01:23,16-05-2025,23:01:27,16-05-2025,23:05:40,COMPLETED,0,1
79KWH,8,3,FULL,16-05-2025,23:04:53,16-05-2025,23:05:00,16-05-2025,23:08:24,COMPLETED,0,1
79KWH,8,2,FULL,16-05-2025,23:05:51,16-05-2025,23:05:54,16-05-2025,23:10:02,COMPLETED,0,1
79KWH,8,3,FULL,16-05-2025,23:08:31,16-05-2025,23:08:38,16-05-2025,23:12:05,COMPLETED,0,1
79KWH,8,2,FULL,16-05-2025,23:10:11,16-05-2025,23:10:16,16-05-2025,23:14:29,COMPLETED,0,1
79KWH,8,3,FULL,16-05-2025,23:12:12,16-05-2025,23:12:20,16-05-2025,23:15:45,COMPLETED,0,1
79KWH,8,2,FULL,16-05-2025,23:14:40,16-05-2025,23:14:44,16-05-2025,23:18:53,COMPLETED,0,1
79KWH,8,3,FULL,16-05-2025,23:15:51,16-05-2025,23:15:58,16-05-2025,23:19:29,COMPLETED,0,1
79KWH,8,2,FULL,16-05-2025,23:19:04,16-05-2025,23:19:08,16-05-2025,23:23:22,COMPLETED,0,1
79KWH,8,3,FULL,16-05-2025,23:19:36,16-05-2025,23:19:43,16-05-2025,23:23:10,COMPLETED,0,1
79KWH,8,3,FULL,16-05-2025,23:23:18,16-05-2025,23:23:25,16-05-2025,23:26:59,COMPLETED,0,1
79KWH,8,2,FULL,16-05-2025,23:23:33,16-05-2025,23:23:36,16-05-2025,23:27:53,COMPLETED,0,1
79KWH,8,3,FULL,16-05-2025,23:27:04,16-05-2025,23:27:13,16-05-2025,23:30:46,COMPLETED,0,1
79KWH,8,2,FULL,16-05-2025,23:28:03,16-05-2025,23:28:07,16-05-2025,23:32:22,COMPLETED,0,1
79KWH,8,3,FULL,16-05-2025,23:30:53,16-05-2025,23:31:00,16-05-2025,23:34:34,COMPLETED,0,1
79KWH,8,2,FULL,16-05-2025,23:32:32,16-05-2025,23:32:36,16-05-2025,23:36:58,COMPLETED,0,1
79KWH,8,3,FULL,16-05-2025,23:34:41,16-05-2025,23:34:49,16-05-2025,23:38:21,COMPLETED,0,1
79KWH,8,2,FULL,16-05-2025,23:37:09,16-05-2025,23:37:12,16-05-2025,23:41:30,COMPLETED,0,1
79KWH,8,3,FULL,16-05-2025,23:38:27,16-05-2025,23:38:35,16-05-2025,23:42:11,COMPLETED,0,1
79KWH,8,2,FULL,16-05-2025,23:41:41,16-05-2025,23:41:44,16-05-2025,23:46:04,COMPLETED,0,1
79KWH,8,3,FULL,16-05-2025,23:42:19,16-05-2025,23:42:25,16-05-2025,23:45:58,COMPLETED,0,1
79KWH,8,3,FULL,16-05-2025,23:46:05,16-05-2025,23:46:12,16-05-2025,23:49:49,COMPLETED,0,1
79KWH,8,2,FULL,16-05-2025,23:46:15,16-05-2025,23:46:19,16-05-2025,23:50:37,COMPLETED,0,1
79KWH,8,3,FULL,16-05-2025,23:49:56,16-05-2025,23:50:03,16-05-2025,23:53:45,COMPLETED,0,1
79KWH,8,2,FULL,16-05-2025,23:50:47,16-05-2025,23:50:50,16-05-2025,23:55:13,COMPLETED,0,1
79KWH,8,3,FULL,16-05-2025,23:53:52,16-05-2025,23:53:58,16-05-2025,23:57:46,COMPLETED,0,1
79KWH,8,2,FULL,16-05-2025,23:55:22,16-05-2025,23:55:27,16-05-2025,23:59:48,COMPLETED,0,1
79KWH,8,3,FULL,16-05-2025,23:57:52,16-05-2025,23:58:00,17-05-2025,00:01:42,COMPLETED,0,1
79KWH,8,2,FULL,16-05-2025,23:59:58,17-05-2025,00:00:02,17-05-2025,00:04:27,COMPLETED,0,1
79KWH,8,3,FULL,17-05-2025,00:01:50,17-05-2025,00:01:57,17-05-2025,00:05:45,COMPLETED,0,1
79KWH,8,2,FULL,17-05-2025,00:04:36,17-05-2025,00:04:41,17-05-2025,00:09:03,COMPLETED,0,1
79KWH,8,3,FULL,17-05-2025,00:05:52,17-05-2025,00:05:58,17-05-2025,00:09:48,COMPLETED,0,1
79KWH,8,2,FULL,17-05-2025,00:09:13,17-05-2025,00:09:17,17-05-2025,00:13:45,COMPLETED,0,1
79KWH,8,3,FULL,17-05-2025,00:09:54,17-05-2025,00:10:01,17-05-2025,00:13:55,COMPLETED,0,1
79KWH,8,2,FULL,17-05-2025,00:13:54,17-05-2025,00:14:00,17-05-2025,00:18:26,COMPLETED,0,1
79KWH,8,3,FULL,17-05-2025,00:14:02,17-05-2025,00:14:08,17-05-2025,00:17:55,COMPLETED,0,1
79KWH,8,3,FULL,17-05-2025,00:18:02,17-05-2025,00:18:09,17-05-2025,00:22:00,COMPLETED,0,1
79KWH,8,3,FULL,17-05-2025,00:22:06,17-05-2025,00:22:13,17-05-2025,00:26:02,COMPLETED,0,1
79KWH,8,3,FULL,17-05-2025,00:26:08,17-05-2025,00:26:16,17-05-2025,00:30:11,COMPLETED,0,1
79KWH,8,1,FULL,17-05-2025,06:33:55,17-05-2025,06:36:28,17-05-2025,06:39:34,COMPLETED,0,1
79KWH,8,1,FULL,17-05-2025,06:39:39,17-05-2025,06:39:48,17-05-2025,06:42:38,COMPLETED,0,1
79KWH,8,1,FULL,17-05-2025,08:17:50,17-05-2025,08:17:55,17-05-2025,08:21:01,COMPLETED,0,1
79KWH,8,3,FULL,17-05-2025,08:19:02,17-05-2025,08:19:09,17-05-2025,08:23:00,COMPLETED,0,1
79KWH,8,2,FULL,17-05-2025,08:19:22,17-05-2025,08:19:27,17-05-2025,08:23:57,COMPLETED,0,1
79KWH,8,1,FULL,17-05-2025,08:21:06,17-05-2025,08:21:15,17-05-2025,08:23:21,COMPLETED,0,1
79KWH,8,3,FULL,17-05-2025,08:23:06,17-05-2025,08:23:14,17-05-2025,08:27:09,COMPLETED,0,1
79KWH,8,1,FULL,17-05-2025,08:23:49,17-05-2025,08:24:03,17-05-2025,08:25:23,COMPLETED,0,1
79KWH,8,2,FULL,17-05-2025,08:24:06,17-05-2025,08:24:12,17-05-2025,08:28:41,COMPLETED,0,1
79KWH,8,1,FULL,17-05-2025,08:26:46,17-05-2025,08:26:47,17-05-2025,08:28:37,COMPLETED,0,1
79KWH,8,3,FULL,17-05-2025,08:27:14,17-05-2025,08:27:22,17-05-2025,08:31:14,COMPLETED,0,1
79KWH,8,2,FULL,17-05-2025,08:28:50,17-05-2025,08:28:56,17-05-2025,08:33:31,COMPLETED,0,1
79KWH,8,1,FULL,17-05-2025,08:29:50,17-05-2025,08:30:02,17-05-2025,08:32:20,COMPLETED,0,1
79KWH,8,3,FULL,17-05-2025,08:31:20,17-05-2025,08:31:28,17-05-2025,08:35:29,COMPLETED,0,1
79KWH,8,1,FULL,17-05-2025,08:32:25,17-05-2025,08:32:34,17-05-2025,08:34:54,COMPLETED,0,1
79KWH,8,2,FULL,17-05-2025,08:33:41,17-05-2025,08:33:45,17-05-2025,08:38:19,COMPLETED,0,1
79KWH,8,1,FULL,17-05-2025,08:34:59,17-05-2025,08:35:08,17-05-2025,08:37:33,COMPLETED,0,1
79KWH,8,3,FULL,17-05-2025,08:35:35,17-05-2025,08:35:43,17-05-2025,08:39:43,COMPLETED,0,1
79KWH,8,1,FULL,17-05-2025,08:37:38,17-05-2025,08:37:47,17-05-2025,08:40:09,COMPLETED,0,1
79KWH,8,2,FULL,17-05-2025,08:38:29,17-05-2025,08:38:33,17-05-2025,08:41:29,COMPLETED,0,1
79KWH,8,3,FULL,17-05-2025,08:39:50,17-05-2025,08:39:58,17-05-2025,08:44:11,COMPLETED,0,1
79KWH,8,1,FULL,17-05-2025,08:40:14,17-05-2025,08:40:23,17-05-2025,08:42:44,COMPLETED,0,1
79KWH,8,2,FULL,17-05-2025,08:41:40,17-05-2025,08:41:44,17-05-2025,08:43:03,COMPLETED,0,1
79KWH,8,1,FULL,17-05-2025,08:42:48,17-05-2025,08:42:58,17-05-2025,08:45:21,COMPLETED,0,1
79KWH,8,2,FULL,17-05-2025,08:43:29,17-05-2025,08:43:31,17-05-2025,08:44:56,COMPLETED,0,1
79KWH,8,3,FULL,17-05-2025,08:44:17,17-05-2025,08:44:25,17-05-2025,08:48:46,COMPLETED,0,1
79KWH,8,1,FULL,17-05-2025,08:45:26,17-05-2025,08:45:35,17-05-2025,08:47:57,COMPLETED,0,1
79KWH,8,2,FULL,17-05-2025,08:46:21,17-05-2025,08:46:34,17-05-2025,08:47:54,COMPLETED,0,1
79KWH,8,1,FULL,17-05-2025,08:48:02,17-05-2025,08:48:11,17-05-2025,08:50:43,COMPLETED,0,1
79KWH,8,3,FULL,17-05-2025,08:48:52,17-05-2025,08:49:00,17-05-2025,08:51:51,COMPLETED,0,1
79KWH,8,2,FULL,17-05-2025,08:49:25,17-05-2025,08:49:33,17-05-2025,08:50:57,COMPLETED,0,1
79KWH,8,1,FULL,17-05-2025,08:50:50,17-05-2025,08:50:57,17-05-2025,08:53:32,COMPLETED,0,1
79KWH,8,3,FULL,17-05-2025,08:51:58,17-05-2025,08:52:05,17-05-2025,08:55:04,COMPLETED,0,1
79KWH,8,2,FULL,17-05-2025,08:52:24,17-05-2025,08:52:35,17-05-2025,08:53:56,COMPLETED,0,1
79KWH,8,1,FULL,17-05-2025,08:53:54,17-05-2025,08:54:00,17-05-2025,08:56:43,COMPLETED,0,1
79KWH,8,3,FULL,17-05-2025,08:55:10,17-05-2025,08:55:18,17-05-2025,08:59:57,COMPLETED,0,1
79KWH,8,2,FULL,17-05-2025,08:55:26,17-05-2025,08:55:35,17-05-2025,08:56:59,COMPLETED,0,1
79KWH,8,1,FULL,17-05-2025,08:56:50,17-05-2025,08:56:58,17-05-2025,08:59:28,COMPLETED,0,1
79KWH,8,2,FULL,17-05-2025,08:58:25,17-05-2025,08:58:38,17-05-2025,08:59:58,COMPLETED,0,1
79KWH,8,1,FULL,17-05-2025,08:59:56,17-05-2025,08:59:56,17-05-2025,09:02:23,COMPLETED,0,1
79KWH,8,3,FULL,17-05-2025,09:00:03,17-05-2025,09:00:11,17-05-2025,09:04:39,COMPLETED,0,1
79KWH,8,2,FULL,17-05-2025,09:01:29,17-05-2025,09:01:37,17-05-2025,09:03:00,COMPLETED,0,1
79KWH,8,1,FULL,17-05-2025,09:02:53,17-05-2025,09:03:06,17-05-2025,09:05:32,COMPLETED,0,1
79KWH,8,2,FULL,17-05-2025,09:03:43,17-05-2025,09:03:57,17-05-2025,09:05:17,COMPLETED,0,1
79KWH,8,3,FULL,17-05-2025,09:04:46,17-05-2025,09:04:53,17-05-2025,09:09:27,COMPLETED,0,1
79KWH,8,1,FULL,17-05-2025,09:05:36,17-05-2025,09:05:46,17-05-2025,09:08:15,COMPLETED,0,1
79KWH,8,2,FULL,17-05-2025,09:06:24,17-05-2025,09:06:27,17-05-2025,09:07:51,COMPLETED,0,1
79KWH,8,1,FULL,17-05-2025,09:08:19,17-05-2025,09:08:29,17-05-2025,09:10:55,COMPLETED,0,1
79KWH,8,2,FULL,17-05-2025,09:08:40,17-05-2025,09:08:47,17-05-2025,09:10:08,COMPLETED,0,1
79KWH,8,3,FULL,17-05-2025,09:09:34,17-05-2025,09:09:41,17-05-2025,09:14:11,COMPLETED,0,1
79KWH,8,1,FULL,17-05-2025,09:11:00,17-05-2025,09:11:08,17-05-2025,09:13:39,COMPLETED,0,1
79KWH,8,3,FULL,17-05-2025,09:14:18,17-05-2025,09:14:25,17-05-2025,09:19:06,COMPLETED,0,1
79KWH,8,3,FULL,17-05-2025,09:19:13,17-05-2025,09:19:19,17-05-2025,09:24:01,COMPLETED,0,1
79KWH,8,3,FULL,17-05-2025,09:24:07,17-05-2025,09:24:15,17-05-2025,09:28:52,COMPLETED,0,1
79KWH,8,3,FULL,17-05-2025,09:28:58,17-05-2025,09:29:06,17-05-2025,09:33:41,COMPLETED,0,1
79KWH,8,3,FULL,17-05-2025,09:33:46,17-05-2025,09:33:55,17-05-2025,09:36:56,COMPLETED,0,1
79KWH,8,2,FULL,17-05-2025,09:34:01,17-05-2025,09:34:08,17-05-2025,09:35:31,COMPLETED,0,1
79KWH,8,1,FULL,17-05-2025,09:35:24,17-05-2025,09:35:36,17-05-2025,09:38:07,COMPLETED,0,1
79KWH,8,2,FULL,17-05-2025,09:36:58,17-05-2025,09:37:10,17-05-2025,09:38:29,COMPLETED,0,1
79KWH,8,3,FULL,17-05-2025,09:37:02,17-05-2025,09:37:10,17-05-2025,09:38:43,COMPLETED,0,1
79KWH,8,1,FULL,17-05-2025,09:38:30,17-05-2025,09:38:35,17-05-2025,09:41:14,COMPLETED,0,1
79KWH,8,3,FULL,17-05-2025,09:39:42,17-05-2025,09:39:53,17-05-2025,09:41:26,COMPLETED,0,1
79KWH,8,2,FULL,17-05-2025,09:40:03,17-05-2025,09:40:09,17-05-2025,09:41:33,COMPLETED,0,1
79KWH,8,1,FULL,17-05-2025,09:41:26,17-05-2025,09:41:28,17-05-2025,09:43:55,COMPLETED,0,1
79KWH,8,3,FULL,17-05-2025,09:42:46,17-05-2025,09:42:51,17-05-2025,09:44:28,COMPLETED,0,1
79KWH,8,2,FULL,17-05-2025,09:43:01,17-05-2025,09:43:12,17-05-2025,09:44:32,COMPLETED,0,1
79KWH,8,1,FULL,17-05-2025,09:44:30,17-05-2025,09:44:39,17-05-2025,09:47:15,COMPLETED,0,1
79KWH,8,3,FULL,17-05-2025,09:45:44,17-05-2025,09:45:52,17-05-2025,09:47:26,COMPLETED,0,1
79KWH,8,2,FULL,17-05-2025,09:46:04,17-05-2025,09:46:11,17-05-2025,09:47:36,COMPLETED,0,1
79KWH,8,1,FULL,17-05-2025,09:47:26,17-05-2025,09:47:29,17-05-2025,09:50:05,COMPLETED,0,1
79KWH,8,3,FULL,17-05-2025,09:48:45,17-05-2025,09:48:50,17-05-2025,09:50:26,COMPLETED,0,1
79KWH,8,2,FULL,17-05-2025,09:48:59,17-05-2025,09:49:01,17-05-2025,09:50:21,COMPLETED,0,1
79KWH,8,1,FULL,17-05-2025,09:50:30,17-05-2025,09:50:34,17-05-2025,09:53:15,COMPLETED,0,1
79KWH,8,3,FULL,17-05-2025,09:51:43,17-05-2025,09:51:51,17-05-2025,09:53:24,COMPLETED,0,1
79KWH,8,2,FULL,17-05-2025,09:52:03,17-05-2025,09:52:15,17-05-2025,09:53:40,COMPLETED,0,1
79KWH,8,1,FULL,17-05-2025,09:53:28,17-05-2025,09:53:29,17-05-2025,09:56:06,COMPLETED,0,1
79KWH,8,3,FULL,17-05-2025,09:54:48,17-05-2025,09:54:49,17-05-2025,09:56:26,COMPLETED,0,1
79KWH,8,2,FULL,17-05-2025,09:55:02,17-05-2025,09:55:05,17-05-2025,09:56:27,COMPLETED,0,1
79KWH,8,1,FULL,17-05-2025,09:56:31,17-05-2025,09:56:34,17-05-2025,09:59:15,COMPLETED,0,1
79KWH,8,3,FULL,17-05-2025,09:57:43,17-05-2025,09:57:51,17-05-2025,09:59:19,COMPLETED,0,1
79KWH,8,2,FULL,17-05-2025,09:58:06,17-05-2025,09:58:20,17-05-2025,09:59:48,COMPLETED,0,1
79KWH,8,1,FULL,17-05-2025,09:59:28,17-05-2025,09:59:30,17-05-2025,10:02:07,COMPLETED,0,1
79KWH,8,3,FULL,17-05-2025,10:00:47,17-05-2025,10:00:58,17-05-2025,10:02:30,COMPLETED,0,1
79KWH,8,2,FULL,17-05-2025,10:01:01,17-05-2025,10:01:13,17-05-2025,10:02:36,COMPLETED,0,1
79KWH,8,1,FULL,17-05-2025,10:27:53,17-05-2025,10:27:53,17-05-2025,10:30:31,COMPLETED,0,1
79KWH,8,2,FULL,17-05-2025,10:28:43,17-05-2025,10:28:49,17-05-2025,10:30:18,COMPLETED,0,1
79KWH,8,3,FULL,17-05-2025,10:28:47,17-05-2025,10:28:48,17-05-2025,10:30:21,COMPLETED,0,1
79KWH,8,1,FULL,17-05-2025,10:30:36,17-05-2025,10:30:45,17-05-2025,10:33:19,COMPLETED,0,1
79KWH,8,3,FULL,17-05-2025,10:31:09,17-05-2025,10:31:17,17-05-2025,10:32:51,COMPLETED,0,1
79KWH,8,2,FULL,17-05-2025,10:31:24,17-05-2025,10:31:29,17-05-2025,10:32:54,COMPLETED,0,1
79KWH,8,1,FULL,17-05-2025,10:33:25,17-05-2025,10:33:33,17-05-2025,10:36:10,COMPLETED,0,1
79KWH,8,3,FULL,17-05-2025,10:34:06,17-05-2025,10:34:15,17-05-2025,10:35:49,COMPLETED,0,1
79KWH,8,2,FULL,17-05-2025,10:34:28,17-05-2025,10:34:34,17-05-2025,10:36:06,COMPLETED,0,1
79KWH,8,1,FULL,17-05-2025,10:36:15,17-05-2025,10:36:25,17-05-2025,10:39:01,COMPLETED,0,1
79KWH,8,3,FULL,17-05-2025,10:37:11,17-05-2025,10:37:15,17-05-2025,10:38:50,COMPLETED,0,1
79KWH,8,2,FULL,17-05-2025,10:37:23,17-05-2025,10:37:31,17-05-2025,10:39:00,COMPLETED,0,1
79KWH,8,1,FULL,17-05-2025,10:39:06,17-05-2025,10:39:15,17-05-2025,10:41:55,COMPLETED,0,1
79KWH,8,3,FULL,17-05-2025,10:40:06,17-05-2025,10:40:15,17-05-2025,10:41:49,COMPLETED,0,1
79KWH,8,2,FULL,17-05-2025,10:40:26,17-05-2025,10:40:39,17-05-2025,10:42:11,COMPLETED,0,1
79KWH,8,1,FULL,17-05-2025,10:42:00,17-05-2025,10:42:10,17-05-2025,10:44:50,COMPLETED,0,1
79KWH,8,3,FULL,17-05-2025,10:43:10,17-05-2025,10:43:13,17-05-2025,10:44:49,COMPLETED,0,1
79KWH,8,2,FULL,17-05-2025,10:43:24,17-05-2025,10:43:36,17-05-2025,10:45:06,COMPLETED,0,1
79KWH,8,1,FULL,17-05-2025,10:44:55,17-05-2025,10:45:04,17-05-2025,10:47:45,COMPLETED,0,1
79KWH,8,3,FULL,17-05-2025,10:46:08,17-05-2025,10:46:14,17-05-2025,10:47:48,COMPLETED,0,1
79KWH,8,2,FULL,17-05-2025,10:46:30,17-05-2025,10:46:31,17-05-2025,10:48:05,COMPLETED,0,1
79KWH,8,1,FULL,17-05-2025,10:47:52,17-05-2025,10:48:00,17-05-2025,10:50:40,COMPLETED,0,1
79KWH,8,3,FULL,17-05-2025,10:49:12,17-05-2025,10:49:26,17-05-2025,10:51:03,COMPLETED,0,1
79KWH,8,2,FULL,17-05-2025,10:49:26,17-05-2025,10:49:30,17-05-2025,10:51:01,COMPLETED,0,1
79KWH,8,1,FULL,17-05-2025,10:50:56,17-05-2025,10:53:23,17-05-2025,10:56:43,COMPLETED,0,1
79KWH,8,3,FULL,17-05-2025,10:52:11,17-05-2025,10:52:13,17-05-2025,10:53:44,COMPLETED,0,1
79KWH,8,2,FULL,17-05-2025,10:52:33,17-05-2025,10:52:40,17-05-2025,10:54:17,COMPLETED,0,1
79KWH,8,3,FULL,17-05-2025,10:55:12,17-05-2025,10:55:23,17-05-2025,10:56:58,COMPLETED,0,1
79KWH,8,2,FULL,17-05-2025,10:55:27,17-05-2025,10:55:42,17-05-2025,10:57:16,COMPLETED,0,1
79KWH,8,1,FULL,17-05-2025,10:56:47,17-05-2025,11:00:14,17-05-2025,11:03:18,COMPLETED,0,1
79KWH,8,3,FULL,17-05-2025,10:58:11,17-05-2025,10:58:22,17-05-2025,10:59:55,COMPLETED,0,1
79KWH,8,2,FULL,17-05-2025,10:58:29,17-05-2025,10:58:42,17-05-2025,11:00:20,COMPLETED,0,1
79KWH,8,3,FULL,17-05-2025,11:01:14,17-05-2025,11:01:20,17-05-2025,11:02:56,COMPLETED,0,1
79KWH,8,2,FULL,17-05-2025,11:01:28,17-05-2025,11:01:31,17-05-2025,11:03:06,COMPLETED,0,1
79KWH,8,1,FULL,17-05-2025,11:03:23,17-05-2025,11:06:00,17-05-2025,11:09:09,COMPLETED,0,1
79KWH,8,3,FULL,17-05-2025,11:04:11,17-05-2025,11:04:21,17-05-2025,11:05:59,COMPLETED,0,1
79KWH,8,2,FULL,17-05-2025,11:04:32,17-05-2025,11:04:45,17-05-2025,11:06:26,COMPLETED,0,1
79KWH,8,3,FULL,17-05-2025,11:07:16,17-05-2025,11:07:23,17-05-2025,11:08:57,COMPLETED,0,1
79KWH,8,2,FULL,17-05-2025,11:07:29,17-05-2025,11:07:37,17-05-2025,11:09:15,COMPLETED,0,1
79KWH,8,1,FULL,17-05-2025,11:09:14,17-05-2025,11:12:19,17-05-2025,11:15:24,COMPLETED,0,1
79KWH,8,3,FULL,17-05-2025,11:10:10,17-05-2025,11:10:22,17-05-2025,11:11:52,COMPLETED,0,1
79KWH,8,2,FULL,17-05-2025,11:10:30,17-05-2025,11:10:40,17-05-2025,11:12:24,COMPLETED,0,1
79KWH,8,3,FULL,17-05-2025,11:13:16,17-05-2025,11:13:17,17-05-2025,11:14:51,COMPLETED,0,1
79KWH,8,2,FULL,17-05-2025,11:13:28,17-05-2025,11:13:36,17-05-2025,11:15:17,COMPLETED,0,1
79KWH,8,3,FULL,17-05-2025,11:15:17,17-05-2025,11:15:19,17-05-2025,11:16:50,COMPLETED,0,1
79KWH,8,1,FULL,17-05-2025,11:15:28,17-05-2025,11:18:06,17-05-2025,11:21:15,COMPLETED,0,1
79KWH,8,2,FULL,17-05-2025,11:15:29,17-05-2025,11:15:32,17-05-2025,11:17:17,COMPLETED,0,1
79KWH,8,3,FULL,17-05-2025,11:18:13,17-05-2025,11:18:14,17-05-2025,11:19:54,COMPLETED,0,1
79KWH,8,2,FULL,17-05-2025,11:18:33,17-05-2025,11:18:42,17-05-2025,11:20:24,COMPLETED,0,1
79KWH,8,3,FULL,17-05-2025,11:20:15,17-05-2025,11:20:22,17-05-2025,11:21:55,COMPLETED,0,1
79KWH,8,2,FULL,17-05-2025,11:20:34,17-05-2025,11:20:38,17-05-2025,11:22:26,COMPLETED,0,1
79KWH,8,1,FULL,17-05-2025,11:21:20,17-05-2025,11:21:29,17-05-2025,11:24:12,COMPLETED,0,1
79KWH,8,3,FULL,17-05-2025,11:23:15,17-05-2025,11:23:20,17-05-2025,11:24:57,COMPLETED,0,1
79KWH,8,2,FULL,17-05-2025,11:23:31,17-05-2025,11:23:36,17-05-2025,11:25:20,COMPLETED,0,1
79KWH,8,1,FULL,17-05-2025,11:24:18,17-05-2025,11:24:26,17-05-2025,11:27:13,COMPLETED,0,1
79KWH,8,3,FULL,17-05-2025,11:26:13,17-05-2025,11:26:22,17-05-2025,11:28:00,COMPLETED,0,1
79KWH,8,2,FULL,17-05-2025,11:26:35,17-05-2025,11:26:45,17-05-2025,11:28:33,COMPLETED,0,1
79KWH,8,1,FULL,17-05-2025,11:27:17,17-05-2025,11:27:26,17-05-2025,11:30:24,COMPLETED,0,1
79KWH,8,3,FULL,17-05-2025,11:29:15,17-05-2025,11:29:25,17-05-2025,11:31:05,COMPLETED,0,1
79KWH,8,2,FULL,17-05-2025,11:29:30,17-05-2025,11:29:44,17-05-2025,11:31:28,COMPLETED,0,1
79KWH,8,1,FULL,17-05-2025,11:30:28,17-05-2025,11:30:38,17-05-2025,11:33:25,COMPLETED,0,1
79KWH,8,3,FULL,17-05-2025,11:32:14,17-05-2025,11:32:15,17-05-2025,11:34:01,COMPLETED,0,1
79KWH,8,2,FULL,17-05-2025,11:32:34,17-05-2025,11:32:38,17-05-2025,11:34:28,COMPLETED,0,1
79KWH,8,1,FULL,17-05-2025,11:33:29,17-05-2025,11:33:39,17-05-2025,11:36:24,COMPLETED,0,1
79KWH,8,1,FULL,17-05-2025,11:36:28,17-05-2025,11:36:37,17-05-2025,11:39:26,COMPLETED,0,1
79KWH,8,1,FULL,17-05-2025,11:39:32,17-05-2025,11:42:49,17-05-2025,11:45:55,COMPLETED,0,1
79KWH,8,1,FULL,17-05-2025,11:46:00,17-05-2025,11:48:59,17-05-2025,11:52:05,COMPLETED,0,1
79KWH,8,1,FULL,17-05-2025,11:52:11,17-05-2025,11:52:19,17-05-2025,11:55:12,COMPLETED,0,1
79KWH,8,2,FULL,17-05-2025,12:22:58,17-05-2025,12:23:11,17-05-2025,12:24:59,COMPLETED,0,1
79KWH,8,1,FULL,17-05-2025,12:24:29,17-05-2025,12:24:32,17-05-2025,12:27:40,COMPLETED,0,1
79KWH,8,3,FULL,17-05-2025,12:25:43,17-05-2025,12:25:43,17-05-2025,12:27:29,COMPLETED,0,1
79KWH,8,2,FULL,17-05-2025,12:26:02,17-05-2025,12:26:09,17-05-2025,12:28:03,COMPLETED,0,1
79KWH,8,3,FULL,17-05-2025,12:27:35,17-05-2025,12:27:43,17-05-2025,12:29:27,COMPLETED,0,1
79KWH,8,1,FULL,17-05-2025,12:27:45,17-05-2025,12:27:55,17-05-2025,12:30:49,COMPLETED,0,1
79KWH,8,3,FULL,17-05-2025,12:39:34,17-05-2025,12:39:47,17-05-2025,12:41:35,COMPLETED,0,1
79KWH,8,2,FULL,17-05-2025,12:57:43,17-05-2025,12:57:57,17-05-2025,12:59:45,COMPLETED,0,1
79KWH,8,1,FULL,17-05-2025,13:00:06,17-05-2025,13:01:15,17-05-2025,13:04:25,COMPLETED,0,1
79KWH,8,2,FULL,17-05-2025,13:00:55,17-05-2025,13:00:56,17-05-2025,13:02:49,COMPLETED,0,1
79KWH,8,3,FULL,17-05-2025,13:01:01,17-05-2025,13:01:04,17-05-2025,13:02:48,COMPLETED,0,1
79KWH,8,3,FULL,17-05-2025,13:03:26,17-05-2025,13:03:57,17-05-2025,13:05:52,COMPLETED,0,1
79KWH,8,2,FULL,17-05-2025,13:03:39,17-05-2025,13:03:46,17-05-2025,13:05:37,COMPLETED,0,1
79KWH,8,1,FULL,17-05-2025,13:04:30,17-05-2025,13:07:05,17-05-2025,13:10:18,COMPLETED,0,1
79KWH,8,3,FULL,17-05-2025,13:06:24,17-05-2025,13:06:35,17-05-2025,13:08:21,COMPLETED,0,1
79KWH,8,2,FULL,17-05-2025,13:06:44,17-05-2025,13:06:48,17-05-2025,13:09:40,COMPLETED,0,1
79KWH,8,3,FULL,17-05-2025,13:10:07,17-05-2025,13:10:13,17-05-2025,13:12:15,COMPLETED,0,1
79KWH,8,1,FULL,17-05-2025,13:10:24,17-05-2025,13:14:36,17-05-2025,13:17:46,COMPLETED,0,1
79KWH,8,2,FULL,17-05-2025,13:12:11,17-05-2025,13:12:16,17-05-2025,13:15:59,COMPLETED,0,1
79KWH,8,3,FULL,17-05-2025,13:14:15,17-05-2025,13:14:22,17-05-2025,13:16:14,COMPLETED,0,1
79KWH,8,1,FULL,17-05-2025,13:17:52,17-05-2025,13:20:25,17-05-2025,13:23:37,COMPLETED,0,1
79KWH,8,2,FULL,17-05-2025,13:18:01,17-05-2025,13:18:06,17-05-2025,13:22:15,COMPLETED,0,1
79KWH,8,1,FULL,17-05-2025,13:23:42,17-05-2025,13:28:42,17-05-2025,13:31:52,COMPLETED,0,1
79KWH,8,3,FULL,17-05-2025,13:31:46,17-05-2025,13:31:58,17-05-2025,13:33:55,COMPLETED,0,1
79KWH,8,1,FULL,17-05-2025,13:31:58,17-05-2025,13:34:31,17-05-2025,13:37:45,COMPLETED,0,1
79KWH,8,2,FULL,17-05-2025,13:32:12,17-05-2025,13:32:22,17-05-2025,13:36:35,COMPLETED,0,1
79KWH,8,1,FULL,17-05-2025,13:37:53,17-05-2025,13:40:48,17-05-2025,13:46:47,COMPLETED,0,1
79KWH,8,3,FULL,17-05-2025,13:50:21,17-05-2025,13:50:23,17-05-2025,13:52:09,COMPLETED,0,1
79KWH,8,2,FULL,17-05-2025,13:50:45,17-05-2025,13:50:57,17-05-2025,13:54:46,COMPLETED,0,1
79KWH,8,1,FULL,17-05-2025,13:51:46,17-05-2025,13:53:30,17-05-2025,13:56:40,COMPLETED,0,1
79KWH,8,3,FULL,17-05-2025,13:52:46,17-05-2025,13:52:52,17-05-2025,13:54:55,COMPLETED,0,1
79KWH,8,2,FULL,17-05-2025,13:54:57,17-05-2025,13:55:00,17-05-2025,13:58:17,COMPLETED,0,1
79KWH,8,3,FULL,17-05-2025,13:55:43,17-05-2025,13:55:52,17-05-2025,13:57:54,COMPLETED,0,1
79KWH,8,1,FULL,17-05-2025,13:56:46,17-05-2025,13:59:18,17-05-2025,14:02:29,COMPLETED,0,1
79KWH,8,2,FULL,17-05-2025,13:58:28,17-05-2025,13:58:32,17-05-2025,14:02:14,COMPLETED,0,1
79KWH,8,3,FULL,17-05-2025,13:58:47,17-05-2025,13:58:51,17-05-2025,14:00:48,COMPLETED,0,1
79KWH,8,3,FULL,17-05-2025,14:01:46,17-05-2025,14:01:59,17-05-2025,14:03:53,COMPLETED,0,1
79KWH,8,2,FULL,17-05-2025,14:02:23,17-05-2025,14:02:27,17-05-2025,14:05:54,COMPLETED,0,1
79KWH,8,1,FULL,17-05-2025,14:02:35,17-05-2025,14:29:49,17-05-2025,14:31:46,COMPLETED,0,1
79KWH,8,3,FULL,17-05-2025,14:04:48,17-05-2025,14:04:49,17-05-2025,14:06:49,COMPLETED,0,1
79KWH,8,2,FULL,17-05-2025,14:06:04,17-05-2025,14:06:08,17-05-2025,14:09:08,COMPLETED,0,1
79KWH,8,3,FULL,17-05-2025,14:06:56,17-05-2025,14:07:03,17-05-2025,14:09:02,COMPLETED,0,1
79KWH,8,2,FULL,17-05-2025,14:09:17,17-05-2025,14:09:22,17-05-2025,14:12:17,COMPLETED,0,1
79KWH,8,3,FULL,17-05-2025,14:09:47,17-05-2025,14:09:59,17-05-2025,14:12:01,COMPLETED,0,1
79KWH,8,2,FULL,17-05-2025,14:30:40,17-05-2025,14:30:45,17-05-2025,14:33:47,COMPLETED,0,1
79KWH,8,1,FULL,17-05-2025,14:31:51,17-05-2025,14:31:59,17-05-2025,14:35:02,COMPLETED,0,1
79KWH,8,3,FULL,17-05-2025,14:33:24,17-05-2025,14:33:28,17-05-2025,14:35:25,COMPLETED,0,1
79KWH,8,2,FULL,17-05-2025,14:33:57,17-05-2025,14:34:02,17-05-2025,14:36:58,COMPLETED,0,1
79KWH,8,1,FULL,17-05-2025,14:35:07,17-05-2025,14:37:39,17-05-2025,14:40:55,COMPLETED,0,1
79KWH,8,3,FULL,17-05-2025,14:35:32,17-05-2025,14:35:38,17-05-2025,14:37:42,COMPLETED,0,1
79KWH,8,2,FULL,17-05-2025,14:37:09,17-05-2025,14:37:12,17-05-2025,14:40:14,COMPLETED,0,1
79KWH,8,3,FULL,17-05-2025,14:38:23,17-05-2025,14:38:25,17-05-2025,14:40:20,COMPLETED,0,1
79KWH,8,2,FULL,17-05-2025,14:40:25,17-05-2025,14:40:29,17-05-2025,14:43:27,COMPLETED,0,1
79KWH,8,3,FULL,17-05-2025,14:40:27,17-05-2025,14:40:33,17-05-2025,14:42:37,COMPLETED,0,1
79KWH,8,1,FULL,17-05-2025,14:41:01,17-05-2025,14:44:02,17-05-2025,14:47:22,COMPLETED,0,1
79KWH,8,3,FULL,17-05-2025,14:43:25,17-05-2025,14:43:34,17-05-2025,14:45:36,COMPLETED,0,1
79KWH,8,2,FULL,17-05-2025,14:43:36,17-05-2025,14:43:41,17-05-2025,14:46:46,COMPLETED,0,1
79KWH,8,3,FULL,17-05-2025,14:45:43,17-05-2025,14:45:50,17-05-2025,14:47:58,COMPLETED,0,1
79KWH,8,2,FULL,17-05-2025,14:46:57,17-05-2025,14:47:00,17-05-2025,14:50:02,COMPLETED,0,1
79KWH,8,1,FULL,17-05-2025,14:47:27,17-05-2025,14:49:58,17-05-2025,14:53:15,COMPLETED,0,1
79KWH,8,3,FULL,17-05-2025,14:48:05,17-05-2025,14:48:12,17-05-2025,14:50:15,COMPLETED,0,1
79KWH,8,2,FULL,17-05-2025,14:50:13,17-05-2025,14:50:17,17-05-2025,14:53:24,COMPLETED,0,1
79KWH,8,3,FULL,17-05-2025,14:50:22,17-05-2025,14:50:29,17-05-2025,14:52:39,COMPLETED,0,1
79KWH,8,3,FULL,17-05-2025,14:52:46,17-05-2025,14:52:53,17-05-2025,14:54:56,COMPLETED,0,1
79KWH,8,1,FULL,17-05-2025,14:53:20,17-05-2025,14:56:59,17-05-2025,15:00:12,COMPLETED,0,1
79KWH,8,2,FULL,17-05-2025,14:53:35,17-05-2025,14:53:38,17-05-2025,14:56:42,COMPLETED,0,1
79KWH,8,3,FULL,17-05-2025,14:55:03,17-05-2025,14:55:10,17-05-2025,14:57:22,COMPLETED,0,1
79KWH,8,2,FULL,17-05-2025,14:56:51,17-05-2025,14:56:56,17-05-2025,15:00:06,COMPLETED,0,1
79KWH,8,3,FULL,17-05-2025,14:57:29,17-05-2025,14:57:36,17-05-2025,14:59:46,COMPLETED,0,1
79KWH,8,3,FULL,17-05-2025,14:59:53,17-05-2025,15:00:00,17-05-2025,15:02:11,COMPLETED,0,1
79KWH,8,2,FULL,17-05-2025,15:00:15,17-05-2025,15:00:20,17-05-2025,15:03:26,COMPLETED,0,1
79KWH,8,1,FULL,17-05-2025,15:00:17,17-05-2025,15:02:48,17-05-2025,15:06:06,COMPLETED,0,1
79KWH,8,3,FULL,17-05-2025,15:02:19,17-05-2025,15:02:26,17-05-2025,15:04:34,COMPLETED,0,1
79KWH,8,2,FULL,17-05-2025,15:03:35,17-05-2025,15:03:40,17-05-2025,15:06:52,COMPLETED,0,1
79KWH,8,3,FULL,17-05-2025,15:04:40,17-05-2025,15:04:48,17-05-2025,15:06:58,COMPLETED,0,1
79KWH,8,1,FULL,17-05-2025,15:06:11,17-05-2025,15:15:41,17-05-2025,15:19:00,COMPLETED,0,1
79KWH,8,2,FULL,17-05-2025,15:07:02,17-05-2025,15:07:06,17-05-2025,15:10:14,COMPLETED,0,1
79KWH,8,3,FULL,17-05-2025,15:07:04,17-05-2025,15:07:12,17-05-2025,15:09:20,COMPLETED,0,1
79KWH,8,3,FULL,17-05-2025,15:09:27,17-05-2025,15:09:34,17-05-2025,15:11:50,COMPLETED,0,1
79KWH,8,2,FULL,17-05-2025,15:10:24,17-05-2025,15:10:28,17-05-2025,15:13:42,COMPLETED,0,1
79KWH,8,3,FULL,17-05-2025,15:11:56,17-05-2025,15:12:04,17-05-2025,15:14:17,COMPLETED,0,1
79KWH,8,2,FULL,17-05-2025,15:13:53,17-05-2025,15:13:56,17-05-2025,15:17:05,COMPLETED,0,1
79KWH,8,3,FULL,17-05-2025,15:14:24,17-05-2025,15:14:31,17-05-2025,15:16:51,COMPLETED,0,1
79KWH,8,3,FULL,17-05-2025,15:16:59,17-05-2025,15:17:05,17-05-2025,15:19:21,COMPLETED,0,1
79KWH,8,2,FULL,17-05-2025,15:17:16,17-05-2025,15:17:19,17-05-2025,15:20:32,COMPLETED,0,1
79KWH,8,1,FULL,17-05-2025,15:19:06,17-05-2025,15:21:35,17-05-2025,15:24:57,COMPLETED,0,1
79KWH,8,3,FULL,17-05-2025,15:19:29,17-05-2025,15:19:36,17-05-2025,15:21:59,COMPLETED,0,1
79KWH,8,2,FULL,17-05-2025,15:20:42,17-05-2025,15:20:46,17-05-2025,15:23:57,COMPLETED,0,1
79KWH,8,3,FULL,17-05-2025,15:22:06,17-05-2025,15:22:14,17-05-2025,15:24:32,COMPLETED,0,1
79KWH,8,3,FULL,17-05-2025,15:24:39,17-05-2025,15:24:47,17-05-2025,15:27:09,COMPLETED,0,1
79KWH,8,1,FULL,17-05-2025,15:25:03,17-05-2025,15:25:11,17-05-2025,15:28:17,COMPLETED,0,1
79KWH,8,3,FULL,17-05-2025,15:27:16,17-05-2025,15:27:23,17-05-2025,15:29:44,COMPLETED,0,1
79KWH,8,1,FULL,17-05-2025,15:28:22,17-05-2025,15:31:28,17-05-2025,15:34:50,COMPLETED,0,1
79KWH,8,1,FULL,17-05-2025,15:34:55,17-05-2025,15:37:26,17-05-2025,15:40:45,COMPLETED,0,1
79KWH,8,1,FULL,17-05-2025,15:40:50,17-05-2025,15:40:59,17-05-2025,15:44:11,COMPLETED,0,1
79KWH,8,3,FULL,17-05-2025,15:41:03,17-05-2025,15:41:16,17-05-2025,15:43:40,COMPLETED,0,1
79KWH,8,2,FULL,17-05-2025,15:41:29,17-05-2025,15:41:38,17-05-2025,15:44:53,COMPLETED,0,1
79KWH,8,3,FULL,17-05-2025,15:44:09,17-05-2025,15:44:22,17-05-2025,15:46:45,COMPLETED,0,1
79KWH,8,1,FULL,17-05-2025,15:44:15,17-05-2025,15:44:25,17-05-2025,15:47:34,COMPLETED,0,1
79KWH,8,2,FULL,17-05-2025,15:45:03,17-05-2025,15:45:08,17-05-2025,15:48:21,COMPLETED,0,1
79KWH,8,3,FULL,17-05-2025,15:47:03,17-05-2025,15:47:13,17-05-2025,15:49:35,COMPLETED,0,1
79KWH,8,1,FULL,17-05-2025,15:47:39,17-05-2025,15:47:47,17-05-2025,15:51:00,COMPLETED,0,1
79KWH,8,2,FULL,17-05-2025,15:48:30,17-05-2025,15:48:35,17-05-2025,15:51:54,COMPLETED,0,1
79KWH,8,3,FULL,17-05-2025,15:50:07,17-05-2025,15:50:18,17-05-2025,15:52:42,COMPLETED,0,1
79KWH,8,1,FULL,17-05-2025,15:51:05,17-05-2025,15:53:52,17-05-2025,15:57:08,COMPLETED,0,1
79KWH,8,2,FULL,17-05-2025,15:52:05,17-05-2025,15:52:08,17-05-2025,15:55:24,COMPLETED,0,1
79KWH,8,3,FULL,17-05-2025,15:53:05,17-05-2025,15:53:11,17-05-2025,15:55:41,COMPLETED,0,1
79KWH,8,2,FULL,17-05-2025,15:55:35,17-05-2025,15:58:39,17-05-2025,16:02:37,COMPLETED,0,1
79KWH,8,3,FULL,17-05-2025,15:56:10,17-05-2025,16:00:41,17-05-2025,16:04:13,COMPLETED,0,1
79KWH,8,1,FULL,17-05-2025,15:57:13,17-05-2025,15:59:07,17-05-2025,16:01:44,COMPLETED,0,1
79KWH,8,1,FULL,17-05-2025,16:01:49,17-05-2025,16:04:49,17-05-2025,16:08:08,COMPLETED,0,1
79KWH,8,2,FULL,17-05-2025,16:02:48,17-05-2025,16:05:58,17-05-2025,16:09:53,COMPLETED,0,1
79KWH,8,3,FULL,17-05-2025,16:04:20,17-05-2025,16:07:37,17-05-2025,16:10:44,COMPLETED,0,1
79KWH,8,1,FULL,17-05-2025,16:08:13,17-05-2025,16:10:46,17-05-2025,16:14:08,COMPLETED,0,1
79KWH,8,2,FULL,17-05-2025,16:10:03,17-05-2025,16:13:08,17-05-2025,16:16:26,COMPLETED,0,1
79KWH,8,3,FULL,17-05-2025,16:10:52,17-05-2025,16:13:48,17-05-2025,16:16:51,COMPLETED,0,1
79KWH,8,1,FULL,17-05-2025,16:14:13,17-05-2025,16:14:22,17-05-2025,16:17:37,COMPLETED,0,1
79KWH,8,2,FULL,17-05-2025,16:16:36,17-05-2025,16:29:13,17-05-2025,16:32:28,COMPLETED,0,1
79KWH,8,3,FULL,17-05-2025,16:16:59,17-05-2025,16:18:31,17-05-2025,16:19:59,COMPLETED,0,1
79KWH,8,1,FULL,17-05-2025,16:17:42,17-05-2025,16:17:51,17-05-2025,16:21:04,COMPLETED,0,1
79KWH,8,3,FULL,17-05-2025,16:20:06,17-05-2025,16:22:55,17-05-2025,16:25:53,COMPLETED,0,1
79KWH,8,1,FULL,17-05-2025,16:21:09,17-05-2025,16:21:18,17-05-2025,16:24:29,COMPLETED,0,1
79KWH,8,1,FULL,17-05-2025,16:24:35,17-05-2025,16:24:43,17-05-2025,16:27:57,COMPLETED,0,1
79KWH,8,3,FULL,17-05-2025,16:26:00,17-05-2025,16:26:07,17-05-2025,16:27:33,COMPLETED,0,1
79KWH,8,3,FULL,17-05-2025,16:27:39,17-05-2025,16:27:47,17-05-2025,16:29:11,COMPLETED,0,1
79KWH,8,1,FULL,17-05-2025,16:28:03,17-05-2025,16:28:11,17-05-2025,16:31:23,COMPLETED,0,1
79KWH,8,3,FULL,17-05-2025,16:29:17,17-05-2025,16:32:02,17-05-2025,16:35:38,COMPLETED,0,1
79KWH,8,1,FULL,17-05-2025,16:31:28,17-05-2025,16:31:37,17-05-2025,16:34:52,COMPLETED,0,1
79KWH,8,2,FULL,17-05-2025,16:32:37,17-05-2025,16:32:41,17-05-2025,16:34:41,COMPLETED,0,1
79KWH,8,2,FULL,17-05-2025,16:34:51,17-05-2025,16:34:54,17-05-2025,16:36:52,COMPLETED,0,1
79KWH,8,1,FULL,17-05-2025,16:34:58,17-05-2025,16:35:06,17-05-2025,16:38:19,COMPLETED,0,1
79KWH,8,3,FULL,17-05-2025,16:35:45,17-05-2025,16:38:56,17-05-2025,16:41:58,COMPLETED,0,1
79KWH,8,2,FULL,17-05-2025,16:37:03,17-05-2025,16:37:07,17-05-2025,16:39:48,COMPLETED,0,1
79KWH,8,1,FULL,17-05-2025,16:38:25,17-05-2025,16:38:33,17-05-2025,16:41:52,COMPLETED,0,1
79KWH,8,2,FULL,17-05-2025,16:39:58,17-05-2025,16:40:03,17-05-2025,16:43:23,COMPLETED,0,1
79KWH,8,1,FULL,17-05-2025,16:41:57,17-05-2025,16:42:06,17-05-2025,16:45:20,COMPLETED,0,1
79KWH,8,3,FULL,17-05-2025,16:42:05,17-05-2025,16:42:12,17-05-2025,16:44:11,COMPLETED,0,1
79KWH,8,2,FULL,17-05-2025,16:43:34,17-05-2025,16:43:37,17-05-2025,16:47:02,COMPLETED,0,1
79KWH,8,3,FULL,17-05-2025,16:44:18,17-05-2025,16:44:25,17-05-2025,16:46:59,COMPLETED,0,1
79KWH,8,1,FULL,17-05-2025,16:45:25,17-05-2025,16:45:34,17-05-2025,16:48:52,COMPLETED,0,1
79KWH,8,3,FULL,17-05-2025,16:47:04,17-05-2025,16:47:13,17-05-2025,16:49:43,COMPLETED,0,1
79KWH,8,2,FULL,17-05-2025,16:47:12,17-05-2025,16:47:17,17-05-2025,16:50:37,COMPLETED,0,1
79KWH,8,1,FULL,17-05-2025,16:48:58,17-05-2025,16:49:06,17-05-2025,16:52:22,COMPLETED,0,1
79KWH,8,3,FULL,17-05-2025,16:49:50,17-05-2025,16:49:58,17-05-2025,16:52:32,COMPLETED,0,1
79KWH,8,2,FULL,17-05-2025,16:50:48,17-05-2025,16:50:51,17-05-2025,16:54:17,COMPLETED,0,1
79KWH,8,1,FULL,17-05-2025,16:52:28,17-05-2025,16:52:36,17-05-2025,16:55:57,COMPLETED,0,1
79KWH,8,3,FULL,17-05-2025,16:52:38,17-05-2025,16:55:58,17-05-2025,16:59:28,COMPLETED,0,1
79KWH,8,2,FULL,17-05-2025,16:54:27,17-05-2025,16:54:31,17-05-2025,16:57:53,COMPLETED,0,1
79KWH,8,1,FULL,17-05-2025,16:56:02,17-05-2025,16:56:11,17-05-2025,16:59:27,COMPLETED,0,1
79KWH,8,1,FULL,17-05-2025,16:59:32,17-05-2025,16:59:41,17-05-2025,17:03:03,COMPLETED,0,1
79KWH,8,3,FULL,17-05-2025,16:59:35,17-05-2025,17:04:36,17-05-2025,17:07:39,COMPLETED,0,1
79KWH,8,1,FULL,17-05-2025,17:03:08,17-05-2025,17:03:16,17-05-2025,17:06:35,COMPLETED,0,1
79KWH,8,1,FULL,17-05-2025,17:06:41,17-05-2025,17:06:49,17-05-2025,17:10:11,COMPLETED,0,1
79KWH,8,3,FULL,17-05-2025,17:07:45,17-05-2025,17:07:52,17-05-2025,17:09:21,COMPLETED,0,1
79KWH,8,3,FULL,17-05-2025,17:09:27,17-05-2025,17:09:35,17-05-2025,17:11:04,COMPLETED,0,1
79KWH,8,3,FULL,17-05-2025,17:11:11,17-05-2025,17:11:18,17-05-2025,17:12:43,COMPLETED,0,1
79KWH,8,2,FULL,17-05-2025,17:18:56,17-05-2025,17:18:57,17-05-2025,17:22:26,COMPLETED,0,1
79KWH,8,1,FULL,17-05-2025,17:20:20,17-05-2025,17:20:22,17-05-2025,17:23:42,COMPLETED,0,1
79KWH,8,3,FULL,17-05-2025,17:21:39,17-05-2025,17:21:41,17-05-2025,17:23:48,COMPLETED,0,1
79KWH,8,2,FULL,17-05-2025,17:22:35,17-05-2025,17:22:40,17-05-2025,17:26:05,COMPLETED,0,1
79KWH,8,1,FULL,17-05-2025,17:23:48,17-05-2025,17:23:56,17-05-2025,17:27:20,COMPLETED,0,1
79KWH,8,3,FULL,17-05-2025,17:24:37,17-05-2025,17:24:45,17-05-2025,17:27:16,COMPLETED,0,1
79KWH,8,2,FULL,17-05-2025,17:26:15,17-05-2025,17:26:19,17-05-2025,17:29:49,COMPLETED,0,1
79KWH,8,1,FULL,17-05-2025,17:27:25,17-05-2025,17:27:34,17-05-2025,17:30:55,COMPLETED,0,1
79KWH,8,3,FULL,17-05-2025,17:27:39,17-05-2025,17:27:44,17-05-2025,17:30:21,COMPLETED,0,1
79KWH,8,2,FULL,17-05-2025,17:29:59,17-05-2025,17:30:03,17-05-2025,17:33:29,COMPLETED,0,1
79KWH,8,3,FULL,17-05-2025,17:30:37,17-05-2025,17:30:49,17-05-2025,17:33:23,COMPLETED,0,1
79KWH,8,1,FULL,17-05-2025,17:31:00,17-05-2025,17:31:09,17-05-2025,17:34:34,COMPLETED,0,1
79KWH,8,2,FULL,17-05-2025,17:33:38,17-05-2025,17:33:43,17-05-2025,17:37:16,COMPLETED,0,1
79KWH,8,3,FULL,17-05-2025,17:33:40,17-05-2025,17:33:52,17-05-2025,17:36:32,COMPLETED,0,1
79KWH,8,1,FULL,17-05-2025,17:34:39,17-05-2025,17:34:47,17-05-2025,17:38:16,COMPLETED,0,1
79KWH,8,3,FULL,17-05-2025,17:36:39,17-05-2025,17:36:46,17-05-2025,17:39:25,COMPLETED,0,1
79KWH,8,2,FULL,17-05-2025,17:37:25,17-05-2025,17:37:30,17-05-2025,17:40:59,COMPLETED,0,1
79KWH,8,1,FULL,17-05-2025,17:38:21,17-05-2025,17:38:30,17-05-2025,17:41:57,COMPLETED,0,1
79KWH,8,3,FULL,17-05-2025,17:39:40,17-05-2025,17:39:54,17-05-2025,17:42:37,COMPLETED,0,1
79KWH,8,2,FULL,17-05-2025,17:41:09,17-05-2025,17:41:13,17-05-2025,17:44:46,COMPLETED,0,1
79KWH,8,1,FULL,17-05-2025,17:42:02,17-05-2025,17:44:39,17-05-2025,17:48:03,COMPLETED,0,1
79KWH,8,3,FULL,17-05-2025,17:42:43,17-05-2025,17:42:51,17-05-2025,17:45:33,COMPLETED,0,1
79KWH,8,2,FULL,17-05-2025,17:44:57,17-05-2025,17:48:07,17-05-2025,17:52:07,COMPLETED,0,1
79KWH,8,3,FULL,17-05-2025,17:45:40,17-05-2025,17:48:56,17-05-2025,17:52:39,COMPLETED,0,1
79KWH,8,1,FULL,17-05-2025,17:48:08,17-05-2025,17:48:16,17-05-2025,17:51:51,COMPLETED,0,1
79KWH,8,1,FULL,17-05-2025,17:51:55,17-05-2025,18:15:33,17-05-2025,18:18:57,COMPLETED,0,1
79KWH,8,2,FULL,17-05-2025,17:52:17,17-05-2025,17:55:31,17-05-2025,17:59:41,COMPLETED,0,1
79KWH,8,3,FULL,17-05-2025,17:52:46,17-05-2025,17:52:52,17-05-2025,17:55:33,COMPLETED,0,1
79KWH,8,3,FULL,17-05-2025,17:55:40,17-05-2025,17:55:48,17-05-2025,17:58:35,COMPLETED,0,1
79KWH,8,1,FULL,17-05-2025,18:19:03,17-05-2025,18:21:39,17-05-2025,18:24:05,COMPLETED,0,1
79KWH,8,1,FULL,17-05-2025,18:24:11,17-05-2025,18:27:01,17-05-2025,18:29:23,COMPLETED,0,1
79KWH,8,1,FULL,17-05-2025,18:29:29,17-05-2025,18:29:37,17-05-2025,18:31:00,COMPLETED,0,1
79KWH,8,3,FULL,17-05-2025,18:51:47,17-05-2025,18:51:55,17-05-2025,18:55:01,COMPLETED,0,1
79KWH,8,2,FULL,17-05-2025,18:52:01,17-05-2025,18:53:15,17-05-2025,18:56:35,COMPLETED,0,1
79KWH,8,1,FULL,17-05-2025,18:53:29,17-05-2025,18:53:33,17-05-2025,18:55:54,COMPLETED,0,1
79KWH,8,3,FULL,17-05-2025,18:55:07,17-05-2025,18:55:15,17-05-2025,18:56:43,COMPLETED,0,1
79KWH,8,1,FULL,17-05-2025,18:56:27,17-05-2025,18:56:36,17-05-2025,18:57:58,COMPLETED,0,1
79KWH,8,2,FULL,17-05-2025,18:56:46,17-05-2025,18:56:49,17-05-2025,18:58:50,COMPLETED,0,1
79KWH,8,3,FULL,17-05-2025,18:57:47,17-05-2025,18:57:54,17-05-2025,19:00:03,COMPLETED,0,1
79KWH,8,2,FULL,17-05-2025,18:59:01,17-05-2025,18:59:04,17-05-2025,19:01:08,COMPLETED,0,1
79KWH,8,1,FULL,17-05-2025,18:59:31,17-05-2025,18:59:36,17-05-2025,19:00:56,COMPLETED,0,1
79KWH,8,3,FULL,17-05-2025,19:00:43,17-05-2025,19:00:45,17-05-2025,19:03:34,COMPLETED,0,1
79KWH,8,2,FULL,17-05-2025,19:01:18,17-05-2025,19:01:22,17-05-2025,19:03:24,COMPLETED,0,1
79KWH,8,1,FULL,17-05-2025,19:02:28,17-05-2025,19:02:34,17-05-2025,19:03:56,COMPLETED,0,1
79KWH,8,3,FULL,17-05-2025,19:03:48,17-05-2025,19:04:02,17-05-2025,19:06:46,COMPLETED,0,1
79KWH,8,2,FULL,17-05-2025,19:04:03,17-05-2025,19:04:06,17-05-2025,19:06:14,COMPLETED,0,1
79KWH,8,1,FULL,17-05-2025,19:05:32,17-05-2025,19:05:36,17-05-2025,19:06:57,COMPLETED,0,1
79KWH,8,3,FULL,17-05-2025,19:06:51,17-05-2025,19:07:00,17-05-2025,19:09:49,COMPLETED,0,1
79KWH,8,2,FULL,17-05-2025,19:07:03,17-05-2025,19:07:11,17-05-2025,19:09:15,COMPLETED,0,1
79KWH,8,1,FULL,17-05-2025,19:08:28,17-05-2025,19:08:35,17-05-2025,19:09:58,COMPLETED,0,1
79KWH,8,3,FULL,17-05-2025,19:09:57,17-05-2025,19:10:03,17-05-2025,19:12:50,COMPLETED,0,1
79KWH,8,2,FULL,17-05-2025,19:10:01,17-05-2025,19:10:12,17-05-2025,19:13:00,COMPLETED,0,1
79KWH,8,1,FULL,17-05-2025,19:11:32,17-05-2025,19:11:36,17-05-2025,19:12:56,COMPLETED,0,1
79KWH,8,3,FULL,17-05-2025,19:12:56,17-05-2025,19:13:04,17-05-2025,19:15:58,COMPLETED,0,1
79KWH,8,2,FULL,17-05-2025,19:13:08,17-05-2025,19:13:14,17-05-2025,19:16:52,COMPLETED,0,1
79KWH,8,1,FULL,17-05-2025,19:14:28,17-05-2025,19:14:36,17-05-2025,19:15:57,COMPLETED,0,1
79KWH,8,3,FULL,17-05-2025,19:16:04,17-05-2025,19:16:12,17-05-2025,19:19:03,COMPLETED,0,1
79KWH,8,2,FULL,17-05-2025,19:17:02,17-05-2025,19:17:07,17-05-2025,19:20:45,COMPLETED,0,1
79KWH,8,1,FULL,17-05-2025,19:17:32,17-05-2025,19:17:37,17-05-2025,19:18:56,COMPLETED,0,1
79KWH,8,3,FULL,17-05-2025,19:19:09,17-05-2025,19:19:17,17-05-2025,19:22:12,COMPLETED,0,1
79KWH,8,1,FULL,17-05-2025,19:20:31,17-05-2025,19:20:34,17-05-2025,19:21:57,COMPLETED,0,1
79KWH,8,2,FULL,17-05-2025,19:20:56,17-05-2025,19:20:59,17-05-2025,19:24:41,COMPLETED,0,1
79KWH,8,3,FULL,17-05-2025,19:22:19,17-05-2025,19:22:26,17-05-2025,19:25:18,COMPLETED,0,1
79KWH,8,1,FULL,17-05-2025,19:23:32,17-05-2025,19:24:21,17-05-2025,19:26:43,COMPLETED,0,1
79KWH,8,2,FULL,17-05-2025,19:24:51,17-05-2025,19:27:58,17-05-2025,19:32:04,COMPLETED,0,1
79KWH,8,3,FULL,17-05-2025,19:25:24,17-05-2025,19:25:33,17-05-2025,19:28:30,COMPLETED,0,1
79KWH,8,1,FULL,17-05-2025,19:26:48,17-05-2025,19:26:57,17-05-2025,19:28:19,COMPLETED,0,1
79KWH,8,1,FULL,17-05-2025,19:28:29,17-05-2025,20:09:22,17-05-2025,20:11:45,COMPLETED,0,1
79KWH,8,3,FULL,17-05-2025,19:28:37,17-05-2025,19:28:44,17-05-2025,19:31:44,COMPLETED,0,1
79KWH,8,3,FULL,17-05-2025,19:31:51,17-05-2025,19:35:17,17-05-2025,19:39:09,COMPLETED,0,1
79KWH,8,2,FULL,17-05-2025,19:32:14,17-05-2025,19:35:25,17-05-2025,19:39:36,COMPLETED,0,1
79KWH,8,3,FULL,17-05-2025,19:39:15,17-05-2025,19:39:23,17-05-2025,19:41:38,COMPLETED,0,1
79KWH,8,2,FULL,17-05-2025,19:39:47,17-05-2025,19:39:51,17-05-2025,19:42:47,COMPLETED,0,1
79KWH,8,3,FULL,17-05-2025,19:41:44,17-05-2025,19:41:52,17-05-2025,19:43:23,COMPLETED,0,1
79KWH,8,2,FULL,17-05-2025,19:42:57,17-05-2025,19:43:01,17-05-2025,19:45:06,COMPLETED,0,1
79KWH,8,3,FULL,17-05-2025,19:43:28,17-05-2025,19:43:37,17-05-2025,19:45:52,COMPLETED,0,1
79KWH,8,2,FULL,17-05-2025,19:45:16,17-05-2025,19:45:20,17-05-2025,19:48:15,COMPLETED,0,1
79KWH,8,3,FULL,17-05-2025,19:45:58,17-05-2025,19:46:06,17-05-2025,19:49:08,COMPLETED,0,1
79KWH,8,2,FULL,17-05-2025,19:48:24,17-05-2025,19:48:29,17-05-2025,19:52:17,COMPLETED,0,1
79KWH,8,3,FULL,17-05-2025,19:49:14,17-05-2025,19:49:21,17-05-2025,19:52:20,COMPLETED,0,1
79KWH,8,2,FULL,17-05-2025,19:52:27,17-05-2025,19:52:31,17-05-2025,19:56:14,COMPLETED,0,1
79KWH,8,3,FULL,17-05-2025,19:52:28,17-05-2025,19:52:34,17-05-2025,19:55:38,COMPLETED,0,1
79KWH,8,3,FULL,17-05-2025,19:55:44,17-05-2025,19:55:52,17-05-2025,19:58:51,COMPLETED,0,1
79KWH,8,2,FULL,17-05-2025,19:56:24,17-05-2025,19:56:28,17-05-2025,20:00:16,COMPLETED,0,1
79KWH,8,3,FULL,17-05-2025,19:58:57,17-05-2025,19:59:06,17-05-2025,20:02:12,COMPLETED,0,1
79KWH,8,2,FULL,17-05-2025,20:00:26,17-05-2025,20:00:31,17-05-2025,20:04:16,COMPLETED,0,1
79KWH,8,3,FULL,17-05-2025,20:02:18,17-05-2025,20:02:25,17-05-2025,20:05:28,COMPLETED,0,1
79KWH,8,2,FULL,17-05-2025,20:04:27,17-05-2025,20:04:31,17-05-2025,20:08:18,COMPLETED,0,1
79KWH,8,3,FULL,17-05-2025,20:05:36,17-05-2025,20:05:42,17-05-2025,20:08:47,COMPLETED,0,1
79KWH,8,2,FULL,17-05-2025,20:08:29,17-05-2025,20:08:32,17-05-2025,20:12:29,COMPLETED,0,1
79KWH,8,3,FULL,17-05-2025,20:08:54,17-05-2025,20:09:01,17-05-2025,20:12:04,COMPLETED,0,1
79KWH,8,1,FULL,17-05-2025,20:11:49,17-05-2025,20:11:58,17-05-2025,20:13:17,COMPLETED,0,1
79KWH,8,3,FULL,17-05-2025,20:12:10,17-05-2025,20:12:18,17-05-2025,20:15:27,COMPLETED,0,1
79KWH,8,2,FULL,17-05-2025,20:12:39,17-05-2025,20:12:43,17-05-2025,20:16:34,COMPLETED,0,1
79KWH,8,1,FULL,17-05-2025,20:13:22,17-05-2025,20:13:31,17-05-2025,20:14:55,COMPLETED,0,1
79KWH,8,1,FULL,17-05-2025,20:14:59,17-05-2025,20:15:08,17-05-2025,20:16:29,COMPLETED,0,1
79KWH,8,3,FULL,17-05-2025,20:15:34,17-05-2025,20:15:41,17-05-2025,20:18:47,COMPLETED,0,1
79KWH,8,1,FULL,17-05-2025,20:16:35,17-05-2025,20:18:51,17-05-2025,20:21:19,COMPLETED,0,1
79KWH,8,2,FULL,17-05-2025,20:16:44,17-05-2025,20:19:55,17-05-2025,20:24:11,COMPLETED,0,1
79KWH,8,3,FULL,17-05-2025,20:18:53,17-05-2025,20:22:21,17-05-2025,20:26:17,COMPLETED,0,1
79KWH,8,1,FULL,17-05-2025,20:21:24,17-05-2025,20:23:43,17-05-2025,20:26:05,COMPLETED,0,1
79KWH,8,1,FULL,17-05-2025,20:26:10,17-05-2025,20:26:19,17-05-2025,20:27:44,COMPLETED,0,1
79KWH,8,3,FULL,17-05-2025,20:26:24,17-05-2025,20:26:31,17-05-2025,20:29:38,COMPLETED,0,1
79KWH,8,3,FULL,17-05-2025,20:29:44,17-05-2025,20:29:53,17-05-2025,20:33:05,COMPLETED,0,1
79KWH,8,3,FULL,17-05-2025,20:33:11,17-05-2025,20:33:19,17-05-2025,20:36:30,COMPLETED,0,1
79KWH,8,3,FULL,17-05-2025,20:36:36,17-05-2025,20:40:09,17-05-2025,20:44:07,COMPLETED,0,1
79KWH,8,2,FULL,17-05-2025,20:42:56,17-05-2025,20:43:02,17-05-2025,20:46:25,COMPLETED,0,1
79KWH,8,1,FULL,17-05-2025,20:44:15,17-05-2025,20:44:19,17-05-2025,20:46:48,COMPLETED,0,1
79KWH,8,3,FULL,17-05-2025,20:45:33,17-05-2025,20:45:46,17-05-2025,20:48:11,COMPLETED,0,1
79KWH,8,2,FULL,17-05-2025,20:46:36,17-05-2025,20:46:40,17-05-2025,20:48:46,COMPLETED,0,1
79KWH,8,1,FULL,17-05-2025,20:47:19,17-05-2025,20:47:31,17-05-2025,20:48:57,COMPLETED,0,1
79KWH,8,3,FULL,17-05-2025,20:48:33,17-05-2025,20:48:40,17-05-2025,20:50:14,COMPLETED,0,1
79KWH,8,2,FULL,17-05-2025,20:48:56,17-05-2025,20:49:00,17-05-2025,20:51:11,COMPLETED,0,1
79KWH,8,1,FULL,17-05-2025,20:50:16,17-05-2025,20:50:21,17-05-2025,20:51:45,COMPLETED,0,1
79KWH,8,3,FULL,17-05-2025,20:51:37,17-05-2025,20:51:39,17-05-2025,20:54:04,COMPLETED,0,1
79KWH,8,2,FULL,17-05-2025,20:51:48,17-05-2025,20:51:54,17-05-2025,20:54:04,COMPLETED,0,1
79KWH,8,1,FULL,17-05-2025,20:53:19,17-05-2025,20:55:03,17-05-2025,20:57:33,COMPLETED,0,1
79KWH,8,3,FULL,17-05-2025,20:54:32,17-05-2025,20:54:46,17-05-2025,20:58:02,COMPLETED,0,1
79KWH,8,2,FULL,17-05-2025,20:54:55,17-05-2025,20:56:30,17-05-2025,21:00:43,COMPLETED,0,1
79KWH,8,1,FULL,17-05-2025,20:57:37,17-05-2025,20:59:55,17-05-2025,21:02:21,COMPLETED,0,1
79KWH,8,3,FULL,17-05-2025,20:58:08,17-05-2025,20:58:16,17-05-2025,21:01:29,COMPLETED,0,1
79KWH,8,2,FULL,17-05-2025,21:00:53,17-05-2025,21:04:06,17-05-2025,21:08:29,COMPLETED,0,1
79KWH,8,3,FULL,17-05-2025,21:01:35,17-05-2025,21:01:42,17-05-2025,21:05:01,COMPLETED,0,1
79KWH,8,1,FULL,17-05-2025,21:02:26,17-05-2025,21:02:35,17-05-2025,21:04:03,COMPLETED,0,1
79KWH,8,1,FULL,17-05-2025,21:04:09,17-05-2025,21:04:17,17-05-2025,21:05:44,COMPLETED,0,1
79KWH,8,3,FULL,17-05-2025,21:05:08,17-05-2025,21:08:38,17-05-2025,21:12:36,COMPLETED,0,1
79KWH,8,1,FULL,17-05-2025,21:05:49,17-05-2025,21:05:58,17-05-2025,21:07:34,COMPLETED,0,1
79KWH,8,1,FULL,17-05-2025,21:07:40,17-05-2025,21:07:48,17-05-2025,21:09:17,COMPLETED,0,1
79KWH,8,2,FULL,17-05-2025,21:08:39,17-05-2025,21:08:43,17-05-2025,21:11:52,COMPLETED,0,1
79KWH,8,2,FULL,17-05-2025,21:12:01,17-05-2025,21:12:06,17-05-2025,21:14:19,COMPLETED,0,1
79KWH,8,3,FULL,17-05-2025,21:12:43,17-05-2025,21:12:50,17-05-2025,21:16:12,COMPLETED,0,1
79KWH,8,3,FULL,17-05-2025,21:16:19,17-05-2025,21:16:26,17-05-2025,21:19:45,COMPLETED,0,1
79KWH,8,1,FULL,20-05-2025,07:48:31,20-05-2025,07:48:35,20-05-2025,07:51:23,COMPLETED,0,1
79KWH,8,3,FULL,20-05-2025,07:49:46,20-05-2025,07:49:49,20-05-2025,07:53:45,COMPLETED,0,1
79KWH,8,2,FULL,20-05-2025,07:50:01,20-05-2025,07:51:49,20-05-2025,07:56:07,COMPLETED,0,1
79KWH,8,1,FULL,20-05-2025,07:51:31,20-05-2025,07:53:45,20-05-2025,07:56:30,COMPLETED,0,1
79KWH,8,3,FULL,20-05-2025,07:53:52,20-05-2025,07:56:28,20-05-2025,07:59:36,COMPLETED,0,1
79KWH,8,2,FULL,20-05-2025,07:56:13,20-05-2025,07:58:35,20-05-2025,08:02:47,COMPLETED,0,1
79KWH,8,1,FULL,20-05-2025,07:58:38,20-05-2025,07:58:46,20-05-2025,08:01:17,COMPLETED,0,1
79KWH,8,3,FULL,20-05-2025,07:59:52,20-05-2025,08:00:04,20-05-2025,08:01:39,COMPLETED,0,1
79KWH,8,1,FULL,20-05-2025,08:01:36,20-05-2025,08:01:45,20-05-2025,08:03:14,COMPLETED,0,1
79KWH,8,3,FULL,20-05-2025,08:02:54,20-05-2025,08:03:03,20-05-2025,08:04:43,COMPLETED,0,1
79KWH,8,2,FULL,20-05-2025,08:02:57,20-05-2025,08:03:00,20-05-2025,08:06:06,COMPLETED,0,1
79KWH,8,1,FULL,20-05-2025,08:04:39,20-05-2025,08:04:52,20-05-2025,08:06:24,COMPLETED,0,1
79KWH,8,3,FULL,20-05-2025,08:05:54,20-05-2025,08:06:08,20-05-2025,08:07:45,COMPLETED,0,1
79KWH,8,2,FULL,20-05-2025,08:06:16,20-05-2025,08:06:19,20-05-2025,08:08:33,COMPLETED,0,1
79KWH,8,1,FULL,20-05-2025,08:13:41,20-05-2025,08:13:55,20-05-2025,08:15:23,COMPLETED,0,1
79KWH,8,3,FULL,20-05-2025,08:14:56,20-05-2025,08:15:00,20-05-2025,08:16:42,COMPLETED,0,1
79KWH,8,2,FULL,20-05-2025,08:15:21,20-05-2025,08:15:36,20-05-2025,08:17:55,COMPLETED,0,1
79KWH,8,1,FULL,20-05-2025,08:22:53,20-05-2025,08:22:54,20-05-2025,08:25:24,COMPLETED,0,1
79KWH,8,3,FULL,20-05-2025,08:24:06,20-05-2025,08:24:12,20-05-2025,08:27:19,COMPLETED,0,1
79KWH,8,2,FULL,20-05-2025,08:24:27,20-05-2025,08:24:34,20-05-2025,08:27:58,COMPLETED,0,1
79KWH,8,1,FULL,20-05-2025,08:25:50,20-05-2025,08:27:43,20-05-2025,08:30:12,COMPLETED,0,1
79KWH,8,3,FULL,20-05-2025,08:27:25,20-05-2025,08:27:33,20-05-2025,08:29:16,COMPLETED,0,1
79KWH,8,2,FULL,20-05-2025,08:28:09,20-05-2025,08:28:12,20-05-2025,08:30:31,COMPLETED,0,1
79KWH,8,3,FULL,20-05-2025,08:30:07,20-05-2025,08:30:12,20-05-2025,08:31:53,COMPLETED,0,1
79KWH,8,1,FULL,20-05-2025,08:30:17,20-05-2025,08:30:26,20-05-2025,08:32:00,COMPLETED,0,1
79KWH,8,2,FULL,20-05-2025,08:30:41,20-05-2025,08:30:45,20-05-2025,08:33:02,COMPLETED,0,1
79KWH,8,1,FULL,20-05-2025,08:32:05,20-05-2025,08:32:14,20-05-2025,08:33:45,COMPLETED,0,1
79KWH,8,3,FULL,20-05-2025,08:33:09,20-05-2025,08:33:18,20-05-2025,08:35:05,COMPLETED,0,1
79KWH,8,2,FULL,20-05-2025,08:33:27,20-05-2025,08:33:30,20-05-2025,08:35:52,COMPLETED,0,1
79KWH,8,1,FULL,20-05-2025,08:34:56,20-05-2025,08:35:10,20-05-2025,08:36:44,COMPLETED,0,1
79KWH,8,3,FULL,20-05-2025,08:36:08,20-05-2025,08:36:15,20-05-2025,08:37:58,COMPLETED,0,1
79KWH,8,2,FULL,20-05-2025,08:36:29,20-05-2025,08:36:34,20-05-2025,08:38:52,COMPLETED,0,1
79KWH,8,1,FULL,20-05-2025,08:37:52,20-05-2025,08:37:54,20-05-2025,08:39:26,COMPLETED,0,1
79KWH,8,3,FULL,20-05-2025,08:39:11,20-05-2025,08:39:23,20-05-2025,08:41:10,COMPLETED,0,1
79KWH,8,2,FULL,20-05-2025,08:39:25,20-05-2025,08:39:34,20-05-2025,08:41:58,COMPLETED,0,1
79KWH,8,1,FULL,20-05-2025,08:40:55,20-05-2025,08:41:05,20-05-2025,08:42:41,COMPLETED,0,1
79KWH,8,3,FULL,20-05-2025,08:42:10,20-05-2025,08:42:21,20-05-2025,08:44:06,COMPLETED,0,1
79KWH,8,2,FULL,20-05-2025,08:42:30,20-05-2025,08:42:41,20-05-2025,08:45:01,COMPLETED,0,1
79KWH,8,1,FULL,20-05-2025,08:43:54,20-05-2025,08:44:04,20-05-2025,08:45:38,COMPLETED,0,1
79KWH,8,3,FULL,20-05-2025,08:45:12,20-05-2025,08:45:17,20-05-2025,08:47:07,COMPLETED,0,1
79KWH,8,2,FULL,20-05-2025,08:45:25,20-05-2025,08:45:29,20-05-2025,08:47:55,COMPLETED,0,1
79KWH,8,1,FULL,20-05-2025,08:46:56,20-05-2025,08:47:03,20-05-2025,08:48:42,COMPLETED,0,1
79KWH,8,3,FULL,20-05-2025,08:48:08,20-05-2025,08:48:18,20-05-2025,08:50:03,COMPLETED,0,1
79KWH,8,2,FULL,20-05-2025,08:48:31,20-05-2025,08:48:38,20-05-2025,08:51:00,COMPLETED,0,1
79KWH,8,1,FULL,20-05-2025,08:49:53,20-05-2025,08:50:06,20-05-2025,08:51:43,COMPLETED,0,1
79KWH,8,3,FULL,20-05-2025,08:51:13,20-05-2025,08:51:14,20-05-2025,08:53:06,COMPLETED,0,1
79KWH,8,2,FULL,20-05-2025,08:51:26,20-05-2025,08:51:29,20-05-2025,08:53:57,COMPLETED,0,1
79KWH,8,1,FULL,20-05-2025,08:52:58,20-05-2025,08:53:06,20-05-2025,08:54:46,COMPLETED,0,1
79KWH,8,3,FULL,20-05-2025,08:54:13,20-05-2025,08:54:17,20-05-2025,08:56:07,COMPLETED,0,1
79KWH,8,2,FULL,20-05-2025,08:54:31,20-05-2025,08:54:39,20-05-2025,08:57:03,COMPLETED,0,1
79KWH,8,1,FULL,20-05-2025,08:55:55,20-05-2025,08:55:56,20-05-2025,08:57:32,COMPLETED,0,1
79KWH,8,3,FULL,20-05-2025,08:57:15,20-05-2025,08:57:18,20-05-2025,08:59:09,COMPLETED,0,1
79KWH,8,2,FULL,20-05-2025,08:57:27,20-05-2025,08:57:31,20-05-2025,09:00:02,COMPLETED,0,1
79KWH,8,1,FULL,20-05-2025,08:58:59,20-05-2025,08:59:10,20-05-2025,09:00:52,COMPLETED,0,1
79KWH,8,3,FULL,20-05-2025,09:00:11,20-05-2025,09:00:19,20-05-2025,09:02:10,COMPLETED,0,1
79KWH,8,2,FULL,20-05-2025,09:00:33,20-05-2025,09:00:44,20-05-2025,09:03:11,COMPLETED,0,1
79KWH,8,1,FULL,20-05-2025,09:01:56,20-05-2025,09:02:03,20-05-2025,09:03:41,COMPLETED,0,1
79KWH,8,3,FULL,20-05-2025,09:03:16,20-05-2025,09:03:21,20-05-2025,09:05:17,COMPLETED,0,1
79KWH,8,2,FULL,20-05-2025,09:03:29,20-05-2025,09:03:40,20-05-2025,09:06:10,COMPLETED,0,1
79KWH,8,1,FULL,20-05-2025,09:37:55,20-05-2025,09:37:56,20-05-2025,09:40:32,COMPLETED,0,1
79KWH,8,3,FULL,20-05-2025,09:45:50,20-05-2025,09:45:57,20-05-2025,09:49:10,COMPLETED,0,1
79KWH,8,2,FULL,20-05-2025,09:50:52,20-05-2025,09:50:58,20-05-2025,09:54:28,COMPLETED,0,1
79KWH,8,1,FULL,20-05-2025,09:51:58,20-05-2025,09:52:04,20-05-2025,09:53:44,COMPLETED,0,1
79KWH,8,3,FULL,20-05-2025,09:52:51,20-05-2025,09:52:56,20-05-2025,09:54:52,COMPLETED,0,1
79KWH,8,1,FULL,20-05-2025,09:54:17,20-05-2025,09:54:26,20-05-2025,09:56:10,COMPLETED,0,1
79KWH,8,2,FULL,20-05-2025,09:54:38,20-05-2025,09:54:42,20-05-2025,09:57:16,COMPLETED,0,1
79KWH,8,3,FULL,20-05-2025,09:55:32,20-05-2025,09:55:34,20-05-2025,09:57:28,COMPLETED,0,1
79KWH,8,1,FULL,20-05-2025,09:57:16,20-05-2025,09:57:20,20-05-2025,09:59:01,COMPLETED,0,1
79KWH,8,2,FULL,20-05-2025,09:57:26,20-05-2025,09:57:30,20-05-2025,10:00:02,COMPLETED,0,1
79KWH,8,3,FULL,20-05-2025,09:58:34,20-05-2025,09:58:38,20-05-2025,10:00:36,COMPLETED,0,1
79KWH,8,2,FULL,20-05-2025,10:00:13,20-05-2025,10:02:20,20-05-2025,10:05:56,COMPLETED,0,1
79KWH,8,1,FULL,20-05-2025,10:00:20,20-05-2025,10:04:17,20-05-2025,10:06:55,COMPLETED,0,1
79KWH,8,3,FULL,20-05-2025,10:01:32,20-05-2025,10:01:33,20-05-2025,10:03:35,COMPLETED,0,1
79KWH,8,3,FULL,20-05-2025,10:04:35,20-05-2025,10:06:16,20-05-2025,10:09:35,COMPLETED,0,1
79KWH,8,2,FULL,20-05-2025,10:06:06,20-05-2025,10:08:17,20-05-2025,10:11:48,COMPLETED,0,1
79KWH,8,1,FULL,20-05-2025,10:06:59,20-05-2025,10:07:09,20-05-2025,10:08:51,COMPLETED,0,1
79KWH,8,1,FULL,20-05-2025,10:08:56,20-05-2025,10:11:07,20-05-2025,10:13:45,COMPLETED,0,1
79KWH,8,3,FULL,20-05-2025,10:09:40,20-05-2025,10:09:49,20-05-2025,10:11:45,COMPLETED,0,1
79KWH,8,3,FULL,20-05-2025,10:11:53,20-05-2025,10:12:00,20-05-2025,10:14:03,COMPLETED,0,1
79KWH,8,2,FULL,20-05-2025,10:11:57,20-05-2025,10:12:02,20-05-2025,10:14:39,COMPLETED,0,1
79KWH,8,3,FULL,20-05-2025,10:14:10,20-05-2025,10:14:18,20-05-2025,10:16:18,COMPLETED,0,1
79KWH,8,2,FULL,20-05-2025,10:14:50,20-05-2025,10:14:53,20-05-2025,10:17:27,COMPLETED,0,1
79KWH,8,1,FULL,20-05-2025,10:15:13,20-05-2025,10:15:24,20-05-2025,10:17:07,COMPLETED,0,1
79KWH,8,3,FULL,20-05-2025,10:16:24,20-05-2025,10:16:32,20-05-2025,10:18:36,COMPLETED,0,1
79KWH,8,1,FULL,20-05-2025,10:17:13,20-05-2025,10:17:21,20-05-2025,10:19:08,COMPLETED,0,1
79KWH,8,2,FULL,20-05-2025,10:17:36,20-05-2025,10:17:41,20-05-2025,10:20:21,COMPLETED,0,1
79KWH,8,3,FULL,20-05-2025,10:18:41,20-05-2025,10:18:49,20-05-2025,10:20:51,COMPLETED,0,1
79KWH,8,1,FULL,20-05-2025,10:19:14,20-05-2025,10:19:22,20-05-2025,10:21:06,COMPLETED,0,1
79KWH,8,2,FULL,20-05-2025,10:20:32,20-05-2025,10:20:36,20-05-2025,10:23:13,COMPLETED,0,1
79KWH,8,3,FULL,20-05-2025,10:20:58,20-05-2025,10:21:05,20-05-2025,10:23:12,COMPLETED,0,1
79KWH,8,1,FULL,20-05-2025,10:21:11,20-05-2025,10:21:19,20-05-2025,10:23:08,COMPLETED,0,1
79KWH,8,1,FULL,20-05-2025,10:23:14,20-05-2025,10:23:23,20-05-2025,10:25:09,COMPLETED,0,1
79KWH,8,3,FULL,20-05-2025,10:23:18,20-05-2025,10:23:26,20-05-2025,10:25:31,COMPLETED,0,1
79KWH,8,2,FULL,20-05-2025,10:23:22,20-05-2025,10:23:27,20-05-2025,10:26:09,COMPLETED,0,1
79KWH,8,1,FULL,20-05-2025,10:25:13,20-05-2025,10:25:22,20-05-2025,10:27:10,COMPLETED,0,1
79KWH,8,3,FULL,20-05-2025,10:25:37,20-05-2025,10:25:46,20-05-2025,10:27:55,COMPLETED,0,1
79KWH,8,2,FULL,20-05-2025,10:26:19,20-05-2025,10:26:23,20-05-2025,10:29:03,COMPLETED,0,1
79KWH,8,1,FULL,20-05-2025,10:27:16,20-05-2025,10:27:25,20-05-2025,10:29:11,COMPLETED,0,1
79KWH,8,3,FULL,20-05-2025,10:28:38,20-05-2025,10:28:52,20-05-2025,10:30:58,COMPLETED,0,1
79KWH,8,2,FULL,20-05-2025,10:29:14,20-05-2025,10:29:18,20-05-2025,10:32:01,COMPLETED,0,1
79KWH,8,1,FULL,20-05-2025,10:29:16,20-05-2025,10:29:24,20-05-2025,10:31:14,COMPLETED,0,1
79KWH,8,1,FULL,20-05-2025,10:31:19,20-05-2025,10:31:28,20-05-2025,10:33:16,COMPLETED,0,1
79KWH,8,3,FULL,20-05-2025,10:31:36,20-05-2025,10:31:39,20-05-2025,10:33:50,COMPLETED,0,1
79KWH,8,2,FULL,20-05-2025,10:32:10,20-05-2025,10:32:15,20-05-2025,10:34:54,COMPLETED,0,1
79KWH,8,1,FULL,20-05-2025,10:33:21,20-05-2025,10:33:30,20-05-2025,10:35:23,COMPLETED,0,1
79KWH,8,3,FULL,20-05-2025,10:34:40,20-05-2025,10:34:47,20-05-2025,10:36:55,COMPLETED,0,1
79KWH,8,2,FULL,20-05-2025,10:35:03,20-05-2025,10:35:07,20-05-2025,10:37:52,COMPLETED,0,1
79KWH,8,1,FULL,20-05-2025,10:36:24,20-05-2025,10:36:33,20-05-2025,10:38:22,COMPLETED,0,1
79KWH,8,3,FULL,20-05-2025,10:37:37,20-05-2025,10:37:52,20-05-2025,10:40:05,COMPLETED,0,1
79KWH,8,2,FULL,20-05-2025,10:38:03,20-05-2025,10:38:06,20-05-2025,10:40:48,COMPLETED,0,1
79KWH,8,1,FULL,20-05-2025,10:39:20,20-05-2025,10:39:33,20-05-2025,10:41:26,COMPLETED,0,1
79KWH,8,3,FULL,20-05-2025,10:40:42,20-05-2025,10:40:47,20-05-2025,10:42:57,COMPLETED,0,1
79KWH,8,2,FULL,20-05-2025,10:40:58,20-05-2025,10:41:03,20-05-2025,10:43:51,COMPLETED,0,1
79KWH,8,1,FULL,20-05-2025,10:42:26,20-05-2025,10:42:37,20-05-2025,10:44:27,COMPLETED,0,1
79KWH,8,3,FULL,20-05-2025,10:43:37,20-05-2025,10:43:40,20-05-2025,10:45:57,COMPLETED,0,1
79KWH,8,2,FULL,20-05-2025,10:44:02,20-05-2025,10:44:05,20-05-2025,10:46:50,COMPLETED,0,1
79KWH,8,1,FULL,20-05-2025,10:45:22,20-05-2025,10:47:25,20-05-2025,10:50:08,COMPLETED,0,1
79KWH,8,3,FULL,20-05-2025,10:46:40,20-05-2025,10:48:55,20-05-2025,10:52:17,COMPLETED,0,1
79KWH,8,2,FULL,20-05-2025,10:47:01,20-05-2025,10:49:01,20-05-2025,10:52:44,COMPLETED,0,1
79KWH,8,1,FULL,20-05-2025,10:50:13,20-05-2025,10:52:22,20-05-2025,10:55:02,COMPLETED,0,1
79KWH,8,3,FULL,20-05-2025,10:52:23,20-05-2025,10:52:31,20-05-2025,10:54:48,COMPLETED,0,1
79KWH,8,2,FULL,20-05-2025,10:52:55,20-05-2025,10:54:58,20-05-2025,10:58:38,COMPLETED,0,1
79KWH,8,3,FULL,20-05-2025,10:54:55,20-05-2025,10:55:02,20-05-2025,10:57:16,COMPLETED,0,1
79KWH,8,1,FULL,20-05-2025,10:55:08,20-05-2025,10:55:16,20-05-2025,10:57:12,COMPLETED,0,1
79KWH,8,1,FULL,20-05-2025,10:57:17,20-05-2025,10:57:27,20-05-2025,10:59:20,COMPLETED,0,1
79KWH,8,3,FULL,20-05-2025,10:57:23,20-05-2025,10:57:30,20-05-2025,10:59:49,COMPLETED,0,1
79KWH,8,2,FULL,20-05-2025,10:58:48,20-05-2025,10:58:52,20-05-2025,11:01:43,COMPLETED,0,1
79KWH,8,1,FULL,20-05-2025,10:59:26,20-05-2025,10:59:34,20-05-2025,11:01:31,COMPLETED,0,1
79KWH,8,3,FULL,20-05-2025,10:59:56,20-05-2025,11:00:03,20-05-2025,11:02:19,COMPLETED,0,1
79KWH,8,1,FULL,20-05-2025,11:01:36,20-05-2025,11:01:45,20-05-2025,11:03:41,COMPLETED,0,1
79KWH,8,2,FULL,20-05-2025,11:01:54,20-05-2025,11:01:58,20-05-2025,11:04:46,COMPLETED,0,1
79KWH,8,3,FULL,20-05-2025,11:02:24,20-05-2025,11:02:32,20-05-2025,11:04:53,COMPLETED,0,1
79KWH,8,1,FULL,20-05-2025,11:03:46,20-05-2025,11:03:56,20-05-2025,11:05:54,COMPLETED,0,1
79KWH,8,2,FULL,20-05-2025,11:04:56,20-05-2025,11:05:01,20-05-2025,11:07:53,COMPLETED,0,1
79KWH,8,3,FULL,20-05-2025,11:04:59,20-05-2025,11:05:07,20-05-2025,11:07:24,COMPLETED,0,1
79KWH,8,1,FULL,20-05-2025,11:05:59,20-05-2025,11:06:09,20-05-2025,11:08:08,COMPLETED,0,1
79KWH,8,3,FULL,20-05-2025,11:07:32,20-05-2025,11:07:38,20-05-2025,11:10:02,COMPLETED,0,1
79KWH,8,2,FULL,20-05-2025,11:08:04,20-05-2025,11:08:07,20-05-2025,11:10:58,COMPLETED,0,1
79KWH,8,1,FULL,20-05-2025,11:08:13,20-05-2025,11:08:21,20-05-2025,11:10:21,COMPLETED,0,1
79KWH,8,3,FULL,20-05-2025,11:13:42,20-05-2025,11:13:47,20-05-2025,11:16:08,COMPLETED,0,1
79KWH,8,2,FULL,20-05-2025,11:13:56,20-05-2025,11:14:02,20-05-2025,11:16:56,COMPLETED,0,1
79KWH,8,1,FULL,20-05-2025,11:15:26,20-05-2025,11:15:30,20-05-2025,11:17:29,COMPLETED,0,1
79KWH,8,3,FULL,20-05-2025,11:16:39,20-05-2025,11:16:50,20-05-2025,11:19:14,COMPLETED,0,1
79KWH,8,2,FULL,20-05-2025,11:17:06,20-05-2025,11:17:11,20-05-2025,11:20:03,COMPLETED,0,1
79KWH,8,1,FULL,20-05-2025,11:18:23,20-05-2025,11:18:26,20-05-2025,11:20:26,COMPLETED,0,1
79KWH,8,3,FULL,20-05-2025,11:19:41,20-05-2025,11:19:42,20-05-2025,11:22:05,COMPLETED,0,1
79KWH,8,2,FULL,20-05-2025,11:20:13,20-05-2025,11:20:18,20-05-2025,11:23:15,COMPLETED,0,1
79KWH,8,1,FULL,20-05-2025,11:21:26,20-05-2025,11:21:36,20-05-2025,11:23:35,COMPLETED,0,1
79KWH,8,3,FULL,20-05-2025,11:22:40,20-05-2025,11:22:47,20-05-2025,11:25:14,COMPLETED,0,1
79KWH,8,2,FULL,20-05-2025,11:23:24,20-05-2025,11:23:28,20-05-2025,11:26:23,COMPLETED,0,1
79KWH,8,1,FULL,20-05-2025,11:24:23,20-05-2025,11:24:30,20-05-2025,11:26:34,COMPLETED,0,1
79KWH,8,3,FULL,20-05-2025,11:25:42,20-05-2025,11:25:56,20-05-2025,11:28:20,COMPLETED,0,1
79KWH,8,2,FULL,20-05-2025,11:26:34,20-05-2025,11:26:38,20-05-2025,11:29:36,COMPLETED,0,1
79KWH,8,1,FULL,20-05-2025,11:27:27,20-05-2025,11:27:29,20-05-2025,11:29:31,COMPLETED,0,1
79KWH,8,3,FULL,20-05-2025,11:28:40,20-05-2025,11:28:49,20-05-2025,11:31:19,COMPLETED,0,1
79KWH,8,2,FULL,20-05-2025,11:29:46,20-05-2025,11:31:40,20-05-2025,11:35:23,COMPLETED,0,1
79KWH,8,1,FULL,20-05-2025,11:30:23,20-05-2025,11:31:57,20-05-2025,11:34:42,COMPLETED,0,1
79KWH,8,3,FULL,20-05-2025,11:31:43,20-05-2025,11:33:45,20-05-2025,11:37:14,COMPLETED,0,1
79KWH,8,1,FULL,20-05-2025,11:34:47,20-05-2025,11:34:55,20-05-2025,11:36:59,COMPLETED,0,1
79KWH,8,2,FULL,20-05-2025,11:35:33,20-05-2025,11:37:32,20-05-2025,11:41:23,COMPLETED,0,1
79KWH,8,1,FULL,20-05-2025,11:37:05,20-05-2025,11:37:14,20-05-2025,11:39:17,COMPLETED,0,1
79KWH,8,3,FULL,20-05-2025,11:37:20,20-05-2025,11:37:28,20-05-2025,11:39:59,COMPLETED,0,1
79KWH,8,3,FULL,20-05-2025,11:40:06,20-05-2025,11:40:13,20-05-2025,11:42:43,COMPLETED,0,1
79KWH,8,2,FULL,20-05-2025,12:19:20,20-05-2025,12:19:23,20-05-2025,12:22:22,COMPLETED,0,1
79KWH,8,2,FULL,20-05-2025,12:22:32,20-05-2025,12:22:36,20-05-2025,12:25:40,COMPLETED,0,1
79KWH,8,3,FULL,20-05-2025,12:23:07,20-05-2025,12:23:20,20-05-2025,12:25:51,COMPLETED,0,1
79KWH,8,2,FULL,20-05-2025,12:25:49,20-05-2025,12:27:43,20-05-2025,12:31:29,COMPLETED,0,1
79KWH,8,3,FULL,20-05-2025,12:25:57,20-05-2025,12:28:13,20-05-2025,12:31:44,COMPLETED,0,1
79KWH,8,2,FULL,20-05-2025,12:31:40,20-05-2025,12:33:38,20-05-2025,12:37:29,COMPLETED,0,1
79KWH,8,3,FULL,20-05-2025,12:31:51,20-05-2025,12:31:58,20-05-2025,12:34:32,COMPLETED,0,1
79KWH,8,3,FULL,20-05-2025,12:34:39,20-05-2025,12:34:46,20-05-2025,12:37:19,COMPLETED,0,1
79KWH,8,3,FULL,20-05-2025,12:37:25,20-05-2025,12:37:33,20-05-2025,12:40:10,COMPLETED,0,1
79KWH,8,2,FULL,20-05-2025,12:37:38,20-05-2025,12:37:43,20-05-2025,12:40:44,COMPLETED,0,1
79KWH,8,3,FULL,20-05-2025,12:40:16,20-05-2025,12:40:23,20-05-2025,12:42:57,COMPLETED,0,1
79KWH,8,2,FULL,20-05-2025,12:40:54,20-05-2025,12:40:57,20-05-2025,12:44:04,COMPLETED,0,1
79KWH,8,3,FULL,20-05-2025,12:43:04,20-05-2025,12:43:10,20-05-2025,12:45:50,COMPLETED,0,1
79KWH,8,2,FULL,20-05-2025,12:44:15,20-05-2025,12:44:19,20-05-2025,12:47:23,COMPLETED,0,1
79KWH,8,3,FULL,20-05-2025,12:45:58,20-05-2025,12:46:05,20-05-2025,12:48:42,COMPLETED,0,1
79KWH,8,2,FULL,20-05-2025,12:47:34,20-05-2025,12:47:37,20-05-2025,12:50:46,COMPLETED,0,1
79KWH,8,1,FULL,20-05-2025,12:48:24,20-05-2025,12:48:33,20-05-2025,12:51:21,COMPLETED,0,1
79KWH,8,3,FULL,20-05-2025,12:48:49,20-05-2025,12:48:56,20-05-2025,12:52:00,COMPLETED,0,1
79KWH,8,2,FULL,20-05-2025,12:50:55,20-05-2025,12:51:00,20-05-2025,12:54:08,COMPLETED,0,1
79KWH,8,1,FULL,20-05-2025,12:51:27,20-05-2025,12:51:35,20-05-2025,12:53:39,COMPLETED,0,1
79KWH,8,3,FULL,20-05-2025,12:52:07,20-05-2025,12:52:14,20-05-2025,12:55:36,COMPLETED,0,1
79KWH,8,1,FULL,20-05-2025,12:53:45,20-05-2025,12:53:54,20-05-2025,12:56:03,COMPLETED,0,1
79KWH,8,2,FULL,20-05-2025,12:54:19,20-05-2025,12:54:23,20-05-2025,12:57:33,COMPLETED,0,1
79KWH,8,3,FULL,20-05-2025,12:55:43,20-05-2025,12:55:50,20-05-2025,12:59:15,COMPLETED,0,1
79KWH,8,1,FULL,20-05-2025,12:56:09,20-05-2025,12:56:17,20-05-2025,12:58:23,COMPLETED,0,1
79KWH,8,2,FULL,20-05-2025,12:57:44,20-05-2025,12:57:46,20-05-2025,13:00:56,COMPLETED,0,1
79KWH,8,1,FULL,20-05-2025,12:58:29,20-05-2025,12:58:37,20-05-2025,13:00:53,COMPLETED,0,1
79KWH,8,3,FULL,20-05-2025,12:59:21,20-05-2025,12:59:30,20-05-2025,13:02:52,COMPLETED,0,1
79KWH,8,1,FULL,20-05-2025,13:00:58,20-05-2025,13:01:07,20-05-2025,13:03:14,COMPLETED,0,1
79KWH,8,2,FULL,20-05-2025,13:01:06,20-05-2025,13:01:09,20-05-2025,13:04:21,COMPLETED,0,1
79KWH,8,3,FULL,20-05-2025,13:03:00,20-05-2025,13:03:06,20-05-2025,13:06:33,COMPLETED,0,1
79KWH,8,1,FULL,20-05-2025,13:03:20,20-05-2025,13:03:29,20-05-2025,13:05:37,COMPLETED,0,1
79KWH,8,2,FULL,20-05-2025,13:04:30,20-05-2025,13:04:35,20-05-2025,13:07:45,COMPLETED,0,1
79KWH,8,1,FULL,20-05-2025,13:05:43,20-05-2025,13:05:51,20-05-2025,13:07:58,COMPLETED,0,1
79KWH,8,3,FULL,20-05-2025,13:06:39,20-05-2025,13:06:47,20-05-2025,13:10:11,COMPLETED,0,1
79KWH,8,2,FULL,20-05-2025,13:07:54,20-05-2025,13:07:59,20-05-2025,13:11:13,COMPLETED,0,1
79KWH,8,1,FULL,20-05-2025,13:08:03,20-05-2025,13:08:12,20-05-2025,13:10:23,COMPLETED,0,1
79KWH,8,3,FULL,20-05-2025,13:10:18,20-05-2025,13:10:25,20-05-2025,13:13:54,COMPLETED,0,1
79KWH,8,1,FULL,20-05-2025,13:10:28,20-05-2025,13:10:37,20-05-2025,13:12:45,COMPLETED,0,1
79KWH,8,2,FULL,20-05-2025,13:11:22,20-05-2025,13:11:26,20-05-2025,13:14:38,COMPLETED,0,1
79KWH,8,1,FULL,20-05-2025,13:12:54,20-05-2025,13:13:00,20-05-2025,13:15:13,COMPLETED,0,1
79KWH,8,3,FULL,20-05-2025,13:14:01,20-05-2025,13:14:08,20-05-2025,13:17:34,COMPLETED,0,1
79KWH,8,2,FULL,20-05-2025,13:14:47,20-05-2025,13:14:53,20-05-2025,13:18:09,COMPLETED,0,1
79KWH,8,1,FULL,20-05-2025,13:15:19,20-05-2025,13:15:27,20-05-2025,13:17:37,COMPLETED,0,1
79KWH,8,3,FULL,20-05-2025,13:17:41,20-05-2025,13:17:48,20-05-2025,13:21:18,COMPLETED,0,1
79KWH,8,1,FULL,20-05-2025,13:17:42,20-05-2025,13:17:51,20-05-2025,13:20:03,COMPLETED,0,1
79KWH,8,2,FULL,20-05-2025,13:18:19,20-05-2025,13:20:07,20-05-2025,13:24:00,COMPLETED,0,1
79KWH,8,1,FULL,20-05-2025,13:20:08,20-05-2025,13:20:17,20-05-2025,13:22:30,COMPLETED,0,1
79KWH,8,3,FULL,20-05-2025,13:21:24,20-05-2025,13:21:32,20-05-2025,13:25:02,COMPLETED,0,1
79KWH,8,2,FULL,20-05-2025,13:24:09,20-05-2025,13:26:01,20-05-2025,13:30:00,COMPLETED,0,1
79KWH,8,3,FULL,20-05-2025,13:25:09,20-05-2025,13:25:17,20-05-2025,13:28:51,COMPLETED,0,1
79KWH,8,1,FULL,20-05-2025,13:28:41,20-05-2025,13:28:55,20-05-2025,13:31:55,COMPLETED,0,1
79KWH,8,3,FULL,20-05-2025,13:28:59,20-05-2025,13:29:06,20-05-2025,13:32:35,COMPLETED,0,1
79KWH,8,2,FULL,20-05-2025,13:30:11,20-05-2025,13:30:15,20-05-2025,13:33:30,COMPLETED,0,1
79KWH,8,1,FULL,20-05-2025,13:32:00,20-05-2025,13:32:10,20-05-2025,13:34:39,COMPLETED,0,1
79KWH,8,3,FULL,20-05-2025,13:32:43,20-05-2025,13:32:49,20-05-2025,13:36:24,COMPLETED,0,1
79KWH,8,2,FULL,20-05-2025,13:33:42,20-05-2025,13:33:44,20-05-2025,13:37:04,COMPLETED,0,1
79KWH,8,1,FULL,20-05-2025,13:34:44,20-05-2025,13:34:54,20-05-2025,13:37:18,COMPLETED,0,1
79KWH,8,3,FULL,20-05-2025,13:36:31,20-05-2025,13:36:38,20-05-2025,13:40:09,COMPLETED,0,1
79KWH,8,2,FULL,20-05-2025,13:37:15,20-05-2025,13:37:18,20-05-2025,13:40:35,COMPLETED,0,1
79KWH,8,1,FULL,20-05-2025,13:37:23,20-05-2025,13:37:32,20-05-2025,13:39:45,COMPLETED,0,1
79KWH,8,1,FULL,20-05-2025,13:39:49,20-05-2025,13:39:59,20-05-2025,13:42:16,COMPLETED,0,1
79KWH,8,3,FULL,20-05-2025,13:40:17,20-05-2025,13:40:24,20-05-2025,13:44:00,COMPLETED,0,1
79KWH,8,2,FULL,20-05-2025,13:40:45,20-05-2025,13:40:49,20-05-2025,13:44:27,COMPLETED,0,1
79KWH,8,3,FULL,20-05-2025,13:44:06,20-05-2025,13:44:15,20-05-2025,13:47:47,COMPLETED,0,1
79KWH,8,2,FULL,20-05-2025,13:44:46,20-05-2025,13:44:56,20-05-2025,13:48:56,COMPLETED,0,1
79KWH,8,1,FULL,20-05-2025,13:46:14,20-05-2025,13:46:20,20-05-2025,13:48:36,COMPLETED,0,1
79KWH,8,3,FULL,20-05-2025,13:47:55,20-05-2025,13:48:02,20-05-2025,13:51:40,COMPLETED,0,1
79KWH,8,2,FULL,20-05-2025,13:49:07,20-05-2025,13:49:10,20-05-2025,13:53:07,COMPLETED,0,1
79KWH,8,1,FULL,20-05-2025,13:49:11,20-05-2025,13:49:19,20-05-2025,13:51:38,COMPLETED,0,1
79KWH,8,3,FULL,20-05-2025,13:51:46,20-05-2025,13:54:28,20-05-2025,13:58:35,COMPLETED,0,1
79KWH,8,2,FULL,20-05-2025,13:53:17,20-05-2025,13:53:21,20-05-2025,13:57:26,COMPLETED,0,1
79KWH,8,2,FULL,20-05-2025,13:57:37,20-05-2025,13:57:40,20-05-2025,14:01:44,COMPLETED,0,1
79KWH,8,3,FULL,20-05-2025,13:58:40,20-05-2025,13:58:49,20-05-2025,14:01:56,COMPLETED,0,1
79KWH,8,2,FULL,20-05-2025,14:01:54,20-05-2025,14:03:59,20-05-2025,14:08:21,COMPLETED,0,1
79KWH,8,3,FULL,20-05-2025,14:02:03,20-05-2025,14:02:10,20-05-2025,14:04:47,COMPLETED,0,1
79KWH,8,3,FULL,20-05-2025,14:04:55,20-05-2025,14:07:02,20-05-2025,14:11:14,COMPLETED,0,1
79KWH,8,2,FULL,20-05-2025,14:08:30,20-05-2025,14:10:37,20-05-2025,14:14:58,COMPLETED,0,1
79KWH,8,3,FULL,20-05-2025,14:11:21,20-05-2025,14:11:27,20-05-2025,14:15:06,COMPLETED,0,1
79KWH,8,2,FULL,20-05-2025,14:15:09,20-05-2025,14:15:13,20-05-2025,14:18:58,COMPLETED,0,1
79KWH,8,3,FULL,20-05-2025,14:15:13,20-05-2025,14:15:21,20-05-2025,14:19:04,COMPLETED,0,1
79KWH,8,2,FULL,20-05-2025,14:19:09,20-05-2025,14:19:13,20-05-2025,14:22:34,COMPLETED,0,1
79KWH,8,3,FULL,20-05-2025,14:19:09,20-05-2025,14:19:18,20-05-2025,14:22:59,COMPLETED,0,1
79KWH,8,2,FULL,20-05-2025,14:22:44,20-05-2025,14:22:49,20-05-2025,14:26:36,COMPLETED,0,1
79KWH,8,3,FULL,20-05-2025,14:23:06,20-05-2025,14:23:13,20-05-2025,14:26:59,COMPLETED,0,1
79KWH,8,2,FULL,20-05-2025,14:26:48,20-05-2025,14:26:51,20-05-2025,14:30:55,COMPLETED,0,1
79KWH,8,3,FULL,20-05-2025,14:27:05,20-05-2025,14:27:13,20-05-2025,14:30:56,COMPLETED,0,1
79KWH,8,3,FULL,20-05-2025,14:31:03,20-05-2025,14:31:10,20-05-2025,14:34:53,COMPLETED,0,1
79KWH,8,2,FULL,20-05-2025,14:31:04,20-05-2025,14:31:10,20-05-2025,14:35:21,COMPLETED,0,1
79KWH,8,3,FULL,20-05-2025,14:34:59,20-05-2025,14:35:08,20-05-2025,14:38:51,COMPLETED,0,1
79KWH,8,2,FULL,20-05-2025,14:35:31,20-05-2025,14:37:36,20-05-2025,14:41:56,COMPLETED,0,1
79KWH,8,1,FULL,20-05-2025,14:38:11,20-05-2025,14:39:22,20-05-2025,14:42:14,COMPLETED,0,1
79KWH,8,3,FULL,20-05-2025,14:38:59,20-05-2025,14:39:05,20-05-2025,14:42:56,COMPLETED,0,1
79KWH,8,2,FULL,20-05-2025,14:42:07,20-05-2025,14:44:15,20-05-2025,14:48:40,COMPLETED,0,1
79KWH,8,1,FULL,20-05-2025,14:42:19,20-05-2025,14:42:28,20-05-2025,14:44:49,COMPLETED,0,1
79KWH,8,3,FULL,20-05-2025,14:43:03,20-05-2025,14:43:11,20-05-2025,14:46:59,COMPLETED,0,1
79KWH,8,1,FULL,20-05-2025,14:44:54,20-05-2025,14:45:03,20-05-2025,14:47:21,COMPLETED,0,1
79KWH,8,3,FULL,20-05-2025,14:47:07,20-05-2025,14:47:13,20-05-2025,14:51:06,COMPLETED,0,1
79KWH,8,1,FULL,20-05-2025,14:47:26,20-05-2025,14:47:36,20-05-2025,14:49:58,COMPLETED,0,1
79KWH,8,2,FULL,20-05-2025,14:48:49,20-05-2025,14:48:54,20-05-2025,14:52:43,COMPLETED,0,1
79KWH,8,1,FULL,20-05-2025,14:50:03,20-05-2025,14:50:14,20-05-2025,14:52:36,COMPLETED,0,1
79KWH,8,3,FULL,20-05-2025,14:51:13,20-05-2025,14:51:21,20-05-2025,14:55:10,COMPLETED,0,1
79KWH,8,1,FULL,20-05-2025,14:52:42,20-05-2025,14:52:51,20-05-2025,14:55:15,COMPLETED,0,1
79KWH,8,2,FULL,20-05-2025,14:52:55,20-05-2025,14:52:58,20-05-2025,14:56:19,COMPLETED,0,1
79KWH,8,3,FULL,20-05-2025,14:55:16,20-05-2025,14:58:02,20-05-2025,15:02:20,COMPLETED,0,1
79KWH,8,1,FULL,20-05-2025,14:55:20,20-05-2025,14:55:29,20-05-2025,14:57:50,COMPLETED,0,1
79KWH,8,2,FULL,20-05-2025,14:56:30,20-05-2025,14:56:34,20-05-2025,15:00:19,COMPLETED,0,1
79KWH,8,1,FULL,20-05-2025,14:57:54,20-05-2025,14:58:04,20-05-2025,15:00:29,COMPLETED,0,1
79KWH,8,2,FULL,20-05-2025,15:00:28,20-05-2025,15:00:33,20-05-2025,15:04:48,COMPLETED,0,1
79KWH,8,3,FULL,20-05-2025,15:02:26,20-05-2025,15:02:35,20-05-2025,15:05:52,COMPLETED,0,1
79KWH,8,2,FULL,20-05-2025,15:04:59,20-05-2025,15:07:04,20-05-2025,15:11:26,COMPLETED,0,1
79KWH,8,3,FULL,20-05-2025,15:05:59,20-05-2025,15:08:07,20-05-2025,15:11:44,COMPLETED,0,1
79KWH,8,2,FULL,20-05-2025,15:11:37,20-05-2025,15:13:44,20-05-2025,15:18:13,COMPLETED,0,1
79KWH,8,3,FULL,20-05-2025,15:11:51,20-05-2025,15:11:58,20-05-2025,15:15:17,COMPLETED,0,1
79KWH,8,3,FULL,20-05-2025,15:15:25,20-05-2025,15:15:32,20-05-2025,15:19:25,COMPLETED,0,1
79KWH,8,2,FULL,20-05-2025,15:18:23,20-05-2025,15:18:28,20-05-2025,15:22:20,COMPLETED,0,1
79KWH,8,3,FULL,20-05-2025,15:19:32,20-05-2025,15:19:40,20-05-2025,15:23:38,COMPLETED,0,1
79KWH,8,2,FULL,20-05-2025,15:22:31,20-05-2025,15:22:35,20-05-2025,15:25:59,COMPLETED,0,1
79KWH,8,3,FULL,20-05-2025,15:23:44,20-05-2025,15:23:51,20-05-2025,15:27:47,COMPLETED,0,1
79KWH,8,2,FULL,20-05-2025,15:26:09,20-05-2025,15:26:13,20-05-2025,15:30:00,COMPLETED,0,1
79KWH,8,3,FULL,20-05-2025,15:27:55,20-05-2025,15:28:01,20-05-2025,15:32:03,COMPLETED,0,1
79KWH,8,2,FULL,20-05-2025,15:30:11,20-05-2025,15:30:14,20-05-2025,15:34:33,COMPLETED,0,1
79KWH,8,3,FULL,20-05-2025,15:32:11,20-05-2025,15:32:18,20-05-2025,15:36:14,COMPLETED,0,1
79KWH,8,2,FULL,20-05-2025,15:34:43,20-05-2025,15:34:46,20-05-2025,15:38:59,COMPLETED,0,1
79KWH,8,3,FULL,20-05-2025,15:36:22,20-05-2025,15:36:29,20-05-2025,15:40:33,COMPLETED,0,1
79KWH,8,2,FULL,20-05-2025,15:39:08,20-05-2025,15:41:17,20-05-2025,15:45:44,COMPLETED,0,1
79KWH,8,3,FULL,20-05-2025,15:40:40,20-05-2025,15:40:47,20-05-2025,15:44:46,COMPLETED,0,1
79KWH,8,3,FULL,20-05-2025,15:44:53,20-05-2025,15:45:00,20-05-2025,15:49:01,COMPLETED,0,1
79KWH,8,2,FULL,20-05-2025,15:45:55,20-05-2025,15:48:04,20-05-2025,15:52:28,COMPLETED,0,1
79KWH,8,3,FULL,20-05-2025,15:49:07,20-05-2025,15:49:15,20-05-2025,15:53:21,COMPLETED,0,1
79KWH,8,2,FULL,20-05-2025,15:52:38,20-05-2025,15:52:42,20-05-2025,15:56:37,COMPLETED,0,1
79KWH,8,3,FULL,20-05-2025,15:53:29,20-05-2025,15:53:36,20-05-2025,15:57:40,COMPLETED,0,1
79KWH,8,2,FULL,20-05-2025,15:56:48,20-05-2025,15:56:52,20-05-2025,16:00:17,COMPLETED,0,1
79KWH,8,3,FULL,20-05-2025,15:57:47,20-05-2025,15:57:54,20-05-2025,16:02:02,COMPLETED,0,1
79KWH,8,2,FULL,20-05-2025,16:00:29,20-05-2025,16:00:32,20-05-2025,16:04:31,COMPLETED,0,1
79KWH,8,3,FULL,20-05-2025,16:02:09,20-05-2025,16:02:16,20-05-2025,16:06:20,COMPLETED,0,1
79KWH,8,2,FULL,20-05-2025,16:04:42,20-05-2025,16:06:46,20-05-2025,16:11:09,COMPLETED,0,1
79KWH,8,3,FULL,20-05-2025,16:06:27,20-05-2025,16:06:34,20-05-2025,16:10:44,COMPLETED,0,1
79KWH,8,3,FULL,20-05-2025,16:10:52,20-05-2025,16:10:58,20-05-2025,16:15:04,COMPLETED,0,1
79KWH,8,2,FULL,20-05-2025,16:11:19,20-05-2025,16:11:23,20-05-2025,16:15:49,COMPLETED,0,1
79KWH,8,3,FULL,20-05-2025,16:15:12,20-05-2025,16:18:04,20-05-2025,16:22:33,COMPLETED,0,1
79KWH,8,2,FULL,20-05-2025,16:16:01,20-05-2025,16:18:09,20-05-2025,16:22:35,COMPLETED,0,1
79KWH,8,3,FULL,20-05-2025,16:22:40,20-05-2025,16:22:48,20-05-2025,16:26:15,COMPLETED,0,1
79KWH,8,2,FULL,20-05-2025,16:22:46,20-05-2025,16:22:50,20-05-2025,16:26:48,COMPLETED,0,1
79KWH,8,3,FULL,20-05-2025,16:26:22,20-05-2025,16:28:27,20-05-2025,16:32:05,COMPLETED,0,1
79KWH,8,2,FULL,20-05-2025,16:26:58,20-05-2025,16:27:03,20-05-2025,16:30:31,COMPLETED,0,1
79KWH,8,2,FULL,20-05-2025,16:30:42,20-05-2025,16:30:45,20-05-2025,16:34:49,COMPLETED,0,1
79KWH,8,3,FULL,20-05-2025,16:32:12,20-05-2025,16:32:19,20-05-2025,18:26:37,COMPLETED,0,1
79KWH,8,2,FULL,20-05-2025,16:35:00,20-05-2025,16:35:03,20-05-2025,16:39:25,COMPLETED,0,1
79KWH,8,2,FULL,20-05-2025,16:39:36,20-05-2025,16:39:39,20-05-2025,16:44:05,COMPLETED,0,1
79KWH,8,2,FULL,20-05-2025,16:44:14,20-05-2025,16:44:19,20-05-2025,16:48:41,COMPLETED,0,1
79KWH,8,2,FULL,20-05-2025,16:48:50,20-05-2025,16:48:54,20-05-2025,16:53:16,COMPLETED,0,1
79KWH,8,3,FULL,20-05-2025,18:26:44,20-05-2025,18:29:35,20-05-2025,18:34:01,COMPLETED,0,1
79KWH,8,3,FULL,20-05-2025,18:34:09,20-05-2025,18:37:45,20-05-2025,18:41:27,COMPLETED,0,1
79KWH,8,3,FULL,20-05-2025,18:41:33,20-05-2025,18:43:43,20-05-2025,18:47:23,COMPLETED,0,1
79KWH,8,3,FULL,20-05-2025,18:47:29,20-05-2025,18:49:35,20-05-2025,18:53:34,COMPLETED,0,1
79KWH,8,3,FULL,20-05-2025,18:53:40,20-05-2025,18:56:02,20-05-2025,19:00:14,COMPLETED,0,1
79KWH,8,3,FULL,20-05-2025,19:00:20,20-05-2025,19:00:29,20-05-2025,19:03:44,COMPLETED,0,1
79KWH,8,3,FULL,20-05-2025,22:28:17,20-05-2025,22:28:22,20-05-2025,22:32:02,COMPLETED,0,1
79KWH,8,2,FULL,20-05-2025,22:28:29,20-05-2025,22:28:43,20-05-2025,22:32:34,COMPLETED,0,1
79KWH,8,3,FULL,20-05-2025,22:32:09,20-05-2025,22:32:17,20-05-2025,22:35:09,COMPLETED,0,1
79KWH,8,2,FULL,20-05-2025,22:32:40,20-05-2025,22:32:48,20-05-2025,22:35:51,COMPLETED,0,1
79KWH,8,3,FULL,20-05-2025,22:35:17,20-05-2025,22:35:24,20-05-2025,22:38:12,COMPLETED,0,1
79KWH,8,2,FULL,20-05-2025,22:35:57,20-05-2025,22:36:05,20-05-2025,22:39:40,COMPLETED,0,1
79KWH,8,3,FULL,20-05-2025,22:38:20,20-05-2025,22:38:26,20-05-2025,22:41:19,COMPLETED,0,1
79KWH,8,2,FULL,20-05-2025,22:39:45,20-05-2025,22:39:53,20-05-2025,22:43:52,COMPLETED,0,1
79KWH,8,3,FULL,20-05-2025,22:41:25,20-05-2025,22:41:33,20-05-2025,22:44:23,COMPLETED,0,1
79KWH,8,2,FULL,20-05-2025,22:43:59,20-05-2025,22:44:06,20-05-2025,22:48:11,COMPLETED,0,1
79KWH,8,3,FULL,20-05-2025,22:44:31,20-05-2025,22:44:37,20-05-2025,22:47:32,COMPLETED,0,1
79KWH,8,3,FULL,20-05-2025,22:47:38,20-05-2025,22:47:47,20-05-2025,22:50:44,COMPLETED,0,1
79KWH,8,2,FULL,20-05-2025,22:48:17,20-05-2025,22:48:25,20-05-2025,22:52:28,COMPLETED,0,1
79KWH,8,3,FULL,20-05-2025,22:50:50,20-05-2025,22:50:58,20-05-2025,22:53:57,COMPLETED,0,1
79KWH,8,2,FULL,20-05-2025,22:52:37,20-05-2025,22:52:42,20-05-2025,22:56:31,COMPLETED,0,1
79KWH,8,3,FULL,20-05-2025,22:54:04,20-05-2025,22:54:11,20-05-2025,22:57:06,COMPLETED,0,1
79KWH,8,2,FULL,20-05-2025,22:56:42,20-05-2025,22:58:47,20-05-2025,23:02:47,COMPLETED,0,1
79KWH,8,3,FULL,20-05-2025,22:57:12,20-05-2025,22:59:10,20-05-2025,23:03:17,COMPLETED,0,1
79KWH,8,2,FULL,20-05-2025,23:02:57,20-05-2025,23:05:06,20-05-2025,23:09:13,COMPLETED,0,1
79KWH,8,3,FULL,20-05-2025,23:03:23,20-05-2025,23:03:31,20-05-2025,23:07:25,COMPLETED,0,1
79KWH,8,3,FULL,20-05-2025,23:07:32,20-05-2025,23:07:39,20-05-2025,23:11:53,COMPLETED,0,1
79KWH,8,2,FULL,20-05-2025,23:09:18,20-05-2025,23:09:28,20-05-2025,23:12:50,COMPLETED,0,1
79KWH,8,3,FULL,20-05-2025,23:11:59,20-05-2025,23:12:07,20-05-2025,23:16:19,COMPLETED,0,1
79KWH,8,2,FULL,20-05-2025,23:12:56,20-05-2025,23:13:04,20-05-2025,23:16:09,COMPLETED,0,1
79KWH,8,2,FULL,20-05-2025,23:16:19,20-05-2025,23:16:23,20-05-2025,23:19:40,COMPLETED,0,1
79KWH,8,3,FULL,20-05-2025,23:16:26,20-05-2025,23:16:34,20-05-2025,23:20:51,COMPLETED,0,1
79KWH,8,2,FULL,20-05-2025,23:19:51,20-05-2025,23:19:54,20-05-2025,23:23:29,COMPLETED,0,1
79KWH,8,3,FULL,20-05-2025,23:20:59,20-05-2025,23:21:06,20-05-2025,23:25:19,COMPLETED,0,1
79KWH,8,3,FULL,20-05-2025,23:25:25,20-05-2025,23:25:32,20-05-2025,23:29:51,COMPLETED,0,1
79KWH,8,2,FULL,20-05-2025,23:29:41,20-05-2025,23:29:49,20-05-2025,23:33:21,COMPLETED,0,1
79KWH,8,3,FULL,20-05-2025,23:29:58,20-05-2025,23:30:05,20-05-2025,23:34:20,COMPLETED,0,1
79KWH,8,2,FULL,20-05-2025,23:33:32,20-05-2025,23:33:35,20-05-2025,23:37:15,COMPLETED,0,1
79KWH,8,3,FULL,20-05-2025,23:34:27,20-05-2025,23:34:34,20-05-2025,23:38:56,COMPLETED,0,1
79KWH,8,2,FULL,20-05-2025,23:37:26,20-05-2025,23:37:30,20-05-2025,23:41:07,COMPLETED,0,1
79KWH,8,3,FULL,20-05-2025,23:39:02,20-05-2025,23:39:09,20-05-2025,23:43:27,COMPLETED,0,1
79KWH,8,2,FULL,20-05-2025,23:41:17,20-05-2025,23:42:50,20-05-2025,23:46:59,COMPLETED,0,1
79KWH,8,3,FULL,20-05-2025,23:43:34,20-05-2025,23:43:40,20-05-2025,23:48:04,COMPLETED,0,1
79KWH,8,2,FULL,20-05-2025,23:47:08,20-05-2025,23:48:47,20-05-2025,23:52:52,COMPLETED,0,1
79KWH,8,3,FULL,20-05-2025,23:48:11,20-05-2025,23:48:18,20-05-2025,23:52:37,COMPLETED,0,1
79KWH,8,3,FULL,20-05-2025,23:52:44,20-05-2025,23:52:51,20-05-2025,23:57:16,COMPLETED,0,1
79KWH,8,2,FULL,20-05-2025,23:53:03,20-05-2025,23:53:06,20-05-2025,23:56:51,COMPLETED,0,1
79KWH,8,2,FULL,20-05-2025,23:57:02,20-05-2025,23:57:05,21-05-2025,00:00:47,COMPLETED,0,1
79KWH,8,3,FULL,20-05-2025,23:57:22,20-05-2025,23:57:30,21-05-2025,00:01:52,COMPLETED,0,1
79KWH,8,2,FULL,21-05-2025,00:00:57,21-05-2025,00:01:01,21-05-2025,00:04:47,COMPLETED,0,1
79KWH,8,3,FULL,21-05-2025,00:01:59,21-05-2025,00:02:06,21-05-2025,00:06:34,COMPLETED,0,1
79KWH,8,2,FULL,21-05-2025,00:04:57,21-05-2025,00:05:01,21-05-2025,00:08:44,COMPLETED,0,1
79KWH,8,3,FULL,21-05-2025,00:06:41,21-05-2025,00:06:48,21-05-2025,00:11:12,COMPLETED,0,1
79KWH,8,2,FULL,21-05-2025,00:08:54,21-05-2025,00:08:59,21-05-2025,00:12:47,COMPLETED,0,1
79KWH,8,3,FULL,21-05-2025,00:11:18,21-05-2025,00:11:26,21-05-2025,00:15:55,COMPLETED,0,1
79KWH,8,3,FULL,21-05-2025,00:16:03,21-05-2025,00:16:09,21-05-2025,00:20:35,COMPLETED,0,1
79KWH,8,3,FULL,21-05-2025,00:20:42,21-05-2025,00:20:48,21-05-2025,00:25:19,COMPLETED,0,1
79KWH,8,3,FULL,21-05-2025,00:25:25,21-05-2025,00:25:33,21-05-2025,00:30:01,COMPLETED,0,1
79KWH,8,3,FULL,21-05-2025,08:47:12,21-05-2025,08:47:21,21-05-2025,08:51:10,COMPLETED,0,1
79KWH,8,2,FULL,21-05-2025,08:47:23,21-05-2025,08:47:30,21-05-2025,08:51:25,COMPLETED,0,1
79KWH,8,3,FULL,21-05-2025,08:51:16,21-05-2025,08:51:23,21-05-2025,08:54:19,COMPLETED,0,1
79KWH,8,2,FULL,21-05-2025,08:51:31,21-05-2025,08:51:39,21-05-2025,08:54:45,COMPLETED,0,1
79KWH,8,3,FULL,21-05-2025,08:54:26,21-05-2025,08:54:33,21-05-2025,08:57:35,COMPLETED,0,1
79KWH,8,2,FULL,21-05-2025,08:54:56,21-05-2025,08:54:59,21-05-2025,08:58:24,COMPLETED,0,1
79KWH,8,3,FULL,21-05-2025,09:28:58,21-05-2025,09:29:12,21-05-2025,09:32:57,COMPLETED,0,1
79KWH,8,2,FULL,21-05-2025,09:29:10,21-05-2025,09:29:17,21-05-2025,09:33:11,COMPLETED,0,1
79KWH,8,3,FULL,21-05-2025,09:33:04,21-05-2025,09:33:11,21-05-2025,09:37:02,COMPLETED,0,1
79KWH,8,2,FULL,21-05-2025,09:33:17,21-05-2025,09:33:25,21-05-2025,09:36:34,COMPLETED,0,1
79KWH,8,2,FULL,21-05-2025,09:36:43,21-05-2025,09:36:48,21-05-2025,09:40:20,COMPLETED,0,1
79KWH,8,3,FULL,21-05-2025,09:37:09,21-05-2025,09:37:16,21-05-2025,09:41:48,COMPLETED,0,1
79KWH,8,2,FULL,21-05-2025,09:40:29,21-05-2025,09:40:34,21-05-2025,09:44:19,COMPLETED,0,1
79KWH,8,3,FULL,21-05-2025,09:41:55,21-05-2025,09:42:03,21-05-2025,09:46:39,COMPLETED,0,1
79KWH,8,2,FULL,21-05-2025,09:44:33,21-05-2025,09:44:38,21-05-2025,09:48:29,COMPLETED,0,1
79KWH,8,3,FULL,21-05-2025,09:46:45,21-05-2025,09:46:54,21-05-2025,09:51:28,COMPLETED,0,1
79KWH,8,2,FULL,21-05-2025,09:48:40,21-05-2025,09:50:11,21-05-2025,09:54:21,COMPLETED,0,1
79KWH,8,3,FULL,21-05-2025,09:51:34,21-05-2025,09:51:42,21-05-2025,09:54:56,COMPLETED,0,1
79KWH,8,2,FULL,21-05-2025,09:54:30,21-05-2025,09:56:40,21-05-2025,10:00:56,COMPLETED,0,1
79KWH,8,3,FULL,21-05-2025,09:55:03,21-05-2025,09:58:02,21-05-2025,10:01:07,COMPLETED,0,1
79KWH,8,2,FULL,21-05-2025,10:01:07,21-05-2025,10:01:10,21-05-2025,10:05:01,COMPLETED,0,1
79KWH,8,3,FULL,21-05-2025,10:01:14,21-05-2025,10:01:21,21-05-2025,10:03:42,COMPLETED,0,1
79KWH,8,3,FULL,21-05-2025,10:03:49,21-05-2025,10:03:56,21-05-2025,10:06:57,COMPLETED,0,1
79KWH,8,2,FULL,21-05-2025,10:05:10,21-05-2025,10:05:14,21-05-2025,10:09:09,COMPLETED,0,1
79KWH,8,3,FULL,21-05-2025,10:07:04,21-05-2025,10:07:12,21-05-2025,10:09:34,COMPLETED,0,1
79KWH,8,2,FULL,21-05-2025,10:09:18,21-05-2025,10:11:33,21-05-2025,10:15:45,COMPLETED,0,1
79KWH,8,3,FULL,21-05-2025,10:09:41,21-05-2025,10:12:34,21-05-2025,10:15:38,COMPLETED,0,1
79KWH,8,2,FULL,21-05-2025,10:15:52,21-05-2025,10:18:03,21-05-2025,10:22:00,COMPLETED,0,1
79KWH,8,2,FULL,21-05-2025,10:22:06,21-05-2025,10:22:13,21-05-2025,10:25:26,COMPLETED,0,1
79KWH,8,2,FULL,21-05-2025,10:25:36,21-05-2025,10:25:40,21-05-2025,10:29:20,COMPLETED,0,1
79KWH,8,2,FULL,21-05-2025,10:29:31,21-05-2025,10:29:34,21-05-2025,10:33:29,COMPLETED,0,1
79KWH,8,2,FULL,21-05-2025,10:33:40,21-05-2025,10:35:51,21-05-2025,10:40:08,COMPLETED,0,1
79KWH,8,2,FULL,21-05-2025,10:40:15,21-05-2025,10:41:43,21-05-2025,10:45:41,COMPLETED,0,1
79KWH,8,2,FULL,21-05-2025,10:45:47,21-05-2025,10:45:55,21-05-2025,10:49:09,COMPLETED,0,1
79KWH,8,2,FULL,21-05-2025,10:49:19,21-05-2025,10:49:24,21-05-2025,10:53:06,COMPLETED,0,1
79KWH,8,2,FULL,21-05-2025,10:53:16,21-05-2025,10:53:20,21-05-2025,10:57:40,COMPLETED,0,1
79KWH,8,2,FULL,21-05-2025,10:57:51,21-05-2025,10:57:54,21-05-2025,11:02:23,COMPLETED,0,1
79KWH,8,2,FULL,21-05-2025,11:02:33,21-05-2025,11:02:36,21-05-2025,11:07:12,COMPLETED,0,1
79KWH,8,2,FULL,21-05-2025,11:07:22,21-05-2025,11:07:26,21-05-2025,11:11:59,COMPLETED,0,1
79KWH,8,2,FULL,21-05-2025,11:12:08,21-05-2025,11:12:12,21-05-2025,11:16:51,COMPLETED,0,1
79KWH,8,2,FULL,21-05-2025,11:17:01,21-05-2025,11:17:05,21-05-2025,11:21:37,COMPLETED,0,1
79KWH,8,2,FULL,21-05-2025,11:21:46,21-05-2025,11:21:51,21-05-2025,11:24:55,COMPLETED,0,1
79KWH,8,2,FULL,21-05-2025,11:25:06,21-05-2025,11:25:08,21-05-2025,11:26:38,COMPLETED,0,1
79KWH,8,2,FULL,21-05-2025,11:26:47,21-05-2025,11:29:48,21-05-2025,11:32:53,COMPLETED,0,1
79KWH,8,2,FULL,21-05-2025,11:33:02,21-05-2025,11:35:55,21-05-2025,11:40:19,COMPLETED,0,1
79KWH,8,2,FULL,21-05-2025,11:40:29,21-05-2025,11:40:33,21-05-2025,11:44:36,COMPLETED,0,1
79KWH,8,2,FULL,21-05-2025,11:44:46,21-05-2025,11:46:14,21-05-2025,11:49:15,COMPLETED,0,1
79KWH,8,2,FULL,21-05-2025,11:49:24,21-05-2025,11:49:29,21-05-2025,11:52:18,COMPLETED,0,1
79KWH,8,2,FULL,21-05-2025,11:52:28,21-05-2025,11:53:50,21-05-2025,11:58:11,COMPLETED,0,1
79KWH,8,2,FULL,21-05-2025,11:58:21,21-05-2025,11:58:26,21-05-2025,12:01:15,COMPLETED,0,1
79KWH,8,2,FULL,21-05-2025,12:01:25,21-05-2025,12:01:29,21-05-2025,12:02:57,COMPLETED,0,1
79KWH,8,2,FULL,21-05-2025,12:03:07,21-05-2025,12:03:11,21-05-2025,12:04:44,COMPLETED,0,1
79KWH,8,2,FULL,21-05-2025,12:04:53,21-05-2025,12:04:58,21-05-2025,12:06:26,COMPLETED,0,1
79KWH,8,2,FULL,21-05-2025,12:06:35,21-05-2025,12:06:40,21-05-2025,12:08:12,COMPLETED,0,1
79KWH,8,2,FULL,21-05-2025,12:08:23,21-05-2025,12:08:26,21-05-2025,12:09:56,COMPLETED,0,1
79KWH,8,2,FULL,21-05-2025,12:10:06,21-05-2025,12:12:58,21-05-2025,12:16:03,COMPLETED,0,1
79KWH,8,2,FULL,21-05-2025,12:16:12,21-05-2025,12:16:17,21-05-2025,12:19:08,COMPLETED,0,1
79KWH,8,2,FULL,21-05-2025,12:19:18,21-05-2025,12:20:41,21-05-2025,12:25:01,COMPLETED,0,1
79KWH,8,2,FULL,21-05-2025,12:25:12,21-05-2025,12:25:15,21-05-2025,12:28:00,COMPLETED,0,1
79KWH,8,2,FULL,21-05-2025,12:28:10,21-05-2025,12:28:14,21-05-2025,12:29:47,COMPLETED,0,1
79KWH,8,2,FULL,21-05-2025,12:29:57,21-05-2025,12:30:01,21-05-2025,12:31:32,COMPLETED,0,1
79KWH,8,2,FULL,21-05-2025,12:31:43,21-05-2025,12:31:46,21-05-2025,12:33:20,COMPLETED,0,1
79KWH,8,2,FULL,21-05-2025,12:33:31,21-05-2025,12:33:34,21-05-2025,12:35:04,COMPLETED,0,1
79KWH,8,2,FULL,21-05-2025,12:35:14,21-05-2025,12:35:18,21-05-2025,12:36:53,COMPLETED,0,1
79KWH,8,2,FULL,21-05-2025,12:37:03,21-05-2025,12:39:50,21-05-2025,12:42:52,COMPLETED,0,1
79KWH,8,2,FULL,21-05-2025,12:43:01,21-05-2025,12:45:46,21-05-2025,12:50:10,COMPLETED,0,1
79KWH,8,2,FULL,21-05-2025,12:50:20,21-05-2025,12:50:24,21-05-2025,12:54:29,COMPLETED,0,1
79KWH,8,2,FULL,21-05-2025,12:54:39,21-05-2025,12:54:43,21-05-2025,12:57:33,COMPLETED,0,1
79KWH,8,2,FULL,21-05-2025,12:57:42,21-05-2025,12:57:47,21-05-2025,12:59:16,COMPLETED,0,1
79KWH,8,2,FULL,21-05-2025,12:59:27,21-05-2025,12:59:30,21-05-2025,13:01:04,COMPLETED,0,1
79KWH,8,2,FULL,21-05-2025,13:01:13,21-05-2025,13:01:17,21-05-2025,13:02:46,COMPLETED,0,1
79KWH,8,2,FULL,21-05-2025,13:02:56,21-05-2025,13:03:00,21-05-2025,13:04:34,COMPLETED,0,1
79KWH,8,2,FULL,21-05-2025,13:04:45,21-05-2025,13:04:48,21-05-2025,13:06:18,COMPLETED,0,1
79KWH,8,2,FULL,21-05-2025,13:06:28,21-05-2025,13:06:33,21-05-2025,13:08:09,COMPLETED,0,1
79KWH,8,2,FULL,21-05-2025,13:08:20,21-05-2025,13:11:05,21-05-2025,13:14:05,COMPLETED,0,1
79KWH,8,2,FULL,21-05-2025,13:14:11,21-05-2025,13:14:19,21-05-2025,13:16:46,COMPLETED,0,1
79KWH,8,2,FULL,21-05-2025,13:16:52,21-05-2025,13:18:41,21-05-2025,13:22:36,COMPLETED,0,1
79KWH,8,2,FULL,21-05-2025,13:22:46,21-05-2025,13:22:49,21-05-2025,13:25:18,COMPLETED,0,1
79KWH,8,2,FULL,21-05-2025,13:25:29,21-05-2025,13:25:32,21-05-2025,13:27:02,COMPLETED,0,1
79KWH,8,2,FULL,21-05-2025,13:27:13,21-05-2025,13:27:17,21-05-2025,13:28:51,COMPLETED,0,1
79KWH,8,2,FULL,21-05-2025,13:29:02,21-05-2025,13:29:05,21-05-2025,13:30:37,COMPLETED,0,1
79KWH,8,2,FULL,21-05-2025,13:30:47,21-05-2025,13:33:29,21-05-2025,13:36:39,COMPLETED,0,1
79KWH,8,2,FULL,21-05-2025,13:36:45,21-05-2025,13:36:53,21-05-2025,13:39:23,COMPLETED,0,1
79KWH,8,2,FULL,21-05-2025,13:39:29,21-05-2025,13:41:19,21-05-2025,13:45:14,COMPLETED,0,1
79KWH,8,2,FULL,21-05-2025,13:45:24,21-05-2025,13:45:29,21-05-2025,13:47:55,COMPLETED,0,1
79KWH,8,2,FULL,21-05-2025,13:48:05,21-05-2025,13:48:09,21-05-2025,13:49:47,COMPLETED,0,1
79KWH,8,1,FULL,29-05-2025,09:20:32,29-05-2025,09:20:39,29-05-2025,09:23:13,COMPLETED,0,1
79KWH,8,2,FULL,29-05-2025,09:21:15,29-05-2025,09:21:22,29-05-2025,09:24:28,COMPLETED,0,1
79KWH,8,3,FULL,29-05-2025,09:21:23,29-05-2025,09:21:25,29-05-2025,09:24:47,COMPLETED,0,1
79KWH,8,1,FULL,29-05-2025,09:23:18,29-05-2025,09:23:27,29-05-2025,09:25:03,COMPLETED,0,1
79KWH,8,2,FULL,29-05-2025,09:24:35,29-05-2025,09:24:41,29-05-2025,09:26:14,COMPLETED,0,1
79KWH,8,3,FULL,29-05-2025,09:24:54,29-05-2025,09:25:01,29-05-2025,09:26:37,COMPLETED,0,1
79KWH,8,1,FULL,29-05-2025,09:25:09,29-05-2025,09:25:16,29-05-2025,09:26:51,COMPLETED,0,1
79KWH,8,2,FULL,29-05-2025,09:26:42,29-05-2025,09:26:57,29-05-2025,09:28:32,COMPLETED,0,1
79KWH,8,3,FULL,29-05-2025,09:26:44,29-05-2025,09:26:51,29-05-2025,09:28:29,COMPLETED,0,1
79KWH,8,1,FULL,29-05-2025,09:28:08,29-05-2025,09:28:15,29-05-2025,09:29:46,COMPLETED,0,1
79KWH,8,3,FULL,29-05-2025,09:29:26,29-05-2025,09:29:40,29-05-2025,09:31:19,COMPLETED,0,1
79KWH,8,2,FULL,29-05-2025,09:29:38,29-05-2025,09:29:44,29-05-2025,09:31:15,COMPLETED,0,1
79KWH,8,1,FULL,29-05-2025,09:31:12,29-05-2025,09:31:24,29-05-2025,09:33:00,COMPLETED,0,1
79KWH,8,3,FULL,29-05-2025,09:32:25,29-05-2025,09:32:29,29-05-2025,09:34:07,COMPLETED,0,1
79KWH,8,2,FULL,29-05-2025,09:32:39,29-05-2025,09:32:40,29-05-2025,09:34:15,COMPLETED,0,1
79KWH,8,1,FULL,29-05-2025,09:34:07,29-05-2025,09:34:10,29-05-2025,09:35:43,COMPLETED,0,1
79KWH,8,3,FULL,29-05-2025,09:35:28,29-05-2025,09:35:31,29-05-2025,09:37:06,COMPLETED,0,1
79KWH,8,2,FULL,29-05-2025,09:35:37,29-05-2025,09:35:39,29-05-2025,09:37:11,COMPLETED,0,1
79KWH,8,1,FULL,29-05-2025,09:37:12,29-05-2025,09:37:21,29-05-2025,09:38:57,COMPLETED,0,1
79KWH,8,3,FULL,29-05-2025,09:38:23,29-05-2025,09:38:30,29-05-2025,09:42:17,COMPLETED,0,1
79KWH,8,2,FULL,29-05-2025,09:38:41,29-05-2025,09:38:49,29-05-2025,09:40:26,COMPLETED,0,1
79KWH,8,1,FULL,29-05-2025,09:40:10,29-05-2025,09:40:21,29-05-2025,09:41:53,COMPLETED,0,1
79KWH,8,2,FULL,29-05-2025,09:41:41,29-05-2025,09:41:50,29-05-2025,09:43:21,COMPLETED,0,1
79KWH,8,3,FULL,29-05-2025,09:42:24,29-05-2025,09:42:31,29-05-2025,09:44:12,COMPLETED,0,1
79KWH,8,1,FULL,29-05-2025,09:43:12,29-05-2025,09:43:18,29-05-2025,09:44:53,COMPLETED,0,1
79KWH,8,3,FULL,29-05-2025,09:44:27,29-05-2025,09:44:39,29-05-2025,09:46:19,COMPLETED,0,1
79KWH,8,2,FULL,29-05-2025,09:44:42,29-05-2025,09:44:45,29-05-2025,09:46:22,COMPLETED,0,1
79KWH,8,1,FULL,29-05-2025,09:46:11,29-05-2025,09:46:18,29-05-2025,09:47:51,COMPLETED,0,1
79KWH,8,3,FULL,29-05-2025,09:47:28,29-05-2025,09:47:29,29-05-2025,09:49:07,COMPLETED,0,1
79KWH,8,2,FULL,29-05-2025,09:47:39,29-05-2025,09:47:46,29-05-2025,09:49:18,COMPLETED,0,1
79KWH,8,1,FULL,29-05-2025,09:49:13,29-05-2025,09:49:15,29-05-2025,09:50:51,COMPLETED,0,1
79KWH,8,3,FULL,29-05-2025,09:50:28,29-05-2025,09:50:32,29-05-2025,09:52:11,COMPLETED,0,1
79KWH,8,2,FULL,29-05-2025,09:50:45,29-05-2025,09:50:57,29-05-2025,09:52:34,COMPLETED,0,1
79KWH,8,1,FULL,29-05-2025,09:52:11,29-05-2025,09:52:15,29-05-2025,09:53:48,COMPLETED,0,1
79KWH,8,3,FULL,29-05-2025,09:53:31,29-05-2025,09:53:35,29-05-2025,09:55:10,COMPLETED,0,1
79KWH,8,2,FULL,29-05-2025,09:53:43,29-05-2025,09:53:45,29-05-2025,09:55:17,COMPLETED,0,1
79KWH,8,1,FULL,29-05-2025,09:55:16,29-05-2025,09:55:26,29-05-2025,09:57:02,COMPLETED,0,1
79KWH,8,3,FULL,29-05-2025,09:56:29,29-05-2025,09:56:35,29-05-2025,09:58:13,COMPLETED,0,1
79KWH,8,2,FULL,29-05-2025,09:56:44,29-05-2025,09:56:56,29-05-2025,09:58:32,COMPLETED,0,1
79KWH,8,1,FULL,29-05-2025,09:58:14,29-05-2025,09:58:26,29-05-2025,09:59:59,COMPLETED,0,1
79KWH,8,3,FULL,29-05-2025,09:59:33,29-05-2025,09:59:38,29-05-2025,10:01:14,COMPLETED,0,1
79KWH,8,2,FULL,29-05-2025,09:59:44,29-05-2025,09:59:58,29-05-2025,10:01:30,COMPLETED,0,1
79KWH,8,1,FULL,29-05-2025,10:01:16,29-05-2025,10:01:24,29-05-2025,10:03:00,COMPLETED,0,1
79KWH,8,3,FULL,29-05-2025,10:02:32,29-05-2025,10:02:39,29-05-2025,10:04:19,COMPLETED,0,1
79KWH,8,2,FULL,29-05-2025,10:02:47,29-05-2025,10:02:54,29-05-2025,10:04:29,COMPLETED,0,1
79KWH,8,1,FULL,29-05-2025,10:04:13,29-05-2025,10:04:24,29-05-2025,10:05:55,COMPLETED,0,1
79KWH,8,3,FULL,29-05-2025,10:05:32,29-05-2025,10:05:43,29-05-2025,10:07:17,COMPLETED,0,1
79KWH,8,2,FULL,29-05-2025,10:05:42,29-05-2025,10:08:36,29-05-2025,10:11:37,COMPLETED,0,1
79KWH,8,1,FULL,29-05-2025,10:07:18,29-05-2025,10:08:37,29-05-2025,10:11:10,COMPLETED,0,1
79KWH,8,3,FULL,29-05-2025,10:08:32,29-05-2025,10:11:12,29-05-2025,10:14:23,COMPLETED,0,1
79KWH,8,1,FULL,29-05-2025,10:11:15,29-05-2025,10:13:49,29-05-2025,10:16:17,COMPLETED,0,1
79KWH,8,2,FULL,29-05-2025,10:11:43,29-05-2025,10:14:36,29-05-2025,10:17:42,COMPLETED,0,1
79KWH,8,3,FULL,29-05-2025,10:14:30,29-05-2025,10:14:37,29-05-2025,10:16:11,COMPLETED,0,1
79KWH,8,3,FULL,29-05-2025,10:16:18,29-05-2025,10:16:25,29-05-2025,10:18:04,COMPLETED,0,1
79KWH,8,1,FULL,29-05-2025,10:16:22,29-05-2025,10:16:31,29-05-2025,10:18:10,COMPLETED,0,1
79KWH,8,2,FULL,29-05-2025,10:17:47,29-05-2025,10:17:56,29-05-2025,10:19:28,COMPLETED,0,1
79KWH,8,3,FULL,29-05-2025,10:18:09,29-05-2025,10:18:18,29-05-2025,10:19:54,COMPLETED,0,1
79KWH,8,1,FULL,29-05-2025,10:18:15,29-05-2025,10:18:24,29-05-2025,10:20:02,COMPLETED,0,1
79KWH,8,2,FULL,29-05-2025,10:19:33,29-05-2025,10:19:42,29-05-2025,10:21:19,COMPLETED,0,1
79KWH,8,3,FULL,29-05-2025,10:20:01,29-05-2025,10:20:08,29-05-2025,10:21:49,COMPLETED,0,1
79KWH,8,1,FULL,29-05-2025,10:20:07,29-05-2025,10:20:16,29-05-2025,10:21:52,COMPLETED,0,1
79KWH,8,1,FULL,29-05-2025,10:21:57,29-05-2025,10:22:05,29-05-2025,10:23:37,COMPLETED,0,1
79KWH,8,3,FULL,29-05-2025,10:22:00,29-05-2025,10:22:02,29-05-2025,10:23:39,COMPLETED,0,1
79KWH,8,2,FULL,29-05-2025,10:22:07,29-05-2025,10:22:16,29-05-2025,10:23:47,COMPLETED,0,1
79KWH,8,1,FULL,29-05-2025,10:23:43,29-05-2025,10:23:52,29-05-2025,10:25:28,COMPLETED,0,1
79KWH,8,3,FULL,29-05-2025,10:24:56,29-05-2025,10:25:03,29-05-2025,10:26:41,COMPLETED,0,1
79KWH,8,2,FULL,29-05-2025,10:25:13,29-05-2025,10:25:27,29-05-2025,10:27:03,COMPLETED,0,1
79KWH,8,1,FULL,29-05-2025,10:26:39,29-05-2025,10:26:52,29-05-2025,10:28:23,COMPLETED,0,1
79KWH,8,3,FULL,29-05-2025,10:28:00,29-05-2025,10:28:06,29-05-2025,10:29:41,COMPLETED,0,1
79KWH,8,2,FULL,29-05-2025,10:28:09,29-05-2025,10:28:14,29-05-2025,10:29:47,COMPLETED,0,1
79KWH,8,1,FULL,29-05-2025,10:29:44,29-05-2025,10:29:47,29-05-2025,10:31:23,COMPLETED,0,1
79KWH,8,3,FULL,29-05-2025,10:30:58,29-05-2025,10:31:06,29-05-2025,10:32:45,COMPLETED,0,1
79KWH,8,2,FULL,29-05-2025,10:31:12,29-05-2025,10:31:26,29-05-2025,10:33:01,COMPLETED,0,1
79KWH,8,1,FULL,29-05-2025,10:32:40,29-05-2025,10:32:48,29-05-2025,10:34:19,COMPLETED,0,1
79KWH,8,3,FULL,29-05-2025,10:34:00,29-05-2025,10:34:10,29-05-2025,10:35:46,COMPLETED,0,1
79KWH,8,2,FULL,29-05-2025,10:34:10,29-05-2025,10:34:12,29-05-2025,10:35:43,COMPLETED,0,1
79KWH,8,1,FULL,29-05-2025,10:35:45,29-05-2025,10:35:58,29-05-2025,10:37:35,COMPLETED,0,1
79KWH,8,3,FULL,29-05-2025,10:36:57,29-05-2025,10:37:10,29-05-2025,10:38:51,COMPLETED,0,1
79KWH,8,2,FULL,29-05-2025,10:42:36,29-05-2025,10:42:47,29-05-2025,10:44:23,COMPLETED,0,1
79KWH,8,1,FULL,29-05-2025,10:44:03,29-05-2025,10:44:11,29-05-2025,10:45:44,COMPLETED,0,1
79KWH,8,3,FULL,29-05-2025,10:45:22,29-05-2025,10:45:24,29-05-2025,10:47:02,COMPLETED,0,1
79KWH,8,2,FULL,29-05-2025,10:45:31,29-05-2025,10:45:34,29-05-2025,10:47:06,COMPLETED,0,1
79KWH,8,1,FULL,29-05-2025,10:47:06,29-05-2025,10:47:08,29-05-2025,10:48:44,COMPLETED,0,1
79KWH,8,3,FULL,29-05-2025,10:48:20,29-05-2025,10:48:26,29-05-2025,10:50:03,COMPLETED,0,1
79KWH,8,2,FULL,29-05-2025,10:48:34,29-05-2025,10:48:45,29-05-2025,10:50:21,COMPLETED,0,1
79KWH,8,1,FULL,29-05-2025,10:50:03,29-05-2025,10:50:08,29-05-2025,10:51:41,COMPLETED,0,1
79KWH,8,3,FULL,29-05-2025,10:51:24,29-05-2025,10:51:28,29-05-2025,10:53:06,COMPLETED,0,1
79KWH,8,2,FULL,29-05-2025,10:51:34,29-05-2025,10:51:45,29-05-2025,10:53:16,COMPLETED,0,1
79KWH,8,1,FULL,29-05-2025,10:53:06,29-05-2025,10:53:20,29-05-2025,10:54:56,COMPLETED,0,1
79KWH,8,3,FULL,29-05-2025,10:54:21,29-05-2025,10:54:30,29-05-2025,10:56:12,COMPLETED,0,1
79KWH,8,2,FULL,29-05-2025,10:54:36,29-05-2025,10:54:41,29-05-2025,10:56:18,COMPLETED,0,1
79KWH,8,1,FULL,29-05-2025,10:56:04,29-05-2025,10:57:33,29-05-2025,11:00:03,COMPLETED,0,1
79KWH,8,3,FULL,29-05-2025,10:57:24,29-05-2025,10:59:53,29-05-2025,11:02:56,COMPLETED,0,1
79KWH,8,2,FULL,29-05-2025,10:57:34,29-05-2025,10:59:12,29-05-2025,11:02:14,COMPLETED,0,1
79KWH,8,1,FULL,29-05-2025,11:00:08,29-05-2025,11:02:42,29-05-2025,11:05:15,COMPLETED,0,1
79KWH,8,2,FULL,29-05-2025,11:02:19,29-05-2025,11:05:13,29-05-2025,11:08:20,COMPLETED,0,1
79KWH,8,3,FULL,29-05-2025,11:03:03,29-05-2025,11:03:10,29-05-2025,11:04:53,COMPLETED,0,1
79KWH,8,3,FULL,29-05-2025,11:05:01,29-05-2025,11:05:07,29-05-2025,11:06:43,COMPLETED,0,1
79KWH,8,1,FULL,29-05-2025,11:05:20,29-05-2025,11:05:29,29-05-2025,11:07:01,COMPLETED,0,1
79KWH,8,3,FULL,29-05-2025,11:06:51,29-05-2025,11:06:58,29-05-2025,11:08:44,COMPLETED,0,1
79KWH,8,1,FULL,29-05-2025,11:07:06,29-05-2025,11:07:16,29-05-2025,11:08:58,COMPLETED,0,1
79KWH,8,2,FULL,29-05-2025,11:08:25,29-05-2025,11:08:33,29-05-2025,11:10:08,COMPLETED,0,1
79KWH,8,3,FULL,29-05-2025,11:08:50,29-05-2025,11:08:59,29-05-2025,11:10:41,COMPLETED,0,1
79KWH,8,1,FULL,29-05-2025,11:09:03,29-05-2025,11:09:12,29-05-2025,11:10:44,COMPLETED,0,1
79KWH,8,2,FULL,29-05-2025,11:10:38,29-05-2025,11:10:50,29-05-2025,11:12:29,COMPLETED,0,1
79KWH,8,3,FULL,29-05-2025,11:10:47,29-05-2025,11:10:55,29-05-2025,11:12:42,COMPLETED,0,1
79KWH,8,1,FULL,29-05-2025,11:10:49,29-05-2025,11:10:58,29-05-2025,11:12:33,COMPLETED,0,1
79KWH,8,1,FULL,29-05-2025,11:12:38,29-05-2025,11:12:46,29-05-2025,11:14:22,COMPLETED,0,1
79KWH,8,3,FULL,29-05-2025,11:13:25,29-05-2025,11:13:38,29-05-2025,11:15:21,COMPLETED,0,1
79KWH,8,2,FULL,29-05-2025,11:13:38,29-05-2025,11:13:39,29-05-2025,11:15:14,COMPLETED,0,1
79KWH,8,1,FULL,29-05-2025,11:15:10,29-05-2025,11:15:18,29-05-2025,11:16:55,COMPLETED,0,1
79KWH,8,3,FULL,29-05-2025,11:16:23,29-05-2025,11:16:31,29-05-2025,11:18:19,COMPLETED,0,1
79KWH,8,2,FULL,29-05-2025,11:16:41,29-05-2025,11:16:53,29-05-2025,11:18:34,COMPLETED,0,1
79KWH,8,1,FULL,29-05-2025,11:18:09,29-05-2025,11:18:21,29-05-2025,11:19:54,COMPLETED,0,1
79KWH,8,3,FULL,29-05-2025,11:19:28,29-05-2025,11:19:29,29-05-2025,11:21:20,COMPLETED,0,1
79KWH,8,2,FULL,29-05-2025,11:19:38,29-05-2025,11:19:45,29-05-2025,11:21:24,COMPLETED,0,1
79KWH,8,1,FULL,29-05-2025,11:21:11,29-05-2025,11:21:19,29-05-2025,11:22:56,COMPLETED,0,1
79KWH,8,3,FULL,29-05-2025,11:22:25,29-05-2025,11:22:31,29-05-2025,11:24:21,COMPLETED,0,1
79KWH,8,2,FULL,29-05-2025,11:22:40,29-05-2025,11:24:48,29-05-2025,11:28:02,COMPLETED,0,1
79KWH,8,1,FULL,29-05-2025,11:24:09,29-05-2025,11:25:32,29-05-2025,11:28:03,COMPLETED,0,1
79KWH,8,3,FULL,29-05-2025,11:25:29,29-05-2025,11:27:55,29-05-2025,11:31:08,COMPLETED,0,1
79KWH,8,1,FULL,29-05-2025,11:28:07,29-05-2025,11:30:45,29-05-2025,11:33:21,COMPLETED,0,1
79KWH,8,2,FULL,29-05-2025,11:28:07,29-05-2025,11:31:04,29-05-2025,11:34:10,COMPLETED,0,1
79KWH,8,3,FULL,29-05-2025,11:31:14,29-05-2025,11:31:22,29-05-2025,11:33:16,COMPLETED,0,1
79KWH,8,3,FULL,29-05-2025,11:33:22,29-05-2025,11:33:29,29-05-2025,11:35:18,COMPLETED,0,1
79KWH,8,1,FULL,29-05-2025,11:33:25,29-05-2025,11:33:35,29-05-2025,11:35:11,COMPLETED,0,1
79KWH,8,2,FULL,29-05-2025,11:34:16,29-05-2025,11:34:24,29-05-2025,11:36:11,COMPLETED,0,1
79KWH,8,1,FULL,29-05-2025,11:35:17,29-05-2025,11:35:25,29-05-2025,11:37:05,COMPLETED,0,1
79KWH,8,3,FULL,29-05-2025,11:35:25,29-05-2025,11:35:32,29-05-2025,11:37:23,COMPLETED,0,1
79KWH,8,2,FULL,29-05-2025,11:36:17,29-05-2025,11:36:25,29-05-2025,11:38:06,COMPLETED,0,1
79KWH,8,1,FULL,29-05-2025,11:37:11,29-05-2025,11:37:20,29-05-2025,11:38:57,COMPLETED,0,1
79KWH,8,3,FULL,29-05-2025,11:37:29,29-05-2025,11:37:37,29-05-2025,11:39:26,COMPLETED,0,1
79KWH,8,1,FULL,29-05-2025,12:35:07,29-05-2025,12:35:21,29-05-2025,12:37:57,COMPLETED,0,1
79KWH,8,3,FULL,29-05-2025,12:36:21,29-05-2025,12:36:28,29-05-2025,12:39:49,COMPLETED,0,1
79KWH,8,2,FULL,29-05-2025,12:36:36,29-05-2025,12:36:42,29-05-2025,12:39:56,COMPLETED,0,1
79KWH,8,1,FULL,29-05-2025,12:38:03,29-05-2025,12:38:11,29-05-2025,12:39:49,COMPLETED,0,1
79KWH,8,3,FULL,29-05-2025,12:39:55,29-05-2025,12:40:03,29-05-2025,12:41:57,COMPLETED,0,1
79KWH,8,2,FULL,29-05-2025,12:40:03,29-05-2025,12:40:10,29-05-2025,12:41:54,COMPLETED,0,1
79KWH,8,1,FULL,29-05-2025,12:41:08,29-05-2025,12:41:13,29-05-2025,12:42:55,COMPLETED,0,1
79KWH,8,3,FULL,29-05-2025,12:42:23,29-05-2025,12:42:24,29-05-2025,12:44:24,COMPLETED,0,1
79KWH,8,2,FULL,29-05-2025,12:42:39,29-05-2025,12:42:51,29-05-2025,12:44:41,COMPLETED,0,1
79KWH,8,1,FULL,29-05-2025,12:44:07,29-05-2025,12:44:20,29-05-2025,12:46:00,COMPLETED,0,1
79KWH,8,3,FULL,29-05-2025,12:45:26,29-05-2025,12:45:34,29-05-2025,12:47:32,COMPLETED,0,1
79KWH,8,2,FULL,29-05-2025,12:45:34,29-05-2025,12:45:37,29-05-2025,12:47:23,COMPLETED,0,1
79KWH,8,1,FULL,29-05-2025,12:47:08,29-05-2025,12:47:10,29-05-2025,12:48:54,COMPLETED,0,1
79KWH,8,3,FULL,29-05-2025,12:48:22,29-05-2025,12:48:28,29-05-2025,12:50:29,COMPLETED,0,1
79KWH,8,2,FULL,29-05-2025,12:48:38,29-05-2025,12:48:48,29-05-2025,12:50:40,COMPLETED,0,1
79KWH,8,1,FULL,29-05-2025,12:50:07,29-05-2025,12:50:18,29-05-2025,12:51:58,COMPLETED,0,1
79KWH,8,3,FULL,29-05-2025,12:51:26,29-05-2025,12:51:39,29-05-2025,12:53:37,COMPLETED,0,1
79KWH,8,2,FULL,29-05-2025,12:51:36,29-05-2025,12:51:37,29-05-2025,12:53:26,COMPLETED,0,1
79KWH,8,1,FULL,29-05-2025,12:53:10,29-05-2025,12:53:23,29-05-2025,12:55:08,COMPLETED,0,1
79KWH,8,3,FULL,29-05-2025,12:54:23,29-05-2025,12:54:32,29-05-2025,12:56:37,COMPLETED,0,1
79KWH,8,2,FULL,29-05-2025,12:54:42,29-05-2025,12:54:51,29-05-2025,12:56:43,COMPLETED,0,1
79KWH,8,1,FULL,29-05-2025,12:56:09,29-05-2025,12:56:19,29-05-2025,12:58:01,COMPLETED,0,1
79KWH,8,3,FULL,29-05-2025,12:57:28,29-05-2025,12:57:33,29-05-2025,12:59:34,COMPLETED,0,1
79KWH,8,2,FULL,29-05-2025,12:57:39,29-05-2025,12:57:53,29-05-2025,12:59:41,COMPLETED,0,1
79KWH,8,1,FULL,29-05-2025,12:59:11,29-05-2025,12:59:12,29-05-2025,13:00:59,COMPLETED,0,1
79KWH,8,3,FULL,29-05-2025,13:00:27,29-05-2025,13:00:31,29-05-2025,13:02:33,COMPLETED,0,1
79KWH,8,2,FULL,29-05-2025,13:00:42,29-05-2025,13:00:52,29-05-2025,13:02:49,COMPLETED,0,1
79KWH,8,1,FULL,29-05-2025,13:02:08,29-05-2025,13:02:10,29-05-2025,13:03:53,COMPLETED,0,1
79KWH,8,3,FULL,29-05-2025,13:03:30,29-05-2025,13:03:43,29-05-2025,13:05:47,COMPLETED,0,1
79KWH,8,2,FULL,29-05-2025,13:03:37,29-05-2025,13:03:45,29-05-2025,13:05:36,COMPLETED,0,1
79KWH,8,1,FULL,29-05-2025,13:05:12,29-05-2025,13:05:18,29-05-2025,13:07:07,COMPLETED,0,1
79KWH,8,3,FULL,29-05-2025,13:06:27,29-05-2025,13:06:29,29-05-2025,13:08:37,COMPLETED,0,1
79KWH,8,2,FULL,29-05-2025,13:06:41,29-05-2025,13:06:47,29-05-2025,13:08:43,COMPLETED,0,1
79KWH,8,1,FULL,29-05-2025,13:08:10,29-05-2025,13:08:17,29-05-2025,13:10:01,COMPLETED,0,1
79KWH,8,3,FULL,29-05-2025,13:09:28,29-05-2025,13:09:33,29-05-2025,13:11:37,COMPLETED,0,1
79KWH,8,2,FULL,29-05-2025,13:09:40,29-05-2025,13:09:54,29-05-2025,13:11:47,COMPLETED,0,1
79KWH,8,1,FULL,29-05-2025,13:11:15,29-05-2025,13:11:25,29-05-2025,13:13:13,COMPLETED,0,1
79KWH,8,3,FULL,29-05-2025,13:12:27,29-05-2025,13:12:34,29-05-2025,13:14:43,COMPLETED,0,1
79KWH,8,2,FULL,29-05-2025,13:12:45,29-05-2025,13:12:57,29-05-2025,13:14:59,COMPLETED,0,1
79KWH,8,1,FULL,29-05-2025,13:14:11,29-05-2025,13:14:25,29-05-2025,13:16:12,COMPLETED,0,1
79KWH,8,3,FULL,29-05-2025,13:15:30,29-05-2025,13:15:39,29-05-2025,13:17:44,COMPLETED,0,1
79KWH,8,2,FULL,29-05-2025,13:15:39,29-05-2025,13:15:42,29-05-2025,13:17:38,COMPLETED,0,1
79KWH,8,1,FULL,29-05-2025,13:17:14,29-05-2025,13:17:23,29-05-2025,13:19:12,COMPLETED,0,1
79KWH,8,3,FULL,29-05-2025,13:18:26,29-05-2025,13:18:41,29-05-2025,13:20:51,COMPLETED,0,1
79KWH,8,2,FULL,29-05-2025,13:18:42,29-05-2025,13:18:48,29-05-2025,13:20:49,COMPLETED,0,1
79KWH,8,1,FULL,29-05-2025,13:20:11,29-05-2025,13:20:23,29-05-2025,13:22:10,COMPLETED,0,1
79KWH,8,3,FULL,29-05-2025,13:21:32,29-05-2025,13:21:32,29-05-2025,13:23:39,COMPLETED,0,1
79KWH,8,2,FULL,29-05-2025,13:21:43,29-05-2025,13:21:46,29-05-2025,13:23:43,COMPLETED,0,1
79KWH,8,1,FULL,29-05-2025,13:23:15,29-05-2025,13:23:21,29-05-2025,13:25:12,COMPLETED,0,1
79KWH,8,3,FULL,29-05-2025,13:24:28,29-05-2025,13:24:35,29-05-2025,13:26:45,COMPLETED,0,1
79KWH,8,2,FULL,29-05-2025,13:24:44,29-05-2025,13:24:53,29-05-2025,13:26:56,COMPLETED,0,1
79KWH,8,1,FULL,29-05-2025,13:26:14,29-05-2025,13:28:31,29-05-2025,13:31:08,COMPLETED,0,1
79KWH,8,3,FULL,29-05-2025,13:27:34,29-05-2025,13:27:41,29-05-2025,13:29:50,COMPLETED,0,1
79KWH,8,2,FULL,29-05-2025,13:27:41,29-05-2025,13:29:58,29-05-2025,13:33:14,COMPLETED,0,1
79KWH,8,3,FULL,29-05-2025,13:30:29,29-05-2025,13:33:33,29-05-2025,13:36:57,COMPLETED,0,1
79KWH,8,1,FULL,29-05-2025,13:31:13,29-05-2025,13:31:23,29-05-2025,13:33:15,COMPLETED,0,1
79KWH,8,2,FULL,29-05-2025,13:33:20,29-05-2025,13:36:20,29-05-2025,13:39:41,COMPLETED,0,1
79KWH,8,1,FULL,29-05-2025,13:33:20,29-05-2025,13:33:28,29-05-2025,13:35:18,COMPLETED,0,1
79KWH,8,1,FULL,29-05-2025,13:35:22,29-05-2025,13:35:31,29-05-2025,13:37:25,COMPLETED,0,1
79KWH,8,3,FULL,29-05-2025,13:37:04,29-05-2025,13:37:11,29-05-2025,13:39:23,COMPLETED,0,1
79KWH,8,1,FULL,29-05-2025,13:37:30,29-05-2025,13:40:12,29-05-2025,13:42:51,COMPLETED,0,1
79KWH,8,3,FULL,29-05-2025,13:39:31,29-05-2025,13:39:37,29-05-2025,13:41:53,COMPLETED,0,1
79KWH,8,2,FULL,29-05-2025,13:39:48,29-05-2025,13:39:55,29-05-2025,13:41:58,COMPLETED,0,1
79KWH,8,3,FULL,29-05-2025,13:42:01,29-05-2025,13:42:07,29-05-2025,13:44:21,COMPLETED,0,1
79KWH,8,2,FULL,29-05-2025,13:42:04,29-05-2025,13:42:12,29-05-2025,13:44:19,COMPLETED,0,1
79KWH,8,1,FULL,29-05-2025,13:42:57,29-05-2025,13:43:05,29-05-2025,13:45:00,COMPLETED,0,1
79KWH,8,2,FULL,29-05-2025,13:44:26,29-05-2025,13:44:33,29-05-2025,13:46:36,COMPLETED,0,1
79KWH,8,3,FULL,29-05-2025,13:44:27,29-05-2025,13:44:35,29-05-2025,13:46:53,COMPLETED,0,1
79KWH,8,1,FULL,29-05-2025,13:45:05,29-05-2025,13:45:15,29-05-2025,13:47:08,COMPLETED,0,1
79KWH,8,2,FULL,29-05-2025,13:46:47,29-05-2025,13:46:50,29-05-2025,13:49:00,COMPLETED,0,1
79KWH,8,3,FULL,29-05-2025,13:46:59,29-05-2025,13:47:07,29-05-2025,13:49:21,COMPLETED,0,1
79KWH,8,1,FULL,29-05-2025,13:47:13,29-05-2025,13:47:22,29-05-2025,13:49:19,COMPLETED,0,1
79KWH,8,1,FULL,29-05-2025,13:49:25,29-05-2025,13:49:33,29-05-2025,13:51:26,COMPLETED,0,1
79KWH,8,3,FULL,29-05-2025,13:49:28,29-05-2025,13:49:35,29-05-2025,13:51:58,COMPLETED,0,1
79KWH,8,2,FULL,29-05-2025,13:49:47,29-05-2025,13:49:56,29-05-2025,13:52:02,COMPLETED,0,1
79KWH,8,1,FULL,29-05-2025,13:51:31,29-05-2025,13:51:40,29-05-2025,13:53:44,COMPLETED,0,1
79KWH,8,3,FULL,29-05-2025,13:52:05,29-05-2025,13:52:12,29-05-2025,13:54:30,COMPLETED,0,1
79KWH,8,2,FULL,29-05-2025,13:52:48,29-05-2025,13:52:59,29-05-2025,13:55:10,COMPLETED,0,1
79KWH,8,1,FULL,29-05-2025,13:54:17,29-05-2025,13:54:25,29-05-2025,13:56:19,COMPLETED,0,1
79KWH,8,3,FULL,29-05-2025,13:54:36,29-05-2025,13:54:43,29-05-2025,13:57:08,COMPLETED,0,1
79KWH,8,2,FULL,29-05-2025,13:55:47,29-05-2025,13:55:52,29-05-2025,13:57:59,COMPLETED,0,1
79KWH,8,3,FULL,29-05-2025,13:57:15,29-05-2025,13:57:21,29-05-2025,13:59:42,COMPLETED,0,1
79KWH,8,1,FULL,29-05-2025,13:57:20,29-05-2025,13:57:29,29-05-2025,13:59:29,COMPLETED,0,1
79KWH,8,2,FULL,29-05-2025,13:58:51,29-05-2025,13:58:55,29-05-2025,14:01:09,COMPLETED,0,1
79KWH,8,3,FULL,29-05-2025,13:59:47,29-05-2025,13:59:55,29-05-2025,14:02:20,COMPLETED,0,1
79KWH,8,1,FULL,29-05-2025,14:00:18,29-05-2025,14:00:26,29-05-2025,14:02:22,COMPLETED,0,1
79KWH,8,2,FULL,29-05-2025,14:01:48,29-05-2025,14:01:52,29-05-2025,14:04:01,COMPLETED,0,1
79KWH,8,3,FULL,29-05-2025,14:02:28,29-05-2025,14:02:34,29-05-2025,14:04:56,COMPLETED,0,1
79KWH,8,1,FULL,29-05-2025,14:03:20,29-05-2025,14:03:33,29-05-2025,14:05:33,COMPLETED,0,1
79KWH,8,2,FULL,29-05-2025,14:04:54,29-05-2025,14:04:57,29-05-2025,14:07:13,COMPLETED,0,1
79KWH,8,3,FULL,29-05-2025,14:05:02,29-05-2025,14:05:10,29-05-2025,14:07:36,COMPLETED,0,1
79KWH,8,1,FULL,29-05-2025,14:06:17,29-05-2025,14:06:29,29-05-2025,14:08:27,COMPLETED,0,1
79KWH,8,3,FULL,29-05-2025,14:34:41,29-05-2025,14:34:54,29-05-2025,14:38:23,COMPLETED,0,1
79KWH,8,2,FULL,29-05-2025,14:34:50,29-05-2025,14:35:03,29-05-2025,14:38:26,COMPLETED,0,1
79KWH,8,1,FULL,29-05-2025,14:36:24,29-05-2025,14:36:38,29-05-2025,14:39:25,COMPLETED,0,1
79KWH,8,3,FULL,29-05-2025,14:38:30,29-05-2025,14:38:37,29-05-2025,14:41:06,COMPLETED,0,1
79KWH,8,2,FULL,29-05-2025,14:38:31,29-05-2025,14:38:40,29-05-2025,14:40:58,COMPLETED,0,1
79KWH,8,1,FULL,29-05-2025,14:39:29,29-05-2025,14:39:39,29-05-2025,14:41:38,COMPLETED,0,1
79KWH,8,2,FULL,29-05-2025,14:41:05,29-05-2025,14:41:12,29-05-2025,14:43:27,COMPLETED,0,1
79KWH,8,3,FULL,29-05-2025,14:41:14,29-05-2025,14:41:20,29-05-2025,14:43:44,COMPLETED,0,1
79KWH,8,1,FULL,29-05-2025,14:42:26,29-05-2025,14:42:34,29-05-2025,14:44:38,COMPLETED,0,1
79KWH,8,3,FULL,29-05-2025,14:43:50,29-05-2025,14:43:57,29-05-2025,14:46:27,COMPLETED,0,1
79KWH,8,2,FULL,29-05-2025,14:43:56,29-05-2025,14:44:09,29-05-2025,14:46:29,COMPLETED,0,1
79KWH,8,1,FULL,29-05-2025,14:45:24,29-05-2025,14:45:33,29-05-2025,14:47:34,COMPLETED,0,1
79KWH,8,3,FULL,29-05-2025,14:46:43,29-05-2025,14:46:54,29-05-2025,14:49:22,COMPLETED,0,1
79KWH,8,2,FULL,29-05-2025,14:46:54,29-05-2025,14:46:57,29-05-2025,14:49:13,COMPLETED,0,1
79KWH,8,1,FULL,29-05-2025,14:48:26,29-05-2025,14:48:30,29-05-2025,14:50:34,COMPLETED,0,1
79KWH,8,3,FULL,29-05-2025,14:49:41,29-05-2025,14:49:50,29-05-2025,14:52:23,COMPLETED,0,1
79KWH,8,2,FULL,29-05-2025,14:49:55,29-05-2025,14:50:09,29-05-2025,14:52:28,COMPLETED,0,1
79KWH,8,1,FULL,29-05-2025,14:51:23,29-05-2025,14:51:30,29-05-2025,14:53:32,COMPLETED,0,1
79KWH,8,3,FULL,29-05-2025,14:52:43,29-05-2025,14:52:51,29-05-2025,14:55:20,COMPLETED,0,1
79KWH,8,2,FULL,29-05-2025,14:52:52,29-05-2025,14:52:56,29-05-2025,14:55:14,COMPLETED,0,1
79KWH,8,1,FULL,29-05-2025,15:53:59,29-05-2025,15:56:11,29-05-2025,15:58:59,COMPLETED,0,1
79KWH,8,3,FULL,29-05-2025,15:55:12,29-05-2025,15:59:38,29-05-2025,16:03:15,COMPLETED,0,1
79KWH,8,2,FULL,29-05-2025,15:55:30,29-05-2025,15:55:36,29-05-2025,15:59:06,COMPLETED,0,1
79KWH,8,1,FULL,29-05-2025,15:59:04,29-05-2025,16:01:50,29-05-2025,16:04:35,COMPLETED,0,1
79KWH,8,3,FULL,29-05-2025,16:04:36,29-05-2025,16:04:39,29-05-2025,16:33:41,COMPLETED,0,1
79KWH,8,2,FULL,29-05-2025,16:04:47,29-05-2025,16:05:17,29-05-2025,16:08:44,COMPLETED,0,1
79KWH,8,1,FULL,29-05-2025,16:06:23,29-05-2025,16:06:27,29-05-2025,16:08:34,COMPLETED,0,1
79KWH,8,2,FULL,29-05-2025,16:08:49,29-05-2025,16:08:58,29-05-2025,16:11:22,COMPLETED,0,1
79KWH,8,1,FULL,29-05-2025,16:09:19,29-05-2025,16:09:29,29-05-2025,16:11:33,COMPLETED,0,1
79KWH,8,2,FULL,29-05-2025,16:11:27,29-05-2025,16:11:36,29-05-2025,16:13:58,COMPLETED,0,1
79KWH,8,1,FULL,29-05-2025,16:12:23,29-05-2025,16:12:29,29-05-2025,16:14:39,COMPLETED,0,1
79KWH,8,2,FULL,29-05-2025,16:14:04,29-05-2025,16:14:12,29-05-2025,16:16:37,COMPLETED,0,1
79KWH,8,1,FULL,29-05-2025,16:15:20,29-05-2025,16:15:21,29-05-2025,16:17:27,COMPLETED,0,1
79KWH,8,2,FULL,29-05-2025,16:16:49,29-05-2025,16:16:51,29-05-2025,16:19:13,COMPLETED,0,1
79KWH,8,1,FULL,29-05-2025,16:18:25,29-05-2025,16:18:37,29-05-2025,16:20:46,COMPLETED,0,1
79KWH,8,2,FULL,29-05-2025,16:19:55,29-05-2025,16:20:09,29-05-2025,16:22:36,COMPLETED,0,1
79KWH,8,1,FULL,29-05-2025,16:21:21,29-05-2025,16:21:28,29-05-2025,16:23:36,COMPLETED,0,1
79KWH,8,2,FULL,29-05-2025,16:22:50,29-05-2025,16:23:04,29-05-2025,16:25:29,COMPLETED,0,1
79KWH,8,1,FULL,29-05-2025,16:24:24,29-05-2025,16:24:32,29-05-2025,16:26:43,COMPLETED,0,1
79KWH,8,2,FULL,29-05-2025,16:25:35,29-05-2025,16:25:43,29-05-2025,16:28:14,COMPLETED,0,1
79KWH,8,1,FULL,29-05-2025,16:26:48,29-05-2025,16:26:57,29-05-2025,16:29:06,COMPLETED,0,1
79KWH,8,2,FULL,29-05-2025,16:28:21,29-05-2025,16:28:27,29-05-2025,16:30:54,COMPLETED,0,1
79KWH,8,1,FULL,29-05-2025,16:29:12,29-05-2025,16:29:21,29-05-2025,16:31:32,COMPLETED,0,1
79KWH,8,2,FULL,29-05-2025,16:30:59,29-05-2025,16:31:08,29-05-2025,16:33:42,COMPLETED,0,1
79KWH,8,1,FULL,29-05-2025,16:31:38,29-05-2025,16:31:46,29-05-2025,16:34:02,COMPLETED,0,1
79KWH,8,3,FULL,29-05-2025,16:33:47,29-05-2025,16:33:55,29-05-2025,16:36:31,COMPLETED,0,1
79KWH,8,2,FULL,29-05-2025,16:33:47,29-05-2025,16:33:57,29-05-2025,16:36:25,COMPLETED,0,1
79KWH,8,3,FULL,29-05-2025,16:36:39,29-05-2025,16:36:45,29-05-2025,16:39:17,COMPLETED,0,1
79KWH,8,3,FULL,29-05-2025,16:39:24,29-05-2025,17:30:53,29-05-2025,17:34:34,COMPLETED,0,1
79KWH,8,1,FULL,29-05-2025,16:42:57,29-05-2025,16:43:06,29-05-2025,16:45:58,COMPLETED,0,1
79KWH,8,2,FULL,29-05-2025,16:44:28,29-05-2025,16:44:36,29-05-2025,16:48:12,COMPLETED,0,1
79KWH,8,1,FULL,29-05-2025,16:46:02,29-05-2025,16:46:11,29-05-2025,16:48:23,COMPLETED,0,1
79KWH,8,2,FULL,29-05-2025,16:48:18,29-05-2025,16:48:27,29-05-2025,16:50:58,COMPLETED,0,1
79KWH,8,1,FULL,29-05-2025,16:48:59,29-05-2025,16:49:05,29-05-2025,16:51:27,COMPLETED,0,1
79KWH,8,2,FULL,29-05-2025,16:51:03,29-05-2025,16:51:12,29-05-2025,16:53:51,COMPLETED,0,1
79KWH,8,1,FULL,29-05-2025,16:51:31,29-05-2025,16:51:41,29-05-2025,16:53:58,COMPLETED,0,1
79KWH,8,2,FULL,29-05-2025,16:53:59,29-05-2025,16:54:05,29-05-2025,16:56:38,COMPLETED,0,1
79KWH,8,1,FULL,29-05-2025,16:54:03,29-05-2025,16:54:13,29-05-2025,16:56:30,COMPLETED,0,1
79KWH,8,1,FULL,29-05-2025,16:56:35,29-05-2025,16:56:43,29-05-2025,16:58:57,COMPLETED,0,1
79KWH,8,2,FULL,29-05-2025,16:56:44,29-05-2025,16:56:52,29-05-2025,16:59:29,COMPLETED,0,1
79KWH,8,1,FULL,29-05-2025,16:59:02,29-05-2025,16:59:11,29-05-2025,17:01:30,COMPLETED,0,1
79KWH,8,3,FULL,29-05-2025,17:34:40,29-05-2025,17:34:47,29-05-2025,17:37:22,COMPLETED,0,1
79KWH,8,3,FULL,29-05-2025,17:37:29,29-05-2025,17:37:36,29-05-2025,17:40:16,COMPLETED,0,1
79KWH,8,3,FULL,29-05-2025,17:40:23,29-05-2025,17:40:30,29-05-2025,17:43:08,COMPLETED,0,1
79KWH,8,3,FULL,29-05-2025,17:43:15,29-05-2025,17:43:22,29-05-2025,17:46:05,COMPLETED,0,1
79KWH,8,3,FULL,29-05-2025,17:46:13,29-05-2025,17:49:44,29-05-2025,17:53:21,COMPLETED,0,1
79KWH,8,3,FULL,29-05-2025,18:26:03,29-05-2025,19:16:55,29-05-2025,19:20:39,COMPLETED,0,1
79KWH,8,2,FULL,29-05-2025,18:26:13,29-05-2025,18:26:20,29-05-2025,18:29:54,COMPLETED,0,1
79KWH,8,1,FULL,29-05-2025,18:27:48,29-05-2025,18:28:20,29-05-2025,18:31:10,COMPLETED,0,1
79KWH,8,2,FULL,29-05-2025,18:29:59,29-05-2025,18:30:08,29-05-2025,18:32:52,COMPLETED,0,1
79KWH,8,1,FULL,29-05-2025,18:31:15,29-05-2025,18:31:24,29-05-2025,18:33:44,COMPLETED,0,1
79KWH,8,2,FULL,29-05-2025,18:32:58,29-05-2025,18:33:06,29-05-2025,18:35:43,COMPLETED,0,1
79KWH,8,1,FULL,29-05-2025,18:33:49,29-05-2025,18:36:38,29-05-2025,18:39:36,COMPLETED,0,1
79KWH,8,2,FULL,29-05-2025,18:35:48,29-05-2025,18:35:56,29-05-2025,18:38:39,COMPLETED,0,1
79KWH,8,2,FULL,29-05-2025,18:38:45,29-05-2025,18:38:53,29-05-2025,18:41:31,COMPLETED,0,1
79KWH,8,1,FULL,29-05-2025,18:39:40,29-05-2025,18:39:50,29-05-2025,18:42:12,COMPLETED,0,1
79KWH,8,1,FULL,29-05-2025,18:42:16,29-05-2025,18:42:25,29-05-2025,18:44:44,COMPLETED,0,1
79KWH,8,3,FULL,29-05-2025,19:20:46,29-05-2025,19:20:52,29-05-2025,19:23:33,COMPLETED,0,1
79KWH,8,3,FULL,29-05-2025,19:23:40,29-05-2025,19:23:47,29-05-2025,19:26:31,COMPLETED,0,1
79KWH,8,3,FULL,29-05-2025,19:26:38,29-05-2025,19:26:45,29-05-2025,19:29:27,COMPLETED,0,1
79KWH,8,3,FULL,29-05-2025,19:29:35,29-05-2025,19:29:41,29-05-2025,19:32:30,COMPLETED,0,1
79KWH,8,3,FULL,29-05-2025,19:32:36,29-05-2025,19:32:43,29-05-2025,19:35:28,COMPLETED,0,1
79KWH,8,2,FULL,29-05-2025,20:58:38,29-05-2025,21:56:53,29-05-2025,22:00:34,COMPLETED,0,1
79KWH,8,1,FULL,29-05-2025,21:00:05,29-05-2025,21:02:48,29-05-2025,21:05:46,COMPLETED,0,1
79KWH,8,3,FULL,29-05-2025,21:01:25,29-05-2025,21:01:37,29-05-2025,21:05:23,COMPLETED,0,1
79KWH,8,3,FULL,29-05-2025,21:05:30,29-05-2025,21:05:37,29-05-2025,21:08:25,COMPLETED,0,1
79KWH,8,1,FULL,29-05-2025,21:05:51,29-05-2025,21:06:00,29-05-2025,21:08:19,COMPLETED,0,1
79KWH,8,1,FULL,29-05-2025,21:08:25,29-05-2025,21:08:33,29-05-2025,21:10:56,COMPLETED,0,1
79KWH,8,3,FULL,29-05-2025,21:08:33,29-05-2025,21:08:39,29-05-2025,21:11:31,COMPLETED,0,1
79KWH,8,1,FULL,29-05-2025,21:11:01,29-05-2025,21:11:10,29-05-2025,21:13:30,COMPLETED,0,1
79KWH,8,3,FULL,29-05-2025,21:11:37,29-05-2025,21:11:45,29-05-2025,21:14:36,COMPLETED,0,1
79KWH,8,1,FULL,29-05-2025,21:13:35,29-05-2025,21:13:44,29-05-2025,21:16:09,COMPLETED,0,1
79KWH,8,3,FULL,29-05-2025,21:14:42,29-05-2025,21:14:49,29-05-2025,21:17:45,COMPLETED,0,1
79KWH,8,1,FULL,29-05-2025,21:16:13,29-05-2025,21:16:22,29-05-2025,21:18:45,COMPLETED,0,1
79KWH,8,3,FULL,29-05-2025,21:17:51,29-05-2025,21:21:18,29-05-2025,21:25:02,COMPLETED,0,1
79KWH,8,1,FULL,29-05-2025,21:18:51,29-05-2025,21:18:59,29-05-2025,21:21:25,COMPLETED,0,1
79KWH,8,1,FULL,29-05-2025,21:21:30,29-05-2025,21:21:38,29-05-2025,21:24:03,COMPLETED,0,1
79KWH,8,1,FULL,29-05-2025,21:24:08,29-05-2025,21:24:18,29-05-2025,21:26:45,COMPLETED,0,1
79KWH,8,3,FULL,29-05-2025,21:25:08,29-05-2025,21:25:15,29-05-2025,21:28:12,COMPLETED,0,1
79KWH,8,1,FULL,29-05-2025,21:26:50,29-05-2025,21:26:59,29-05-2025,21:29:23,COMPLETED,0,1
79KWH,8,3,FULL,29-05-2025,21:28:18,29-05-2025,21:28:26,29-05-2025,23:14:11,COMPLETED,0,1
79KWH,8,1,FULL,29-05-2025,21:29:28,29-05-2025,21:29:37,29-05-2025,21:32:05,COMPLETED,0,1
79KWH,8,1,FULL,29-05-2025,21:32:10,29-05-2025,21:32:19,29-05-2025,21:34:46,COMPLETED,0,1
79KWH,8,1,FULL,29-05-2025,21:34:50,29-05-2025,21:37:32,29-05-2025,21:40:34,COMPLETED,0,1
79KWH,8,1,FULL,29-05-2025,21:40:39,29-05-2025,22:20:14,29-05-2025,22:23:11,COMPLETED,0,1
79KWH,8,2,FULL,29-05-2025,22:00:40,29-05-2025,22:03:01,29-05-2025,22:06:38,COMPLETED,0,1
79KWH,8,2,FULL,29-05-2025,22:06:44,29-05-2025,22:06:52,29-05-2025,22:09:39,COMPLETED,0,1
79KWH,8,2,FULL,29-05-2025,22:09:45,29-05-2025,22:09:53,29-05-2025,22:12:35,COMPLETED,0,1
79KWH,8,2,FULL,29-05-2025,22:12:41,29-05-2025,22:12:48,29-05-2025,22:15:37,COMPLETED,0,1
79KWH,8,2,FULL,29-05-2025,22:15:44,29-05-2025,22:15:52,29-05-2025,22:18:37,COMPLETED,0,1
79KWH,8,2,FULL,29-05-2025,22:18:43,29-05-2025,22:18:52,29-05-2025,22:21:44,COMPLETED,0,1
79KWH,8,2,FULL,29-05-2025,22:21:49,29-05-2025,22:25:02,29-05-2025,22:28:42,COMPLETED,0,1
79KWH,8,1,FULL,29-05-2025,22:23:16,29-05-2025,22:23:25,29-05-2025,22:25:56,COMPLETED,0,1
79KWH,8,1,FULL,29-05-2025,22:26:01,29-05-2025,22:26:10,29-05-2025,22:28:39,COMPLETED,0,1
79KWH,8,1,FULL,29-05-2025,22:28:44,29-05-2025,22:28:53,29-05-2025,22:31:27,COMPLETED,0,1
79KWH,8,2,FULL,29-05-2025,22:28:47,29-05-2025,22:28:56,29-05-2025,22:31:51,COMPLETED,0,1
79KWH,8,1,FULL,29-05-2025,22:31:31,29-05-2025,22:31:41,29-05-2025,22:34:11,COMPLETED,0,1
79KWH,8,2,FULL,29-05-2025,22:31:57,29-05-2025,22:32:04,29-05-2025,22:34:55,COMPLETED,0,1
79KWH,8,1,FULL,29-05-2025,22:34:15,29-05-2025,22:34:25,29-05-2025,22:37:00,COMPLETED,0,1
79KWH,8,2,FULL,29-05-2025,22:35:01,29-05-2025,22:35:09,29-05-2025,22:38:06,COMPLETED,0,1
79KWH,8,1,FULL,29-05-2025,22:37:04,29-05-2025,22:37:14,29-05-2025,22:39:46,COMPLETED,0,1
79KWH,8,2,FULL,29-05-2025,22:38:11,29-05-2025,22:38:19,29-05-2025,22:41:11,COMPLETED,0,1
79KWH,8,1,FULL,29-05-2025,22:39:51,29-05-2025,22:40:00,29-05-2025,22:42:37,COMPLETED,0,1
79KWH,8,2,FULL,29-05-2025,22:41:17,29-05-2025,22:41:25,29-05-2025,22:44:24,COMPLETED,0,1
79KWH,8,1,FULL,29-05-2025,22:42:42,29-05-2025,22:42:50,29-05-2025,22:45:22,COMPLETED,0,1
79KWH,8,2,FULL,29-05-2025,22:44:29,29-05-2025,22:44:37,29-05-2025,22:47:32,COMPLETED,0,1
79KWH,8,1,FULL,29-05-2025,22:45:27,29-05-2025,22:45:36,29-05-2025,22:48:13,COMPLETED,0,1
79KWH,8,2,FULL,29-05-2025,22:47:38,29-05-2025,22:47:46,29-05-2025,22:50:45,COMPLETED,0,1
79KWH,8,1,FULL,29-05-2025,22:48:18,29-05-2025,22:48:27,29-05-2025,22:51:08,COMPLETED,0,1
79KWH,8,2,FULL,29-05-2025,22:50:50,29-05-2025,22:50:59,29-05-2025,22:53:56,COMPLETED,0,1
79KWH,8,1,FULL,29-05-2025,22:51:13,29-05-2025,22:51:22,29-05-2025,22:54:01,COMPLETED,0,1
79KWH,8,1,FULL,29-05-2025,22:54:06,29-05-2025,22:54:15,29-05-2025,22:56:51,COMPLETED,0,1
79KWH,8,1,FULL,29-05-2025,22:56:56,29-05-2025,22:57:05,29-05-2025,22:59:43,COMPLETED,0,1
79KWH,8,1,FULL,29-05-2025,22:59:49,29-05-2025,22:59:57,29-05-2025,23:02:33,COMPLETED,0,1
79KWH,8,3,FULL,29-05-2025,23:14:19,29-05-2025,23:17:49,29-05-2025,23:21:39,COMPLETED,0,1
79KWH,8,3,FULL,29-05-2025,23:21:45,29-05-2025,23:21:53,29-05-2025,23:24:50,COMPLETED,0,1
79KWH,8,3,FULL,29-05-2025,23:24:57,29-05-2025,23:25:04,29-05-2025,23:28:05,COMPLETED,0,1
79KWH,8,3,FULL,29-05-2025,23:28:11,29-05-2025,23:28:19,29-05-2025,23:31:17,COMPLETED,0,1
79KWH,8,3,FULL,29-05-2025,23:31:24,29-05-2025,23:31:30,29-05-2025,23:34:35,COMPLETED,0,1
79KWH,8,3,FULL,29-05-2025,23:34:42,29-05-2025,23:34:48,29-05-2025,23:37:47,COMPLETED,0,1
79KWH,8,1,FULL,30-05-2025,08:45:33,30-05-2025,08:45:42,30-05-2025,08:48:46,COMPLETED,0,1
79KWH,8,3,FULL,30-05-2025,08:46:46,30-05-2025,08:46:57,30-05-2025,08:50:51,COMPLETED,0,1
79KWH,8,2,FULL,30-05-2025,08:47:02,30-05-2025,08:47:06,30-05-2025,08:50:56,COMPLETED,0,1
79KWH,8,1,FULL,30-05-2025,08:48:51,30-05-2025,08:49:00,30-05-2025,08:51:37,COMPLETED,0,1
79KWH,8,3,FULL,30-05-2025,10:49:17,30-05-2025,10:50:52,30-05-2025,10:54:44,COMPLETED,0,1
79KWH,8,2,FULL,30-05-2025,10:49:27,30-05-2025,10:49:34,30-05-2025,10:53:19,COMPLETED,0,1
79KWH,8,1,FULL,30-05-2025,10:51:04,30-05-2025,10:51:18,30-05-2025,10:54:21,COMPLETED,0,1
79KWH,8,2,FULL,30-05-2025,10:53:24,30-05-2025,10:55:28,30-05-2025,10:59:19,COMPLETED,0,1
79KWH,8,1,FULL,30-05-2025,10:54:26,30-05-2025,10:54:35,30-05-2025,10:57:17,COMPLETED,0,1
79KWH,8,3,FULL,30-05-2025,10:54:50,30-05-2025,10:54:59,30-05-2025,10:58:05,COMPLETED,0,1
79KWH,8,1,FULL,30-05-2025,10:57:22,30-05-2025,10:57:31,30-05-2025,11:00:12,COMPLETED,0,1
79KWH,8,3,FULL,30-05-2025,10:58:12,30-05-2025,10:58:19,30-05-2025,11:01:23,COMPLETED,0,1
79KWH,8,2,FULL,30-05-2025,10:59:25,30-05-2025,10:59:33,30-05-2025,11:02:34,COMPLETED,0,1
79KWH,8,1,FULL,30-05-2025,11:00:18,30-05-2025,11:00:26,30-05-2025,11:03:10,COMPLETED,0,1
79KWH,8,3,FULL,30-05-2025,11:01:29,30-05-2025,11:01:37,30-05-2025,11:04:45,COMPLETED,0,1
79KWH,8,2,FULL,30-05-2025,11:02:41,30-05-2025,11:02:48,30-05-2025,11:05:52,COMPLETED,0,1
79KWH,8,1,FULL,30-05-2025,11:03:15,30-05-2025,11:03:24,30-05-2025,11:06:07,COMPLETED,0,1
79KWH,8,3,FULL,30-05-2025,11:04:51,30-05-2025,11:04:59,30-05-2025,11:08:04,COMPLETED,0,1
79KWH,8,2,FULL,30-05-2025,11:05:58,30-05-2025,11:08:59,30-05-2025,11:12:45,COMPLETED,0,1
79KWH,8,1,FULL,30-05-2025,11:06:12,30-05-2025,11:08:49,30-05-2025,11:11:56,COMPLETED,0,1
79KWH,8,3,FULL,30-05-2025,11:08:12,30-05-2025,11:08:18,30-05-2025,11:11:29,COMPLETED,0,1
79KWH,8,3,FULL,30-05-2025,11:11:35,30-05-2025,11:11:42,30-05-2025,11:14:50,COMPLETED,0,1
79KWH,8,1,FULL,30-05-2025,11:12:01,30-05-2025,11:12:10,30-05-2025,11:14:53,COMPLETED,0,1
79KWH,8,2,FULL,30-05-2025,11:12:50,30-05-2025,11:15:58,30-05-2025,11:19:51,COMPLETED,0,1
79KWH,8,3,FULL,30-05-2025,11:14:57,30-05-2025,11:15:03,30-05-2025,11:18:16,COMPLETED,0,1
79KWH,8,1,FULL,30-05-2025,11:14:58,30-05-2025,11:17:39,30-05-2025,11:20:48,COMPLETED,0,1
79KWH,8,3,FULL,30-05-2025,11:18:22,30-05-2025,11:18:29,30-05-2025,11:21:41,COMPLETED,0,1
79KWH,8,2,FULL,30-05-2025,11:19:57,30-05-2025,11:20:05,30-05-2025,11:23:09,COMPLETED,0,1
79KWH,8,1,FULL,30-05-2025,11:20:53,30-05-2025,11:21:02,30-05-2025,11:23:47,COMPLETED,0,1
79KWH,8,3,FULL,30-05-2025,11:21:47,30-05-2025,11:21:55,30-05-2025,11:25:11,COMPLETED,0,1
79KWH,8,2,FULL,30-05-2025,11:23:14,30-05-2025,11:26:17,30-05-2025,11:30:11,COMPLETED,0,1
79KWH,8,1,FULL,30-05-2025,11:23:52,30-05-2025,11:26:32,30-05-2025,11:29:41,COMPLETED,0,1
79KWH,8,3,FULL,30-05-2025,11:25:18,30-05-2025,11:28:41,30-05-2025,11:32:35,COMPLETED,0,1
79KWH,8,1,FULL,30-05-2025,11:29:47,30-05-2025,11:54:25,30-05-2025,11:57:32,COMPLETED,0,1
79KWH,8,2,FULL,30-05-2025,11:30:17,30-05-2025,11:30:25,30-05-2025,11:33:31,COMPLETED,0,1
79KWH,8,3,FULL,30-05-2025,11:32:43,30-05-2025,11:36:12,30-05-2025,11:40:11,COMPLETED,0,1
79KWH,8,2,FULL,30-05-2025,11:33:37,30-05-2025,11:36:44,30-05-2025,11:40:39,COMPLETED,0,1
79KWH,8,3,FULL,30-05-2025,11:40:18,30-05-2025,11:40:25,30-05-2025,11:43:41,COMPLETED,0,1
79KWH,8,2,FULL,30-05-2025,11:40:44,30-05-2025,11:40:52,30-05-2025,11:44:00,COMPLETED,0,1
79KWH,8,3,FULL,30-05-2025,11:43:47,30-05-2025,11:43:54,30-05-2025,11:47:14,COMPLETED,0,1
79KWH,8,2,FULL,30-05-2025,11:44:06,30-05-2025,11:44:14,30-05-2025,11:47:28,COMPLETED,0,1
79KWH,8,3,FULL,30-05-2025,11:47:21,30-05-2025,11:47:28,30-05-2025,11:50:41,COMPLETED,0,1
79KWH,8,2,FULL,30-05-2025,11:47:34,30-05-2025,11:47:41,30-05-2025,11:50:51,COMPLETED,0,1
79KWH,8,3,FULL,30-05-2025,11:50:49,30-05-2025,11:50:55,30-05-2025,11:54:16,COMPLETED,0,1
79KWH,8,2,FULL,30-05-2025,11:50:57,30-05-2025,11:51:05,30-05-2025,11:54:20,COMPLETED,0,1
79KWH,8,3,FULL,30-05-2025,11:54:22,30-05-2025,11:54:30,30-05-2025,11:57:49,COMPLETED,0,1
79KWH,8,2,FULL,30-05-2025,11:54:25,30-05-2025,11:54:34,30-05-2025,11:57:45,COMPLETED,0,1
79KWH,8,1,FULL,30-05-2025,11:57:37,30-05-2025,12:00:09,30-05-2025,12:03:19,COMPLETED,0,1
79KWH,8,3,FULL,30-05-2025,11:57:55,30-05-2025,11:58:02,30-05-2025,12:01:26,COMPLETED,0,1
79KWH,8,3,FULL,30-05-2025,12:01:33,30-05-2025,12:01:40,30-05-2025,12:04:57,COMPLETED,0,1
79KWH,8,1,FULL,30-05-2025,12:03:24,30-05-2025,12:03:33,30-05-2025,12:06:20,COMPLETED,0,1
79KWH,8,3,FULL,30-05-2025,12:05:04,30-05-2025,12:08:29,30-05-2025,12:12:33,COMPLETED,0,1
79KWH,8,1,FULL,30-05-2025,12:06:26,30-05-2025,12:06:34,30-05-2025,12:09:26,COMPLETED,0,1
79KWH,8,1,FULL,30-05-2025,12:09:31,30-05-2025,12:09:40,30-05-2025,12:12:27,COMPLETED,0,1
79KWH,8,1,FULL,30-05-2025,12:33:20,30-05-2025,12:33:26,30-05-2025,12:36:39,COMPLETED,0,1
79KWH,8,3,FULL,30-05-2025,12:34:31,30-05-2025,12:34:35,30-05-2025,12:38:30,COMPLETED,0,1
79KWH,8,2,FULL,30-05-2025,12:34:50,30-05-2025,12:34:58,30-05-2025,12:38:56,COMPLETED,0,1
79KWH,8,1,FULL,30-05-2025,12:36:43,30-05-2025,12:52:52,30-05-2025,12:54:49,COMPLETED,0,1
79KWH,8,3,FULL,30-05-2025,12:38:36,30-05-2025,12:42:06,30-05-2025,12:46:11,COMPLETED,0,1
79KWH,8,2,FULL,30-05-2025,12:39:03,30-05-2025,12:42:02,30-05-2025,12:45:55,COMPLETED,0,1
79KWH,8,2,FULL,30-05-2025,12:46:00,30-05-2025,12:49:06,30-05-2025,12:53:05,COMPLETED,0,1
79KWH,8,3,FULL,30-05-2025,12:46:18,30-05-2025,12:46:25,30-05-2025,12:49:52,COMPLETED,0,1
79KWH,8,3,FULL,30-05-2025,12:49:59,30-05-2025,12:50:05,30-05-2025,12:53:33,COMPLETED,0,1
79KWH,8,2,FULL,30-05-2025,12:53:10,30-05-2025,12:53:19,30-05-2025,12:56:37,COMPLETED,0,1
79KWH,8,3,FULL,30-05-2025,12:53:41,30-05-2025,12:53:48,30-05-2025,12:57:09,COMPLETED,0,1
79KWH,8,1,FULL,30-05-2025,12:54:54,30-05-2025,12:55:03,30-05-2025,12:57:55,COMPLETED,0,1
79KWH,8,2,FULL,30-05-2025,12:56:43,30-05-2025,12:56:50,30-05-2025,13:00:12,COMPLETED,0,1
79KWH,8,3,FULL,30-05-2025,12:57:15,30-05-2025,12:57:23,30-05-2025,13:00:51,COMPLETED,0,1
79KWH,8,1,FULL,30-05-2025,12:58:00,30-05-2025,12:58:09,30-05-2025,13:01:00,COMPLETED,0,1
79KWH,8,2,FULL,30-05-2025,13:00:18,30-05-2025,13:03:21,30-05-2025,13:07:18,COMPLETED,0,1
79KWH,8,3,FULL,30-05-2025,13:00:57,30-05-2025,13:01:06,30-05-2025,13:04:30,COMPLETED,0,1
79KWH,8,1,FULL,30-05-2025,13:01:04,30-05-2025,13:11:50,30-05-2025,13:13:52,COMPLETED,0,1
79KWH,8,3,FULL,30-05-2025,13:04:37,30-05-2025,13:08:03,30-05-2025,13:12:10,COMPLETED,0,1
79KWH,8,2,FULL,30-05-2025,13:07:24,30-05-2025,13:10:28,30-05-2025,13:14:29,COMPLETED,0,1
79KWH,8,3,FULL,30-05-2025,13:12:16,30-05-2025,13:12:24,30-05-2025,13:15:53,COMPLETED,0,1
79KWH,8,1,FULL,30-05-2025,13:13:58,30-05-2025,13:19:40,30-05-2025,13:22:54,COMPLETED,0,1
79KWH,8,3,FULL,30-05-2025,13:16:01,30-05-2025,13:16:07,30-05-2025,13:19:43,COMPLETED,0,1
79KWH,8,3,FULL,30-05-2025,13:19:49,30-05-2025,13:23:21,30-05-2025,13:27:22,COMPLETED,0,1
79KWH,8,1,FULL,30-05-2025,13:22:59,30-05-2025,13:23:08,30-05-2025,13:26:05,COMPLETED,0,1
79KWH,8,1,FULL,30-05-2025,13:26:10,30-05-2025,13:26:19,30-05-2025,13:29:12,COMPLETED,0,1
79KWH,8,1,FULL,30-05-2025,13:37:30,30-05-2025,13:42:31,30-05-2025,13:45:46,COMPLETED,0,1
79KWH,8,2,FULL,30-05-2025,13:38:11,30-05-2025,13:38:23,30-05-2025,13:41:42,COMPLETED,0,1
79KWH,8,3,FULL,30-05-2025,13:38:19,30-05-2025,13:38:21,30-05-2025,13:42:00,COMPLETED,0,1
79KWH,8,2,FULL,30-05-2025,13:41:47,30-05-2025,13:41:57,30-05-2025,13:45:21,COMPLETED,0,1
79KWH,8,3,FULL,30-05-2025,13:42:05,30-05-2025,13:42:14,30-05-2025,13:45:48,COMPLETED,0,1
79KWH,8,2,FULL,30-05-2025,13:45:27,30-05-2025,13:45:35,30-05-2025,13:48:57,COMPLETED,0,1
79KWH,8,1,FULL,30-05-2025,13:45:51,30-05-2025,13:46:00,30-05-2025,13:48:59,COMPLETED,0,1
79KWH,8,3,FULL,30-05-2025,13:45:54,30-05-2025,13:46:02,30-05-2025,13:49:40,COMPLETED,0,1
79KWH,8,2,FULL,30-05-2025,13:49:03,30-05-2025,13:52:02,30-05-2025,13:56:05,COMPLETED,0,1
79KWH,8,1,FULL,30-05-2025,13:49:04,30-05-2025,13:51:44,30-05-2025,13:55:00,COMPLETED,0,1
79KWH,8,3,FULL,30-05-2025,13:49:47,30-05-2025,13:49:53,30-05-2025,13:53:28,COMPLETED,0,1
79KWH,8,3,FULL,30-05-2025,13:53:35,30-05-2025,13:53:42,30-05-2025,13:57:23,COMPLETED,0,1
79KWH,8,1,FULL,30-05-2025,13:55:06,30-05-2025,13:57:49,30-05-2025,14:01:01,COMPLETED,0,1
79KWH,8,2,FULL,30-05-2025,13:56:10,30-05-2025,13:59:17,30-05-2025,14:03:15,COMPLETED,0,1
79KWH,8,1,FULL,30-05-2025,14:01:06,30-05-2025,14:01:16,30-05-2025,14:04:17,COMPLETED,0,1
79KWH,8,1,FULL,30-05-2025,14:04:22,30-05-2025,14:04:32,30-05-2025,14:07:33,COMPLETED,0,1
79KWH,8,3,FULL,30-05-2025,15:46:56,30-05-2025,15:46:59,30-05-2025,15:51:06,COMPLETED,0,1
79KWH,8,2,FULL,30-05-2025,15:47:08,30-05-2025,15:47:16,30-05-2025,15:51:20,COMPLETED,0,1
79KWH,8,1,FULL,30-05-2025,15:48:40,30-05-2025,15:50:41,30-05-2025,15:54:04,COMPLETED,0,1
79KWH,8,3,FULL,30-05-2025,15:51:13,30-05-2025,15:51:20,30-05-2025,15:55:03,COMPLETED,0,1
79KWH,8,2,FULL,30-05-2025,15:56:25,30-05-2025,15:58:23,30-05-2025,16:02:23,COMPLETED,0,1
79KWH,8,1,FULL,30-05-2025,15:57:56,30-05-2025,15:57:56,30-05-2025,16:01:09,COMPLETED,0,1
79KWH,8,3,FULL,30-05-2025,15:59:17,30-05-2025,15:59:23,30-05-2025,16:03:28,COMPLETED,0,1
79KWH,8,1,FULL,30-05-2025,16:01:14,30-05-2025,16:01:24,30-05-2025,16:04:32,COMPLETED,0,1
79KWH,8,2,FULL,30-05-2025,16:02:28,30-05-2025,16:02:36,30-05-2025,16:06:07,COMPLETED,0,1
79KWH,8,3,FULL,30-05-2025,16:03:34,30-05-2025,16:05:42,30-05-2025,16:08:34,COMPLETED,0,1
79KWH,8,1,FULL,30-05-2025,16:04:36,30-05-2025,16:04:46,30-05-2025,16:07:51,COMPLETED,0,1
79KWH,8,2,FULL,30-05-2025,16:06:12,30-05-2025,16:06:20,30-05-2025,16:09:47,COMPLETED,0,1
79KWH,8,1,FULL,30-05-2025,16:07:56,30-05-2025,16:08:06,30-05-2025,16:11:15,COMPLETED,0,1
79KWH,8,3,FULL,30-05-2025,16:08:41,30-05-2025,16:08:48,30-05-2025,16:12:28,COMPLETED,0,1
79KWH,8,2,FULL,30-05-2025,16:09:53,30-05-2025,16:10:01,30-05-2025,16:13:33,COMPLETED,0,1
79KWH,8,1,FULL,30-05-2025,16:11:19,30-05-2025,16:11:29,30-05-2025,16:14:33,COMPLETED,0,1
79KWH,8,3,FULL,30-05-2025,16:12:34,30-05-2025,16:12:42,30-05-2025,16:16:28,COMPLETED,0,1
79KWH,8,2,FULL,30-05-2025,16:13:39,30-05-2025,16:13:47,30-05-2025,16:17:16,COMPLETED,0,1
79KWH,8,1,FULL,30-05-2025,16:14:38,30-05-2025,16:14:46,30-05-2025,16:17:55,COMPLETED,0,1
79KWH,8,3,FULL,30-05-2025,16:16:34,30-05-2025,16:16:42,30-05-2025,16:20:22,COMPLETED,0,1
79KWH,8,2,FULL,30-05-2025,16:17:23,30-05-2025,16:17:30,30-05-2025,16:21:04,COMPLETED,0,1
79KWH,8,1,FULL,30-05-2025,16:18:00,30-05-2025,16:18:09,30-05-2025,16:21:16,COMPLETED,0,1
79KWH,8,3,FULL,30-05-2025,16:20:29,30-05-2025,16:20:36,30-05-2025,16:24:24,COMPLETED,0,1
79KWH,8,2,FULL,30-05-2025,16:21:09,30-05-2025,16:21:18,30-05-2025,16:24:51,COMPLETED,0,1
79KWH,8,1,FULL,30-05-2025,16:21:21,30-05-2025,16:21:30,30-05-2025,16:24:42,COMPLETED,0,1
79KWH,8,3,FULL,30-05-2025,16:24:31,30-05-2025,16:24:38,30-05-2025,16:28:21,COMPLETED,0,1
79KWH,8,1,FULL,30-05-2025,16:24:48,30-05-2025,16:27:23,30-05-2025,16:30:43,COMPLETED,0,1
79KWH,8,2,FULL,30-05-2025,16:24:56,30-05-2025,16:25:05,30-05-2025,16:28:42,COMPLETED,0,1
79KWH,8,3,FULL,30-05-2025,16:28:26,30-05-2025,16:31:59,30-05-2025,16:36:15,COMPLETED,0,1
79KWH,8,2,FULL,30-05-2025,16:28:48,30-05-2025,16:28:56,30-05-2025,16:32:28,COMPLETED,0,1
79KWH,8,1,FULL,30-05-2025,16:30:48,30-05-2025,16:30:57,30-05-2025,16:34:11,COMPLETED,0,1
79KWH,8,2,FULL,30-05-2025,16:32:34,30-05-2025,16:32:42,30-05-2025,16:36:21,COMPLETED,0,1
79KWH,8,1,FULL,30-05-2025,16:34:16,30-05-2025,16:36:54,30-05-2025,16:40:14,COMPLETED,0,1
79KWH,8,3,FULL,30-05-2025,16:36:21,30-05-2025,16:36:29,30-05-2025,16:40:17,COMPLETED,0,1
79KWH,8,2,FULL,30-05-2025,16:36:27,30-05-2025,16:36:35,30-05-2025,16:40:15,COMPLETED,0,1
79KWH,8,1,FULL,30-05-2025,16:40:19,30-05-2025,16:40:28,30-05-2025,16:55:40,COMPLETED,0,1
79KWH,8,2,FULL,30-05-2025,16:40:22,30-05-2025,16:40:29,30-05-2025,16:44:11,COMPLETED,0,1
79KWH,8,3,FULL,30-05-2025,16:40:24,30-05-2025,16:40:31,30-05-2025,16:44:23,COMPLETED,0,1
79KWH,8,2,FULL,30-05-2025,16:44:18,30-05-2025,16:44:26,30-05-2025,16:48:04,COMPLETED,0,1
79KWH,8,3,FULL,30-05-2025,16:44:30,30-05-2025,16:44:37,30-05-2025,17:37:04,COMPLETED,0,1
79KWH,8,2,FULL,30-05-2025,16:48:10,30-05-2025,16:48:18,30-05-2025,16:52:00,COMPLETED,0,1
79KWH,8,2,FULL,30-05-2025,16:52:07,30-05-2025,16:52:15,30-05-2025,16:55:53,COMPLETED,0,1
79KWH,8,1,FULL,30-05-2025,16:55:45,30-05-2025,16:58:18,30-05-2025,17:01:39,COMPLETED,0,1
79KWH,8,2,FULL,30-05-2025,16:55:59,30-05-2025,16:56:07,30-05-2025,16:59:54,COMPLETED,0,1
79KWH,8,2,FULL,30-05-2025,17:00:01,30-05-2025,17:00:08,30-05-2025,17:03:48,COMPLETED,0,1
79KWH,8,1,FULL,30-05-2025,17:01:44,30-05-2025,17:01:53,30-05-2025,17:05:09,COMPLETED,0,1
79KWH,8,2,FULL,30-05-2025,17:03:55,30-05-2025,17:04:03,30-05-2025,17:07:50,COMPLETED,0,1
79KWH,8,1,FULL,30-05-2025,17:05:14,30-05-2025,17:05:23,30-05-2025,17:08:34,COMPLETED,0,1
79KWH,8,1,FULL,30-05-2025,17:08:39,30-05-2025,17:08:48,30-05-2025,17:12:06,COMPLETED,0,1
79KWH,8,1,FULL,30-05-2025,17:12:11,30-05-2025,17:12:20,30-05-2025,17:15:30,COMPLETED,0,1
79KWH,8,1,FULL,30-05-2025,17:15:35,30-05-2025,17:18:14,30-05-2025,17:21:44,COMPLETED,0,1
79KWH,8,2,FULL,30-05-2025,17:20:50,30-05-2025,17:20:57,30-05-2025,17:24:41,COMPLETED,0,1
79KWH,8,1,FULL,30-05-2025,17:21:48,30-05-2025,17:24:22,30-05-2025,17:27:45,COMPLETED,0,1
79KWH,8,2,FULL,30-05-2025,17:24:46,30-05-2025,17:24:55,30-05-2025,17:28:43,COMPLETED,0,1
79KWH,8,1,FULL,30-05-2025,17:27:50,30-05-2025,17:27:59,30-05-2025,17:31:16,COMPLETED,0,1
79KWH,8,2,FULL,30-05-2025,17:28:48,30-05-2025,17:28:56,30-05-2025,17:32:42,COMPLETED,0,1
79KWH,8,1,FULL,30-05-2025,17:31:21,30-05-2025,17:31:30,30-05-2025,17:34:43,COMPLETED,0,1
79KWH,8,2,FULL,30-05-2025,17:32:48,30-05-2025,17:32:55,30-05-2025,17:36:46,COMPLETED,0,1
79KWH,8,1,FULL,30-05-2025,17:34:48,30-05-2025,17:34:57,30-05-2025,17:38:20,COMPLETED,0,1
79KWH,8,2,FULL,30-05-2025,17:36:52,30-05-2025,17:37:00,30-05-2025,17:40:46,COMPLETED,0,1
79KWH,8,3,FULL,30-05-2025,17:37:11,30-05-2025,17:37:31,30-05-2025,17:40:06,COMPLETED,0,1
79KWH,8,1,FULL,30-05-2025,17:38:25,30-05-2025,17:38:34,30-05-2025,17:41:51,COMPLETED,0,1
79KWH,8,3,FULL,30-05-2025,17:40:13,30-05-2025,17:40:20,30-05-2025,17:44:10,COMPLETED,0,1
79KWH,8,2,FULL,30-05-2025,17:40:52,30-05-2025,17:40:59,30-05-2025,17:44:52,COMPLETED,0,1
79KWH,8,1,FULL,30-05-2025,17:41:57,30-05-2025,17:44:41,30-05-2025,17:48:06,COMPLETED,0,1
79KWH,8,3,FULL,30-05-2025,17:44:17,30-05-2025,17:44:24,30-05-2025,17:48:19,COMPLETED,0,1
79KWH,8,2,FULL,30-05-2025,17:44:57,30-05-2025,17:45:06,30-05-2025,17:48:57,COMPLETED,0,1
79KWH,8,1,FULL,30-05-2025,17:48:11,30-05-2025,17:50:45,30-05-2025,17:54:05,COMPLETED,0,1
79KWH,8,3,FULL,30-05-2025,17:48:25,30-05-2025,17:48:33,30-05-2025,17:52:26,COMPLETED,0,1
79KWH,8,2,FULL,30-05-2025,17:49:03,30-05-2025,17:49:11,30-05-2025,17:53:07,COMPLETED,0,1
79KWH,8,3,FULL,30-05-2025,17:52:33,30-05-2025,17:52:40,30-05-2025,17:56:38,COMPLETED,0,1
79KWH,8,2,FULL,30-05-2025,17:53:12,30-05-2025,17:53:20,30-05-2025,17:57:10,COMPLETED,0,1
79KWH,8,1,FULL,30-05-2025,17:54:10,30-05-2025,17:54:18,30-05-2025,17:57:38,COMPLETED,0,1
79KWH,8,3,FULL,30-05-2025,17:56:44,30-05-2025,17:56:53,30-05-2025,18:00:49,COMPLETED,0,1
79KWH,8,2,FULL,30-05-2025,17:57:15,30-05-2025,17:57:24,30-05-2025,18:01:19,COMPLETED,0,1
79KWH,8,1,FULL,30-05-2025,17:57:45,30-05-2025,17:57:51,30-05-2025,18:01:08,COMPLETED,0,1
79KWH,8,3,FULL,30-05-2025,18:00:54,30-05-2025,18:01:02,30-05-2025,18:05:02,COMPLETED,0,1
79KWH,8,1,FULL,30-05-2025,18:01:13,30-05-2025,18:05:36,30-05-2025,18:09:04,COMPLETED,0,1
79KWH,8,2,FULL,30-05-2025,18:01:26,30-05-2025,18:01:32,30-05-2025,18:05:25,COMPLETED,0,1
79KWH,8,3,FULL,30-05-2025,18:05:09,30-05-2025,18:05:16,30-05-2025,18:09:12,COMPLETED,0,1
79KWH,8,2,FULL,30-05-2025,18:05:32,30-05-2025,18:05:39,30-05-2025,18:09:40,COMPLETED,0,1
79KWH,8,1,FULL,30-05-2025,18:09:09,30-05-2025,18:11:42,30-05-2025,18:15:03,COMPLETED,0,1
79KWH,8,3,FULL,30-05-2025,18:09:19,30-05-2025,18:09:26,30-05-2025,18:13:28,COMPLETED,0,1
79KWH,8,2,FULL,30-05-2025,18:09:47,30-05-2025,18:09:54,30-05-2025,18:13:53,COMPLETED,0,1
79KWH,8,3,FULL,30-05-2025,18:13:34,30-05-2025,18:17:08,30-05-2025,19:17:47,COMPLETED,0,1
79KWH,8,2,FULL,30-05-2025,18:14:00,30-05-2025,18:14:07,30-05-2025,18:18:07,COMPLETED,0,1
79KWH,8,1,FULL,30-05-2025,18:15:08,30-05-2025,18:15:17,30-05-2025,18:18:39,COMPLETED,0,1
79KWH,8,2,FULL,30-05-2025,18:18:14,30-05-2025,18:18:21,30-05-2025,18:22:24,COMPLETED,0,1
79KWH,8,1,FULL,30-05-2025,18:18:44,30-05-2025,18:18:53,30-05-2025,18:22:12,COMPLETED,0,1
79KWH,8,1,FULL,30-05-2025,18:22:17,30-05-2025,18:24:57,30-05-2025,18:28:26,COMPLETED,0,1
79KWH,8,2,FULL,30-05-2025,18:22:30,30-05-2025,18:22:38,30-05-2025,18:26:46,COMPLETED,0,1
79KWH,8,1,FULL,30-05-2025,18:28:30,30-05-2025,18:31:04,30-05-2025,18:34:26,COMPLETED,0,1
79KWH,8,2,FULL,30-05-2025,18:33:38,30-05-2025,18:33:48,30-05-2025,18:37:47,COMPLETED,0,1
79KWH,8,1,FULL,30-05-2025,18:34:31,30-05-2025,18:34:41,30-05-2025,18:38:13,COMPLETED,0,1
79KWH,8,2,FULL,30-05-2025,18:37:53,30-05-2025,18:38:01,30-05-2025,18:42:06,COMPLETED,0,1
79KWH,8,1,FULL,30-05-2025,18:38:18,30-05-2025,18:40:58,30-05-2025,18:44:23,COMPLETED,0,1
79KWH,8,2,FULL,30-05-2025,18:42:12,30-05-2025,18:42:20,30-05-2025,18:46:23,COMPLETED,0,1
79KWH,8,1,FULL,30-05-2025,18:44:28,30-05-2025,20:39:51,30-05-2025,20:43:23,COMPLETED,0,1
79KWH,8,2,FULL,30-05-2025,18:46:29,30-05-2025,18:46:36,30-05-2025,18:50:44,COMPLETED,0,1
79KWH,8,2,FULL,30-05-2025,19:40:48,30-05-2025,19:40:52,30-05-2025,19:44:54,COMPLETED,0,1
79KWH,8,2,FULL,30-05-2025,19:44:59,30-05-2025,19:45:08,30-05-2025,19:49:17,COMPLETED,0,1
79KWH,8,2,FULL,30-05-2025,19:49:22,30-05-2025,19:49:31,30-05-2025,19:53:37,COMPLETED,0,1
79KWH,8,2,FULL,30-05-2025,19:53:42,30-05-2025,19:53:50,30-05-2025,19:58:02,COMPLETED,0,1
79KWH,8,2,FULL,30-05-2025,19:58:07,30-05-2025,19:58:16,30-05-2025,20:02:23,COMPLETED,0,1
79KWH,8,2,FULL,30-05-2025,20:02:28,30-05-2025,20:02:37,30-05-2025,20:06:49,COMPLETED,0,1
79KWH,8,2,FULL,30-05-2025,20:06:55,30-05-2025,20:07:03,30-05-2025,20:11:10,COMPLETED,0,1
79KWH,8,2,FULL,30-05-2025,20:11:15,30-05-2025,20:11:23,30-05-2025,20:15:37,COMPLETED,0,1
79KWH,8,2,FULL,30-05-2025,20:15:42,30-05-2025,20:15:50,30-05-2025,20:20:06,COMPLETED,0,1
79KWH,8,2,FULL,30-05-2025,20:20:11,30-05-2025,20:20:20,30-05-2025,20:24:37,COMPLETED,0,1
79KWH,8,2,FULL,30-05-2025,20:24:43,30-05-2025,20:24:51,30-05-2025,20:29:02,COMPLETED,0,1
79KWH,8,2,FULL,30-05-2025,20:29:08,30-05-2025,20:29:16,30-05-2025,20:33:33,COMPLETED,0,1
79KWH,8,2,FULL,30-05-2025,20:33:40,30-05-2025,20:33:47,30-05-2025,20:38:02,COMPLETED,0,1
79KWH,8,2,FULL,30-05-2025,20:38:09,30-05-2025,20:38:16,30-05-2025,20:42:37,COMPLETED,0,1
79KWH,8,2,FULL,30-05-2025,20:42:43,30-05-2025,20:42:51,30-05-2025,20:47:07,COMPLETED,0,1
79KWH,8,1,FULL,30-05-2025,20:43:28,30-05-2025,20:43:37,30-05-2025,20:47:07,COMPLETED,0,1
79KWH,8,1,FULL,30-05-2025,20:47:12,30-05-2025,20:47:21,30-05-2025,20:50:51,COMPLETED,0,1
79KWH,8,2,FULL,30-05-2025,20:47:12,30-05-2025,20:47:21,30-05-2025,20:51:46,COMPLETED,0,1
79KWH,8,1,FULL,30-05-2025,20:50:56,30-05-2025,20:51:05,30-05-2025,20:54:30,COMPLETED,0,1
79KWH,8,2,FULL,30-05-2025,20:51:52,30-05-2025,20:51:59,30-05-2025,20:56:17,COMPLETED,0,1
79KWH,8,1,FULL,30-05-2025,20:54:35,30-05-2025,20:54:44,30-05-2025,20:57:19,COMPLETED,0,1
79KWH,8,1,FULL,30-05-2025,20:57:24,30-05-2025,20:57:33,30-05-2025,20:59:05,COMPLETED,0,1
79KWH,8,1,FULL,30-05-2025,20:59:09,30-05-2025,20:59:18,30-05-2025,21:01:01,COMPLETED,0,1
79KWH,8,1,FULL,30-05-2025,21:05:06,30-05-2025,21:05:14,30-05-2025,21:06:50,COMPLETED,0,1
79KWH,8,1,FULL,30-05-2025,21:06:55,30-05-2025,21:07:04,30-05-2025,21:08:42,COMPLETED,0,1
79KWH,8,1,FULL,30-05-2025,21:08:48,30-05-2025,21:08:56,30-05-2025,21:10:28,COMPLETED,0,1
79KWH,8,1,FULL,30-05-2025,21:10:33,30-05-2025,21:10:42,30-05-2025,21:12:24,COMPLETED,0,1
79KWH,8,1,FULL,30-05-2025,21:12:30,30-05-2025,21:12:38,30-05-2025,21:14:15,COMPLETED,0,1
79KWH,8,1,FULL,30-05-2025,21:14:20,30-05-2025,21:14:29,30-05-2025,21:16:11,COMPLETED,0,1
79KWH,8,1,FULL,30-05-2025,21:16:16,30-05-2025,21:16:25,30-05-2025,21:17:57,COMPLETED,0,1
79KWH,8,1,FULL,30-05-2025,21:18:02,30-05-2025,21:18:10,30-05-2025,21:19:53,COMPLETED,0,1
79KWH,8,1,FULL,30-05-2025,21:19:58,30-05-2025,21:20:07,30-05-2025,21:21:43,COMPLETED,0,1
79KWH,8,1,FULL,30-05-2025,21:21:48,30-05-2025,21:21:57,30-05-2025,21:23:35,COMPLETED,0,1
79KWH,8,1,FULL,30-05-2025,21:23:40,30-05-2025,21:23:49,30-05-2025,21:25:21,COMPLETED,0,1
79KWH,8,1,FULL,30-05-2025,21:25:27,30-05-2025,21:25:35,30-05-2025,21:27:14,COMPLETED,0,1
79KWH,8,1,FULL,30-05-2025,21:27:18,30-05-2025,21:27:27,30-05-2025,21:29:04,COMPLETED,0,1
79KWH,8,1,FULL,30-05-2025,21:29:09,30-05-2025,21:29:17,30-05-2025,21:30:56,COMPLETED,0,1
79KWH,8,1,FULL,30-05-2025,21:31:01,30-05-2025,21:31:10,30-05-2025,21:32:42,COMPLETED,0,1
79KWH,8,1,FULL,30-05-2025,21:32:48,30-05-2025,21:32:56,30-05-2025,21:34:37,COMPLETED,0,1
79KWH,8,1,FULL,30-05-2025,21:34:42,30-05-2025,21:34:50,30-05-2025,21:36:28,COMPLETED,0,1
79KWH,8,1,FULL,30-05-2025,21:36:33,30-05-2025,21:36:42,30-05-2025,21:38:20,COMPLETED,0,1
79KWH,8,1,FULL,30-05-2025,21:38:26,30-05-2025,21:38:34,30-05-2025,21:40:07,COMPLETED,0,1
79KWH,8,1,FULL,30-05-2025,21:40:12,30-05-2025,21:40:20,30-05-2025,21:42:01,COMPLETED,0,1
79KWH,8,1,FULL,30-05-2025,21:42:06,30-05-2025,21:42:15,30-05-2025,21:43:50,COMPLETED,0,1
79KWH,8,1,FULL,30-05-2025,21:43:55,30-05-2025,21:44:04,30-05-2025,21:45:44,COMPLETED,0,1
79KWH,8,1,FULL,30-05-2025,21:45:50,30-05-2025,21:45:58,30-05-2025,21:47:29,COMPLETED,0,1
79KWH,8,1,FULL,30-05-2025,21:47:34,30-05-2025,21:47:43,30-05-2025,21:49:26,COMPLETED,0,1
79KWH,8,1,FULL,30-05-2025,21:49:31,30-05-2025,21:49:39,30-05-2025,21:51:16,COMPLETED,0,1
79KWH,8,1,FULL,30-05-2025,21:51:21,30-05-2025,21:51:30,30-05-2025,21:53:09,COMPLETED,0,1
79KWH,8,1,FULL,30-05-2025,22:31:52,30-05-2025,22:32:03,30-05-2025,22:33:35,COMPLETED,0,1
79KWH,8,1,FULL,30-05-2025,22:33:41,30-05-2025,22:33:49,30-05-2025,22:35:27,COMPLETED,0,1
79KWH,8,1,FULL,30-05-2025,22:35:32,30-05-2025,22:35:42,30-05-2025,22:37:18,COMPLETED,0,1
79KWH,8,1,FULL,30-05-2025,22:37:23,30-05-2025,22:37:32,30-05-2025,22:39:10,COMPLETED,0,1
79KWH,8,2,FULL,30-05-2025,22:37:37,30-05-2025,22:37:51,30-05-2025,22:42:14,COMPLETED,0,1
79KWH,8,1,FULL,30-05-2025,22:39:16,30-05-2025,22:39:25,30-05-2025,22:40:56,COMPLETED,0,1
79KWH,8,1,FULL,30-05-2025,22:41:01,30-05-2025,22:41:10,30-05-2025,22:42:48,COMPLETED,0,1
79KWH,8,2,FULL,30-05-2025,22:42:20,30-05-2025,22:42:28,30-05-2025,22:46:48,COMPLETED,0,1
79KWH,8,1,FULL,30-05-2025,22:42:54,30-05-2025,22:43:02,30-05-2025,22:44:34,COMPLETED,0,1
79KWH,8,1,FULL,30-05-2025,22:44:39,30-05-2025,22:44:48,30-05-2025,22:46:27,COMPLETED,0,1
79KWH,8,1,FULL,30-05-2025,22:46:31,30-05-2025,22:46:41,30-05-2025,22:48:15,COMPLETED,0,1
79KWH,8,2,FULL,30-05-2025,22:46:55,30-05-2025,22:47:02,30-05-2025,22:51:30,COMPLETED,0,1
79KWH,8,3,FULL,30-05-2025,22:47:42,30-05-2025,22:49:48,30-05-2025,22:54:11,COMPLETED,0,1
79KWH,8,1,FULL,30-05-2025,22:48:19,30-05-2025,22:48:28,30-05-2025,22:50:11,COMPLETED,0,1
79KWH,8,1,FULL,30-05-2025,22:50:17,30-05-2025,22:50:26,30-05-2025,22:52:00,COMPLETED,0,1
79KWH,8,2,FULL,30-05-2025,22:51:36,30-05-2025,22:51:44,30-05-2025,22:56:11,COMPLETED,0,1
79KWH,8,1,FULL,30-05-2025,22:52:05,30-05-2025,22:52:14,30-05-2025,22:53:54,COMPLETED,0,1
79KWH,8,1,FULL,30-05-2025,22:53:59,30-05-2025,22:54:08,30-05-2025,22:55:43,COMPLETED,0,1
79KWH,8,3,FULL,30-05-2025,22:54:18,30-05-2025,22:54:25,30-05-2025,22:58:27,COMPLETED,0,1
79KWH,8,1,FULL,30-05-2025,22:55:48,30-05-2025,22:55:56,30-05-2025,22:57:37,COMPLETED,0,1
79KWH,8,2,FULL,30-05-2025,22:56:17,30-05-2025,22:56:24,30-05-2025,23:00:55,COMPLETED,0,1
79KWH,8,1,FULL,30-05-2025,22:57:43,30-05-2025,22:57:51,30-05-2025,22:59:32,COMPLETED,0,1
79KWH,8,3,FULL,30-05-2025,22:58:33,30-05-2025,22:58:41,30-05-2025,23:02:47,COMPLETED,0,1
79KWH,8,1,FULL,30-05-2025,22:59:37,30-05-2025,22:59:45,30-05-2025,23:01:29,COMPLETED,0,1
79KWH,8,2,FULL,30-05-2025,23:01:01,30-05-2025,23:01:09,30-05-2025,23:05:36,COMPLETED,0,1
79KWH,8,1,FULL,30-05-2025,23:01:34,30-05-2025,23:01:43,30-05-2025,23:03:21,COMPLETED,0,1
79KWH,8,3,FULL,30-05-2025,23:02:55,30-05-2025,23:03:01,30-05-2025,23:07:06,COMPLETED,0,1
79KWH,8,1,FULL,30-05-2025,23:03:26,30-05-2025,23:03:36,30-05-2025,23:05:20,COMPLETED,0,1
79KWH,8,1,FULL,30-05-2025,23:05:25,30-05-2025,23:05:34,30-05-2025,23:07:12,COMPLETED,0,1
79KWH,8,2,FULL,30-05-2025,23:05:41,30-05-2025,23:05:50,30-05-2025,23:10:24,COMPLETED,0,1
79KWH,8,3,FULL,30-05-2025,23:07:12,30-05-2025,23:07:19,30-05-2025,23:11:28,COMPLETED,0,1
79KWH,8,1,FULL,30-05-2025,23:07:17,30-05-2025,23:07:26,30-05-2025,23:09:11,COMPLETED,0,1
79KWH,8,1,FULL,30-05-2025,23:09:16,30-05-2025,23:09:25,30-05-2025,23:11:05,COMPLETED,0,1
79KWH,8,2,FULL,30-05-2025,23:10:29,30-05-2025,23:10:38,30-05-2025,23:15:07,COMPLETED,0,1
79KWH,8,1,FULL,30-05-2025,23:11:11,30-05-2025,23:11:19,30-05-2025,23:13:06,COMPLETED,0,1
79KWH,8,3,FULL,30-05-2025,23:11:36,30-05-2025,23:11:42,30-05-2025,23:15:46,COMPLETED,0,1
79KWH,8,1,FULL,30-05-2025,23:13:11,30-05-2025,23:13:19,30-05-2025,23:15:02,COMPLETED,0,1
79KWH,8,1,FULL,30-05-2025,23:15:06,30-05-2025,23:15:15,30-05-2025,23:17:04,COMPLETED,0,1
79KWH,8,2,FULL,30-05-2025,23:15:14,30-05-2025,23:15:21,30-05-2025,23:19:59,COMPLETED,0,1
79KWH,8,1,FULL,30-05-2025,23:17:09,30-05-2025,23:17:18,30-05-2025,23:19:08,COMPLETED,0,1
79KWH,8,3,FULL,30-05-2025,23:17:11,30-05-2025,23:19:06,30-05-2025,23:23:32,COMPLETED,0,1
79KWH,8,1,FULL,30-05-2025,23:19:13,30-05-2025,23:19:21,30-05-2025,23:21:15,COMPLETED,0,1
79KWH,8,2,FULL,30-05-2025,23:20:05,30-05-2025,23:20:12,30-05-2025,23:24:47,COMPLETED,0,1
79KWH,8,1,FULL,30-05-2025,23:21:19,30-05-2025,23:21:29,30-05-2025,23:23:16,COMPLETED,0,1
79KWH,8,1,FULL,30-05-2025,23:23:20,30-05-2025,23:23:30,30-05-2025,23:25:21,COMPLETED,0,1
79KWH,8,3,FULL,30-05-2025,23:23:39,30-05-2025,23:23:46,30-05-2025,23:27:53,COMPLETED,0,1
79KWH,8,2,FULL,30-05-2025,23:24:52,30-05-2025,23:25:00,30-05-2025,23:28:05,COMPLETED,0,1
79KWH,8,1,FULL,30-05-2025,23:25:25,30-05-2025,23:25:34,30-05-2025,23:27:22,COMPLETED,0,1
79KWH,8,1,FULL,30-05-2025,23:27:26,30-05-2025,23:27:36,30-05-2025,23:29:29,COMPLETED,0,1
79KWH,8,3,FULL,30-05-2025,23:27:59,30-05-2025,23:28:07,30-05-2025,23:32:20,COMPLETED,0,1
79KWH,8,2,FULL,30-05-2025,23:28:10,30-05-2025,23:28:19,30-05-2025,23:29:51,COMPLETED,0,1
79KWH,8,1,FULL,30-05-2025,23:29:34,30-05-2025,23:29:43,30-05-2025,23:31:32,COMPLETED,0,1
79KWH,8,2,FULL,30-05-2025,23:29:56,30-05-2025,23:30:04,30-05-2025,23:31:41,COMPLETED,0,1
79KWH,8,1,FULL,30-05-2025,23:31:36,30-05-2025,23:31:46,30-05-2025,23:33:40,COMPLETED,0,1
79KWH,8,2,FULL,30-05-2025,23:31:47,30-05-2025,23:31:55,30-05-2025,23:33:28,COMPLETED,0,1
79KWH,8,3,FULL,30-05-2025,23:32:27,30-05-2025,23:32:34,31-05-2025,02:21:58,COMPLETED,0,1
79KWH,8,2,FULL,30-05-2025,23:33:33,30-05-2025,23:33:42,30-05-2025,23:35:18,COMPLETED,0,1
79KWH,8,1,FULL,30-05-2025,23:33:45,30-05-2025,23:33:54,30-05-2025,23:35:49,COMPLETED,0,1
79KWH,8,2,FULL,30-05-2025,23:35:23,30-05-2025,23:35:32,30-05-2025,23:37:03,COMPLETED,0,1
79KWH,8,1,FULL,30-05-2025,23:35:54,30-05-2025,23:36:03,30-05-2025,23:37:58,COMPLETED,0,1
79KWH,8,2,FULL,30-05-2025,23:37:09,30-05-2025,23:37:16,30-05-2025,23:38:53,COMPLETED,0,1
79KWH,8,1,FULL,30-05-2025,23:38:03,30-05-2025,23:38:12,30-05-2025,23:40:03,COMPLETED,0,1
79KWH,8,2,FULL,30-05-2025,23:38:58,30-05-2025,23:39:07,30-05-2025,23:40:39,COMPLETED,0,1
79KWH,8,1,FULL,30-05-2025,23:40:08,30-05-2025,23:40:17,30-05-2025,23:42:14,COMPLETED,0,1
79KWH,8,2,FULL,30-05-2025,23:40:44,30-05-2025,23:40:53,30-05-2025,23:42:27,COMPLETED,0,1
79KWH,8,1,FULL,30-05-2025,23:42:18,30-05-2025,23:42:28,30-05-2025,23:44:21,COMPLETED,0,1
79KWH,8,1,FULL,30-05-2025,23:44:26,30-05-2025,23:44:34,30-05-2025,23:46:32,COMPLETED,0,1
79KWH,8,1,FULL,30-05-2025,23:46:37,30-05-2025,23:46:46,30-05-2025,23:48:39,COMPLETED,0,1
79KWH,8,1,FULL,30-05-2025,23:48:44,30-05-2025,23:48:54,30-05-2025,23:50:53,COMPLETED,0,1
79KWH,8,3,FULL,31-05-2025,02:22:05,31-05-2025,02:25:02,31-05-2025,02:29:29,COMPLETED,0,1
79KWH,8,3,FULL,31-05-2025,02:29:37,31-05-2025,02:29:43,31-05-2025,02:33:51,COMPLETED,0,1
79KWH,8,2,FULL,31-05-2025,06:37:46,31-05-2025,06:37:53,31-05-2025,06:40:54,COMPLETED,0,1
79KWH,8,1,FULL,31-05-2025,06:38:15,31-05-2025,06:38:23,31-05-2025,06:41:04,COMPLETED,0,1
79KWH,8,3,FULL,31-05-2025,06:39:47,31-05-2025,06:39:53,31-05-2025,06:44:21,COMPLETED,0,1
79KWH,8,2,FULL,31-05-2025,06:41:00,31-05-2025,06:41:08,31-05-2025,06:42:44,COMPLETED,0,1
79KWH,8,1,FULL,31-05-2025,06:41:08,31-05-2025,06:41:17,31-05-2025,06:43:18,COMPLETED,0,1
79KWH,8,2,FULL,31-05-2025,06:42:51,31-05-2025,06:42:58,31-05-2025,06:44:30,COMPLETED,0,1
79KWH,8,1,FULL,31-05-2025,06:43:22,31-05-2025,06:43:32,31-05-2025,06:45:29,COMPLETED,0,1
79KWH,8,3,FULL,31-05-2025,06:44:27,31-05-2025,06:44:35,31-05-2025,06:48:45,COMPLETED,0,1
79KWH,8,1,FULL,31-05-2025,06:45:33,31-05-2025,06:45:42,31-05-2025,06:47:45,COMPLETED,0,1
79KWH,8,2,FULL,31-05-2025,06:45:42,31-05-2025,06:45:55,31-05-2025,06:47:30,COMPLETED,0,1
79KWH,8,1,FULL,31-05-2025,06:47:50,31-05-2025,06:47:58,31-05-2025,06:49:56,COMPLETED,0,1
79KWH,8,3,FULL,31-05-2025,06:48:52,31-05-2025,06:48:59,31-05-2025,06:53:16,COMPLETED,0,1
79KWH,8,3,FULL,31-05-2025,06:53:24,31-05-2025,06:53:30,31-05-2025,06:57:42,COMPLETED,0,1
79KWH,8,2,FULL,31-05-2025,07:19:26,31-05-2025,07:19:27,31-05-2025,07:22:28,COMPLETED,0,1
79KWH,8,1,FULL,31-05-2025,07:20:49,31-05-2025,07:20:58,31-05-2025,07:23:45,COMPLETED,0,1
79KWH,8,3,FULL,31-05-2025,07:22:07,31-05-2025,07:22:16,31-05-2025,07:26:46,COMPLETED,0,1
79KWH,8,2,FULL,31-05-2025,07:22:34,31-05-2025,07:22:42,31-05-2025,07:24:17,COMPLETED,0,1
79KWH,8,1,FULL,31-05-2025,07:23:52,31-05-2025,07:23:59,31-05-2025,07:25:58,COMPLETED,0,1
79KWH,8,2,FULL,31-05-2025,07:25:23,31-05-2025,07:25:27,31-05-2025,07:26:59,COMPLETED,0,1
79KWH,8,1,FULL,31-05-2025,07:26:49,31-05-2025,07:26:54,31-05-2025,07:28:59,COMPLETED,0,1
79KWH,8,3,FULL,31-05-2025,07:26:52,31-05-2025,07:26:59,31-05-2025,07:31:16,COMPLETED,0,1
79KWH,8,2,FULL,31-05-2025,07:28:17,31-05-2025,07:28:23,31-05-2025,07:30:00,COMPLETED,0,1
79KWH,8,1,FULL,31-05-2025,07:29:52,31-05-2025,07:29:55,31-05-2025,07:31:55,COMPLETED,0,1
79KWH,8,3,FULL,31-05-2025,07:31:23,31-05-2025,07:31:29,31-05-2025,07:35:50,COMPLETED,0,1
79KWH,8,2,FULL,31-05-2025,07:31:23,31-05-2025,07:31:38,31-05-2025,07:33:10,COMPLETED,0,1
79KWH,8,1,FULL,31-05-2025,07:32:50,31-05-2025,07:32:52,31-05-2025,07:34:57,COMPLETED,0,1
79KWH,8,2,FULL,31-05-2025,07:34:20,31-05-2025,07:34:34,31-05-2025,07:36:09,COMPLETED,0,1
79KWH,8,1,FULL,31-05-2025,07:35:53,31-05-2025,07:36:07,31-05-2025,07:38:08,COMPLETED,0,1
79KWH,8,3,FULL,31-05-2025,07:35:56,31-05-2025,07:36:04,31-05-2025,07:40:19,COMPLETED,0,1
79KWH,8,2,FULL,31-05-2025,07:37:23,31-05-2025,07:37:33,31-05-2025,07:39:06,COMPLETED,0,1
79KWH,8,1,FULL,31-05-2025,07:38:50,31-05-2025,07:40:28,31-05-2025,07:43:18,COMPLETED,0,1
79KWH,8,3,FULL,31-05-2025,07:40:26,31-05-2025,07:43:12,31-05-2025,07:47:45,COMPLETED,0,1
79KWH,8,3,FULL,31-05-2025,07:47:51,31-05-2025,07:47:59,31-05-2025,07:52:20,COMPLETED,0,1
79KWH,8,3,FULL,31-05-2025,07:52:28,31-05-2025,07:52:33,31-05-2025,07:56:59,COMPLETED,0,1
79KWH,8,2,FULL,31-05-2025,07:52:41,31-05-2025,07:52:49,31-05-2025,07:55:54,COMPLETED,0,1
79KWH,8,1,FULL,31-05-2025,07:54:14,31-05-2025,07:54:20,31-05-2025,07:57:05,COMPLETED,0,1
79KWH,8,2,FULL,31-05-2025,07:56:02,31-05-2025,07:56:08,31-05-2025,07:57:41,COMPLETED,0,1
79KWH,8,3,FULL,31-05-2025,07:57:07,31-05-2025,07:57:13,31-05-2025,08:01:36,COMPLETED,0,1
79KWH,8,1,FULL,31-05-2025,07:57:09,31-05-2025,07:57:19,31-05-2025,07:59:26,COMPLETED,0,1
79KWH,8,2,FULL,31-05-2025,07:58:41,31-05-2025,07:58:52,31-05-2025,08:00:27,COMPLETED,0,1
79KWH,8,1,FULL,31-05-2025,08:00:13,31-05-2025,08:00:23,31-05-2025,08:02:25,COMPLETED,0,1
79KWH,8,3,FULL,31-05-2025,08:01:44,31-05-2025,08:01:49,31-05-2025,08:06:15,COMPLETED,0,1
79KWH,8,2,FULL,31-05-2025,08:01:47,31-05-2025,08:01:52,31-05-2025,08:03:24,COMPLETED,0,1
79KWH,8,1,FULL,31-05-2025,08:03:12,31-05-2025,08:04:42,31-05-2025,08:07:35,COMPLETED,0,1
79KWH,8,2,FULL,31-05-2025,08:04:42,31-05-2025,08:06:16,31-05-2025,08:09:21,COMPLETED,0,1
79KWH,8,3,FULL,31-05-2025,08:06:23,31-05-2025,08:06:29,31-05-2025,08:10:53,COMPLETED,0,1
79KWH,8,1,FULL,31-05-2025,08:07:40,31-05-2025,08:09:42,31-05-2025,08:12:28,COMPLETED,0,1
79KWH,8,2,FULL,31-05-2025,08:09:28,31-05-2025,08:12:16,31-05-2025,08:15:17,COMPLETED,0,1
79KWH,8,3,FULL,31-05-2025,08:11:00,31-05-2025,08:13:43,31-05-2025,08:18:18,COMPLETED,0,1
79KWH,8,1,FULL,31-05-2025,08:12:32,31-05-2025,08:12:41,31-05-2025,08:14:52,COMPLETED,0,1
79KWH,8,1,FULL,31-05-2025,08:14:57,31-05-2025,08:15:06,31-05-2025,08:17:13,COMPLETED,0,1
79KWH,8,2,FULL,31-05-2025,08:15:22,31-05-2025,08:15:30,31-05-2025,08:17:07,COMPLETED,0,1
79KWH,8,1,FULL,31-05-2025,08:17:18,31-05-2025,08:17:27,31-05-2025,08:19:39,COMPLETED,0,1
79KWH,8,2,FULL,31-05-2025,08:17:47,31-05-2025,08:17:49,31-05-2025,08:19:20,COMPLETED,0,1
79KWH,8,3,FULL,31-05-2025,08:18:24,31-05-2025,08:18:31,31-05-2025,08:22:56,COMPLETED,0,1
79KWH,8,1,FULL,31-05-2025,08:19:44,31-05-2025,08:19:53,31-05-2025,08:22:02,COMPLETED,0,1
79KWH,8,2,FULL,31-05-2025,08:20:43,31-05-2025,08:20:45,31-05-2025,08:22:21,COMPLETED,0,1
79KWH,8,1,FULL,31-05-2025,08:22:07,31-05-2025,08:22:17,31-05-2025,08:24:30,COMPLETED,0,1
79KWH,8,3,FULL,31-05-2025,08:23:03,31-05-2025,08:23:09,31-05-2025,08:27:41,COMPLETED,0,1
79KWH,8,2,FULL,31-05-2025,08:23:50,31-05-2025,08:24:00,31-05-2025,08:25:32,COMPLETED,0,1
79KWH,8,1,FULL,31-05-2025,08:24:34,31-05-2025,08:24:44,31-05-2025,08:26:52,COMPLETED,0,1
79KWH,8,2,FULL,31-05-2025,08:26:00,31-05-2025,08:26:14,31-05-2025,08:27:52,COMPLETED,0,1
79KWH,8,1,FULL,31-05-2025,08:26:57,31-05-2025,08:27:06,31-05-2025,08:29:21,COMPLETED,0,1
79KWH,8,3,FULL,31-05-2025,08:27:49,31-05-2025,08:27:54,31-05-2025,08:32:18,COMPLETED,0,1
79KWH,8,2,FULL,31-05-2025,08:28:45,31-05-2025,08:28:49,31-05-2025,08:30:23,COMPLETED,0,1
79KWH,8,1,FULL,31-05-2025,08:29:25,31-05-2025,08:29:34,31-05-2025,08:31:44,COMPLETED,0,1
79KWH,8,3,FULL,31-05-2025,08:32:25,31-05-2025,08:32:32,31-05-2025,08:37:06,COMPLETED,0,1
79KWH,8,3,FULL,31-05-2025,08:37:13,31-05-2025,08:37:19,31-05-2025,08:41:50,COMPLETED,0,1
79KWH,8,1,FULL,31-05-2025,08:40:08,31-05-2025,08:40:10,31-05-2025,08:42:26,COMPLETED,0,1
79KWH,8,2,FULL,31-05-2025,08:41:36,31-05-2025,08:41:38,31-05-2025,08:43:17,COMPLETED,0,1
79KWH,8,3,FULL,31-05-2025,08:41:56,31-05-2025,08:42:04,31-05-2025,08:46:41,COMPLETED,0,1
79KWH,8,1,FULL,31-05-2025,08:43:05,31-05-2025,08:43:09,31-05-2025,08:45:20,COMPLETED,0,1
79KWH,8,2,FULL,31-05-2025,08:44:35,31-05-2025,08:44:41,31-05-2025,08:46:16,COMPLETED,0,1
79KWH,8,1,FULL,31-05-2025,08:46:09,31-05-2025,08:46:15,31-05-2025,08:48:33,COMPLETED,0,1
79KWH,8,3,FULL,31-05-2025,08:46:47,31-05-2025,08:46:54,31-05-2025,08:51:26,COMPLETED,0,1
79KWH,8,2,FULL,31-05-2025,08:47:38,31-05-2025,08:47:40,31-05-2025,08:49:22,COMPLETED,0,1
79KWH,8,1,FULL,31-05-2025,08:49:06,31-05-2025,08:49:15,31-05-2025,08:51:26,COMPLETED,0,1
79KWH,8,2,FULL,31-05-2025,08:50:37,31-05-2025,08:50:46,31-05-2025,08:52:23,COMPLETED,0,1
79KWH,8,3,FULL,31-05-2025,08:51:33,31-05-2025,08:51:40,31-05-2025,08:54:48,COMPLETED,0,1
79KWH,8,1,FULL,31-05-2025,08:52:08,31-05-2025,08:52:09,31-05-2025,08:54:30,COMPLETED,0,1
79KWH,8,2,FULL,31-05-2025,08:54:32,31-05-2025,08:54:44,31-05-2025,08:56:26,COMPLETED,0,1
79KWH,8,3,FULL,31-05-2025,08:54:55,31-05-2025,08:55:03,31-05-2025,08:56:37,COMPLETED,0,1
79KWH,8,1,FULL,31-05-2025,08:56:01,31-05-2025,08:56:08,31-05-2025,08:58:23,COMPLETED,0,1
79KWH,8,3,FULL,31-05-2025,08:56:45,31-05-2025,08:56:51,31-05-2025,08:58:31,COMPLETED,0,1
79KWH,8,2,FULL,31-05-2025,08:57:29,31-05-2025,08:57:39,31-05-2025,08:59:18,COMPLETED,0,1
79KWH,8,3,FULL,31-05-2025,08:58:38,31-05-2025,08:58:45,31-05-2025,09:00:19,COMPLETED,0,1
79KWH,8,1,FULL,31-05-2025,08:59:04,31-05-2025,08:59:06,31-05-2025,09:01:25,COMPLETED,0,1
79KWH,8,3,FULL,31-05-2025,09:00:26,31-05-2025,09:00:33,31-05-2025,09:02:13,COMPLETED,0,1
79KWH,8,2,FULL,31-05-2025,09:00:35,31-05-2025,09:00:43,31-05-2025,09:02:29,COMPLETED,0,1
79KWH,8,1,FULL,31-05-2025,09:02:00,31-05-2025,09:02:07,31-05-2025,09:04:24,COMPLETED,0,1
79KWH,8,3,FULL,31-05-2025,09:02:18,31-05-2025,09:02:26,31-05-2025,09:04:02,COMPLETED,0,1
79KWH,8,2,FULL,31-05-2025,09:03:30,31-05-2025,09:03:39,31-05-2025,09:05:21,COMPLETED,0,1
79KWH,8,3,FULL,31-05-2025,09:04:09,31-05-2025,09:04:16,31-05-2025,09:10:01,COMPLETED,0,1
79KWH,8,1,FULL,31-05-2025,09:05:04,31-05-2025,09:05:06,31-05-2025,09:07:29,COMPLETED,0,1
79KWH,8,2,FULL,31-05-2025,09:06:35,31-05-2025,09:06:47,31-05-2025,09:08:34,COMPLETED,0,1
79KWH,8,1,FULL,31-05-2025,09:08:02,31-05-2025,09:08:12,31-05-2025,09:10:28,COMPLETED,0,1
79KWH,8,3,FULL,31-05-2025,09:10:09,31-05-2025,09:10:14,31-05-2025,09:11:51,COMPLETED,0,1
79KWH,8,3,FULL,31-05-2025,09:11:58,31-05-2025,09:12:06,31-05-2025,09:13:45,COMPLETED,0,1
79KWH,8,3,FULL,31-05-2025,09:13:51,31-05-2025,09:13:59,31-05-2025,09:15:34,COMPLETED,0,1
79KWH,8,3,FULL,31-05-2025,09:33:24,31-05-2025,09:33:37,31-05-2025,09:35:17,COMPLETED,0,1
79KWH,8,2,FULL,31-05-2025,09:33:36,31-05-2025,09:33:47,31-05-2025,09:35:30,COMPLETED,0,1
79KWH,8,1,FULL,31-05-2025,09:35:10,31-05-2025,09:35:11,31-05-2025,09:37:34,COMPLETED,0,1
79KWH,8,3,FULL,31-05-2025,09:36:22,31-05-2025,09:36:27,31-05-2025,09:38:04,COMPLETED,0,1
79KWH,8,2,FULL,31-05-2025,09:36:38,31-05-2025,09:36:41,31-05-2025,09:38:29,COMPLETED,0,1
79KWH,8,1,FULL,31-05-2025,09:38:07,31-05-2025,09:38:16,31-05-2025,09:40:38,COMPLETED,0,1
79KWH,8,3,FULL,31-05-2025,09:39:27,31-05-2025,09:39:29,31-05-2025,09:41:07,COMPLETED,0,1
79KWH,8,2,FULL,31-05-2025,09:39:36,31-05-2025,09:39:40,31-05-2025,09:41:25,COMPLETED,0,1
79KWH,8,1,FULL,31-05-2025,09:41:12,31-05-2025,09:41:21,31-05-2025,09:43:52,COMPLETED,0,1
79KWH,8,3,FULL,31-05-2025,09:42:24,31-05-2025,09:42:31,31-05-2025,09:44:07,COMPLETED,0,1
79KWH,8,2,FULL,31-05-2025,09:42:39,31-05-2025,09:42:50,31-05-2025,09:44:40,COMPLETED,0,1
79KWH,8,1,FULL,31-05-2025,09:44:09,31-05-2025,09:44:21,31-05-2025,09:46:41,COMPLETED,0,1
79KWH,8,3,FULL,31-05-2025,10:05:38,31-05-2025,10:08:25,31-05-2025,10:11:33,COMPLETED,0,1
79KWH,8,2,FULL,31-05-2025,10:05:49,31-05-2025,10:06:07,31-05-2025,10:09:18,COMPLETED,0,1
79KWH,8,1,FULL,31-05-2025,10:07:21,31-05-2025,10:08:03,31-05-2025,10:11:02,COMPLETED,0,1
79KWH,8,2,FULL,31-05-2025,10:09:23,31-05-2025,10:12:01,31-05-2025,10:15:15,COMPLETED,0,1
79KWH,8,1,FULL,31-05-2025,10:11:07,31-05-2025,10:11:16,31-05-2025,10:13:37,COMPLETED,0,1
79KWH,8,3,FULL,31-05-2025,10:11:40,31-05-2025,10:11:47,31-05-2025,10:13:23,COMPLETED,0,1
79KWH,8,3,FULL,31-05-2025,10:13:28,31-05-2025,10:13:37,31-05-2025,10:15:18,COMPLETED,0,1
79KWH,8,1,FULL,31-05-2025,10:13:42,31-05-2025,10:13:50,31-05-2025,10:16:18,COMPLETED,0,1
79KWH,8,2,FULL,31-05-2025,10:15:21,31-05-2025,10:39:50,31-05-2025,10:41:39,COMPLETED,0,1
79KWH,8,3,FULL,31-05-2025,10:15:25,31-05-2025,10:15:32,31-05-2025,10:17:07,COMPLETED,0,1
79KWH,8,1,FULL,31-05-2025,10:30:01,31-05-2025,10:30:08,31-05-2025,10:32:30,COMPLETED,0,1
79KWH,8,3,FULL,31-05-2025,10:31:13,31-05-2025,10:31:24,31-05-2025,10:33:04,COMPLETED,0,1
79KWH,8,1,FULL,31-05-2025,10:32:58,31-05-2025,10:33:12,31-05-2025,10:35:39,COMPLETED,0,1
79KWH,8,3,FULL,31-05-2025,10:34:15,31-05-2025,10:34:28,31-05-2025,10:36:04,COMPLETED,0,1
79KWH,8,1,FULL,31-05-2025,10:35:44,31-05-2025,10:35:53,31-05-2025,10:38:20,COMPLETED,0,1
79KWH,8,3,FULL,31-05-2025,10:36:17,31-05-2025,10:36:18,31-05-2025,10:37:58,COMPLETED,0,1
79KWH,8,3,FULL,31-05-2025,10:38:17,31-05-2025,10:38:26,31-05-2025,10:40:01,COMPLETED,0,1
79KWH,8,1,FULL,31-05-2025,10:38:26,31-05-2025,10:38:34,31-05-2025,10:41:03,COMPLETED,0,1
79KWH,8,3,FULL,31-05-2025,10:40:18,31-05-2025,10:43:10,31-05-2025,10:46:19,COMPLETED,0,1
79KWH,8,1,FULL,31-05-2025,10:41:08,31-05-2025,10:41:17,31-05-2025,10:43:42,COMPLETED,0,1
79KWH,8,2,FULL,31-05-2025,10:41:46,31-05-2025,10:44:23,31-05-2025,10:47:40,COMPLETED,0,1
79KWH,8,1,FULL,31-05-2025,10:43:46,31-05-2025,10:43:55,31-05-2025,10:46:26,COMPLETED,0,1
79KWH,8,3,FULL,31-05-2025,10:46:25,31-05-2025,10:46:32,31-05-2025,10:48:09,COMPLETED,0,1
79KWH,8,1,FULL,31-05-2025,10:46:47,31-05-2025,10:46:54,31-05-2025,10:49:20,COMPLETED,0,1
79KWH,8,2,FULL,31-05-2025,10:47:47,31-05-2025,10:47:54,31-05-2025,10:49:45,COMPLETED,0,1
79KWH,8,3,FULL,31-05-2025,10:48:17,31-05-2025,10:48:23,31-05-2025,10:50:04,COMPLETED,0,1
79KWH,8,1,FULL,31-05-2025,10:49:44,31-05-2025,10:49:49,31-05-2025,10:52:21,COMPLETED,0,1
79KWH,8,2,FULL,31-05-2025,10:49:51,31-05-2025,10:49:59,31-05-2025,10:51:57,COMPLETED,0,1
79KWH,8,3,FULL,31-05-2025,10:51:03,31-05-2025,10:51:14,31-05-2025,10:52:48,COMPLETED,0,1
79KWH,8,2,FULL,31-05-2025,10:52:03,31-05-2025,10:52:11,31-05-2025,10:54:07,COMPLETED,0,1
79KWH,8,1,FULL,31-05-2025,10:52:47,31-05-2025,10:52:49,31-05-2025,10:55:16,COMPLETED,0,1
79KWH,8,3,FULL,31-05-2025,10:53:59,31-05-2025,10:54:12,31-05-2025,10:55:55,COMPLETED,0,1
79KWH,8,2,FULL,31-05-2025,10:54:17,31-05-2025,10:54:21,31-05-2025,10:56:23,COMPLETED,0,1
79KWH,8,1,FULL,31-05-2025,10:55:44,31-05-2025,10:55:45,31-05-2025,10:58:19,COMPLETED,0,1
79KWH,8,3,FULL,31-05-2025,10:57:03,31-05-2025,10:57:06,31-05-2025,10:58:39,COMPLETED,0,1
79KWH,8,2,FULL,31-05-2025,10:57:13,31-05-2025,10:57:19,31-05-2025,10:59:15,COMPLETED,0,1
79KWH,8,1,FULL,31-05-2025,10:58:47,31-05-2025,10:58:47,31-05-2025,11:01:16,COMPLETED,0,1
79KWH,8,3,FULL,31-05-2025,11:00:01,31-05-2025,11:00:03,31-05-2025,11:01:47,COMPLETED,0,1
79KWH,8,2,FULL,31-05-2025,11:00:16,31-05-2025,11:00:25,31-05-2025,11:02:27,COMPLETED,0,1
79KWH,8,1,FULL,31-05-2025,11:01:46,31-05-2025,11:01:58,31-05-2025,11:04:33,COMPLETED,0,1
79KWH,8,3,FULL,31-05-2025,11:03:03,31-05-2025,11:03:11,31-05-2025,11:04:49,COMPLETED,0,1
79KWH,8,2,FULL,31-05-2025,11:03:13,31-05-2025,11:03:23,31-05-2025,11:05:21,COMPLETED,0,1
79KWH,8,1,FULL,31-05-2025,11:04:48,31-05-2025,11:05:01,31-05-2025,11:07:34,COMPLETED,0,1
79KWH,8,3,FULL,31-05-2025,11:06:00,31-05-2025,11:06:13,31-05-2025,11:07:55,COMPLETED,0,1
79KWH,8,2,FULL,31-05-2025,11:06:20,31-05-2025,11:06:32,31-05-2025,11:08:37,COMPLETED,0,1
79KWH,8,1,FULL,31-05-2025,11:07:46,31-05-2025,11:07:47,31-05-2025,11:10:24,COMPLETED,0,1
79KWH,8,3,FULL,31-05-2025,12:38:42,31-05-2025,12:38:44,31-05-2025,12:41:53,COMPLETED,0,1
79KWH,8,2,FULL,31-05-2025,12:38:51,31-05-2025,12:38:58,31-05-2025,12:40:58,COMPLETED,0,1
79KWH,8,1,FULL,31-05-2025,12:40:26,31-05-2025,13:02:00,31-05-2025,13:03:52,COMPLETED,0,1
79KWH,8,2,FULL,31-05-2025,12:41:57,31-05-2025,12:42:08,31-05-2025,12:44:13,COMPLETED,0,1
79KWH,8,3,FULL,31-05-2025,12:42:00,31-05-2025,12:42:07,31-05-2025,12:43:50,COMPLETED,0,1
79KWH,8,3,FULL,31-05-2025,12:44:47,31-05-2025,12:44:59,31-05-2025,12:46:45,COMPLETED,0,1
79KWH,8,2,FULL,31-05-2025,12:44:52,31-05-2025,12:44:55,31-05-2025,12:46:59,COMPLETED,0,1
79KWH,8,3,FULL,31-05-2025,12:47:41,31-05-2025,12:47:54,31-05-2025,12:49:35,COMPLETED,0,1
79KWH,8,2,FULL,31-05-2025,12:48:05,31-05-2025,12:48:09,31-05-2025,12:50:19,COMPLETED,0,1
79KWH,8,3,FULL,31-05-2025,12:50:44,31-05-2025,12:50:45,31-05-2025,12:52:25,COMPLETED,0,1
79KWH,8,2,FULL,31-05-2025,12:50:53,31-05-2025,12:51:01,31-05-2025,12:53:06,COMPLETED,0,1
79KWH,8,3,FULL,31-05-2025,12:53:41,31-05-2025,12:53:50,31-05-2025,12:55:36,COMPLETED,0,1
79KWH,8,1,FULL,31-05-2025,13:03:57,31-05-2025,13:04:05,31-05-2025,13:06:35,COMPLETED,0,1
79KWH,8,1,FULL,31-05-2025,13:06:39,31-05-2025,13:08:24,31-05-2025,13:11:17,COMPLETED,0,1
79KWH,8,2,FULL,31-05-2025,13:07:34,31-05-2025,13:08:04,31-05-2025,13:11:27,COMPLETED,0,1
79KWH,8,3,FULL,31-05-2025,13:10:23,31-05-2025,13:11:39,31-05-2025,13:14:52,COMPLETED,0,1
79KWH,8,1,FULL,31-05-2025,13:11:22,31-05-2025,13:13:13,31-05-2025,13:16:12,COMPLETED,0,1
79KWH,8,2,FULL,31-05-2025,13:11:33,31-05-2025,13:13:57,31-05-2025,13:17:16,COMPLETED,0,1
79KWH,8,3,FULL,31-05-2025,13:14:59,31-05-2025,13:15:06,31-05-2025,13:16:55,COMPLETED,0,1
79KWH,8,1,FULL,31-05-2025,13:16:17,31-05-2025,13:18:00,31-05-2025,13:20:58,COMPLETED,0,1
79KWH,8,3,FULL,31-05-2025,13:17:00,31-05-2025,13:17:09,31-05-2025,13:18:54,COMPLETED,0,1
79KWH,8,2,FULL,31-05-2025,13:17:21,31-05-2025,13:17:29,31-05-2025,13:19:42,COMPLETED,0,1
79KWH,8,3,FULL,31-05-2025,13:19:02,31-05-2025,13:19:08,31-05-2025,13:21:02,COMPLETED,0,1
79KWH,8,2,FULL,31-05-2025,13:19:48,31-05-2025,13:22:14,31-05-2025,13:25:36,COMPLETED,0,1
79KWH,8,1,FULL,31-05-2025,13:21:03,31-05-2025,13:22:55,31-05-2025,13:25:54,COMPLETED,0,1
79KWH,8,3,FULL,31-05-2025,13:21:08,31-05-2025,13:21:16,31-05-2025,13:23:04,COMPLETED,0,1
79KWH,8,3,FULL,31-05-2025,13:23:11,31-05-2025,13:25:53,31-05-2025,13:29:10,COMPLETED,0,1
79KWH,8,2,FULL,31-05-2025,13:25:43,31-05-2025,13:28:04,31-05-2025,13:31:30,COMPLETED,0,1
79KWH,8,1,FULL,31-05-2025,13:25:59,31-05-2025,13:27:43,31-05-2025,13:30:36,COMPLETED,0,1
79KWH,8,3,FULL,31-05-2025,13:29:18,31-05-2025,13:31:51,31-05-2025,13:35:05,COMPLETED,0,1
79KWH,8,1,FULL,31-05-2025,13:30:41,31-05-2025,13:32:30,31-05-2025,13:35:30,COMPLETED,0,1
79KWH,8,2,FULL,31-05-2025,13:31:36,31-05-2025,13:34:01,31-05-2025,13:37:22,COMPLETED,0,1
79KWH,8,3,FULL,31-05-2025,13:35:12,31-05-2025,13:35:19,31-05-2025,13:37:15,COMPLETED,0,1
79KWH,8,1,FULL,31-05-2025,13:35:36,31-05-2025,13:35:43,31-05-2025,13:38:11,COMPLETED,0,1
79KWH,8,3,FULL,31-05-2025,13:37:21,31-05-2025,13:40:01,31-05-2025,13:43:15,COMPLETED,0,1
79KWH,8,2,FULL,31-05-2025,13:37:28,31-05-2025,13:37:35,31-05-2025,13:39:51,COMPLETED,0,1
79KWH,8,1,FULL,31-05-2025,13:38:16,31-05-2025,13:38:25,31-05-2025,13:40:59,COMPLETED,0,1
79KWH,8,2,FULL,31-05-2025,13:39:57,31-05-2025,13:42:22,31-05-2025,13:45:44,COMPLETED,0,1
79KWH,8,1,FULL,31-05-2025,13:41:03,31-05-2025,13:41:12,31-05-2025,13:43:57,COMPLETED,0,1
79KWH,8,3,FULL,31-05-2025,13:43:23,31-05-2025,13:58:28,31-05-2025,14:01:23,COMPLETED,0,1
79KWH,8,1,FULL,31-05-2025,13:44:02,31-05-2025,13:44:11,31-05-2025,13:46:47,COMPLETED,0,1
79KWH,8,2,FULL,31-05-2025,13:45:49,31-05-2025,13:45:57,31-05-2025,13:48:15,COMPLETED,0,1
79KWH,8,1,FULL,31-05-2025,13:46:52,31-05-2025,13:47:01,31-05-2025,13:49:31,COMPLETED,0,1
79KWH,8,2,FULL,31-05-2025,13:48:20,31-05-2025,13:48:29,31-05-2025,13:50:44,COMPLETED,0,1
79KWH,8,1,FULL,31-05-2025,13:49:35,31-05-2025,13:51:19,31-05-2025,13:54:21,COMPLETED,0,1
79KWH,8,2,FULL,31-05-2025,13:50:50,31-05-2025,13:53:14,31-05-2025,13:56:44,COMPLETED,0,1
79KWH,8,1,FULL,31-05-2025,13:54:27,31-05-2025,13:56:17,31-05-2025,13:59:15,COMPLETED,0,1
79KWH,8,2,FULL,31-05-2025,13:56:49,31-05-2025,13:59:08,31-05-2025,14:02:32,COMPLETED,0,1
79KWH,8,1,FULL,31-05-2025,13:59:21,31-05-2025,13:59:29,31-05-2025,14:02:08,COMPLETED,0,1
79KWH,8,3,FULL,31-05-2025,14:01:29,31-05-2025,14:01:36,31-05-2025,14:03:31,COMPLETED,0,1
79KWH,8,1,FULL,31-05-2025,14:02:12,31-05-2025,14:02:22,31-05-2025,14:04:56,COMPLETED,0,1
79KWH,8,2,FULL,31-05-2025,14:02:38,31-05-2025,14:02:46,31-05-2025,14:05:08,COMPLETED,0,1
79KWH,8,3,FULL,31-05-2025,14:03:37,31-05-2025,14:03:45,31-05-2025,14:05:45,COMPLETED,0,1
79KWH,8,1,FULL,31-05-2025,14:05:00,31-05-2025,14:05:09,31-05-2025,14:07:50,COMPLETED,0,1
79KWH,8,2,FULL,31-05-2025,14:05:13,31-05-2025,14:05:22,31-05-2025,14:07:42,COMPLETED,0,1
79KWH,8,3,FULL,31-05-2025,14:05:52,31-05-2025,14:05:59,31-05-2025,14:08:00,COMPLETED,0,1
79KWH,8,2,FULL,31-05-2025,14:07:47,31-05-2025,14:07:56,31-05-2025,14:10:20,COMPLETED,0,1
79KWH,8,1,FULL,31-05-2025,14:07:55,31-05-2025,14:08:04,31-05-2025,14:10:39,COMPLETED,0,1
79KWH,8,3,FULL,31-05-2025,14:08:06,31-05-2025,14:10:40,31-05-2025,14:13:58,COMPLETED,0,1
79KWH,8,2,FULL,31-05-2025,14:10:27,31-05-2025,14:10:34,31-05-2025,14:12:54,COMPLETED,0,1
79KWH,8,1,FULL,31-05-2025,14:10:43,31-05-2025,14:10:53,31-05-2025,14:13:34,COMPLETED,0,1
79KWH,8,2,FULL,31-05-2025,14:13:01,31-05-2025,14:13:08,31-05-2025,14:15:33,COMPLETED,0,1
79KWH,8,1,FULL,31-05-2025,14:13:39,31-05-2025,14:13:47,31-05-2025,14:16:24,COMPLETED,0,1
79KWH,8,3,FULL,31-05-2025,14:14:06,31-05-2025,14:16:33,31-05-2025,14:19:47,COMPLETED,0,1
79KWH,8,2,FULL,31-05-2025,14:15:39,31-05-2025,14:15:46,31-05-2025,14:18:09,COMPLETED,0,1
79KWH,8,1,FULL,31-05-2025,14:16:29,31-05-2025,15:20:18,31-05-2025,15:22:20,COMPLETED,0,1
79KWH,8,3,FULL,31-05-2025,14:19:55,31-05-2025,14:22:28,31-05-2025,14:25:52,COMPLETED,0,1
79KWH,8,3,FULL,31-05-2025,14:25:57,31-05-2025,14:28:26,31-05-2025,14:31:47,COMPLETED,0,1
79KWH,8,2,FULL,31-05-2025,14:31:05,31-05-2025,14:31:15,31-05-2025,14:34:49,COMPLETED,0,1
79KWH,8,3,FULL,31-05-2025,14:31:55,31-05-2025,14:32:01,31-05-2025,14:34:09,COMPLETED,0,1
79KWH,8,3,FULL,31-05-2025,14:34:16,31-05-2025,14:34:23,31-05-2025,14:36:26,COMPLETED,0,1
79KWH,8,2,FULL,31-05-2025,14:34:55,31-05-2025,14:35:03,31-05-2025,14:37:29,COMPLETED,0,1
79KWH,8,3,FULL,31-05-2025,14:36:33,31-05-2025,14:36:39,31-05-2025,14:38:47,COMPLETED,0,1
79KWH,8,2,FULL,31-05-2025,14:37:35,31-05-2025,14:37:43,31-05-2025,14:40:13,COMPLETED,0,1
79KWH,8,3,FULL,31-05-2025,14:38:54,31-05-2025,14:39:01,31-05-2025,14:41:07,COMPLETED,0,1
79KWH,8,2,FULL,31-05-2025,14:40:18,31-05-2025,14:40:27,31-05-2025,14:42:53,COMPLETED,0,1
79KWH,8,3,FULL,31-05-2025,14:41:13,31-05-2025,14:41:21,31-05-2025,14:43:34,COMPLETED,0,1
79KWH,8,2,FULL,31-05-2025,14:42:58,31-05-2025,14:45:20,31-05-2025,14:48:57,COMPLETED,0,1
79KWH,8,3,FULL,31-05-2025,14:43:42,31-05-2025,14:46:09,31-05-2025,14:49:31,COMPLETED,0,1
79KWH,8,2,FULL,31-05-2025,14:49:03,31-05-2025,14:49:11,31-05-2025,14:51:41,COMPLETED,0,1
79KWH,8,3,FULL,31-05-2025,14:49:39,31-05-2025,14:49:45,31-05-2025,14:51:57,COMPLETED,0,1
79KWH,8,2,FULL,31-05-2025,14:51:47,31-05-2025,14:51:55,31-05-2025,14:54:27,COMPLETED,0,1
79KWH,8,3,FULL,31-05-2025,14:52:04,31-05-2025,14:52:11,31-05-2025,14:54:18,COMPLETED,0,1
79KWH,8,3,FULL,31-05-2025,14:54:25,31-05-2025,14:54:33,31-05-2025,14:56:50,COMPLETED,0,1
79KWH,8,2,FULL,31-05-2025,14:54:34,31-05-2025,14:54:42,31-05-2025,14:57:12,COMPLETED,0,1
79KWH,8,3,FULL,31-05-2025,14:56:57,31-05-2025,14:57:03,31-05-2025,14:59:15,COMPLETED,0,1
79KWH,8,3,FULL,31-05-2025,14:59:23,31-05-2025,14:59:30,31-05-2025,15:01:48,COMPLETED,0,1
79KWH,8,3,FULL,31-05-2025,15:01:55,31-05-2025,15:02:01,31-05-2025,15:04:16,COMPLETED,0,1
79KWH,8,1,FULL,31-05-2025,15:22:26,31-05-2025,15:24:17,31-05-2025,15:27:24,COMPLETED,0,1
79KWH,8,1,FULL,31-05-2025,15:27:29,31-05-2025,15:29:27,31-05-2025,15:32:40,COMPLETED,0,1
79KWH,8,1,FULL,31-05-2025,15:32:44,31-05-2025,15:34:37,31-05-2025,15:37:46,COMPLETED,0,1
79KWH,8,1,FULL,31-05-2025,15:37:51,31-05-2025,15:39:47,31-05-2025,15:43:00,COMPLETED,0,1
79KWH,8,1,FULL,31-05-2025,15:55:30,31-05-2025,15:55:31,31-05-2025,15:58:38,COMPLETED,0,1
79KWH,8,3,FULL,31-05-2025,15:56:43,31-05-2025,15:56:52,31-05-2025,16:00:20,COMPLETED,0,1
79KWH,8,2,FULL,31-05-2025,15:57:01,31-05-2025,15:58:07,31-05-2025,16:01:44,COMPLETED,0,1
79KWH,8,1,FULL,31-05-2025,15:58:42,31-05-2025,15:58:51,31-05-2025,16:01:46,COMPLETED,0,1
79KWH,8,3,FULL,31-05-2025,16:00:26,31-05-2025,16:00:34,31-05-2025,16:02:52,COMPLETED,0,1
79KWH,8,2,FULL,31-05-2025,16:01:50,31-05-2025,16:01:58,31-05-2025,16:04:31,COMPLETED,0,1
79KWH,8,1,FULL,31-05-2025,16:01:52,31-05-2025,16:02:00,31-05-2025,16:04:50,COMPLETED,0,1
79KWH,8,3,FULL,31-05-2025,16:02:58,31-05-2025,16:03:06,31-05-2025,16:05:25,COMPLETED,0,1
79KWH,8,2,FULL,31-05-2025,16:04:38,31-05-2025,16:04:45,31-05-2025,16:07:21,COMPLETED,0,1
79KWH,8,1,FULL,31-05-2025,16:04:55,31-05-2025,16:05:04,31-05-2025,16:08:02,COMPLETED,0,1
79KWH,8,3,FULL,31-05-2025,16:05:47,31-05-2025,16:05:54,31-05-2025,16:08:13,COMPLETED,0,1
79KWH,8,2,FULL,31-05-2025,16:07:28,31-05-2025,16:09:46,31-05-2025,16:13:19,COMPLETED,0,1
79KWH,8,1,FULL,31-05-2025,16:08:07,31-05-2025,16:10:10,31-05-2025,16:13:19,COMPLETED,0,1
79KWH,8,3,FULL,31-05-2025,16:08:42,31-05-2025,16:08:55,31-05-2025,16:11:20,COMPLETED,0,1
79KWH,8,3,FULL,31-05-2025,16:11:46,31-05-2025,16:11:47,31-05-2025,16:14:08,COMPLETED,0,1
79KWH,8,1,FULL,31-05-2025,16:13:24,31-05-2025,16:15:16,31-05-2025,16:18:31,COMPLETED,0,1
79KWH,8,2,FULL,31-05-2025,16:13:25,31-05-2025,16:20:36,31-05-2025,16:24:17,COMPLETED,0,1
79KWH,8,3,FULL,31-05-2025,16:14:14,31-05-2025,16:14:21,31-05-2025,16:16:45,COMPLETED,0,1
79KWH,8,3,FULL,31-05-2025,16:16:51,31-05-2025,16:16:59,31-05-2025,16:19:20,COMPLETED,0,1
79KWH,8,1,FULL,31-05-2025,16:18:36,31-05-2025,16:18:45,31-05-2025,16:21:37,COMPLETED,0,1
79KWH,8,3,FULL,31-05-2025,16:19:27,31-05-2025,16:19:34,31-05-2025,16:22:00,COMPLETED,0,1
79KWH,8,1,FULL,31-05-2025,16:21:42,31-05-2025,16:21:51,31-05-2025,16:24:53,COMPLETED,0,1
79KWH,8,3,FULL,31-05-2025,16:22:06,31-05-2025,16:22:14,31-05-2025,16:24:35,COMPLETED,0,1
79KWH,8,2,FULL,31-05-2025,16:24:22,31-05-2025,16:24:30,31-05-2025,16:27:06,COMPLETED,0,1
79KWH,8,3,FULL,31-05-2025,16:24:43,31-05-2025,16:24:50,31-05-2025,16:27:17,COMPLETED,0,1
79KWH,8,1,FULL,31-05-2025,16:24:58,31-05-2025,16:25:07,31-05-2025,16:28:00,COMPLETED,0,1
79KWH,8,1,FULL,31-05-2025,16:28:06,31-05-2025,16:28:14,31-05-2025,16:31:14,COMPLETED,0,1
79KWH,8,1,FULL,31-05-2025,16:31:19,31-05-2025,16:31:28,31-05-2025,16:34:23,COMPLETED,0,1
79KWH,8,1,FULL,31-05-2025,16:40:27,31-05-2025,16:40:30,31-05-2025,16:43:38,COMPLETED,0,1
79KWH,8,3,FULL,31-05-2025,16:41:39,31-05-2025,16:41:48,31-05-2025,16:44:12,COMPLETED,0,1
79KWH,8,2,FULL,31-05-2025,16:41:53,31-05-2025,16:41:59,31-05-2025,16:45:38,COMPLETED,0,1
79KWH,8,1,FULL,31-05-2025,16:43:43,31-05-2025,16:43:51,31-05-2025,16:46:48,COMPLETED,0,1
79KWH,8,3,FULL,31-05-2025,16:44:42,31-05-2025,16:44:55,31-05-2025,16:47:28,COMPLETED,0,1
79KWH,8,2,FULL,31-05-2025,16:45:44,31-05-2025,16:45:52,31-05-2025,16:48:30,COMPLETED,0,1
79KWH,8,1,FULL,31-05-2025,16:46:54,31-05-2025,16:47:02,31-05-2025,16:50:05,COMPLETED,0,1
79KWH,8,3,FULL,31-05-2025,16:47:38,31-05-2025,16:47:42,31-05-2025,16:50:10,COMPLETED,0,1
79KWH,8,2,FULL,31-05-2025,16:48:36,31-05-2025,16:50:48,31-05-2025,16:54:27,COMPLETED,0,1
79KWH,8,1,FULL,31-05-2025,16:50:10,31-05-2025,16:52:10,31-05-2025,16:55:22,COMPLETED,0,1
79KWH,8,3,FULL,31-05-2025,16:50:43,31-05-2025,16:50:52,31-05-2025,16:53:24,COMPLETED,0,1
79KWH,8,3,FULL,31-05-2025,16:53:38,31-05-2025,16:53:52,31-05-2025,16:56:21,COMPLETED,0,1
79KWH,8,2,FULL,31-05-2025,16:54:34,31-05-2025,16:56:49,31-05-2025,17:00:26,COMPLETED,0,1
79KWH,8,1,FULL,31-05-2025,16:55:27,31-05-2025,16:57:21,31-05-2025,17:00:41,COMPLETED,0,1
79KWH,8,3,FULL,31-05-2025,16:56:27,31-05-2025,16:56:35,31-05-2025,16:59:07,COMPLETED,0,1
79KWH,8,3,FULL,31-05-2025,16:59:13,31-05-2025,16:59:21,31-05-2025,17:01:53,COMPLETED,0,1
79KWH,8,2,FULL,31-05-2025,17:00:32,31-05-2025,17:02:44,31-05-2025,17:06:25,COMPLETED,0,1
79KWH,8,1,FULL,31-05-2025,17:00:45,31-05-2025,17:00:54,31-05-2025,17:03:53,COMPLETED,0,1
79KWH,8,3,FULL,31-05-2025,17:02:00,31-05-2025,17:02:07,31-05-2025,17:04:39,COMPLETED,0,1
79KWH,8,1,FULL,31-05-2025,17:03:58,31-05-2025,17:04:07,31-05-2025,17:07:16,COMPLETED,0,1
79KWH,8,3,FULL,31-05-2025,17:04:45,31-05-2025,17:04:53,31-05-2025,17:07:26,COMPLETED,0,1
79KWH,8,2,FULL,31-05-2025,17:06:31,31-05-2025,17:06:39,31-05-2025,17:09:21,COMPLETED,0,1
79KWH,8,1,FULL,31-05-2025,17:07:20,31-05-2025,17:07:30,31-05-2025,17:10:31,COMPLETED,0,1
79KWH,8,3,FULL,31-05-2025,17:07:32,31-05-2025,17:07:40,31-05-2025,17:10:15,COMPLETED,0,1
79KWH,8,2,FULL,31-05-2025,17:09:27,31-05-2025,17:09:35,31-05-2025,17:12:24,COMPLETED,0,1
79KWH,8,3,FULL,31-05-2025,17:10:22,31-05-2025,17:10:29,31-05-2025,17:13:03,COMPLETED,0,1
79KWH,8,1,FULL,31-05-2025,17:10:35,31-05-2025,17:10:44,31-05-2025,17:13:50,COMPLETED,0,1
79KWH,8,2,FULL,31-05-2025,17:12:30,31-05-2025,17:12:38,31-05-2025,17:15:23,COMPLETED,0,1
79KWH,8,3,FULL,31-05-2025,17:13:09,31-05-2025,17:13:17,31-05-2025,17:15:56,COMPLETED,0,1
79KWH,8,1,FULL,31-05-2025,17:13:55,31-05-2025,17:14:04,31-05-2025,17:17:05,COMPLETED,0,1
79KWH,8,2,FULL,31-05-2025,17:15:28,31-05-2025,17:15:36,31-05-2025,17:18:25,COMPLETED,0,1
79KWH,8,3,FULL,31-05-2025,17:16:03,31-05-2025,17:16:10,31-05-2025,17:18:47,COMPLETED,0,1
79KWH,8,1,FULL,31-05-2025,17:17:09,31-05-2025,17:17:18,31-05-2025,17:20:40,COMPLETED,0,1
79KWH,8,2,FULL,31-05-2025,17:18:31,31-05-2025,17:18:38,31-05-2025,17:21:25,COMPLETED,0,1
79KWH,8,3,FULL,31-05-2025,17:18:53,31-05-2025,17:19:00,31-05-2025,17:21:44,COMPLETED,0,1
79KWH,8,1,FULL,31-05-2025,17:20:45,31-05-2025,17:20:54,31-05-2025,17:24:01,COMPLETED,0,1
79KWH,8,2,FULL,31-05-2025,17:21:32,31-05-2025,17:21:39,31-05-2025,17:24:31,COMPLETED,0,1
79KWH,8,3,FULL,31-05-2025,17:21:51,31-05-2025,17:21:57,31-05-2025,17:24:39,COMPLETED,0,1
79KWH,8,1,FULL,31-05-2025,17:24:06,31-05-2025,17:24:14,31-05-2025,17:27:28,COMPLETED,0,1
79KWH,8,2,FULL,31-05-2025,17:24:37,31-05-2025,17:24:46,31-05-2025,17:27:35,COMPLETED,0,1
79KWH,8,3,FULL,31-05-2025,17:24:45,31-05-2025,17:24:53,31-05-2025,17:27:37,COMPLETED,0,1
79KWH,8,1,FULL,31-05-2025,17:27:33,31-05-2025,17:27:42,31-05-2025,17:30:51,COMPLETED,0,1
79KWH,8,2,FULL,31-05-2025,17:27:40,31-05-2025,17:27:49,31-05-2025,17:30:43,COMPLETED,0,1
79KWH,8,3,FULL,31-05-2025,17:27:43,31-05-2025,17:27:51,31-05-2025,17:30:32,COMPLETED,0,1
79KWH,8,3,FULL,31-05-2025,17:30:37,31-05-2025,17:30:45,31-05-2025,17:33:32,COMPLETED,0,1
79KWH,8,2,FULL,31-05-2025,17:30:48,31-05-2025,17:30:57,31-05-2025,17:33:49,COMPLETED,0,1
79KWH,8,1,FULL,31-05-2025,17:30:56,31-05-2025,17:31:05,31-05-2025,17:34:19,COMPLETED,0,1
79KWH,8,3,FULL,31-05-2025,17:33:37,31-05-2025,17:33:45,31-05-2025,17:36:27,COMPLETED,0,1
79KWH,8,2,FULL,31-05-2025,17:33:54,31-05-2025,17:36:14,31-05-2025,17:40:01,COMPLETED,0,1
79KWH,8,1,FULL,31-05-2025,17:34:24,31-05-2025,17:34:33,31-05-2025,17:37:44,COMPLETED,0,1
79KWH,8,3,FULL,31-05-2025,17:36:34,31-05-2025,17:36:41,31-05-2025,17:39:28,COMPLETED,0,1
79KWH,8,1,FULL,31-05-2025,17:37:48,31-05-2025,17:37:58,31-05-2025,17:41:14,COMPLETED,0,1
79KWH,8,3,FULL,31-05-2025,17:39:34,31-05-2025,17:39:42,31-05-2025,17:42:27,COMPLETED,0,1
79KWH,8,2,FULL,31-05-2025,17:40:07,31-05-2025,17:40:15,31-05-2025,17:43:08,COMPLETED,0,1
79KWH,8,1,FULL,31-05-2025,17:41:19,31-05-2025,17:41:27,31-05-2025,17:44:37,COMPLETED,0,1
79KWH,8,3,FULL,31-05-2025,17:42:34,31-05-2025,17:42:41,31-05-2025,17:45:32,COMPLETED,0,1
79KWH,8,2,FULL,31-05-2025,17:43:14,31-05-2025,17:43:22,31-05-2025,17:46:20,COMPLETED,0,1
79KWH,8,1,FULL,31-05-2025,17:44:42,31-05-2025,17:44:50,31-05-2025,17:48:03,COMPLETED,0,1
79KWH,8,3,FULL,31-05-2025,17:45:39,31-05-2025,17:45:46,31-05-2025,17:48:33,COMPLETED,0,1
79KWH,8,2,FULL,31-05-2025,17:46:26,31-05-2025,17:46:34,31-05-2025,17:49:29,COMPLETED,0,1
79KWH,8,1,FULL,31-05-2025,17:48:08,31-05-2025,17:50:13,31-05-2025,17:53:30,COMPLETED,0,1
79KWH,8,3,FULL,31-05-2025,17:48:40,31-05-2025,17:48:46,31-05-2025,17:51:39,COMPLETED,0,1
79KWH,8,2,FULL,31-05-2025,17:49:34,31-05-2025,17:49:43,31-05-2025,17:52:42,COMPLETED,0,1
79KWH,8,3,FULL,31-05-2025,17:51:46,31-05-2025,17:51:52,31-05-2025,17:54:41,COMPLETED,0,1
79KWH,8,2,FULL,31-05-2025,17:52:48,31-05-2025,17:52:56,31-05-2025,17:55:54,COMPLETED,0,1
79KWH,8,1,FULL,31-05-2025,17:53:35,31-05-2025,17:55:33,31-05-2025,17:58:56,COMPLETED,0,1
79KWH,8,3,FULL,31-05-2025,17:54:47,31-05-2025,17:54:55,31-05-2025,17:57:50,COMPLETED,0,1
79KWH,8,2,FULL,31-05-2025,17:55:59,31-05-2025,17:56:08,31-05-2025,17:59:08,COMPLETED,0,1
79KWH,8,3,FULL,31-05-2025,17:57:56,31-05-2025,17:58:03,31-05-2025,18:00:54,COMPLETED,0,1
79KWH,8,1,FULL,31-05-2025,17:59:02,31-05-2025,17:59:11,31-05-2025,18:02:20,COMPLETED,0,1
79KWH,8,2,FULL,31-05-2025,17:59:14,31-05-2025,17:59:22,31-05-2025,18:02:22,COMPLETED,0,1
79KWH,8,3,FULL,31-05-2025,18:01:01,31-05-2025,18:01:08,31-05-2025,18:04:04,COMPLETED,0,1
79KWH,8,1,FULL,31-05-2025,18:02:25,31-05-2025,18:02:34,31-05-2025,18:05:50,COMPLETED,0,1
79KWH,8,2,FULL,31-05-2025,18:02:27,31-05-2025,18:02:35,31-05-2025,18:05:38,COMPLETED,0,1
79KWH,8,3,FULL,31-05-2025,18:04:10,31-05-2025,18:04:18,31-05-2025,18:07:11,COMPLETED,0,1
79KWH,8,2,FULL,31-05-2025,18:05:44,31-05-2025,18:05:52,31-05-2025,18:08:52,COMPLETED,0,1
79KWH,8,1,FULL,31-05-2025,18:05:55,31-05-2025,18:06:04,31-05-2025,18:09:16,COMPLETED,0,1
79KWH,8,3,FULL,31-05-2025,18:07:17,31-05-2025,18:07:25,31-05-2025,18:10:23,COMPLETED,0,1
79KWH,8,1,FULL,31-05-2025,18:09:21,31-05-2025,18:09:30,31-05-2025,18:12:47,COMPLETED,0,1
79KWH,8,3,FULL,31-05-2025,18:10:30,31-05-2025,18:10:37,31-05-2025,18:13:31,COMPLETED,0,1
79KWH,8,1,FULL,31-05-2025,18:12:53,31-05-2025,18:13:01,31-05-2025,18:16:13,COMPLETED,0,1
79KWH,8,3,FULL,31-05-2025,18:13:37,31-05-2025,18:13:45,31-05-2025,18:16:45,COMPLETED,0,1
79KWH,8,1,FULL,31-05-2025,18:16:17,31-05-2025,18:16:26,31-05-2025,18:19:46,COMPLETED,0,1
79KWH,8,3,FULL,31-05-2025,18:16:50,31-05-2025,18:16:59,31-05-2025,18:19:56,COMPLETED,0,1
79KWH,8,3,FULL,31-05-2025,18:36:38,31-05-2025,18:38:37,31-05-2025,18:42:29,COMPLETED,0,1
79KWH,8,2,FULL,31-05-2025,18:36:50,31-05-2025,18:38:45,31-05-2025,18:42:36,COMPLETED,0,1
79KWH,8,1,FULL,31-05-2025,18:38:22,31-05-2025,18:38:29,31-05-2025,18:41:50,COMPLETED,0,1
79KWH,8,1,FULL,31-05-2025,18:41:55,31-05-2025,18:44:00,31-05-2025,18:47:27,COMPLETED,0,1
79KWH,8,3,FULL,31-05-2025,18:42:36,31-05-2025,18:44:36,31-05-2025,18:48:24,COMPLETED,0,1
79KWH,8,2,FULL,31-05-2025,18:42:41,31-05-2025,18:44:56,31-05-2025,18:48:42,COMPLETED,0,1
79KWH,8,1,FULL,31-05-2025,18:47:32,31-05-2025,18:47:41,31-05-2025,18:50:57,COMPLETED,0,1
79KWH,8,3,FULL,31-05-2025,18:48:31,31-05-2025,18:48:38,31-05-2025,18:51:41,COMPLETED,0,1
79KWH,8,2,FULL,31-05-2025,18:48:47,31-05-2025,18:48:55,31-05-2025,18:52:02,COMPLETED,0,1
79KWH,8,1,FULL,31-05-2025,18:51:01,31-05-2025,18:51:10,31-05-2025,18:54:32,COMPLETED,0,1
79KWH,8,3,FULL,31-05-2025,18:51:47,31-05-2025,18:53:50,31-05-2025,18:57:39,COMPLETED,0,1
79KWH,8,2,FULL,31-05-2025,18:52:09,31-05-2025,18:52:16,31-05-2025,18:55:21,COMPLETED,0,1
79KWH,8,1,FULL,31-05-2025,18:54:37,31-05-2025,18:54:46,31-05-2025,18:58:03,COMPLETED,0,1
79KWH,8,2,FULL,31-05-2025,18:55:27,31-05-2025,18:55:35,31-05-2025,18:58:44,COMPLETED,0,1
79KWH,8,3,FULL,31-05-2025,18:57:46,31-05-2025,18:57:53,31-05-2025,19:00:58,COMPLETED,0,1
79KWH,8,1,FULL,31-05-2025,18:58:08,31-05-2025,18:58:16,31-05-2025,19:01:39,COMPLETED,0,1
79KWH,8,2,FULL,31-05-2025,18:58:51,31-05-2025,18:58:58,31-05-2025,19:02:04,COMPLETED,0,1
79KWH,8,3,FULL,31-05-2025,19:01:04,31-05-2025,19:01:12,31-05-2025,19:04:15,COMPLETED,0,1
79KWH,8,1,FULL,31-05-2025,19:01:44,31-05-2025,19:03:44,31-05-2025,19:07:06,COMPLETED,0,1
79KWH,8,2,FULL,31-05-2025,19:02:11,31-05-2025,19:04:29,31-05-2025,19:08:23,COMPLETED,0,1
79KWH,8,3,FULL,31-05-2025,19:04:22,31-05-2025,19:04:29,31-05-2025,19:07:37,COMPLETED,0,1
79KWH,8,1,FULL,31-05-2025,19:07:10,31-05-2025,19:09:15,31-05-2025,19:12:50,COMPLETED,0,1
79KWH,8,3,FULL,31-05-2025,19:07:45,31-05-2025,19:09:41,31-05-2025,19:13:31,COMPLETED,0,1
79KWH,8,2,FULL,31-05-2025,19:08:30,31-05-2025,19:10:44,31-05-2025,19:14:36,COMPLETED,0,1
79KWH,8,1,FULL,31-05-2025,19:12:55,31-05-2025,19:13:03,31-05-2025,19:16:23,COMPLETED,0,1
79KWH,8,3,FULL,31-05-2025,19:13:37,31-05-2025,19:13:45,31-05-2025,19:16:55,COMPLETED,0,1
79KWH,8,2,FULL,31-05-2025,19:14:43,31-05-2025,19:14:50,31-05-2025,19:18:03,COMPLETED,0,1
79KWH,8,1,FULL,31-05-2025,19:16:28,31-05-2025,19:16:37,31-05-2025,19:20:04,COMPLETED,0,1
79KWH,8,3,FULL,31-05-2025,19:17:02,31-05-2025,19:17:09,31-05-2025,19:20:17,COMPLETED,0,1
79KWH,8,2,FULL,31-05-2025,19:18:08,31-05-2025,19:18:17,31-05-2025,19:21:26,COMPLETED,0,1
79KWH,8,1,FULL,31-05-2025,19:20:10,31-05-2025,19:20:18,31-05-2025,19:23:40,COMPLETED,0,1
79KWH,8,3,FULL,31-05-2025,19:20:22,31-05-2025,19:20:30,31-05-2025,19:23:41,COMPLETED,0,1
79KWH,8,2,FULL,31-05-2025,19:21:32,31-05-2025,19:21:40,31-05-2025,19:24:55,COMPLETED,0,1
79KWH,8,1,FULL,31-05-2025,19:23:45,31-05-2025,19:23:54,31-05-2025,19:27:24,COMPLETED,0,1
79KWH,8,3,FULL,31-05-2025,19:23:47,31-05-2025,19:23:55,31-05-2025,19:27:04,COMPLETED,0,1
79KWH,8,3,FULL,31-05-2025,19:27:10,31-05-2025,19:27:17,31-05-2025,19:30:31,COMPLETED,0,1
79KWH,8,1,FULL,31-05-2025,19:27:29,31-05-2025,19:27:38,31-05-2025,19:31:03,COMPLETED,0,1
79KWH,8,3,FULL,31-05-2025,19:30:36,31-05-2025,19:30:44,31-05-2025,19:33:51,COMPLETED,0,1
79KWH,8,1,FULL,31-05-2025,19:31:08,31-05-2025,19:31:17,31-05-2025,19:34:49,COMPLETED,0,1
79KWH,8,3,FULL,31-05-2025,19:33:57,31-05-2025,19:34:05,31-05-2025,19:37:22,COMPLETED,0,1
79KWH,8,1,FULL,31-05-2025,19:48:55,31-05-2025,19:49:05,31-05-2025,19:52:33,COMPLETED,0,1
79KWH,8,2,FULL,31-05-2025,19:49:10,31-05-2025,19:49:18,31-05-2025,19:53:08,COMPLETED,0,1
79KWH,8,3,FULL,31-05-2025,19:49:25,31-05-2025,19:49:38,31-05-2025,19:53:33,COMPLETED,0,1
79KWH,8,1,FULL,31-05-2025,19:52:38,31-05-2025,19:52:47,31-05-2025,19:56:16,COMPLETED,0,1
79KWH,8,2,FULL,31-05-2025,19:53:15,31-05-2025,19:53:22,31-05-2025,19:56:44,COMPLETED,0,1
79KWH,8,3,FULL,31-05-2025,19:53:40,31-05-2025,19:53:47,31-05-2025,19:57:02,COMPLETED,0,1
79KWH,8,1,FULL,31-05-2025,19:56:21,31-05-2025,19:56:30,31-05-2025,19:59:53,COMPLETED,0,1
79KWH,8,2,FULL,31-05-2025,19:56:49,31-05-2025,19:56:58,31-05-2025,20:00:13,COMPLETED,0,1
79KWH,8,3,FULL,31-05-2025,19:57:09,31-05-2025,19:57:16,31-05-2025,20:00:27,COMPLETED,0,1
79KWH,8,1,FULL,31-05-2025,19:59:58,31-05-2025,20:00:07,31-05-2025,20:03:39,COMPLETED,0,1
79KWH,8,2,FULL,31-05-2025,20:00:18,31-05-2025,20:00:27,31-05-2025,20:03:45,COMPLETED,0,1
79KWH,8,3,FULL,31-05-2025,20:00:34,31-05-2025,20:00:41,31-05-2025,20:04:01,COMPLETED,0,1
79KWH,8,1,FULL,31-05-2025,20:03:44,31-05-2025,20:05:45,31-05-2025,20:09:12,COMPLETED,0,1
79KWH,8,2,FULL,31-05-2025,20:03:50,31-05-2025,20:06:11,31-05-2025,20:10:06,COMPLETED,0,1
79KWH,8,3,FULL,31-05-2025,20:04:07,31-05-2025,20:04:15,31-05-2025,20:07:31,COMPLETED,0,1
79KWH,8,3,FULL,31-05-2025,20:07:38,31-05-2025,20:07:45,31-05-2025,20:11:06,COMPLETED,0,1
79KWH,8,1,FULL,31-05-2025,20:09:17,31-05-2025,20:11:21,31-05-2025,20:13:57,COMPLETED,0,1
79KWH,8,2,FULL,31-05-2025,20:10:12,31-05-2025,20:10:20,31-05-2025,20:13:39,COMPLETED,0,1
79KWH,8,3,FULL,31-05-2025,20:11:12,31-05-2025,20:11:19,31-05-2025,20:14:38,COMPLETED,0,1
79KWH,8,1,FULL,31-05-2025,20:14:01,31-05-2025,20:14:11,31-05-2025,20:15:46,COMPLETED,0,1
79KWH,8,3,FULL,31-05-2025,20:14:45,31-05-2025,20:14:52,31-05-2025,20:18:16,COMPLETED,0,1
79KWH,8,1,FULL,31-05-2025,20:15:52,31-05-2025,20:16:00,31-05-2025,20:17:41,COMPLETED,0,1
79KWH,8,1,FULL,31-05-2025,20:17:46,31-05-2025,20:17:55,31-05-2025,20:19:29,COMPLETED,0,1
79KWH,8,3,FULL,31-05-2025,20:18:23,31-05-2025,20:18:30,31-05-2025,20:21:50,COMPLETED,0,1
79KWH,8,1,FULL,16-05-2025,23:19:04,16-05-2025,23:19:08,16-05-2025,23:23:22,COMPLETED,0,1
79KWH,8,2,FULL,03-06-2025,09:38:30,03-06-2025,09:38:32,03-06-2025,09:42:26,COMPLETED,0,1
79KWH,8,3,FULL,03-06-2025,09:40:14,03-06-2025,09:40:18,03-06-2025,09:44:20,COMPLETED,0,1
79KWH,8,2,FULL,03-06-2025,09:42:33,03-06-2025,09:42:40,03-06-2025,09:46:03,COMPLETED,0,1
79KWH,8,3,FULL,03-06-2025,09:44:27,03-06-2025,09:44:34,03-06-2025,09:47:56,COMPLETED,0,1
79KWH,8,2,FULL,03-06-2025,09:46:10,03-06-2025,09:46:17,03-06-2025,09:49:37,COMPLETED,0,1
79KWH,8,3,FULL,03-06-2025,09:48:03,03-06-2025,09:48:10,03-06-2025,09:51:37,COMPLETED,0,1
79KWH,8,2,FULL,03-06-2025,09:49:42,03-06-2025,09:49:50,03-06-2025,09:53:14,COMPLETED,0,1
79KWH,8,3,FULL,03-06-2025,09:51:43,03-06-2025,09:51:50,03-06-2025,09:55:15,COMPLETED,0,1
79KWH,8,2,FULL,03-06-2025,09:53:20,03-06-2025,09:55:15,03-06-2025,09:59:10,COMPLETED,0,1
79KWH,8,3,FULL,03-06-2025,09:55:21,03-06-2025,09:55:29,03-06-2025,09:58:58,COMPLETED,0,1
79KWH,8,3,FULL,03-06-2025,09:59:05,03-06-2025,09:59:11,03-06-2025,10:02:36,COMPLETED,0,1
79KWH,8,2,FULL,03-06-2025,09:59:16,03-06-2025,09:59:24,03-06-2025,10:02:54,COMPLETED,0,1
79KWH,8,3,FULL,03-06-2025,10:02:42,03-06-2025,10:02:50,03-06-2025,10:06:16,COMPLETED,0,1
79KWH,8,2,FULL,03-06-2025,10:03:01,03-06-2025,15:40:00,03-06-2025,15:43:26,COMPLETED,0,1
79KWH,8,3,FULL,03-06-2025,10:06:22,03-06-2025,10:10:23,03-06-2025,10:14:25,COMPLETED,0,1
79KWH,8,3,FULL,03-06-2025,10:14:32,03-06-2025,10:14:40,03-06-2025,10:18:13,COMPLETED,0,1
79KWH,8,3,FULL,03-06-2025,10:18:19,03-06-2025,10:18:27,03-06-2025,10:21:57,COMPLETED,0,1
79KWH,8,3,FULL,03-06-2025,10:22:02,03-06-2025,10:22:10,03-06-2025,10:25:44,COMPLETED,0,1
79KWH,8,3,FULL,03-06-2025,10:25:51,03-06-2025,10:25:58,03-06-2025,10:29:29,COMPLETED,0,1
79KWH,8,3,FULL,03-06-2025,10:29:35,03-06-2025,10:29:42,03-06-2025,10:33:19,COMPLETED,0,1
79KWH,8,3,FULL,03-06-2025,10:33:25,03-06-2025,10:33:33,03-06-2025,10:37:07,COMPLETED,0,1
79KWH,8,3,FULL,03-06-2025,10:37:13,03-06-2025,10:37:20,03-06-2025,10:40:59,COMPLETED,0,1
79KWH,8,3,FULL,03-06-2025,10:41:07,03-06-2025,10:41:14,03-06-2025,10:44:49,COMPLETED,0,1
79KWH,8,3,FULL,03-06-2025,10:44:56,03-06-2025,10:45:03,03-06-2025,10:48:44,COMPLETED,0,1
79KWH,8,3,FULL,03-06-2025,10:48:51,03-06-2025,10:48:59,03-06-2025,10:52:36,COMPLETED,0,1
79KWH,8,3,FULL,03-06-2025,10:52:42,03-06-2025,10:52:50,03-06-2025,10:56:35,COMPLETED,0,1
79KWH,8,3,FULL,03-06-2025,10:56:41,03-06-2025,10:56:48,03-06-2025,11:00:30,COMPLETED,0,1
79KWH,8,3,FULL,03-06-2025,11:00:37,03-06-2025,11:00:44,03-06-2025,11:04:30,COMPLETED,0,1
79KWH,8,3,FULL,03-06-2025,11:04:35,03-06-2025,11:04:43,03-06-2025,11:08:28,COMPLETED,0,1
79KWH,8,3,FULL,03-06-2025,11:08:36,03-06-2025,11:12:48,03-06-2025,11:17:03,COMPLETED,0,1
79KWH,8,3,FULL,03-06-2025,11:17:10,03-06-2025,11:17:17,03-06-2025,11:21:02,COMPLETED,0,1
79KWH,8,3,FULL,03-06-2025,11:21:10,03-06-2025,11:21:16,03-06-2025,11:25:07,COMPLETED,0,1
79KWH,8,3,FULL,03-06-2025,11:25:14,03-06-2025,11:25:20,03-06-2025,11:29:07,COMPLETED,0,1
79KWH,8,3,FULL,03-06-2025,11:29:14,03-06-2025,11:29:23,03-06-2025,11:33:17,COMPLETED,0,1
79KWH,8,3,FULL,03-06-2025,11:33:23,03-06-2025,11:33:31,03-06-2025,11:37:21,COMPLETED,0,1
79KWH,8,3,FULL,03-06-2025,11:37:26,03-06-2025,11:37:35,03-06-2025,11:41:30,COMPLETED,0,1
79KWH,8,3,FULL,03-06-2025,11:41:37,03-06-2025,11:43:56,03-06-2025,11:48:11,COMPLETED,0,1
79KWH,8,3,FULL,03-06-2025,11:48:18,03-06-2025,11:48:25,03-06-2025,11:52:21,COMPLETED,0,1
79KWH,8,3,FULL,03-06-2025,11:52:28,03-06-2025,11:52:34,03-06-2025,11:56:28,COMPLETED,0,1
79KWH,8,3,FULL,03-06-2025,11:56:35,03-06-2025,11:56:43,03-06-2025,12:00:41,COMPLETED,0,1
79KWH,8,3,FULL,03-06-2025,12:00:48,03-06-2025,12:00:56,03-06-2025,12:04:51,COMPLETED,0,1
79KWH,8,3,FULL,03-06-2025,12:06:06,03-06-2025,12:06:15,03-06-2025,12:10:14,COMPLETED,0,1
79KWH,8,1,FULL,03-06-2025,12:06:54,03-06-2025,12:06:59,03-06-2025,12:09:29,COMPLETED,0,1
79KWH,8,1,FULL,03-06-2025,12:09:35,03-06-2025,12:09:43,03-06-2025,12:11:24,COMPLETED,0,1
79KWH,8,3,FULL,03-06-2025,12:10:21,03-06-2025,12:10:27,03-06-2025,12:14:24,COMPLETED,0,1
79KWH,8,1,FULL,03-06-2025,12:11:29,03-06-2025,12:11:37,03-06-2025,12:13:13,COMPLETED,0,1
79KWH,8,1,FULL,03-06-2025,12:13:18,03-06-2025,12:13:27,03-06-2025,12:15:09,COMPLETED,0,1
79KWH,8,3,FULL,03-06-2025,12:14:30,03-06-2025,12:14:38,03-06-2025,12:18:45,COMPLETED,0,1
79KWH,8,3,FULL,03-06-2025,12:18:52,03-06-2025,12:19:00,03-06-2025,12:22:59,COMPLETED,0,1
79KWH,8,3,FULL,03-06-2025,12:23:07,03-06-2025,12:23:13,03-06-2025,12:27:17,COMPLETED,0,1
79KWH,8,3,FULL,03-06-2025,12:27:24,03-06-2025,12:27:31,03-06-2025,12:31:32,COMPLETED,0,1
79KWH,8,3,FULL,03-06-2025,12:31:39,03-06-2025,12:31:45,03-06-2025,12:35:51,COMPLETED,0,1
79KWH,8,3,FULL,03-06-2025,12:35:57,03-06-2025,12:36:05,03-06-2025,12:40:08,COMPLETED,0,1
79KWH,8,1,FULL,03-06-2025,12:39:05,03-06-2025,12:39:19,03-06-2025,12:40:54,COMPLETED,0,1
79KWH,8,1,FULL,03-06-2025,12:41:00,03-06-2025,12:43:26,03-06-2025,12:46:02,COMPLETED,0,1
79KWH,8,1,FULL,03-06-2025,12:46:07,03-06-2025,12:46:15,03-06-2025,12:47:50,COMPLETED,0,1
79KWH,8,1,FULL,03-06-2025,12:47:55,03-06-2025,12:48:03,03-06-2025,12:49:50,COMPLETED,0,1
79KWH,8,1,FULL,03-06-2025,12:49:55,03-06-2025,12:50:04,03-06-2025,12:51:40,COMPLETED,0,1
79KWH,8,1,FULL,03-06-2025,12:51:45,03-06-2025,12:54:18,03-06-2025,12:56:54,COMPLETED,0,1
79KWH,8,1,FULL,03-06-2025,12:56:58,03-06-2025,12:59:27,03-06-2025,13:01:58,COMPLETED,0,1
79KWH,8,1,FULL,03-06-2025,13:02:03,03-06-2025,13:04:37,03-06-2025,13:07:12,COMPLETED,0,1
79KWH,8,1,FULL,03-06-2025,13:07:17,03-06-2025,13:07:25,03-06-2025,13:09:00,COMPLETED,0,1
79KWH,8,3,FULL,03-06-2025,13:14:43,03-06-2025,13:14:56,03-06-2025,13:19:20,COMPLETED,0,1
79KWH,8,3,FULL,03-06-2025,13:19:26,03-06-2025,13:19:34,03-06-2025,13:23:40,COMPLETED,0,1
79KWH,8,3,FULL,03-06-2025,13:23:47,03-06-2025,13:28:00,03-06-2025,13:32:26,COMPLETED,0,1
79KWH,8,1,FULL,03-06-2025,13:30:49,03-06-2025,14:13:20,04-06-2025,18:17:53,COMPLETED,0,1
79KWH,8,3,FULL,03-06-2025,13:32:33,03-06-2025,13:32:40,03-06-2025,13:36:46,COMPLETED,0,1
79KWH,8,3,FULL,03-06-2025,13:36:52,03-06-2025,13:37:00,03-06-2025,13:41:11,COMPLETED,0,1
79KWH,8,3,FULL,03-06-2025,13:41:19,03-06-2025,13:41:26,03-06-2025,13:45:35,COMPLETED,0,1
79KWH,8,3,FULL,03-06-2025,13:45:41,03-06-2025,13:45:49,03-06-2025,13:50:03,COMPLETED,0,1
79KWH,8,3,FULL,03-06-2025,13:50:09,03-06-2025,13:50:16,03-06-2025,13:54:27,COMPLETED,0,1
79KWH,8,3,FULL,03-06-2025,13:54:34,03-06-2025,13:54:42,03-06-2025,13:58:57,COMPLETED,0,1
79KWH,8,3,FULL,03-06-2025,13:59:03,03-06-2025,13:59:10,03-06-2025,14:03:24,COMPLETED,0,1
79KWH,8,3,FULL,03-06-2025,14:03:31,03-06-2025,14:03:37,03-06-2025,14:07:55,COMPLETED,0,1
79KWH,8,3,FULL,03-06-2025,14:08:02,03-06-2025,14:08:09,03-06-2025,14:12:24,COMPLETED,0,1
79KWH,8,3,FULL,03-06-2025,14:12:30,03-06-2025,14:12:37,03-06-2025,14:16:57,COMPLETED,0,1
79KWH,8,3,FULL,03-06-2025,14:17:04,03-06-2025,14:17:11,03-06-2025,14:21:28,COMPLETED,0,1
79KWH,8,3,FULL,03-06-2025,14:35:16,03-06-2025,14:35:37,03-06-2025,14:40:09,COMPLETED,0,1
79KWH,8,3,FULL,03-06-2025,14:40:15,03-06-2025,14:40:22,03-06-2025,14:44:41,COMPLETED,0,1
79KWH,8,3,FULL,03-06-2025,14:44:48,03-06-2025,14:49:05,03-06-2025,14:53:40,COMPLETED,0,1
79KWH,8,3,FULL,03-06-2025,15:07:44,03-06-2025,15:07:52,03-06-2025,15:12:22,COMPLETED,0,1
79KWH,8,3,FULL,03-06-2025,15:12:27,03-06-2025,15:12:35,03-06-2025,15:16:56,COMPLETED,0,1
79KWH,8,3,FULL,03-06-2025,15:17:02,03-06-2025,15:17:09,03-06-2025,15:21:31,COMPLETED,0,1
79KWH,8,3,FULL,03-06-2025,15:21:38,03-06-2025,15:21:45,03-06-2025,15:26:14,COMPLETED,0,1
79KWH,8,3,FULL,03-06-2025,15:26:20,03-06-2025,15:30:33,03-06-2025,15:35:05,COMPLETED,0,1
79KWH,8,3,FULL,03-06-2025,15:35:13,03-06-2025,15:35:19,03-06-2025,15:39:49,COMPLETED,0,1
79KWH,8,3,FULL,03-06-2025,15:39:56,03-06-2025,15:40:03,03-06-2025,15:44:29,COMPLETED,0,1
79KWH,8,2,FULL,03-06-2025,15:43:33,03-06-2025,15:46:01,03-06-2025,15:52:03,COMPLETED,0,1
79KWH,8,3,FULL,03-06-2025,15:44:34,03-06-2025,15:44:44,03-06-2025,15:49:16,COMPLETED,0,1
79KWH,8,3,FULL,03-06-2025,15:49:23,03-06-2025,15:49:30,03-06-2025,15:53:59,COMPLETED,0,1
79KWH,8,3,FULL,03-06-2025,15:54:06,03-06-2025,15:54:13,03-06-2025,15:58:47,COMPLETED,0,1
79KWH,8,3,FULL,03-06-2025,15:58:52,03-06-2025,15:59:00,03-06-2025,16:03:31,COMPLETED,0,1
79KWH,8,3,FULL,03-06-2025,16:03:38,03-06-2025,16:03:44,03-06-2025,16:08:19,COMPLETED,0,1
79KWH,8,3,FULL,03-06-2025,16:08:27,03-06-2025,16:08:34,03-06-2025,16:13:06,COMPLETED,0,1
79KWH,8,3,FULL,03-06-2025,16:13:13,03-06-2025,16:13:20,03-06-2025,16:17:57,COMPLETED,0,1
79KWH,8,3,FULL,03-06-2025,16:18:04,03-06-2025,16:18:10,03-06-2025,16:22:45,COMPLETED,0,1
79KWH,8,3,FULL,03-06-2025,16:22:52,03-06-2025,16:22:59,03-06-2025,16:26:11,COMPLETED,0,1
79KWH,8,3,FULL,03-06-2025,16:27:07,03-06-2025,16:29:16,03-06-2025,16:32:23,COMPLETED,0,1
79KWH,8,3,FULL,03-06-2025,16:32:29,03-06-2025,16:35:24,03-06-2025,16:38:35,COMPLETED,0,1
79KWH,8,3,FULL,03-06-2025,16:38:42,03-06-2025,16:38:49,03-06-2025,16:40:30,COMPLETED,0,1
79KWH,8,3,FULL,03-06-2025,16:40:37,03-06-2025,16:40:43,03-06-2025,16:42:26,COMPLETED,0,1
79KWH,8,3,FULL,03-06-2025,16:42:34,03-06-2025,16:45:29,03-06-2025,16:48:37,COMPLETED,0,1
79KWH,8,3,FULL,03-06-2025,16:48:44,03-06-2025,16:48:50,03-06-2025,16:50:33,COMPLETED,0,1
79KWH,8,3,FULL,03-06-2025,16:50:39,03-06-2025,16:50:47,03-06-2025,16:52:34,COMPLETED,0,1
79KWH,8,3,FULL,03-06-2025,16:52:41,03-06-2025,16:55:31,03-06-2025,16:58:43,COMPLETED,0,1
79KWH,8,3,FULL,03-06-2025,16:58:49,03-06-2025,16:58:57,03-06-2025,17:00:38,COMPLETED,0,1
79KWH,8,3,FULL,03-06-2025,17:00:44,03-06-2025,17:00:51,03-06-2025,17:02:34,COMPLETED,0,1
79KWH,8,3,FULL,03-06-2025,17:02:41,03-06-2025,17:05:35,03-06-2025,17:08:43,COMPLETED,0,1
79KWH,8,3,FULL,03-06-2025,17:08:50,03-06-2025,17:08:57,03-06-2025,17:10:36,COMPLETED,0,1
79KWH,8,3,FULL,03-06-2025,17:10:43,03-06-2025,17:13:31,03-06-2025,17:16:38,COMPLETED,0,1
79KWH,8,3,FULL,03-06-2025,17:16:44,03-06-2025,17:19:40,03-06-2025,17:22:50,COMPLETED,0,1
79KWH,8,3,FULL,03-06-2025,17:22:56,03-06-2025,17:23:04,03-06-2025,17:24:43,COMPLETED,0,1
79KWH,8,3,FULL,03-06-2025,17:24:50,03-06-2025,17:27:38,03-06-2025,17:30:49,COMPLETED,0,1
79KWH,8,3,FULL,03-06-2025,17:30:57,03-06-2025,17:33:49,03-06-2025,17:36:56,COMPLETED,0,1
79KWH,8,3,FULL,03-06-2025,17:37:03,03-06-2025,17:39:51,03-06-2025,17:43:02,COMPLETED,0,1
79KWH,8,2,FULL,03-06-2025,17:40:15,03-06-2025,17:40:22,03-06-2025,17:44:21,COMPLETED,0,1
79KWH,8,3,FULL,03-06-2025,17:43:10,03-06-2025,17:43:16,03-06-2025,17:44:55,COMPLETED,0,1
79KWH,8,2,FULL,03-06-2025,17:44:28,03-06-2025,17:46:15,03-06-2025,17:50:17,COMPLETED,0,1
79KWH,8,3,FULL,03-06-2025,17:45:00,03-06-2025,17:45:09,03-06-2025,17:46:49,COMPLETED,0,1
79KWH,8,3,FULL,03-06-2025,17:46:55,03-06-2025,17:49:49,03-06-2025,17:52:57,COMPLETED,0,1
79KWH,8,2,FULL,03-06-2025,17:50:23,03-06-2025,17:52:07,03-06-2025,17:56:06,COMPLETED,0,1
79KWH,8,3,FULL,03-06-2025,17:53:03,03-06-2025,17:53:10,03-06-2025,17:54:50,COMPLETED,0,1
79KWH,8,3,FULL,03-06-2025,17:54:58,03-06-2025,17:57:43,03-06-2025,18:00:49,COMPLETED,0,1
79KWH,8,2,FULL,03-06-2025,17:56:12,03-06-2025,17:58:00,03-06-2025,18:02:05,COMPLETED,0,1
79KWH,8,3,FULL,03-06-2025,18:00:55,03-06-2025,18:01:02,03-06-2025,18:02:42,COMPLETED,0,1
79KWH,8,2,FULL,03-06-2025,18:02:11,03-06-2025,18:02:19,03-06-2025,18:05:48,COMPLETED,0,1
79KWH,8,3,FULL,03-06-2025,18:02:50,03-06-2025,18:05:39,03-06-2025,18:08:43,COMPLETED,0,1
79KWH,8,2,FULL,03-06-2025,18:05:54,03-06-2025,18:06:01,03-06-2025,18:09:38,COMPLETED,0,1
79KWH,8,3,FULL,03-06-2025,18:08:49,03-06-2025,18:11:35,03-06-2025,18:14:42,COMPLETED,0,1
79KWH,8,2,FULL,03-06-2025,18:09:45,03-06-2025,18:11:32,03-06-2025,18:15:34,COMPLETED,0,1
79KWH,8,3,FULL,03-06-2025,18:14:48,03-06-2025,18:17:40,03-06-2025,18:20:44,COMPLETED,0,1
79KWH,8,2,FULL,03-06-2025,18:15:40,03-06-2025,18:17:30,03-06-2025,18:21:36,COMPLETED,0,1
79KWH,8,3,FULL,03-06-2025,18:20:51,03-06-2025,18:23:37,03-06-2025,18:26:49,COMPLETED,0,1
79KWH,8,2,FULL,03-06-2025,18:21:43,03-06-2025,18:21:50,03-06-2025,18:25:23,COMPLETED,0,1
79KWH,8,2,FULL,03-06-2025,18:25:29,03-06-2025,18:25:37,03-06-2025,18:29:17,COMPLETED,0,1
79KWH,8,3,FULL,03-06-2025,18:26:56,03-06-2025,18:29:44,03-06-2025,18:32:52,COMPLETED,0,1
79KWH,8,2,FULL,03-06-2025,18:29:23,03-06-2025,18:29:32,03-06-2025,18:33:08,COMPLETED,0,1
79KWH,8,3,FULL,03-06-2025,18:32:58,03-06-2025,18:35:43,03-06-2025,18:38:58,COMPLETED,0,1
79KWH,8,2,FULL,03-06-2025,18:33:14,03-06-2025,18:33:22,03-06-2025,18:37:08,COMPLETED,0,1
79KWH,8,2,FULL,03-06-2025,18:37:14,03-06-2025,18:37:21,03-06-2025,18:41:03,COMPLETED,0,1
79KWH,8,3,FULL,03-06-2025,18:39:03,03-06-2025,18:39:12,03-06-2025,18:40:52,COMPLETED,0,1
79KWH,8,3,FULL,03-06-2025,18:40:58,03-06-2025,18:41:06,03-06-2025,18:42:50,COMPLETED,0,1
79KWH,8,2,FULL,03-06-2025,18:41:09,03-06-2025,18:41:17,03-06-2025,18:45:05,COMPLETED,0,1
79KWH,8,3,FULL,03-06-2025,18:42:57,03-06-2025,18:43:04,03-06-2025,18:44:47,COMPLETED,0,1
79KWH,8,3,FULL,03-06-2025,18:44:54,03-06-2025,18:45:00,03-06-2025,18:46:45,COMPLETED,0,1
79KWH,8,2,FULL,03-06-2025,18:45:11,03-06-2025,18:45:19,03-06-2025,18:49:04,COMPLETED,0,1
79KWH,8,3,FULL,03-06-2025,18:46:52,03-06-2025,18:46:59,03-06-2025,18:48:42,COMPLETED,0,1
79KWH,8,3,FULL,03-06-2025,18:48:49,03-06-2025,18:48:56,03-06-2025,18:50:43,COMPLETED,0,1
79KWH,8,2,FULL,03-06-2025,18:49:09,03-06-2025,18:49:18,03-06-2025,18:53:07,COMPLETED,0,1
79KWH,8,3,FULL,03-06-2025,18:50:50,03-06-2025,18:50:57,03-06-2025,18:52:42,COMPLETED,0,1
79KWH,8,3,FULL,03-06-2025,18:52:49,03-06-2025,18:52:55,03-06-2025,18:54:46,COMPLETED,0,1
79KWH,8,2,FULL,03-06-2025,18:53:13,03-06-2025,18:53:21,03-06-2025,18:57:04,COMPLETED,0,1
79KWH,8,3,FULL,03-06-2025,18:54:52,03-06-2025,18:55:00,03-06-2025,18:56:47,COMPLETED,0,1
79KWH,8,3,FULL,03-06-2025,18:56:54,03-06-2025,18:57:01,03-06-2025,18:58:52,COMPLETED,0,1
79KWH,8,2,FULL,03-06-2025,18:57:09,03-06-2025,18:57:17,03-06-2025,19:01:06,COMPLETED,0,1
79KWH,8,3,FULL,03-06-2025,18:58:58,03-06-2025,18:59:05,03-06-2025,19:00:53,COMPLETED,0,1
79KWH,8,3,FULL,03-06-2025,19:00:59,03-06-2025,19:03:46,03-06-2025,19:07:03,COMPLETED,0,1
79KWH,8,2,FULL,03-06-2025,19:01:11,03-06-2025,19:02:51,03-06-2025,19:06:59,COMPLETED,0,1
79KWH,8,2,FULL,03-06-2025,19:07:05,03-06-2025,19:08:48,03-06-2025,19:13:06,COMPLETED,0,1
79KWH,8,3,FULL,03-06-2025,19:07:10,03-06-2025,19:09:54,03-06-2025,19:13:05,COMPLETED,0,1
79KWH,8,3,FULL,03-06-2025,19:13:11,03-06-2025,19:15:57,03-06-2025,19:19:17,COMPLETED,0,1
79KWH,8,2,FULL,03-06-2025,19:13:12,03-06-2025,19:13:20,03-06-2025,19:17:05,COMPLETED,0,1
79KWH,8,2,FULL,03-06-2025,19:17:11,03-06-2025,19:17:19,03-06-2025,19:21:11,COMPLETED,0,1
79KWH,8,3,FULL,03-06-2025,19:19:23,03-06-2025,19:19:31,03-06-2025,19:21:24,COMPLETED,0,1
79KWH,8,2,FULL,03-06-2025,19:21:17,03-06-2025,19:21:25,03-06-2025,19:25:13,COMPLETED,0,1
79KWH,8,3,FULL,03-06-2025,19:21:31,03-06-2025,19:21:38,03-06-2025,19:23:31,COMPLETED,0,1
79KWH,8,3,FULL,03-06-2025,19:23:37,03-06-2025,19:23:45,03-06-2025,19:25:38,COMPLETED,0,1
79KWH,8,2,FULL,03-06-2025,19:25:19,03-06-2025,19:26:55,03-06-2025,19:31:09,COMPLETED,0,1
79KWH,8,3,FULL,03-06-2025,19:25:45,03-06-2025,19:25:51,03-06-2025,19:27:50,COMPLETED,0,1
79KWH,8,3,FULL,03-06-2025,19:27:57,03-06-2025,19:28:03,03-06-2025,19:30:00,COMPLETED,0,1
79KWH,8,3,FULL,03-06-2025,19:30:07,03-06-2025,19:30:14,03-06-2025,19:32:16,COMPLETED,0,1
79KWH,8,2,FULL,03-06-2025,19:31:16,03-06-2025,19:32:55,03-06-2025,19:37:05,COMPLETED,0,1
79KWH,8,3,FULL,03-06-2025,19:32:22,03-06-2025,19:35:04,03-06-2025,19:56:24,COMPLETED,0,1
79KWH,8,2,FULL,03-06-2025,19:37:11,03-06-2025,19:37:19,03-06-2025,19:41:19,COMPLETED,0,1
79KWH,8,2,FULL,03-06-2025,19:41:25,03-06-2025,19:41:33,03-06-2025,19:45:25,COMPLETED,0,1
79KWH,8,2,FULL,03-06-2025,19:45:33,03-06-2025,19:45:39,03-06-2025,19:49:40,COMPLETED,0,1
79KWH,8,2,FULL,03-06-2025,19:49:47,03-06-2025,19:49:54,03-06-2025,19:53:53,COMPLETED,0,1
79KWH,8,2,FULL,03-06-2025,19:53:59,03-06-2025,19:55:36,03-06-2025,20:00:00,COMPLETED,0,1
79KWH,8,3,FULL,03-06-2025,19:56:31,03-06-2025,19:59:16,03-06-2025,20:02:40,COMPLETED,0,1
79KWH,8,2,FULL,03-06-2025,20:00:06,03-06-2025,20:00:13,03-06-2025,20:04:14,COMPLETED,0,1
79KWH,8,3,FULL,03-06-2025,20:02:47,03-06-2025,20:05:27,03-06-2025,20:08:48,COMPLETED,0,1
79KWH,8,2,FULL,03-06-2025,20:04:20,03-06-2025,20:06:06,03-06-2025,20:10:30,COMPLETED,0,1
79KWH,8,3,FULL,03-06-2025,20:08:55,03-06-2025,20:09:01,03-06-2025,20:11:07,COMPLETED,0,1
79KWH,8,2,FULL,03-06-2025,20:10:35,03-06-2025,20:12:05,03-06-2025,20:16:07,COMPLETED,0,1
79KWH,8,3,FULL,03-06-2025,20:11:14,03-06-2025,20:13:59,03-06-2025,20:17:18,COMPLETED,0,1
79KWH,8,2,FULL,03-06-2025,20:16:13,03-06-2025,20:16:20,03-06-2025,20:20:23,COMPLETED,0,1
79KWH,8,3,FULL,03-06-2025,20:17:24,03-06-2025,20:20:05,03-06-2025,20:23:25,COMPLETED,0,1
79KWH,8,2,FULL,03-06-2025,20:20:30,03-06-2025,20:20:37,03-06-2025,20:24:41,COMPLETED,0,1
79KWH,8,3,FULL,03-06-2025,20:23:32,03-06-2025,20:23:39,03-06-2025,20:25:43,COMPLETED,0,1
79KWH,8,2,FULL,03-06-2025,20:24:48,03-06-2025,20:24:55,03-06-2025,20:29:02,COMPLETED,0,1
79KWH,8,3,FULL,03-06-2025,20:25:51,03-06-2025,20:25:56,03-06-2025,20:28:07,COMPLETED,0,1
79KWH,8,3,FULL,03-06-2025,20:28:14,03-06-2025,20:30:59,03-06-2025,20:34:20,COMPLETED,0,1
79KWH,8,2,FULL,03-06-2025,20:29:09,03-06-2025,20:30:56,03-06-2025,20:35:15,COMPLETED,0,1
79KWH,8,3,FULL,03-06-2025,20:34:26,03-06-2025,20:34:34,03-06-2025,20:36:44,COMPLETED,0,1
79KWH,8,2,FULL,03-06-2025,20:35:20,03-06-2025,20:36:56,03-06-2025,20:41:19,COMPLETED,0,1
79KWH,8,3,FULL,03-06-2025,20:36:52,03-06-2025,20:36:58,03-06-2025,20:39:05,COMPLETED,0,1
79KWH,8,3,FULL,03-06-2025,20:39:13,03-06-2025,20:39:19,03-06-2025,20:41:34,COMPLETED,0,1
79KWH,8,3,FULL,03-06-2025,20:41:41,03-06-2025,20:41:48,03-06-2025,20:43:57,COMPLETED,0,1
79KWH,8,3,FULL,03-06-2025,20:44:04,03-06-2025,20:44:11,03-06-2025,20:46:26,COMPLETED,0,1
79KWH,8,3,FULL,03-06-2025,21:00:27,03-06-2025,21:00:31,03-06-2025,21:03:54,COMPLETED,0,1
79KWH,8,2,FULL,03-06-2025,21:00:37,03-06-2025,21:00:47,03-06-2025,21:04:52,COMPLETED,0,1
79KWH,8,3,FULL,03-06-2025,21:04:00,03-06-2025,21:04:07,03-06-2025,21:06:22,COMPLETED,0,1
79KWH,8,2,FULL,03-06-2025,21:04:59,03-06-2025,21:06:42,03-06-2025,21:11:06,COMPLETED,0,1
79KWH,8,3,FULL,03-06-2025,21:06:29,03-06-2025,21:09:07,03-06-2025,21:12:33,COMPLETED,0,1
79KWH,8,2,FULL,03-06-2025,21:11:11,03-06-2025,21:12:50,03-06-2025,21:17:10,COMPLETED,0,1
79KWH,8,3,FULL,03-06-2025,21:12:39,03-06-2025,21:15:23,03-06-2025,21:18:51,COMPLETED,0,1
79KWH,8,2,FULL,03-06-2025,21:17:15,03-06-2025,21:17:24,03-06-2025,21:21:35,COMPLETED,0,1
79KWH,8,3,FULL,03-06-2025,21:18:58,03-06-2025,21:21:35,03-06-2025,21:25:03,COMPLETED,0,1
79KWH,8,2,FULL,03-06-2025,21:21:41,03-06-2025,21:23:19,03-06-2025,21:27:39,COMPLETED,0,1
79KWH,8,3,FULL,03-06-2025,21:25:09,03-06-2025,21:25:16,03-06-2025,21:27:33,COMPLETED,0,1
79KWH,8,3,FULL,03-06-2025,21:27:39,03-06-2025,21:27:46,03-06-2025,21:30:04,COMPLETED,0,1
79KWH,8,2,FULL,03-06-2025,21:27:46,03-06-2025,21:29:14,03-06-2025,21:33:45,COMPLETED,0,1
79KWH,8,3,FULL,03-06-2025,21:30:11,03-06-2025,21:30:18,03-06-2025,21:32:41,COMPLETED,0,1
79KWH,8,3,FULL,03-06-2025,21:32:48,03-06-2025,21:32:55,03-06-2025,21:35:14,COMPLETED,0,1
79KWH,8,2,FULL,03-06-2025,21:33:51,03-06-2025,21:33:59,03-06-2025,21:38:13,COMPLETED,0,1
79KWH,8,3,FULL,03-06-2025,21:35:22,03-06-2025,21:35:28,03-06-2025,21:37:52,COMPLETED,0,1
79KWH,8,3,FULL,03-06-2025,21:37:59,03-06-2025,21:38:06,03-06-2025,21:40:27,COMPLETED,0,1
79KWH,8,2,FULL,03-06-2025,21:38:19,03-06-2025,21:38:27,03-06-2025,21:42:43,COMPLETED,0,1
79KWH,8,3,FULL,03-06-2025,21:40:33,03-06-2025,21:40:41,03-06-2025,21:43:07,COMPLETED,0,1
79KWH,8,2,FULL,03-06-2025,21:42:49,03-06-2025,21:42:56,03-06-2025,21:47:09,COMPLETED,0,1
79KWH,8,3,FULL,03-06-2025,21:43:14,03-06-2025,21:43:22,03-06-2025,21:45:46,COMPLETED,0,1
79KWH,8,3,FULL,03-06-2025,21:45:53,03-06-2025,21:46:00,03-06-2025,21:48:29,COMPLETED,0,1
79KWH,8,2,FULL,03-06-2025,21:47:15,03-06-2025,21:47:23,03-06-2025,21:51:44,COMPLETED,0,1
79KWH,8,3,FULL,03-06-2025,21:48:36,03-06-2025,21:51:22,03-06-2025,21:54:54,COMPLETED,0,1
79KWH,8,2,FULL,03-06-2025,21:51:50,03-06-2025,21:53:24,03-06-2025,21:57:52,COMPLETED,0,1
79KWH,8,3,FULL,03-06-2025,21:55:01,03-06-2025,21:55:08,03-06-2025,21:57:39,COMPLETED,0,1
79KWH,8,3,FULL,03-06-2025,21:57:46,03-06-2025,21:57:53,03-06-2025,22:00:21,COMPLETED,0,1
79KWH,8,2,FULL,03-06-2025,21:57:59,03-06-2025,21:59:27,03-06-2025,22:04:00,COMPLETED,0,1
79KWH,8,3,FULL,03-06-2025,22:00:27,03-06-2025,22:03:10,03-06-2025,22:06:47,COMPLETED,0,1
79KWH,8,2,FULL,03-06-2025,22:04:06,03-06-2025,22:04:14,03-06-2025,22:08:35,COMPLETED,0,1
79KWH,8,3,FULL,03-06-2025,22:06:54,03-06-2025,22:07:00,03-06-2025,22:09:29,COMPLETED,0,1
79KWH,8,2,FULL,03-06-2025,22:08:41,03-06-2025,22:08:49,03-06-2025,22:13:14,COMPLETED,0,1
79KWH,8,3,FULL,03-06-2025,22:09:35,03-06-2025,22:09:43,03-06-2025,22:12:18,COMPLETED,0,1
79KWH,8,3,FULL,03-06-2025,22:12:25,03-06-2025,22:15:13,03-06-2025,22:18:43,COMPLETED,0,1
79KWH,8,2,FULL,03-06-2025,22:13:21,03-06-2025,22:13:29,03-06-2025,22:17:52,COMPLETED,0,1
79KWH,8,2,FULL,03-06-2025,22:17:59,03-06-2025,22:18:07,03-06-2025,22:22:31,COMPLETED,0,1
79KWH,8,3,FULL,03-06-2025,22:18:49,03-06-2025,22:21:34,03-06-2025,22:25:09,COMPLETED,0,1
79KWH,8,2,FULL,03-06-2025,22:22:36,03-06-2025,22:22:45,03-06-2025,22:27:09,COMPLETED,0,1
79KWH,8,3,FULL,03-06-2025,22:25:16,03-06-2025,22:25:22,03-06-2025,22:27:59,COMPLETED,0,1
79KWH,8,2,FULL,03-06-2025,22:27:15,03-06-2025,22:27:23,03-06-2025,22:31:52,COMPLETED,0,1
79KWH,8,3,FULL,03-06-2025,22:28:06,03-06-2025,22:28:13,03-06-2025,22:30:51,COMPLETED,0,1
79KWH,8,3,FULL,03-06-2025,22:30:58,03-06-2025,22:33:46,03-06-2025,22:37:22,COMPLETED,0,1
79KWH,8,2,FULL,03-06-2025,22:31:59,03-06-2025,22:32:06,03-06-2025,22:36:33,COMPLETED,0,1
79KWH,8,3,FULL,03-06-2025,22:37:28,03-06-2025,22:40:11,03-06-2025,22:43:52,COMPLETED,0,1
79KWH,8,2,FULL,03-06-2025,22:40:14,03-06-2025,22:40:18,03-06-2025,22:44:50,COMPLETED,0,1
79KWH,8,3,FULL,03-06-2025,22:43:59,03-06-2025,22:44:06,03-06-2025,22:46:39,COMPLETED,0,1
79KWH,8,3,FULL,03-06-2025,22:46:45,03-06-2025,22:49:35,03-06-2025,22:53:18,COMPLETED,0,1
79KWH,8,2,FULL,03-06-2025,22:47:30,03-06-2025,22:48:35,03-06-2025,22:53:07,COMPLETED,0,1
79KWH,8,3,FULL,03-06-2025,22:53:25,03-06-2025,22:53:31,03-06-2025,22:56:13,COMPLETED,0,1
79KWH,8,3,FULL,03-06-2025,22:56:21,03-06-2025,22:59:02,03-06-2025,23:02:45,COMPLETED,0,1
79KWH,8,2,FULL,03-06-2025,23:01:16,03-06-2025,23:01:21,03-06-2025,23:05:55,COMPLETED,0,1
79KWH,8,3,FULL,03-06-2025,23:02:51,03-06-2025,23:02:59,03-06-2025,23:05:35,COMPLETED,0,1
79KWH,8,3,FULL,03-06-2025,23:05:41,03-06-2025,23:05:50,03-06-2025,23:08:35,COMPLETED,0,1
79KWH,8,2,FULL,03-06-2025,23:06:00,03-06-2025,23:06:08,03-06-2025,23:10:46,COMPLETED,0,1
79KWH,8,3,FULL,03-06-2025,23:08:42,03-06-2025,23:08:49,03-06-2025,23:11:29,COMPLETED,0,1
79KWH,8,2,FULL,03-06-2025,23:10:52,03-06-2025,23:10:59,03-06-2025,23:15:48,COMPLETED,0,1
79KWH,8,3,FULL,03-06-2025,23:11:36,03-06-2025,23:14:24,03-06-2025,23:18:10,COMPLETED,0,1
79KWH,8,2,FULL,03-06-2025,23:15:54,03-06-2025,23:16:02,03-06-2025,23:20:36,COMPLETED,0,1
79KWH,8,3,FULL,03-06-2025,23:18:17,03-06-2025,23:18:24,03-06-2025,23:21:07,COMPLETED,0,1
79KWH,8,2,FULL,03-06-2025,23:20:42,03-06-2025,23:20:51,03-06-2025,23:25:23,COMPLETED,0,1
79KWH,8,3,FULL,03-06-2025,23:21:13,03-06-2025,23:21:21,03-06-2025,23:24:11,COMPLETED,0,1
79KWH,8,3,FULL,03-06-2025,23:24:18,03-06-2025,23:24:24,03-06-2025,23:27:10,COMPLETED,0,1
79KWH,8,2,FULL,03-06-2025,23:25:29,03-06-2025,23:25:37,03-06-2025,23:30:12,COMPLETED,0,1
79KWH,8,3,FULL,03-06-2025,23:27:15,03-06-2025,23:27:23,03-06-2025,23:30:16,COMPLETED,0,1
79KWH,8,2,FULL,03-06-2025,23:30:19,03-06-2025,23:30:26,03-06-2025,23:33:33,COMPLETED,0,1
79KWH,8,3,FULL,03-06-2025,23:30:23,03-06-2025,23:30:30,03-06-2025,23:33:18,COMPLETED,0,1
79KWH,8,3,FULL,03-06-2025,23:33:24,03-06-2025,23:36:11,03-06-2025,23:40:00,COMPLETED,0,1
79KWH,8,2,FULL,03-06-2025,23:33:39,03-06-2025,23:36:43,03-06-2025,23:39:48,COMPLETED,0,1
79KWH,8,2,FULL,03-06-2025,23:39:53,03-06-2025,23:42:54,03-06-2025,23:46:01,COMPLETED,0,1
79KWH,8,3,FULL,03-06-2025,23:40:07,03-06-2025,23:40:14,03-06-2025,23:43:08,COMPLETED,0,1
79KWH,8,3,FULL,03-06-2025,23:43:15,03-06-2025,23:46:08,03-06-2025,23:49:58,COMPLETED,0,1
79KWH,8,2,FULL,03-06-2025,23:46:07,03-06-2025,23:46:15,03-06-2025,23:47:49,COMPLETED,0,1
79KWH,8,2,FULL,03-06-2025,23:47:55,03-06-2025,23:48:03,03-06-2025,23:49:42,COMPLETED,0,1
79KWH,8,2,FULL,03-06-2025,23:49:48,03-06-2025,23:49:56,03-06-2025,23:51:31,COMPLETED,0,1
79KWH,8,3,FULL,03-06-2025,23:50:05,03-06-2025,23:50:12,03-06-2025,23:53:05,COMPLETED,0,1
79KWH,8,2,FULL,03-06-2025,23:51:36,03-06-2025,23:54:40,03-06-2025,23:57:52,COMPLETED,0,1
79KWH,8,3,FULL,03-06-2025,23:53:12,03-06-2025,23:55:58,03-06-2025,23:59:48,COMPLETED,0,1
79KWH,8,2,FULL,03-06-2025,23:57:57,04-06-2025,02:09:03,04-06-2025,02:12:06,COMPLETED,0,1
79KWH,8,3,FULL,04-06-2025,02:09:02,04-06-2025,02:10:45,04-06-2025,02:14:28,COMPLETED,0,1
79KWH,8,2,FULL,04-06-2025,02:12:13,04-06-2025,02:15:01,04-06-2025,02:18:03,COMPLETED,0,1
79KWH,8,3,FULL,04-06-2025,02:14:36,04-06-2025,02:17:24,04-06-2025,02:21:15,COMPLETED,0,1
79KWH,8,2,FULL,04-06-2025,02:18:09,04-06-2025,02:21:03,04-06-2025,02:24:07,COMPLETED,0,1
79KWH,8,3,FULL,04-06-2025,02:21:21,04-06-2025,02:21:29,04-06-2025,02:24:27,COMPLETED,0,1
79KWH,8,2,FULL,04-06-2025,02:24:13,04-06-2025,03:19:14,04-06-2025,03:22:22,COMPLETED,0,1
79KWH,8,3,FULL,04-06-2025,02:24:33,04-06-2025,02:24:41,04-06-2025,02:27:45,COMPLETED,0,1
79KWH,8,3,FULL,04-06-2025,02:27:51,04-06-2025,02:27:59,04-06-2025,02:30:55,COMPLETED,0,1
79KWH,8,3,FULL,04-06-2025,02:31:01,04-06-2025,02:31:09,04-06-2025,02:34:15,COMPLETED,0,1
79KWH,8,3,FULL,04-06-2025,02:34:22,04-06-2025,02:37:08,04-06-2025,02:40:57,COMPLETED,0,1
79KWH,8,3,FULL,04-06-2025,02:41:03,04-06-2025,02:41:11,04-06-2025,02:44:18,COMPLETED,0,1
79KWH,8,3,FULL,04-06-2025,02:44:23,04-06-2025,02:47:17,04-06-2025,02:51:11,COMPLETED,0,1
79KWH,8,2,FULL,04-06-2025,03:22:28,04-06-2025,03:25:20,04-06-2025,03:28:24,COMPLETED,0,1
79KWH,8,3,FULL,04-06-2025,07:06:01,04-06-2025,07:06:13,04-06-2025,07:10:09,COMPLETED,0,1
79KWH,8,2,FULL,04-06-2025,07:06:14,04-06-2025,07:06:22,04-06-2025,07:08:01,COMPLETED,0,1
79KWH,8,2,FULL,04-06-2025,07:08:14,04-06-2025,07:08:15,04-06-2025,07:09:51,COMPLETED,0,1
79KWH,8,2,FULL,04-06-2025,07:10:12,04-06-2025,07:10:19,04-06-2025,07:11:58,COMPLETED,0,1
79KWH,8,3,FULL,04-06-2025,07:10:16,04-06-2025,07:10:23,04-06-2025,07:13:26,COMPLETED,0,1
79KWH,8,2,FULL,04-06-2025,07:12:14,04-06-2025,07:12:25,04-06-2025,07:14:01,COMPLETED,0,1
79KWH,8,3,FULL,04-06-2025,07:13:33,04-06-2025,07:13:40,04-06-2025,07:16:52,COMPLETED,0,1
79KWH,8,2,FULL,04-06-2025,07:14:17,04-06-2025,07:14:30,04-06-2025,07:16:09,COMPLETED,0,1
79KWH,8,2,FULL,04-06-2025,07:16:16,04-06-2025,07:16:23,04-06-2025,07:17:58,COMPLETED,0,1
79KWH,8,3,FULL,04-06-2025,07:16:59,04-06-2025,07:17:06,04-06-2025,07:20:11,COMPLETED,0,1
79KWH,8,2,FULL,04-06-2025,07:18:15,04-06-2025,07:20:55,04-06-2025,07:24:03,COMPLETED,0,1
79KWH,8,3,FULL,04-06-2025,07:20:17,04-06-2025,07:23:01,04-06-2025,07:26:57,COMPLETED,0,1
79KWH,8,2,FULL,04-06-2025,07:24:09,04-06-2025,07:27:07,04-06-2025,07:30:09,COMPLETED,0,1
79KWH,8,3,FULL,04-06-2025,07:27:05,04-06-2025,07:27:11,04-06-2025,07:30:23,COMPLETED,0,1
79KWH,8,2,FULL,04-06-2025,07:30:16,04-06-2025,07:30:24,04-06-2025,07:32:04,COMPLETED,0,1
79KWH,8,3,FULL,04-06-2025,07:30:30,04-06-2025,07:33:09,04-06-2025,07:37:07,COMPLETED,0,1
79KWH,8,2,FULL,04-06-2025,07:32:10,04-06-2025,07:32:18,04-06-2025,07:33:53,COMPLETED,0,1
79KWH,8,2,FULL,04-06-2025,07:33:58,04-06-2025,07:34:07,04-06-2025,07:35:47,COMPLETED,0,1
79KWH,8,2,FULL,04-06-2025,07:35:52,04-06-2025,07:36:01,04-06-2025,07:37:36,COMPLETED,0,1
79KWH,8,3,FULL,04-06-2025,07:37:15,04-06-2025,07:37:21,04-06-2025,07:40:32,COMPLETED,0,1
79KWH,8,2,FULL,04-06-2025,07:37:43,04-06-2025,07:37:50,04-06-2025,07:39:28,COMPLETED,0,1
79KWH,8,2,FULL,04-06-2025,07:39:34,04-06-2025,07:39:42,04-06-2025,07:41:17,COMPLETED,0,1
79KWH,8,3,FULL,04-06-2025,07:40:38,04-06-2025,07:43:23,04-06-2025,07:47:23,COMPLETED,0,1
79KWH,8,2,FULL,04-06-2025,07:41:24,04-06-2025,07:44:26,04-06-2025,07:47:34,COMPLETED,0,1
79KWH,8,3,FULL,04-06-2025,07:47:30,04-06-2025,07:47:36,04-06-2025,07:50:47,COMPLETED,0,1
79KWH,8,2,FULL,04-06-2025,07:47:39,04-06-2025,07:50:27,04-06-2025,07:53:31,COMPLETED,0,1
79KWH,8,3,FULL,04-06-2025,07:50:53,04-06-2025,07:53:31,04-06-2025,07:57:32,COMPLETED,0,1
79KWH,8,2,FULL,04-06-2025,07:53:37,04-06-2025,07:53:44,04-06-2025,07:55:23,COMPLETED,0,1
79KWH,8,2,FULL,04-06-2025,07:55:29,04-06-2025,07:55:37,04-06-2025,07:57:13,COMPLETED,0,1
79KWH,8,2,FULL,04-06-2025,07:57:18,04-06-2025,07:57:26,04-06-2025,07:59:07,COMPLETED,0,1
79KWH,8,3,FULL,04-06-2025,07:57:38,04-06-2025,07:57:45,04-06-2025,08:00:59,COMPLETED,0,1
79KWH,8,2,FULL,04-06-2025,07:59:14,04-06-2025,08:02:05,04-06-2025,08:05:09,COMPLETED,0,1
79KWH,8,3,FULL,04-06-2025,08:01:05,04-06-2025,08:03:50,04-06-2025,08:07:52,COMPLETED,0,1
79KWH,8,2,FULL,04-06-2025,08:05:14,04-06-2025,08:07:56,04-06-2025,08:11:05,COMPLETED,0,1
79KWH,8,3,FULL,04-06-2025,08:07:59,04-06-2025,08:08:05,04-06-2025,08:11:19,COMPLETED,0,1
79KWH,8,2,FULL,04-06-2025,08:11:11,04-06-2025,08:11:19,04-06-2025,08:12:56,COMPLETED,0,1
79KWH,8,3,FULL,04-06-2025,08:11:25,04-06-2025,08:14:06,04-06-2025,08:18:10,COMPLETED,0,1
79KWH,8,2,FULL,04-06-2025,08:13:02,04-06-2025,08:13:10,04-06-2025,08:14:53,COMPLETED,0,1
79KWH,8,2,FULL,04-06-2025,08:15:00,04-06-2025,08:15:07,04-06-2025,08:16:51,COMPLETED,0,1
79KWH,8,2,FULL,04-06-2025,08:16:56,04-06-2025,08:17:04,04-06-2025,08:18:49,COMPLETED,0,1
79KWH,8,3,FULL,04-06-2025,08:18:18,04-06-2025,08:18:24,04-06-2025,08:21:42,COMPLETED,0,1
79KWH,8,2,FULL,04-06-2025,08:18:55,04-06-2025,08:19:02,04-06-2025,08:20:44,COMPLETED,0,1
79KWH,8,2,FULL,04-06-2025,08:20:50,04-06-2025,08:20:58,04-06-2025,08:22:42,COMPLETED,0,1
79KWH,8,3,FULL,04-06-2025,08:21:49,04-06-2025,08:24:35,04-06-2025,08:28:38,COMPLETED,0,1
79KWH,8,2,FULL,04-06-2025,08:22:47,04-06-2025,08:22:56,04-06-2025,08:24:39,COMPLETED,0,1
79KWH,8,2,FULL,04-06-2025,08:24:44,04-06-2025,08:24:53,04-06-2025,08:26:41,COMPLETED,0,1
79KWH,8,2,FULL,04-06-2025,08:26:46,04-06-2025,08:26:55,04-06-2025,08:28:39,COMPLETED,0,1
79KWH,8,2,FULL,04-06-2025,08:28:45,04-06-2025,08:28:53,04-06-2025,08:30:43,COMPLETED,0,1
79KWH,8,3,FULL,04-06-2025,08:28:45,04-06-2025,08:28:51,04-06-2025,08:32:11,COMPLETED,0,1
79KWH,8,2,FULL,04-06-2025,08:30:50,04-06-2025,08:30:58,04-06-2025,08:32:42,COMPLETED,0,1
79KWH,8,3,FULL,04-06-2025,08:32:17,04-06-2025,08:32:25,04-06-2025,08:35:53,COMPLETED,0,1
79KWH,8,2,FULL,04-06-2025,08:32:48,04-06-2025,08:32:57,04-06-2025,08:34:47,COMPLETED,0,1
79KWH,8,2,FULL,04-06-2025,08:34:53,04-06-2025,08:35:00,04-06-2025,08:36:48,COMPLETED,0,1
79KWH,8,3,FULL,04-06-2025,08:36:00,04-06-2025,08:36:06,04-06-2025,09:17:33,COMPLETED,0,1
79KWH,8,2,FULL,04-06-2025,08:36:55,04-06-2025,08:37:02,04-06-2025,08:38:55,COMPLETED,0,1
79KWH,8,2,FULL,04-06-2025,08:39:02,04-06-2025,08:39:09,04-06-2025,08:40:59,COMPLETED,0,1
79KWH,8,2,FULL,04-06-2025,08:41:06,04-06-2025,08:43:48,04-06-2025,08:47:05,COMPLETED,0,1
79KWH,8,2,FULL,04-06-2025,08:47:11,04-06-2025,08:47:19,04-06-2025,08:49:12,COMPLETED,0,1
79KWH,8,2,FULL,04-06-2025,08:49:18,04-06-2025,08:51:56,04-06-2025,08:55:15,COMPLETED,0,1
79KWH,8,2,FULL,04-06-2025,08:55:22,04-06-2025,08:55:29,04-06-2025,08:57:24,COMPLETED,0,1
79KWH,8,2,FULL,04-06-2025,08:57:30,04-06-2025,08:57:38,04-06-2025,08:59:39,COMPLETED,0,1
79KWH,8,2,FULL,04-06-2025,08:59:45,04-06-2025,08:59:54,04-06-2025,09:01:49,COMPLETED,0,1
79KWH,8,2,FULL,04-06-2025,09:01:55,04-06-2025,09:02:03,04-06-2025,09:04:03,COMPLETED,0,1
79KWH,8,2,FULL,04-06-2025,09:04:09,04-06-2025,09:04:16,04-06-2025,09:06:15,COMPLETED,0,1
79KWH,8,2,FULL,04-06-2025,09:06:22,04-06-2025,09:06:30,04-06-2025,09:08:33,COMPLETED,0,1
79KWH,8,2,FULL,04-06-2025,09:08:39,04-06-2025,09:08:47,04-06-2025,09:10:46,COMPLETED,0,1
79KWH,8,2,FULL,04-06-2025,09:10:52,04-06-2025,09:11:00,04-06-2025,09:13:04,COMPLETED,0,1
79KWH,8,2,FULL,04-06-2025,09:13:11,04-06-2025,09:13:18,04-06-2025,09:15:22,COMPLETED,0,1
79KWH,8,2,FULL,04-06-2025,09:15:28,04-06-2025,09:15:35,04-06-2025,09:17:41,COMPLETED,0,1
79KWH,8,3,FULL,04-06-2025,09:17:39,04-06-2025,09:20:18,04-06-2025,09:24:24,COMPLETED,0,1
79KWH,8,2,FULL,04-06-2025,09:17:48,04-06-2025,09:20:23,04-06-2025,09:23:40,COMPLETED,0,1
79KWH,8,2,FULL,04-06-2025,09:23:46,04-06-2025,09:26:44,04-06-2025,09:30:08,COMPLETED,0,1
79KWH,8,3,FULL,04-06-2025,09:24:32,04-06-2025,09:24:38,04-06-2025,09:28:00,COMPLETED,0,1
79KWH,8,3,FULL,04-06-2025,09:28:07,04-06-2025,09:30:51,04-06-2025,09:34:57,COMPLETED,0,1
79KWH,8,2,FULL,04-06-2025,09:30:14,04-06-2025,09:32:44,04-06-2025,09:36:05,COMPLETED,0,1
79KWH,8,3,FULL,04-06-2025,09:35:05,04-06-2025,09:35:11,04-06-2025,09:48:30,COMPLETED,0,1
79KWH,8,2,FULL,04-06-2025,09:36:10,04-06-2025,09:38:39,04-06-2025,09:42:04,COMPLETED,0,1
79KWH,8,2,FULL,04-06-2025,09:42:11,04-06-2025,09:44:40,04-06-2025,09:48:02,COMPLETED,0,1
79KWH,8,2,FULL,04-06-2025,09:48:09,04-06-2025,09:50:35,04-06-2025,09:54:00,COMPLETED,0,1
79KWH,8,3,FULL,04-06-2025,09:48:37,04-06-2025,09:51:16,04-06-2025,09:55:24,COMPLETED,0,1
79KWH,8,2,FULL,04-06-2025,09:54:07,04-06-2025,09:56:38,04-06-2025,10:00:00,COMPLETED,0,1
79KWH,8,3,FULL,04-06-2025,09:55:30,04-06-2025,09:55:37,04-06-2025,09:59:07,COMPLETED,0,1
79KWH,8,3,FULL,04-06-2025,09:59:14,04-06-2025,09:59:21,04-06-2025,10:02:52,COMPLETED,0,1
79KWH,8,2,FULL,04-06-2025,10:00:06,04-06-2025,10:02:32,04-06-2025,10:05:59,COMPLETED,0,1
79KWH,8,3,FULL,04-06-2025,10:02:58,04-06-2025,10:05:46,04-06-2025,10:09:51,COMPLETED,0,1
79KWH,8,2,FULL,04-06-2025,10:06:06,04-06-2025,10:08:32,04-06-2025,10:11:55,COMPLETED,0,1
79KWH,8,3,FULL,04-06-2025,10:09:59,04-06-2025,10:10:05,04-06-2025,10:13:42,COMPLETED,0,1
79KWH,8,2,FULL,04-06-2025,10:12:01,04-06-2025,10:14:31,04-06-2025,10:17:58,COMPLETED,0,1
79KWH,8,3,FULL,04-06-2025,10:13:48,04-06-2025,10:13:56,04-06-2025,10:17:30,COMPLETED,0,1
79KWH,8,3,FULL,04-06-2025,10:17:36,04-06-2025,10:17:44,04-06-2025,10:21:21,COMPLETED,0,1
79KWH,8,2,FULL,04-06-2025,10:18:04,04-06-2025,10:20:34,04-06-2025,10:23:59,COMPLETED,0,1
79KWH,8,3,FULL,04-06-2025,10:21:27,04-06-2025,10:21:35,04-06-2025,10:25:12,COMPLETED,0,1
79KWH,8,2,FULL,04-06-2025,10:24:04,04-06-2025,10:27:27,04-06-2025,10:30:57,COMPLETED,0,1
79KWH,8,3,FULL,04-06-2025,10:25:18,04-06-2025,10:25:26,04-06-2025,10:29:06,COMPLETED,0,1
79KWH,8,3,FULL,04-06-2025,10:29:12,04-06-2025,10:29:20,04-06-2025,10:32:53,COMPLETED,0,1
79KWH,8,2,FULL,04-06-2025,10:31:03,04-06-2025,10:33:32,04-06-2025,10:36:57,COMPLETED,0,1
79KWH,8,3,FULL,04-06-2025,10:32:59,04-06-2025,10:35:42,04-06-2025,10:39:54,COMPLETED,0,1
79KWH,8,2,FULL,04-06-2025,10:37:04,04-06-2025,10:39:26,04-06-2025,10:42:56,COMPLETED,0,1
79KWH,8,3,FULL,04-06-2025,10:40:01,04-06-2025,10:40:08,04-06-2025,10:43:45,COMPLETED,0,1
79KWH,8,2,FULL,04-06-2025,10:43:02,04-06-2025,10:43:10,04-06-2025,10:45:29,COMPLETED,0,1
79KWH,8,3,FULL,04-06-2025,10:43:52,04-06-2025,10:46:40,04-06-2025,10:50:53,COMPLETED,0,1
79KWH,8,2,FULL,04-06-2025,10:45:35,04-06-2025,10:48:01,04-06-2025,10:51:44,COMPLETED,0,1
79KWH,8,3,FULL,04-06-2025,10:50:58,04-06-2025,10:51:06,04-06-2025,10:54:48,COMPLETED,0,1
79KWH,8,2,FULL,04-06-2025,10:51:49,04-06-2025,10:54:09,04-06-2025,10:57:36,COMPLETED,0,1
79KWH,8,3,FULL,04-06-2025,10:54:53,04-06-2025,10:55:01,04-06-2025,10:58:48,COMPLETED,0,1
79KWH,8,2,FULL,04-06-2025,10:57:43,04-06-2025,11:00:06,04-06-2025,11:03:39,COMPLETED,0,1
79KWH,8,3,FULL,04-06-2025,10:58:56,04-06-2025,10:59:02,04-06-2025,11:39:41,COMPLETED,0,1
79KWH,8,2,FULL,04-06-2025,11:03:46,04-06-2025,11:03:53,04-06-2025,11:06:16,COMPLETED,0,1
79KWH,8,2,FULL,04-06-2025,11:06:21,04-06-2025,11:06:29,04-06-2025,11:08:54,COMPLETED,0,1
79KWH,8,2,FULL,04-06-2025,11:09:01,04-06-2025,11:09:08,04-06-2025,11:11:31,COMPLETED,0,1
79KWH,8,2,FULL,04-06-2025,11:11:38,04-06-2025,11:11:45,04-06-2025,11:14:15,COMPLETED,0,1
79KWH,8,2,FULL,04-06-2025,11:14:20,04-06-2025,11:14:29,04-06-2025,11:16:54,COMPLETED,0,1
79KWH,8,2,FULL,04-06-2025,11:16:59,04-06-2025,11:17:08,04-06-2025,11:19:38,COMPLETED,0,1
79KWH,8,2,FULL,04-06-2025,11:19:44,04-06-2025,11:19:52,04-06-2025,11:22:21,COMPLETED,0,1
79KWH,8,2,FULL,04-06-2025,11:22:27,04-06-2025,11:22:35,04-06-2025,11:25:08,COMPLETED,0,1
79KWH,8,2,FULL,04-06-2025,11:25:13,04-06-2025,11:27:32,04-06-2025,11:31:04,COMPLETED,0,1
79KWH,8,2,FULL,04-06-2025,11:31:10,04-06-2025,11:33:39,04-06-2025,11:37:15,COMPLETED,0,1
79KWH,8,2,FULL,04-06-2025,11:37:21,04-06-2025,11:39:46,04-06-2025,11:43:18,COMPLETED,0,1
79KWH,8,3,FULL,04-06-2025,11:39:47,04-06-2025,11:39:54,04-06-2025,11:43:43,COMPLETED,0,1
79KWH,8,2,FULL,04-06-2025,11:43:24,04-06-2025,11:45:54,04-06-2025,11:49:31,COMPLETED,0,1
79KWH,8,3,FULL,04-06-2025,11:43:48,04-06-2025,11:43:57,04-06-2025,11:47:41,COMPLETED,0,1
79KWH,8,3,FULL,04-06-2025,11:47:48,04-06-2025,11:47:55,04-06-2025,11:51:45,COMPLETED,0,1
79KWH,8,2,FULL,04-06-2025,11:49:37,04-06-2025,11:51:50,04-06-2025,11:55:23,COMPLETED,0,1
79KWH,8,3,FULL,04-06-2025,11:51:51,04-06-2025,11:51:59,04-06-2025,11:55:42,COMPLETED,0,1
79KWH,8,2,FULL,04-06-2025,11:55:28,04-06-2025,11:57:45,04-06-2025,12:01:23,COMPLETED,0,1
79KWH,8,3,FULL,04-06-2025,11:55:48,04-06-2025,11:58:34,04-06-2025,12:02:51,COMPLETED,0,1
79KWH,8,2,FULL,04-06-2025,12:01:29,04-06-2025,12:03:49,04-06-2025,12:07:25,COMPLETED,0,1
79KWH,8,3,FULL,04-06-2025,12:02:58,04-06-2025,12:03:05,04-06-2025,13:04:08,COMPLETED,0,1
79KWH,8,2,FULL,04-06-2025,12:07:31,04-06-2025,12:11:45,04-06-2025,12:15:27,COMPLETED,0,1
79KWH,8,2,FULL,04-06-2025,12:15:33,04-06-2025,12:17:56,04-06-2025,12:21:37,COMPLETED,0,1
79KWH,8,2,FULL,04-06-2025,12:21:42,04-06-2025,12:23:52,04-06-2025,12:27:34,COMPLETED,0,1
79KWH,8,2,FULL,04-06-2025,12:27:39,04-06-2025,12:29:51,04-06-2025,12:33:29,COMPLETED,0,1
79KWH,8,2,FULL,04-06-2025,12:33:36,04-06-2025,12:35:19,04-06-2025,12:38:24,COMPLETED,0,1
79KWH,8,2,FULL,04-06-2025,12:38:30,04-06-2025,12:40:41,04-06-2025,12:44:19,COMPLETED,0,1
79KWH,8,2,FULL,04-06-2025,12:44:26,04-06-2025,12:48:38,04-06-2025,12:52:22,COMPLETED,0,1
79KWH,8,2,FULL,04-06-2025,12:52:29,04-06-2025,12:56:43,04-06-2025,13:00:21,COMPLETED,0,1
79KWH,8,2,FULL,04-06-2025,13:00:26,04-06-2025,13:02:34,04-06-2025,13:06:19,COMPLETED,0,1
79KWH,8,3,FULL,04-06-2025,13:04:15,04-06-2025,13:04:22,04-06-2025,13:07:09,COMPLETED,0,1
79KWH,8,2,FULL,04-06-2025,13:06:25,04-06-2025,13:08:34,04-06-2025,13:12:15,COMPLETED,0,1
79KWH,8,3,FULL,04-06-2025,13:07:16,04-06-2025,13:07:23,04-06-2025,13:11:14,COMPLETED,0,1
79KWH,8,3,FULL,04-06-2025,13:11:20,04-06-2025,13:11:28,04-06-2025,13:15:23,COMPLETED,0,1
79KWH,8,2,FULL,04-06-2025,13:12:21,04-06-2025,13:14:24,04-06-2025,13:18:09,COMPLETED,0,1
79KWH,8,3,FULL,04-06-2025,13:15:28,04-06-2025,13:15:36,04-06-2025,13:19:26,COMPLETED,0,1
79KWH,8,2,FULL,04-06-2025,13:18:16,04-06-2025,13:20:22,04-06-2025,13:24:04,COMPLETED,0,1
79KWH,8,3,FULL,04-06-2025,13:19:33,04-06-2025,13:22:25,04-06-2025,13:26:46,COMPLETED,0,1
79KWH,8,2,FULL,04-06-2025,13:24:10,04-06-2025,13:28:31,04-06-2025,13:32:19,COMPLETED,0,1
79KWH,8,3,FULL,04-06-2025,13:26:51,04-06-2025,13:27:00,04-06-2025,13:30:54,COMPLETED,0,1
79KWH,8,3,FULL,04-06-2025,13:31:01,04-06-2025,13:31:08,04-06-2025,13:35:08,COMPLETED,0,1
79KWH,8,2,FULL,04-06-2025,13:32:25,04-06-2025,13:36:19,04-06-2025,13:40:04,COMPLETED,0,1
79KWH,8,3,FULL,04-06-2025,13:35:15,04-06-2025,13:35:22,04-06-2025,13:39:15,COMPLETED,0,1
79KWH,8,3,FULL,04-06-2025,13:39:22,04-06-2025,13:42:14,04-06-2025,13:46:44,COMPLETED,0,1
79KWH,8,3,FULL,04-06-2025,13:46:50,04-06-2025,13:46:58,04-06-2025,13:50:53,COMPLETED,0,1
79KWH,8,2,FULL,04-06-2025,14:21:14,04-06-2025,14:21:21,04-06-2025,14:25:11,COMPLETED,0,1
79KWH,8,3,FULL,04-06-2025,14:21:23,04-06-2025,14:21:43,04-06-2025,14:26:05,COMPLETED,0,1
79KWH,8,2,FULL,04-06-2025,14:25:18,04-06-2025,14:27:18,04-06-2025,14:31:01,COMPLETED,0,1
79KWH,8,3,FULL,04-06-2025,14:26:12,04-06-2025,14:26:19,04-06-2025,14:30:17,COMPLETED,0,1
79KWH,8,3,FULL,04-06-2025,14:30:23,04-06-2025,14:33:07,04-06-2025,14:37:30,COMPLETED,0,1
79KWH,8,2,FULL,04-06-2025,14:31:07,04-06-2025,14:33:12,04-06-2025,14:36:59,COMPLETED,0,1
79KWH,8,2,FULL,04-06-2025,14:37:05,04-06-2025,14:37:13,04-06-2025,14:40:13,COMPLETED,0,1
79KWH,8,3,FULL,04-06-2025,14:37:36,04-06-2025,14:37:43,04-06-2025,14:41:46,COMPLETED,0,1
79KWH,8,2,FULL,04-06-2025,14:40:20,04-06-2025,14:40:28,04-06-2025,14:43:28,COMPLETED,0,1
79KWH,8,3,FULL,04-06-2025,14:41:54,04-06-2025,14:42:00,04-06-2025,14:46:07,COMPLETED,0,1
79KWH,8,2,FULL,04-06-2025,14:43:33,04-06-2025,14:45:33,04-06-2025,14:49:22,COMPLETED,0,1
79KWH,8,2,FULL,04-06-2025,14:49:28,04-06-2025,14:51:31,04-06-2025,14:55:23,COMPLETED,0,1
79KWH,8,2,FULL,04-06-2025,14:55:28,04-06-2025,14:59:10,04-06-2025,15:03:00,COMPLETED,0,1
79KWH,8,3,FULL,04-06-2025,15:02:43,04-06-2025,15:21:03,04-06-2025,15:25:20,COMPLETED,0,1
79KWH,8,2,FULL,04-06-2025,15:03:05,04-06-2025,15:03:14,04-06-2025,15:06:19,COMPLETED,0,1
79KWH,8,2,FULL,04-06-2025,15:06:25,04-06-2025,15:06:33,04-06-2025,15:09:34,COMPLETED,0,1
79KWH,8,2,FULL,04-06-2025,15:09:40,04-06-2025,15:09:47,04-06-2025,15:12:55,COMPLETED,0,1
79KWH,8,2,FULL,04-06-2025,15:13:02,04-06-2025,15:13:10,04-06-2025,15:16:17,COMPLETED,0,1
79KWH,8,2,FULL,04-06-2025,15:16:23,04-06-2025,15:20:18,04-06-2025,15:24:12,COMPLETED,0,1
79KWH,8,2,FULL,04-06-2025,15:24:18,04-06-2025,15:28:03,04-06-2025,15:31:51,COMPLETED,0,1
79KWH,8,3,FULL,04-06-2025,15:25:27,04-06-2025,15:27:20,04-06-2025,15:31:00,COMPLETED,0,1
79KWH,8,3,FULL,04-06-2025,15:31:06,04-06-2025,15:31:13,04-06-2025,15:35:19,COMPLETED,0,1
79KWH,8,2,FULL,04-06-2025,15:31:56,04-06-2025,15:35:48,04-06-2025,15:39:42,COMPLETED,0,1
79KWH,8,3,FULL,04-06-2025,15:35:25,04-06-2025,15:35:33,04-06-2025,15:39:44,COMPLETED,0,1
79KWH,8,2,FULL,04-06-2025,15:39:48,04-06-2025,15:43:35,04-06-2025,15:47:26,COMPLETED,0,1
79KWH,8,3,FULL,04-06-2025,15:39:51,04-06-2025,15:39:58,04-06-2025,15:44:09,COMPLETED,0,1
79KWH,8,3,FULL,04-06-2025,15:44:15,04-06-2025,15:46:57,04-06-2025,15:51:23,COMPLETED,0,1
79KWH,8,2,FULL,04-06-2025,15:47:32,04-06-2025,15:51:21,04-06-2025,15:55:17,COMPLETED,0,1
79KWH,8,3,FULL,04-06-2025,15:51:30,04-06-2025,15:51:36,04-06-2025,15:55:43,COMPLETED,0,1
79KWH,8,2,FULL,04-06-2025,15:55:22,04-06-2025,15:59:24,04-06-2025,16:03:16,COMPLETED,0,1
79KWH,8,3,FULL,04-06-2025,15:55:49,04-06-2025,15:58:32,04-06-2025,16:03:01,COMPLETED,0,1
79KWH,8,3,FULL,04-06-2025,16:03:07,04-06-2025,16:03:15,04-06-2025,16:07:26,COMPLETED,0,1
79KWH,8,2,FULL,04-06-2025,16:03:22,04-06-2025,16:07:07,04-06-2025,16:11:04,COMPLETED,0,1
79KWH,8,3,FULL,04-06-2025,16:07:33,04-06-2025,16:10:21,04-06-2025,16:14:51,COMPLETED,0,1
79KWH,8,2,FULL,04-06-2025,16:11:11,04-06-2025,16:14:53,04-06-2025,16:18:49,COMPLETED,0,1
79KWH,8,3,FULL,04-06-2025,16:14:59,04-06-2025,16:15:05,04-06-2025,16:19:17,COMPLETED,0,1
79KWH,8,2,FULL,04-06-2025,16:18:55,04-06-2025,16:22:38,04-06-2025,16:26:38,COMPLETED,0,1
79KWH,8,3,FULL,04-06-2025,16:19:22,04-06-2025,16:22:10,04-06-2025,16:26:42,COMPLETED,0,1
79KWH,8,2,FULL,04-06-2025,16:26:44,04-06-2025,16:26:52,04-06-2025,16:30:06,COMPLETED,0,1
79KWH,8,3,FULL,04-06-2025,16:26:47,04-06-2025,16:26:55,04-06-2025,16:31:09,COMPLETED,0,1
79KWH,8,2,FULL,04-06-2025,16:30:11,04-06-2025,16:33:58,04-06-2025,16:38:01,COMPLETED,0,1
79KWH,8,3,FULL,04-06-2025,16:31:16,04-06-2025,16:34:04,04-06-2025,16:38:35,COMPLETED,0,1
79KWH,8,2,FULL,04-06-2025,16:38:07,04-06-2025,16:41:51,04-06-2025,16:45:45,COMPLETED,0,1
79KWH,8,3,FULL,04-06-2025,16:38:43,04-06-2025,16:38:50,04-06-2025,16:43:06,COMPLETED,0,1
79KWH,8,3,FULL,04-06-2025,16:43:12,04-06-2025,16:45:56,04-06-2025,16:50:29,COMPLETED,0,1
79KWH,8,2,FULL,04-06-2025,16:45:51,04-06-2025,16:49:36,04-06-2025,16:53:35,COMPLETED,0,1
79KWH,8,3,FULL,04-06-2025,16:50:36,04-06-2025,16:50:42,04-06-2025,16:55:00,COMPLETED,0,1
79KWH,8,2,FULL,04-06-2025,16:53:40,04-06-2025,16:53:49,04-06-2025,16:57:06,COMPLETED,0,1
79KWH,8,3,FULL,04-06-2025,16:55:07,04-06-2025,16:57:55,04-06-2025,17:02:30,COMPLETED,0,1
79KWH,8,2,FULL,04-06-2025,16:57:12,04-06-2025,16:57:19,04-06-2025,17:00:42,COMPLETED,0,1
79KWH,8,2,FULL,04-06-2025,17:00:48,04-06-2025,17:04:33,04-06-2025,17:08:27,COMPLETED,0,1
79KWH,8,3,FULL,04-06-2025,17:02:36,04-06-2025,17:02:43,04-06-2025,17:15:59,COMPLETED,0,1
79KWH,8,2,FULL,04-06-2025,17:08:33,04-06-2025,17:12:35,04-06-2025,17:16:41,COMPLETED,0,1
79KWH,8,3,FULL,04-06-2025,17:16:05,04-06-2025,17:18:53,04-06-2025,17:23:26,COMPLETED,0,1
79KWH,8,2,FULL,04-06-2025,17:16:47,04-06-2025,17:20:25,04-06-2025,17:24:23,COMPLETED,0,1
79KWH,8,3,FULL,04-06-2025,17:23:33,04-06-2025,17:23:40,04-06-2025,17:28:00,COMPLETED,0,1
79KWH,8,2,FULL,04-06-2025,17:24:30,04-06-2025,17:28:11,04-06-2025,17:32:13,COMPLETED,0,1
79KWH,8,3,FULL,04-06-2025,17:28:06,04-06-2025,17:31:00,04-06-2025,17:35:36,COMPLETED,0,1
79KWH,8,2,FULL,04-06-2025,17:32:19,04-06-2025,17:36:03,04-06-2025,17:40:01,COMPLETED,0,1
79KWH,8,3,FULL,04-06-2025,17:35:42,04-06-2025,17:35:51,04-06-2025,17:42:13,COMPLETED,0,1
79KWH,8,2,FULL,04-06-2025,17:40:08,04-06-2025,17:43:48,04-06-2025,17:47:50,COMPLETED,0,1
79KWH,8,3,FULL,04-06-2025,17:42:20,04-06-2025,17:45:02,04-06-2025,17:49:39,COMPLETED,0,1
79KWH,8,3,FULL,04-06-2025,17:49:45,04-06-2025,17:49:53,04-06-2025,17:54:18,COMPLETED,0,1
79KWH,8,3,FULL,04-06-2025,17:54:24,04-06-2025,17:57:14,04-06-2025,18:01:52,COMPLETED,0,1
79KWH,8,3,FULL,04-06-2025,18:01:59,04-06-2025,18:02:06,04-06-2025,18:06:35,COMPLETED,0,1
79KWH,8,3,FULL,04-06-2025,18:06:42,04-06-2025,18:09:30,04-06-2025,18:14:08,COMPLETED,0,1
79KWH,8,2,FULL,04-06-2025,18:57:21,04-06-2025,18:57:27,04-06-2025,19:01:26,COMPLETED,0,1
79KWH,8,3,FULL,04-06-2025,18:57:32,04-06-2025,18:57:57,04-06-2025,19:02:30,COMPLETED,0,1
79KWH,8,2,FULL,04-06-2025,19:01:33,04-06-2025,19:05:04,04-06-2025,19:09:07,COMPLETED,0,1
79KWH,8,1,FULL,04-06-2025,19:02:35,04-06-2025,19:04:44,04-06-2025,19:07:48,COMPLETED,0,1
79KWH,8,3,FULL,04-06-2025,19:02:36,04-06-2025,19:05:15,04-06-2025,19:08:29,COMPLETED,0,1
79KWH,8,1,FULL,04-06-2025,19:07:54,05-06-2025,01:36:12,05-06-2025,01:39:22,COMPLETED,0,1
79KWH,8,3,FULL,04-06-2025,19:08:36,04-06-2025,19:08:43,04-06-2025,19:10:24,COMPLETED,0,1
79KWH,8,2,FULL,04-06-2025,19:09:13,04-06-2025,19:12:40,04-06-2025,19:16:40,COMPLETED,0,1
79KWH,8,3,FULL,04-06-2025,19:10:31,04-06-2025,19:10:38,04-06-2025,19:12:20,COMPLETED,0,1
79KWH,8,3,FULL,04-06-2025,19:12:28,04-06-2025,19:12:34,04-06-2025,19:14:12,COMPLETED,0,1
79KWH,8,3,FULL,04-06-2025,19:14:18,04-06-2025,19:14:25,04-06-2025,19:16:07,COMPLETED,0,1
79KWH,8,3,FULL,04-06-2025,19:16:13,04-06-2025,19:16:21,04-06-2025,19:17:59,COMPLETED,0,1
79KWH,8,2,FULL,04-06-2025,19:16:45,04-06-2025,19:16:53,04-06-2025,19:20:23,COMPLETED,0,1
79KWH,8,3,FULL,04-06-2025,19:18:06,04-06-2025,19:18:12,04-06-2025,19:39:07,COMPLETED,0,1
79KWH,8,2,FULL,04-06-2025,19:20:29,04-06-2025,19:20:37,04-06-2025,19:24:03,COMPLETED,0,1
79KWH,8,2,FULL,04-06-2025,19:24:09,04-06-2025,19:24:17,04-06-2025,19:27:49,COMPLETED,0,1
79KWH,8,2,FULL,04-06-2025,19:27:56,04-06-2025,19:31:30,04-06-2025,19:35:32,COMPLETED,0,1
79KWH,8,2,FULL,04-06-2025,19:35:37,04-06-2025,19:37:41,04-06-2025,19:41:47,COMPLETED,0,1
79KWH,8,3,FULL,04-06-2025,19:39:14,04-06-2025,19:39:20,04-06-2025,19:40:58,COMPLETED,0,1
79KWH,8,3,FULL,04-06-2025,19:41:04,04-06-2025,19:44:01,04-06-2025,19:47:12,COMPLETED,0,1
79KWH,8,2,FULL,04-06-2025,19:41:53,04-06-2025,19:42:01,04-06-2025,19:45:35,COMPLETED,0,1
79KWH,8,2,FULL,04-06-2025,19:45:41,04-06-2025,19:45:50,04-06-2025,19:49:30,COMPLETED,0,1
79KWH,8,3,FULL,04-06-2025,19:47:20,04-06-2025,19:47:26,04-06-2025,19:49:06,COMPLETED,0,1
79KWH,8,3,FULL,04-06-2025,19:49:12,04-06-2025,19:49:19,04-06-2025,19:51:02,COMPLETED,0,1
79KWH,8,2,FULL,04-06-2025,19:49:37,04-06-2025,19:49:44,04-06-2025,19:53:22,COMPLETED,0,1
79KWH,8,3,FULL,04-06-2025,19:51:10,04-06-2025,19:51:16,04-06-2025,19:52:56,COMPLETED,0,1
79KWH,8,3,FULL,04-06-2025,19:53:03,04-06-2025,19:53:09,04-06-2025,19:54:53,COMPLETED,0,1
79KWH,8,2,FULL,04-06-2025,19:53:29,04-06-2025,19:53:36,04-06-2025,19:57:16,COMPLETED,0,1
79KWH,8,3,FULL,04-06-2025,19:55:00,04-06-2025,19:55:07,04-06-2025,19:56:46,COMPLETED,0,1
79KWH,8,3,FULL,04-06-2025,19:56:53,04-06-2025,19:57:00,04-06-2025,19:58:43,COMPLETED,0,1
79KWH,8,2,FULL,04-06-2025,19:57:21,04-06-2025,19:57:30,04-06-2025,20:01:05,COMPLETED,0,1
79KWH,8,3,FULL,04-06-2025,19:58:50,04-06-2025,19:58:57,04-06-2025,20:00:35,COMPLETED,0,1
79KWH,8,3,FULL,04-06-2025,20:00:41,04-06-2025,20:00:49,04-06-2025,20:02:31,COMPLETED,0,1
79KWH,8,2,FULL,04-06-2025,20:01:10,04-06-2025,20:03:18,04-06-2025,20:07:27,COMPLETED,0,1
79KWH,8,3,FULL,04-06-2025,20:02:36,04-06-2025,20:02:44,04-06-2025,20:04:22,COMPLETED,0,1
79KWH,8,3,FULL,04-06-2025,20:04:29,04-06-2025,20:07:24,04-06-2025,20:10:35,COMPLETED,0,1
79KWH,8,2,FULL,04-06-2025,20:07:33,04-06-2025,20:09:35,04-06-2025,20:13:39,COMPLETED,0,1
79KWH,8,3,FULL,04-06-2025,20:10:41,04-06-2025,20:13:29,04-06-2025,20:16:38,COMPLETED,0,1
79KWH,8,2,FULL,04-06-2025,20:13:46,04-06-2025,20:13:53,04-06-2025,20:17:39,COMPLETED,0,1
79KWH,8,3,FULL,04-06-2025,20:16:44,04-06-2025,20:16:52,04-06-2025,20:18:35,COMPLETED,0,1
79KWH,8,2,FULL,04-06-2025,20:17:45,04-06-2025,20:17:55,04-06-2025,20:21:34,COMPLETED,0,1
79KWH,8,3,FULL,04-06-2025,20:18:41,04-06-2025,20:18:48,04-06-2025,20:20:26,COMPLETED,0,1
79KWH,8,3,FULL,04-06-2025,20:20:32,04-06-2025,20:20:40,04-06-2025,20:22:24,COMPLETED,0,1
79KWH,8,2,FULL,04-06-2025,20:21:40,04-06-2025,20:21:48,04-06-2025,20:25:38,COMPLETED,0,1
79KWH,8,3,FULL,04-06-2025,20:22:31,04-06-2025,20:22:38,04-06-2025,20:24:16,COMPLETED,0,1
79KWH,8,3,FULL,04-06-2025,20:24:22,04-06-2025,20:24:29,04-06-2025,20:26:14,COMPLETED,0,1
79KWH,8,2,FULL,04-06-2025,20:25:43,04-06-2025,20:25:52,04-06-2025,20:29:37,COMPLETED,0,1
79KWH,8,3,FULL,04-06-2025,20:26:19,04-06-2025,20:26:27,04-06-2025,20:28:06,COMPLETED,0,1
79KWH,8,3,FULL,04-06-2025,20:28:12,04-06-2025,20:28:20,04-06-2025,20:30:03,COMPLETED,0,1
79KWH,8,2,FULL,04-06-2025,20:29:43,04-06-2025,20:31:49,04-06-2025,20:36:02,COMPLETED,0,1
79KWH,8,3,FULL,04-06-2025,20:30:10,04-06-2025,20:30:17,04-06-2025,20:31:56,COMPLETED,0,1
79KWH,8,3,FULL,04-06-2025,20:32:03,04-06-2025,20:32:10,04-06-2025,20:33:52,COMPLETED,0,1
79KWH,8,3,FULL,04-06-2025,20:34:00,04-06-2025,20:34:06,04-06-2025,20:35:45,COMPLETED,0,1
79KWH,8,3,FULL,04-06-2025,20:35:50,04-06-2025,20:35:59,04-06-2025,20:37:41,COMPLETED,0,1
79KWH,8,2,FULL,04-06-2025,20:36:08,04-06-2025,20:36:16,04-06-2025,20:40:04,COMPLETED,0,1
79KWH,8,3,FULL,04-06-2025,20:37:48,04-06-2025,20:37:55,04-06-2025,20:39:33,COMPLETED,0,1
79KWH,8,3,FULL,04-06-2025,20:39:39,04-06-2025,20:39:46,04-06-2025,20:41:32,COMPLETED,0,1
79KWH,8,3,FULL,04-06-2025,20:51:23,04-06-2025,20:53:24,04-06-2025,20:56:34,COMPLETED,0,1
79KWH,8,2,FULL,04-06-2025,20:51:34,04-06-2025,20:51:35,04-06-2025,20:55:25,COMPLETED,0,1
79KWH,8,2,FULL,04-06-2025,20:55:30,04-06-2025,20:55:40,04-06-2025,20:59:28,COMPLETED,0,1
79KWH,8,3,FULL,04-06-2025,20:56:41,04-06-2025,20:59:24,04-06-2025,21:02:38,COMPLETED,0,1
79KWH,8,2,FULL,04-06-2025,20:59:33,04-06-2025,21:01:35,04-06-2025,21:05:54,COMPLETED,0,1
79KWH,8,3,FULL,04-06-2025,21:02:45,04-06-2025,21:02:52,04-06-2025,21:04:34,COMPLETED,0,1
79KWH,8,3,FULL,04-06-2025,21:04:40,04-06-2025,21:04:47,04-06-2025,21:06:33,COMPLETED,0,1
79KWH,8,2,FULL,04-06-2025,21:06:00,04-06-2025,21:08:04,04-06-2025,21:12:18,COMPLETED,0,1
79KWH,8,3,FULL,04-06-2025,21:16:25,04-06-2025,21:16:25,04-06-2025,21:16:25,COMPLETED,0,1
79KWH,8,2,FULL,04-06-2025,21:12:24,04-06-2025,21:12:32,04-06-2025,21:16:25,COMPLETED,0,1
79KWH,8,2,FULL,04-06-2025,21:16:31,04-06-2025,21:16:39,04-06-2025,21:20:27,COMPLETED,0,1
79KWH,8,2,FULL,04-06-2025,21:20:34,04-06-2025,21:20:41,04-06-2025,21:24:34,COMPLETED,0,1
79KWH,8,2,FULL,04-06-2025,21:24:40,04-06-2025,21:32:05,04-06-2025,21:36:18,COMPLETED,0,1
79KWH,8,2,FULL,04-06-2025,21:36:24,04-06-2025,21:36:32,04-06-2025,21:40:33,COMPLETED,0,1
79KWH,8,2,FULL,04-06-2025,21:40:39,04-06-2025,21:40:48,04-06-2025,21:44:45,COMPLETED,0,1
79KWH,8,2,FULL,04-06-2025,21:44:51,04-06-2025,21:44:59,04-06-2025,21:49:02,COMPLETED,0,1
79KWH,8,2,FULL,04-06-2025,21:49:08,04-06-2025,21:49:15,04-06-2025,21:53:14,COMPLETED,0,1
79KWH,8,2,FULL,04-06-2025,21:53:19,04-06-2025,21:53:28,04-06-2025,21:57:33,COMPLETED,0,1
79KWH,8,2,FULL,04-06-2025,21:57:40,04-06-2025,21:59:46,04-06-2025,22:04:06,COMPLETED,0,1
79KWH,8,2,FULL,04-06-2025,22:04:13,04-06-2025,22:06:12,04-06-2025,22:10:35,COMPLETED,0,1
79KWH,8,2,FULL,04-06-2025,22:10:41,04-06-2025,22:10:48,04-06-2025,22:14:52,COMPLETED,0,1
79KWH,8,2,FULL,04-06-2025,22:14:57,04-06-2025,22:15:06,04-06-2025,22:19:14,COMPLETED,0,1
79KWH,8,2,FULL,04-06-2025,22:19:21,04-06-2025,22:21:25,04-06-2025,22:25:42,COMPLETED,0,1
79KWH,8,2,FULL,04-06-2025,22:25:49,04-06-2025,22:27:47,04-06-2025,22:32:13,COMPLETED,0,1
79KWH,8,2,FULL,04-06-2025,22:32:20,04-06-2025,22:34:23,04-06-2025,22:38:43,COMPLETED,0,1
79KWH,8,2,FULL,04-06-2025,22:38:50,04-06-2025,22:38:57,04-06-2025,22:44:55,COMPLETED,0,1
79KWH,8,2,FULL,04-06-2025,22:45:01,04-06-2025,22:48:55,04-06-2025,22:53:15,COMPLETED,0,1
79KWH,8,2,FULL,04-06-2025,22:53:21,04-06-2025,22:57:10,04-06-2025,23:01:39,COMPLETED,0,1
79KWH,8,2,FULL,04-06-2025,23:01:45,04-06-2025,23:05:30,04-06-2025,23:09:54,COMPLETED,0,1
79KWH,8,2,FULL,04-06-2025,23:09:59,04-06-2025,23:14:05,04-06-2025,23:18:31,COMPLETED,0,1
79KWH,8,2,FULL,04-06-2025,23:18:38,04-06-2025,23:22:21,04-06-2025,23:26:43,COMPLETED,0,1
79KWH,8,1,FULL,05-06-2025,01:39:27,05-06-2025,01:42:21,05-06-2025,01:45:25,COMPLETED,0,1
79KWH,8,1,FULL,05-06-2025,01:45:29,05-06-2025,01:48:29,05-06-2025,01:51:37,COMPLETED,0,1
79KWH,8,1,FULL,05-06-2025,01:51:43,05-06-2025,01:51:52,05-06-2025,01:53:28,COMPLETED,0,1
79KWH,8,1,FULL,05-06-2025,01:53:33,05-06-2025,01:56:26,05-06-2025,01:59:35,COMPLETED,0,1
79KWH,8,1,FULL,05-06-2025,06:29:16,05-06-2025,06:30:52,05-06-2025,06:34:01,COMPLETED,0,1
79KWH,8,2,FULL,05-06-2025,06:29:44,05-06-2025,06:30:21,05-06-2025,06:34:49,COMPLETED,0,1
79KWH,8,1,FULL,05-06-2025,06:34:06,05-06-2025,06:36:54,05-06-2025,06:40:02,COMPLETED,0,1
79KWH,8,2,FULL,05-06-2025,06:34:56,05-06-2025,06:38:25,05-06-2025,06:42:49,COMPLETED,0,1
79KWH,8,2,FULL,05-06-2025,06:42:54,05-06-2025,06:43:03,05-06-2025,06:47:23,COMPLETED,0,1
79KWH,8,2,FULL,05-06-2025,06:47:29,05-06-2025,06:47:37,05-06-2025,06:51:48,COMPLETED,0,1
79KWH,8,2,FULL,05-06-2025,06:51:53,05-06-2025,06:52:02,05-06-2025,06:56:24,COMPLETED,0,1
79KWH,8,2,FULL,05-06-2025,06:56:30,05-06-2025,06:56:38,05-06-2025,07:00:56,COMPLETED,0,1
79KWH,8,2,FULL,05-06-2025,07:01:02,05-06-2025,07:04:27,05-06-2025,07:08:59,COMPLETED,0,1
79KWH,8,2,FULL,05-06-2025,07:09:05,05-06-2025,07:09:13,05-06-2025,07:13:33,COMPLETED,0,1
79KWH,8,2,FULL,05-06-2025,07:13:39,05-06-2025,07:17:11,05-06-2025,07:21:45,COMPLETED,0,1
79KWH,8,2,FULL,05-06-2025,07:21:52,05-06-2025,07:25:22,05-06-2025,09:49:20,COMPLETED,0,1
79KWH,8,3,FULL,05-06-2025,09:38:49,05-06-2025,09:40:37,05-06-2025,09:43:52,COMPLETED,0,1
79KWH,8,3,FULL,05-06-2025,09:44:04,05-06-2025,09:44:05,05-06-2025,09:45:58,COMPLETED,0,1
79KWH,8,3,FULL,05-06-2025,09:46:04,05-06-2025,09:46:11,05-06-2025,09:47:59,COMPLETED,0,1
79KWH,8,3,FULL,05-06-2025,09:48:06,05-06-2025,09:48:12,05-06-2025,09:50:00,COMPLETED,0,1
79KWH,8,2,FULL,05-06-2025,09:49:26,05-06-2025,09:52:21,05-06-2025,09:56:03,COMPLETED,0,1
79KWH,8,3,FULL,05-06-2025,09:50:05,05-06-2025,09:50:13,05-06-2025,09:52:08,COMPLETED,0,1
79KWH,8,3,FULL,05-06-2025,09:52:13,05-06-2025,09:52:21,05-06-2025,09:54:11,COMPLETED,0,1
79KWH,8,3,FULL,05-06-2025,09:55:04,05-06-2025,09:57:09,05-06-2025,10:00:27,COMPLETED,0,1
79KWH,8,2,FULL,05-06-2025,09:56:09,05-06-2025,09:56:18,05-06-2025,09:59:40,COMPLETED,0,1
79KWH,8,2,FULL,05-06-2025,09:59:47,05-06-2025,10:05:00,05-06-2025,10:08:32,COMPLETED,0,1
79KWH,8,3,FULL,05-06-2025,10:00:33,05-06-2025,10:00:41,05-06-2025,10:02:33,COMPLETED,0,1
79KWH,8,3,FULL,05-06-2025,10:02:41,05-06-2025,10:05:25,05-06-2025,10:08:43,COMPLETED,0,1
79KWH,8,2,FULL,05-06-2025,10:08:37,05-06-2025,10:11:26,05-06-2025,10:14:53,COMPLETED,0,1
79KWH,8,3,FULL,05-06-2025,10:08:49,05-06-2025,10:08:57,05-06-2025,10:10:51,COMPLETED,0,1
79KWH,8,3,FULL,05-06-2025,10:10:57,05-06-2025,10:11:05,05-06-2025,10:13:07,COMPLETED,0,1
79KWH,8,3,FULL,05-06-2025,10:13:14,05-06-2025,10:13:21,05-06-2025,10:15:18,COMPLETED,0,1
79KWH,8,2,FULL,05-06-2025,10:15:00,05-06-2025,10:17:44,05-06-2025,10:21:16,COMPLETED,0,1
79KWH,8,3,FULL,05-06-2025,10:15:25,05-06-2025,10:15:32,05-06-2025,10:17:31,COMPLETED,0,1
79KWH,8,3,FULL,05-06-2025,10:17:37,05-06-2025,10:20:05,05-06-2025,10:23:25,COMPLETED,0,1
79KWH,8,2,FULL,05-06-2025,10:21:23,05-06-2025,10:21:30,05-06-2025,10:24:54,COMPLETED,0,1
79KWH,8,3,FULL,05-06-2025,10:23:32,05-06-2025,10:23:39,05-06-2025,10:25:44,COMPLETED,0,1
79KWH,8,2,FULL,05-06-2025,10:25:01,05-06-2025,10:25:08,05-06-2025,10:28:38,COMPLETED,0,1
79KWH,8,3,FULL,05-06-2025,10:25:51,05-06-2025,10:25:58,05-06-2025,10:27:46,COMPLETED,0,1
79KWH,8,3,FULL,05-06-2025,10:27:53,05-06-2025,10:27:59,05-06-2025,10:29:51,COMPLETED,0,1
79KWH,8,2,FULL,05-06-2025,10:28:44,05-06-2025,10:28:52,05-06-2025,10:32:20,COMPLETED,0,1
79KWH,8,3,FULL,05-06-2025,10:29:56,05-06-2025,10:30:04,05-06-2025,10:31:54,COMPLETED,0,1
79KWH,8,3,FULL,05-06-2025,10:32:00,05-06-2025,10:32:08,05-06-2025,10:34:01,COMPLETED,0,1
79KWH,8,2,FULL,05-06-2025,10:32:27,05-06-2025,10:35:15,05-06-2025,11:49:22,COMPLETED,0,1
79KWH,8,3,FULL,05-06-2025,10:34:08,05-06-2025,10:34:15,05-06-2025,10:36:05,COMPLETED,0,1
79KWH,8,3,FULL,05-06-2025,10:36:12,05-06-2025,10:36:19,05-06-2025,10:38:14,COMPLETED,0,1
79KWH,8,1,FULL,05-06-2025,10:36:57,05-06-2025,10:38:05,05-06-2025,10:40:37,COMPLETED,0,1
79KWH,8,3,FULL,05-06-2025,10:38:20,05-06-2025,10:38:27,05-06-2025,10:40:19,COMPLETED,0,1
79KWH,8,3,FULL,05-06-2025,10:40:26,05-06-2025,10:40:33,05-06-2025,10:42:29,COMPLETED,0,1
79KWH,8,1,FULL,05-06-2025,10:40:42,05-06-2025,10:40:51,05-06-2025,10:42:32,COMPLETED,0,1
79KWH,8,3,FULL,05-06-2025,10:42:36,05-06-2025,10:42:43,05-06-2025,10:46:49,COMPLETED,0,1
79KWH,8,1,FULL,05-06-2025,10:42:37,05-06-2025,10:44:52,05-06-2025,10:47:21,COMPLETED,0,1
79KWH,8,3,FULL,05-06-2025,10:46:56,05-06-2025,10:49:03,05-06-2025,10:51:49,COMPLETED,0,1
79KWH,8,1,FULL,05-06-2025,10:47:26,05-06-2025,10:47:35,05-06-2025,10:49:16,COMPLETED,0,1
79KWH,8,1,FULL,05-06-2025,10:49:22,05-06-2025,10:51:41,05-06-2025,10:54:12,COMPLETED,0,1
79KWH,8,3,FULL,05-06-2025,10:51:56,05-06-2025,10:52:03,05-06-2025,10:53:57,COMPLETED,0,1
79KWH,8,3,FULL,05-06-2025,10:54:04,05-06-2025,10:54:11,05-06-2025,10:56:10,COMPLETED,0,1
79KWH,8,1,FULL,05-06-2025,10:54:18,05-06-2025,10:56:33,05-06-2025,10:59:08,COMPLETED,0,1
79KWH,8,3,FULL,05-06-2025,10:56:17,05-06-2025,10:56:23,05-06-2025,10:58:19,COMPLETED,0,1
79KWH,8,3,FULL,05-06-2025,10:58:25,05-06-2025,11:00:28,05-06-2025,11:03:16,COMPLETED,0,1
79KWH,8,1,FULL,05-06-2025,10:59:13,05-06-2025,10:59:21,05-06-2025,11:00:55,COMPLETED,0,1
79KWH,8,1,FULL,05-06-2025,11:01:00,05-06-2025,11:01:09,05-06-2025,11:02:49,COMPLETED,0,1
79KWH,8,1,FULL,05-06-2025,11:02:55,05-06-2025,11:03:03,05-06-2025,11:04:38,COMPLETED,0,1
79KWH,8,3,FULL,05-06-2025,11:03:24,05-06-2025,11:03:30,05-06-2025,11:05:27,COMPLETED,0,1
79KWH,8,1,FULL,05-06-2025,11:04:43,05-06-2025,11:15:12,05-06-2025,11:17:47,COMPLETED,0,1
79KWH,8,3,FULL,05-06-2025,11:05:34,05-06-2025,11:05:41,05-06-2025,11:07:43,COMPLETED,0,1
79KWH,8,3,FULL,05-06-2025,11:07:49,05-06-2025,11:07:56,05-06-2025,11:09:57,COMPLETED,0,1
79KWH,8,3,FULL,05-06-2025,11:10:04,05-06-2025,11:10:10,05-06-2025,11:12:13,COMPLETED,0,1
79KWH,8,3,FULL,05-06-2025,11:12:20,05-06-2025,11:14:31,05-06-2025,11:17:17,COMPLETED,0,1
79KWH,8,3,FULL,05-06-2025,11:17:23,05-06-2025,11:19:30,05-06-2025,11:22:21,COMPLETED,0,1
79KWH,8,1,FULL,05-06-2025,11:17:52,05-06-2025,11:18:01,05-06-2025,11:19:36,COMPLETED,0,1
79KWH,8,1,FULL,05-06-2025,11:19:41,05-06-2025,11:21:54,05-06-2025,11:24:29,COMPLETED,0,1
79KWH,8,3,FULL,05-06-2025,11:22:28,05-06-2025,11:22:34,05-06-2025,11:24:35,COMPLETED,0,1
79KWH,8,1,FULL,05-06-2025,11:24:34,05-06-2025,11:24:43,05-06-2025,11:26:18,COMPLETED,0,1
79KWH,8,3,FULL,05-06-2025,11:24:42,05-06-2025,11:24:49,05-06-2025,11:26:53,COMPLETED,0,1
79KWH,8,1,FULL,05-06-2025,11:26:23,05-06-2025,11:26:31,05-06-2025,11:28:12,COMPLETED,0,1
79KWH,8,3,FULL,05-06-2025,11:26:59,05-06-2025,11:27:07,05-06-2025,11:29:09,COMPLETED,0,1
79KWH,8,1,FULL,05-06-2025,11:28:17,05-06-2025,11:30:34,05-06-2025,11:33:05,COMPLETED,0,1
79KWH,8,3,FULL,05-06-2025,11:29:16,05-06-2025,11:29:23,05-06-2025,11:31:28,COMPLETED,0,1
79KWH,8,3,FULL,05-06-2025,11:31:34,05-06-2025,11:31:42,05-06-2025,11:33:46,COMPLETED,0,1
79KWH,8,1,FULL,05-06-2025,11:33:10,05-06-2025,11:33:19,05-06-2025,11:35:01,COMPLETED,0,1
79KWH,8,3,FULL,05-06-2025,11:33:53,05-06-2025,11:34:01,05-06-2025,11:36:12,COMPLETED,0,1
79KWH,8,1,FULL,05-06-2025,11:35:06,05-06-2025,11:35:15,05-06-2025,11:36:51,COMPLETED,0,1
79KWH,8,3,FULL,05-06-2025,11:36:17,05-06-2025,11:36:25,05-06-2025,11:38:29,COMPLETED,0,1
79KWH,8,1,FULL,05-06-2025,11:36:56,05-06-2025,11:37:05,05-06-2025,11:38:47,COMPLETED,0,1
79KWH,8,3,FULL,05-06-2025,11:38:34,05-06-2025,11:40:42,05-06-2025,11:43:33,COMPLETED,0,1
79KWH,8,1,FULL,05-06-2025,11:38:52,05-06-2025,11:39:01,05-06-2025,11:40:40,COMPLETED,0,1
79KWH,8,1,FULL,05-06-2025,11:40:45,05-06-2025,11:40:54,05-06-2025,11:42:36,COMPLETED,0,1
79KWH,8,1,FULL,05-06-2025,11:42:41,05-06-2025,11:42:49,05-06-2025,11:44:27,COMPLETED,0,1
79KWH,8,3,FULL,05-06-2025,11:43:41,05-06-2025,11:43:47,05-06-2025,11:45:53,COMPLETED,0,1
79KWH,8,1,FULL,05-06-2025,11:44:31,05-06-2025,11:44:40,05-06-2025,11:46:24,COMPLETED,0,1
79KWH,8,3,FULL,05-06-2025,11:46:00,05-06-2025,11:46:07,05-06-2025,11:48:18,COMPLETED,0,1
79KWH,8,1,FULL,05-06-2025,11:46:28,05-06-2025,11:46:38,05-06-2025,11:48:17,COMPLETED,0,1
79KWH,8,1,FULL,05-06-2025,11:48:21,05-06-2025,11:48:30,05-06-2025,11:50:17,COMPLETED,0,1
79KWH,8,3,FULL,05-06-2025,11:48:26,05-06-2025,11:48:32,05-06-2025,11:50:39,COMPLETED,0,1
79KWH,8,2,FULL,05-06-2025,11:49:27,05-06-2025,11:49:42,05-06-2025,11:51:22,COMPLETED,0,1
79KWH,8,1,FULL,05-06-2025,11:50:21,05-06-2025,11:50:31,05-06-2025,11:52:11,COMPLETED,0,1
79KWH,8,3,FULL,05-06-2025,11:50:47,05-06-2025,11:50:53,05-06-2025,11:53:06,COMPLETED,0,1
79KWH,8,2,FULL,05-06-2025,11:51:29,05-06-2025,11:53:54,05-06-2025,11:56:23,COMPLETED,0,1
79KWH,8,1,FULL,05-06-2025,11:52:16,05-06-2025,11:52:25,05-06-2025,11:54:13,COMPLETED,0,1
79KWH,8,3,FULL,05-06-2025,11:53:12,05-06-2025,11:53:20,05-06-2025,11:55:25,COMPLETED,0,1
79KWH,8,1,FULL,05-06-2025,11:54:17,05-06-2025,11:56:26,05-06-2025,11:59:02,COMPLETED,0,1
79KWH,8,3,FULL,05-06-2025,11:55:31,05-06-2025,11:55:39,05-06-2025,11:57:49,COMPLETED,0,1
79KWH,8,2,FULL,05-06-2025,11:56:30,05-06-2025,11:58:59,05-06-2025,12:01:33,COMPLETED,0,1
79KWH,8,3,FULL,05-06-2025,11:57:55,05-06-2025,11:58:02,05-06-2025,12:00:12,COMPLETED,0,1
79KWH,8,1,FULL,05-06-2025,11:59:07,05-06-2025,12:01:21,05-06-2025,12:04:02,COMPLETED,0,1
79KWH,8,3,FULL,05-06-2025,12:00:18,05-06-2025,12:00:26,05-06-2025,12:02:39,COMPLETED,0,1
79KWH,8,2,FULL,05-06-2025,12:01:38,05-06-2025,12:03:23,05-06-2025,12:21:11,COMPLETED,0,1
79KWH,8,3,FULL,05-06-2025,12:02:46,05-06-2025,12:02:53,05-06-2025,12:05:08,COMPLETED,0,1
79KWH,8,1,FULL,05-06-2025,12:04:07,05-06-2025,12:04:16,05-06-2025,12:06:00,COMPLETED,0,1
79KWH,8,3,FULL,05-06-2025,12:05:14,05-06-2025,12:05:21,05-06-2025,12:07:37,COMPLETED,0,1
79KWH,8,1,FULL,05-06-2025,12:06:05,05-06-2025,12:06:14,05-06-2025,12:08:04,COMPLETED,0,1
79KWH,8,3,FULL,05-06-2025,12:07:44,05-06-2025,12:07:50,05-06-2025,12:10:03,COMPLETED,0,1
79KWH,8,1,FULL,05-06-2025,12:08:10,05-06-2025,12:08:18,05-06-2025,12:10:04,COMPLETED,0,1
79KWH,8,3,FULL,05-06-2025,12:10:09,05-06-2025,12:10:17,05-06-2025,12:12:33,COMPLETED,0,1
79KWH,8,1,FULL,05-06-2025,12:10:10,05-06-2025,12:10:19,05-06-2025,12:12:09,COMPLETED,0,1
79KWH,8,1,FULL,05-06-2025,12:12:14,05-06-2025,12:12:23,05-06-2025,12:14:09,COMPLETED,0,1
79KWH,8,3,FULL,05-06-2025,12:12:39,05-06-2025,12:12:47,05-06-2025,12:15:01,COMPLETED,0,1
79KWH,8,1,FULL,05-06-2025,12:14:14,05-06-2025,12:14:23,05-06-2025,12:16:16,COMPLETED,0,1
79KWH,8,3,FULL,05-06-2025,12:15:07,05-06-2025,12:15:15,05-06-2025,12:17:32,COMPLETED,0,1
79KWH,8,1,FULL,05-06-2025,12:16:20,05-06-2025,12:16:29,05-06-2025,12:18:17,COMPLETED,0,1
79KWH,8,3,FULL,05-06-2025,12:17:39,05-06-2025,12:17:46,05-06-2025,12:20:00,COMPLETED,0,1
79KWH,8,1,FULL,05-06-2025,12:18:22,05-06-2025,12:18:31,05-06-2025,12:20:24,COMPLETED,0,1
79KWH,8,3,FULL,05-06-2025,12:20:07,05-06-2025,12:20:13,05-06-2025,12:22:32,COMPLETED,0,1
79KWH,8,1,FULL,05-06-2025,12:20:29,05-06-2025,12:20:37,05-06-2025,12:22:26,COMPLETED,0,1
79KWH,8,1,FULL,05-06-2025,12:22:32,05-06-2025,12:22:41,05-06-2025,12:24:36,COMPLETED,0,1
79KWH,8,3,FULL,05-06-2025,12:22:39,05-06-2025,12:22:46,05-06-2025,12:26:42,COMPLETED,0,1
79KWH,8,1,FULL,05-06-2025,12:24:41,05-06-2025,12:24:50,05-06-2025,12:26:40,COMPLETED,0,1
79KWH,8,1,FULL,05-06-2025,12:26:45,05-06-2025,12:26:54,05-06-2025,12:28:50,COMPLETED,0,1
79KWH,8,3,FULL,05-06-2025,12:26:48,05-06-2025,12:28:41,05-06-2025,12:31:42,COMPLETED,0,1
79KWH,8,1,FULL,05-06-2025,12:28:56,05-06-2025,12:29:05,05-06-2025,12:30:57,COMPLETED,0,1
79KWH,8,1,FULL,05-06-2025,12:31:01,05-06-2025,12:31:10,05-06-2025,12:34:01,COMPLETED,0,1
79KWH,8,3,FULL,05-06-2025,12:31:48,05-06-2025,12:31:56,05-06-2025,12:34:14,COMPLETED,0,1
79KWH,8,1,FULL,05-06-2025,12:34:06,05-06-2025,12:34:15,05-06-2025,12:36:08,COMPLETED,0,1
79KWH,8,3,FULL,05-06-2025,12:34:21,05-06-2025,12:36:17,05-06-2025,12:39:17,COMPLETED,0,1
79KWH,8,1,FULL,05-06-2025,12:36:13,05-06-2025,12:36:22,05-06-2025,12:38:21,COMPLETED,0,1
79KWH,8,1,FULL,05-06-2025,12:38:26,05-06-2025,12:38:35,05-06-2025,12:40:28,COMPLETED,0,1
79KWH,8,3,FULL,05-06-2025,12:39:23,05-06-2025,12:39:31,05-06-2025,12:41:55,COMPLETED,0,1
79KWH,8,1,FULL,05-06-2025,12:40:33,05-06-2025,12:40:41,05-06-2025,12:42:42,COMPLETED,0,1
79KWH,8,3,FULL,05-06-2025,12:42:02,05-06-2025,12:42:08,05-06-2025,12:44:33,COMPLETED,0,1
79KWH,8,1,FULL,05-06-2025,12:44:37,05-06-2025,12:45:12,05-06-2025,12:47:55,COMPLETED,0,1
79KWH,8,3,FULL,05-06-2025,12:44:39,05-06-2025,12:44:47,05-06-2025,12:47:07,COMPLETED,0,1
79KWH,8,2,FULL,05-06-2025,12:46:13,05-06-2025,12:46:26,05-06-2025,12:49:33,COMPLETED,0,1
79KWH,8,3,FULL,05-06-2025,12:47:15,05-06-2025,12:47:21,05-06-2025,12:49:46,COMPLETED,0,1
79KWH,8,1,FULL,05-06-2025,12:47:59,05-06-2025,12:50:16,05-06-2025,12:53:03,COMPLETED,0,1
79KWH,8,2,FULL,05-06-2025,12:49:40,05-06-2025,12:49:47,05-06-2025,12:51:22,COMPLETED,0,1
79KWH,8,3,FULL,05-06-2025,12:49:53,05-06-2025,12:50:01,05-06-2025,12:52:22,COMPLETED,0,1
79KWH,8,2,FULL,05-06-2025,12:51:28,05-06-2025,12:51:36,05-06-2025,12:53:15,COMPLETED,0,1
79KWH,8,3,FULL,05-06-2025,12:52:28,05-06-2025,12:52:35,05-06-2025,12:55:02,COMPLETED,0,1
79KWH,8,1,FULL,05-06-2025,12:53:08,05-06-2025,12:53:17,05-06-2025,12:55:13,COMPLETED,0,1
79KWH,8,2,FULL,05-06-2025,12:54:31,05-06-2025,12:54:40,05-06-2025,12:56:14,COMPLETED,0,1
79KWH,8,3,FULL,05-06-2025,12:55:08,05-06-2025,12:55:16,05-06-2025,12:57:40,COMPLETED,0,1
79KWH,8,1,FULL,05-06-2025,12:55:18,05-06-2025,12:55:26,05-06-2025,12:57:28,COMPLETED,0,1
79KWH,8,2,FULL,05-06-2025,12:57:26,05-06-2025,12:57:39,05-06-2025,12:59:18,COMPLETED,0,1
79KWH,8,1,FULL,05-06-2025,12:57:33,05-06-2025,12:57:42,05-06-2025,12:59:40,COMPLETED,0,1
79KWH,8,3,FULL,05-06-2025,12:57:47,05-06-2025,12:57:54,05-06-2025,13:00:20,COMPLETED,0,1
79KWH,8,1,FULL,05-06-2025,12:59:45,05-06-2025,12:59:54,05-06-2025,13:01:58,COMPLETED,0,1
79KWH,8,3,FULL,05-06-2025,13:00:28,05-06-2025,13:00:34,05-06-2025,13:08:16,COMPLETED,0,1
79KWH,8,2,FULL,05-06-2025,13:00:30,05-06-2025,13:00:42,05-06-2025,13:02:17,COMPLETED,0,1
79KWH,8,1,FULL,05-06-2025,13:02:04,05-06-2025,13:02:12,05-06-2025,13:04:11,COMPLETED,0,1
79KWH,8,2,FULL,05-06-2025,13:03:29,05-06-2025,13:03:41,05-06-2025,13:05:20,COMPLETED,0,1
79KWH,8,1,FULL,05-06-2025,13:04:16,05-06-2025,13:04:25,05-06-2025,13:06:32,COMPLETED,0,1
79KWH,8,2,FULL,05-06-2025,13:06:33,05-06-2025,13:06:45,05-06-2025,13:08:19,COMPLETED,0,1
79KWH,8,1,FULL,05-06-2025,13:06:37,05-06-2025,13:06:45,05-06-2025,13:08:47,COMPLETED,0,1
79KWH,8,3,FULL,05-06-2025,13:08:23,05-06-2025,13:10:11,05-06-2025,13:13:14,COMPLETED,0,1
79KWH,8,1,FULL,05-06-2025,13:08:52,05-06-2025,13:09:01,05-06-2025,13:11:08,COMPLETED,0,1
79KWH,8,2,FULL,05-06-2025,13:09:31,05-06-2025,13:09:43,05-06-2025,13:11:22,COMPLETED,0,1
79KWH,8,1,FULL,05-06-2025,13:11:13,05-06-2025,13:13:28,05-06-2025,13:16:14,COMPLETED,0,1
79KWH,8,2,FULL,05-06-2025,13:11:46,05-06-2025,13:11:49,05-06-2025,13:13:24,COMPLETED,0,1
79KWH,8,3,FULL,05-06-2025,13:13:20,05-06-2025,13:13:27,05-06-2025,13:15:55,COMPLETED,0,1
79KWH,8,2,FULL,05-06-2025,13:15:50,05-06-2025,13:15:59,05-06-2025,13:17:38,COMPLETED,0,1
79KWH,8,3,FULL,05-06-2025,13:16:01,05-06-2025,13:16:09,05-06-2025,13:18:38,COMPLETED,0,1
79KWH,8,1,FULL,05-06-2025,13:16:19,05-06-2025,13:18:38,05-06-2025,13:21:27,COMPLETED,0,1
79KWH,8,3,FULL,05-06-2025,13:18:46,05-06-2025,13:18:52,05-06-2025,13:21:19,COMPLETED,0,1
79KWH,8,2,FULL,05-06-2025,13:18:55,05-06-2025,13:19:02,05-06-2025,13:20:37,COMPLETED,0,1
79KWH,8,3,FULL,05-06-2025,13:21:27,05-06-2025,13:21:33,05-06-2025,13:24:05,COMPLETED,0,1
79KWH,8,1,FULL,05-06-2025,13:21:33,05-06-2025,13:21:41,05-06-2025,13:23:58,COMPLETED,0,1
79KWH,8,2,FULL,05-06-2025,13:21:49,05-06-2025,13:22:01,05-06-2025,13:23:39,COMPLETED,0,1
79KWH,8,1,FULL,05-06-2025,13:24:03,05-06-2025,13:24:11,05-06-2025,13:26:27,COMPLETED,0,1
79KWH,8,3,FULL,05-06-2025,13:24:12,05-06-2025,13:24:19,05-06-2025,13:26:47,COMPLETED,0,1
79KWH,8,2,FULL,05-06-2025,13:24:47,05-06-2025,13:24:49,05-06-2025,13:26:25,COMPLETED,0,1
79KWH,8,1,FULL,05-06-2025,13:26:33,05-06-2025,13:26:41,05-06-2025,13:28:50,COMPLETED,0,1
79KWH,8,3,FULL,05-06-2025,13:26:52,05-06-2025,13:27:00,05-06-2025,13:27:00,COMPLETED,0,1
79KWH,8,2,FULL,05-06-2025,13:27:50,05-06-2025,13:28:03,05-06-2025,13:29:41,COMPLETED,0,1
79KWH,8,1,FULL,05-06-2025,13:28:55,05-06-2025,13:29:04,05-06-2025,13:31:14,COMPLETED,0,1
79KWH,8,2,FULL,05-06-2025,13:30:49,05-06-2025,13:30:51,05-06-2025,13:32:25,COMPLETED,0,1
79KWH,8,1,FULL,05-06-2025,13:31:19,05-06-2025,13:31:28,05-06-2025,13:33:36,COMPLETED,0,1
79KWH,8,1,FULL,05-06-2025,13:33:40,05-06-2025,13:33:50,05-06-2025,13:36:01,COMPLETED,0,1
79KWH,8,2,FULL,05-06-2025,13:33:50,05-06-2025,13:34:04,05-06-2025,13:35:42,COMPLETED,0,1
79KWH,8,1,FULL,05-06-2025,13:36:06,05-06-2025,13:36:15,05-06-2025,13:38:23,COMPLETED,0,1
79KWH,8,2,FULL,05-06-2025,13:36:06,05-06-2025,13:36:10,05-06-2025,13:37:45,COMPLETED,0,1
79KWH,8,2,FULL,05-06-2025,13:38:08,05-06-2025,13:38:13,05-06-2025,13:39:51,COMPLETED,0,1
79KWH,8,1,FULL,05-06-2025,13:38:28,05-06-2025,13:40:44,05-06-2025,13:43:37,COMPLETED,0,1
79KWH,8,2,FULL,05-06-2025,13:40:10,05-06-2025,13:40:19,05-06-2025,13:41:54,COMPLETED,0,1
79KWH,8,2,FULL,05-06-2025,13:42:10,05-06-2025,13:42:22,05-06-2025,13:44:01,COMPLETED,0,1
79KWH,8,1,FULL,05-06-2025,13:43:42,05-06-2025,13:46:02,05-06-2025,13:48:49,COMPLETED,0,1
79KWH,8,2,FULL,05-06-2025,13:44:07,05-06-2025,13:44:15,05-06-2025,13:45:50,COMPLETED,0,1
79KWH,8,2,FULL,05-06-2025,13:46:10,05-06-2025,13:46:18,05-06-2025,13:47:56,COMPLETED,0,1
79KWH,8,2,FULL,05-06-2025,13:48:08,05-06-2025,13:48:11,05-06-2025,13:49:44,COMPLETED,0,1
79KWH,8,1,FULL,05-06-2025,13:48:54,05-06-2025,13:49:03,05-06-2025,13:51:16,COMPLETED,0,1
79KWH,8,2,FULL,05-06-2025,13:49:50,05-06-2025,13:49:58,05-06-2025,13:51:38,COMPLETED,0,1
79KWH,8,1,FULL,05-06-2025,13:51:22,05-06-2025,13:51:30,05-06-2025,13:53:40,COMPLETED,0,1
79KWH,8,2,FULL,05-06-2025,13:51:45,05-06-2025,13:51:52,05-06-2025,13:53:27,COMPLETED,0,1
79KWH,8,2,FULL,05-06-2025,13:53:35,05-06-2025,13:53:41,05-06-2025,13:55:20,COMPLETED,0,1
79KWH,8,1,FULL,05-06-2025,13:53:46,05-06-2025,14:08:53,05-06-2025,14:11:49,COMPLETED,0,1
79KWH,8,2,FULL,05-06-2025,13:55:27,05-06-2025,13:55:34,05-06-2025,13:57:10,COMPLETED,0,1
79KWH,8,2,FULL,05-06-2025,13:57:16,05-06-2025,13:57:24,05-06-2025,13:59:04,COMPLETED,0,1
79KWH,8,2,FULL,05-06-2025,13:59:10,05-06-2025,13:59:17,05-06-2025,14:00:53,COMPLETED,0,1
79KWH,8,2,FULL,05-06-2025,14:00:59,05-06-2025,14:01:06,05-06-2025,14:02:47,COMPLETED,0,1
79KWH,8,2,FULL,05-06-2025,14:02:52,05-06-2025,14:03:01,05-06-2025,14:04:40,COMPLETED,0,1
79KWH,8,3,FULL,05-06-2025,14:03:00,05-06-2025,15:02:16,05-06-2025,15:04:18,COMPLETED,0,1
79KWH,8,2,FULL,05-06-2025,14:04:46,05-06-2025,14:04:54,05-06-2025,14:06:37,COMPLETED,0,1
79KWH,8,2,FULL,05-06-2025,14:06:43,05-06-2025,14:06:50,05-06-2025,14:08:32,COMPLETED,0,1
79KWH,8,2,FULL,05-06-2025,14:08:38,05-06-2025,14:08:46,05-06-2025,14:10:30,COMPLETED,0,1
79KWH,8,2,FULL,05-06-2025,14:10:36,05-06-2025,14:10:43,05-06-2025,14:12:25,COMPLETED,0,1
79KWH,8,1,FULL,05-06-2025,14:11:55,05-06-2025,14:12:02,05-06-2025,14:14:14,COMPLETED,0,1
79KWH,8,2,FULL,05-06-2025,14:12:31,05-06-2025,14:12:38,05-06-2025,14:14:25,COMPLETED,0,1
79KWH,8,1,FULL,05-06-2025,14:14:20,05-06-2025,14:16:40,05-06-2025,14:19:36,COMPLETED,0,1
79KWH,8,2,FULL,05-06-2025,14:14:30,05-06-2025,14:14:38,05-06-2025,14:16:22,COMPLETED,0,1
79KWH,8,2,FULL,05-06-2025,14:16:30,05-06-2025,14:16:36,05-06-2025,14:18:24,COMPLETED,0,1
79KWH,8,2,FULL,05-06-2025,14:18:30,05-06-2025,14:18:38,05-06-2025,14:20:23,COMPLETED,0,1
79KWH,8,1,FULL,05-06-2025,14:19:41,05-06-2025,14:21:56,05-06-2025,14:24:45,COMPLETED,0,1
79KWH,8,2,FULL,05-06-2025,14:20:28,05-06-2025,14:20:37,05-06-2025,14:22:27,COMPLETED,0,1
79KWH,8,2,FULL,05-06-2025,14:22:34,05-06-2025,14:22:42,05-06-2025,14:24:30,COMPLETED,0,1
79KWH,8,2,FULL,05-06-2025,14:24:37,05-06-2025,14:24:44,05-06-2025,14:26:36,COMPLETED,0,1
79KWH,8,1,FULL,05-06-2025,14:24:51,05-06-2025,14:24:59,05-06-2025,14:27:18,COMPLETED,0,1
79KWH,8,2,FULL,05-06-2025,14:26:42,05-06-2025,14:26:50,05-06-2025,14:28:39,COMPLETED,0,1
79KWH,8,1,FULL,05-06-2025,14:27:22,05-06-2025,14:27:32,05-06-2025,14:29:47,COMPLETED,0,1
79KWH,8,2,FULL,05-06-2025,14:28:45,05-06-2025,14:28:53,05-06-2025,14:30:47,COMPLETED,0,1
79KWH,8,1,FULL,05-06-2025,14:29:52,05-06-2025,14:32:13,05-06-2025,14:35:09,COMPLETED,0,1
79KWH,8,2,FULL,05-06-2025,14:33:01,05-06-2025,14:33:08,05-06-2025,14:35:00,COMPLETED,0,1
79KWH,8,2,FULL,05-06-2025,14:35:06,05-06-2025,14:35:13,05-06-2025,14:37:12,COMPLETED,0,1
79KWH,8,1,FULL,05-06-2025,14:35:14,05-06-2025,14:35:22,05-06-2025,14:37:39,COMPLETED,0,1
79KWH,8,2,FULL,05-06-2025,14:37:19,05-06-2025,14:37:26,05-06-2025,14:39:22,COMPLETED,0,1
79KWH,8,1,FULL,05-06-2025,14:37:44,05-06-2025,14:37:52,05-06-2025,14:40:15,COMPLETED,0,1
79KWH,8,2,FULL,05-06-2025,14:39:28,05-06-2025,14:39:36,05-06-2025,14:41:37,COMPLETED,0,1
79KWH,8,1,FULL,05-06-2025,14:40:20,05-06-2025,14:40:29,05-06-2025,14:42:45,COMPLETED,0,1
79KWH,8,2,FULL,05-06-2025,14:41:42,05-06-2025,14:41:51,05-06-2025,14:43:48,COMPLETED,0,1
79KWH,8,1,FULL,05-06-2025,14:42:51,05-06-2025,14:42:59,05-06-2025,14:45:21,COMPLETED,0,1
79KWH,8,2,FULL,05-06-2025,14:43:54,05-06-2025,14:44:02,05-06-2025,14:46:05,COMPLETED,0,1
79KWH,8,1,FULL,05-06-2025,14:45:26,05-06-2025,14:45:35,05-06-2025,14:47:55,COMPLETED,0,1
79KWH,8,2,FULL,05-06-2025,14:46:11,05-06-2025,14:46:18,05-06-2025,14:48:18,COMPLETED,0,1
79KWH,8,1,FULL,05-06-2025,14:48:00,05-06-2025,14:50:17,05-06-2025,14:53:15,COMPLETED,0,1
79KWH,8,2,FULL,05-06-2025,14:48:25,05-06-2025,14:48:33,05-06-2025,14:50:40,COMPLETED,0,1
79KWH,8,2,FULL,05-06-2025,14:50:46,05-06-2025,14:50:55,05-06-2025,14:52:56,COMPLETED,0,1
79KWH,8,2,FULL,05-06-2025,14:53:02,05-06-2025,14:53:10,05-06-2025,14:55:16,COMPLETED,0,1
79KWH,8,1,FULL,05-06-2025,14:53:24,05-06-2025,14:55:43,05-06-2025,14:58:37,COMPLETED,0,1
79KWH,8,2,FULL,05-06-2025,14:55:22,05-06-2025,14:55:30,05-06-2025,14:57:33,COMPLETED,0,1
79KWH,8,2,FULL,05-06-2025,14:57:38,05-06-2025,14:57:47,05-06-2025,14:59:55,COMPLETED,0,1
79KWH,8,1,FULL,05-06-2025,14:58:42,05-06-2025,14:58:50,05-06-2025,15:01:17,COMPLETED,0,1
79KWH,8,2,FULL,05-06-2025,15:00:00,05-06-2025,15:00:10,05-06-2025,15:02:15,COMPLETED,0,1
79KWH,8,1,FULL,05-06-2025,15:01:22,05-06-2025,15:03:37,05-06-2025,15:06:31,COMPLETED,0,1
79KWH,8,2,FULL,05-06-2025,15:02:20,05-06-2025,15:02:29,05-06-2025,15:04:38,COMPLETED,0,1
79KWH,8,3,FULL,05-06-2025,15:04:24,05-06-2025,15:04:32,05-06-2025,15:07:14,COMPLETED,0,1
79KWH,8,2,FULL,05-06-2025,15:04:45,05-06-2025,15:04:52,05-06-2025,15:06:59,COMPLETED,0,1
79KWH,8,1,FULL,05-06-2025,15:06:35,05-06-2025,15:06:45,05-06-2025,15:09:12,COMPLETED,0,1
79KWH,8,2,FULL,05-06-2025,15:07:06,05-06-2025,15:07:13,05-06-2025,15:09:24,COMPLETED,0,1
79KWH,8,3,FULL,05-06-2025,15:07:21,05-06-2025,15:07:27,05-06-2025,15:10:08,COMPLETED,0,1
79KWH,8,1,FULL,05-06-2025,15:09:18,05-06-2025,15:09:26,05-06-2025,15:11:47,COMPLETED,0,1
79KWH,8,2,FULL,05-06-2025,15:09:29,05-06-2025,15:09:37,05-06-2025,15:11:46,COMPLETED,0,1
79KWH,8,3,FULL,05-06-2025,15:10:15,05-06-2025,15:10:22,05-06-2025,15:12:57,COMPLETED,0,1
79KWH,8,2,FULL,05-06-2025,15:11:53,05-06-2025,15:12:02,05-06-2025,15:14:16,COMPLETED,0,1
79KWH,8,1,FULL,05-06-2025,15:11:53,05-06-2025,15:12:01,05-06-2025,15:14:30,COMPLETED,0,1
79KWH,8,3,FULL,05-06-2025,15:13:05,05-06-2025,15:13:11,05-06-2025,15:15:58,COMPLETED,0,1
79KWH,8,2,FULL,05-06-2025,15:14:22,05-06-2025,15:14:29,05-06-2025,15:16:41,COMPLETED,0,1
79KWH,8,1,FULL,05-06-2025,15:14:35,05-06-2025,15:14:44,05-06-2025,15:17:07,COMPLETED,0,1
79KWH,8,3,FULL,05-06-2025,15:16:06,05-06-2025,15:16:12,05-06-2025,15:18:48,COMPLETED,0,1
79KWH,8,1,FULL,05-06-2025,15:17:13,05-06-2025,15:19:35,05-06-2025,15:22:37,COMPLETED,0,1
79KWH,8,3,FULL,05-06-2025,15:18:56,05-06-2025,15:19:02,05-06-2025,15:21:36,COMPLETED,0,1
79KWH,8,3,FULL,05-06-2025,15:21:43,05-06-2025,15:21:50,05-06-2025,15:24:28,COMPLETED,0,1
79KWH,8,1,FULL,05-06-2025,15:22:42,05-06-2025,15:25:00,05-06-2025,15:27:55,COMPLETED,0,1
79KWH,8,3,FULL,05-06-2025,15:24:35,05-06-2025,15:24:41,05-06-2025,15:27:42,COMPLETED,0,1
79KWH,8,3,FULL,05-06-2025,15:27:48,05-06-2025,15:27:56,05-06-2025,15:30:35,COMPLETED,0,1
79KWH,8,1,FULL,05-06-2025,15:28:00,05-06-2025,15:28:10,05-06-2025,15:30:40,COMPLETED,0,1
79KWH,8,2,FULL,05-06-2025,15:28:25,05-06-2025,15:28:26,05-06-2025,15:30:41,COMPLETED,0,1
79KWH,8,2,FULL,05-06-2025,15:30:48,05-06-2025,15:30:55,05-06-2025,15:33:09,COMPLETED,0,1
79KWH,8,2,FULL,05-06-2025,15:33:14,05-06-2025,15:33:22,05-06-2025,15:35:40,COMPLETED,0,1
79KWH,8,2,FULL,05-06-2025,15:35:47,05-06-2025,15:35:55,05-06-2025,15:38:10,COMPLETED,0,1
79KWH,8,2,FULL,05-06-2025,15:38:16,05-06-2025,15:38:25,05-06-2025,15:40:43,COMPLETED,0,1
79KWH,8,2,FULL,05-06-2025,15:40:50,05-06-2025,15:40:57,05-06-2025,15:43:14,COMPLETED,0,1
79KWH,8,2,FULL,05-06-2025,15:43:21,05-06-2025,15:43:28,05-06-2025,15:45:51,COMPLETED,0,1
79KWH,8,2,FULL,05-06-2025,15:45:57,05-06-2025,15:46:04,05-06-2025,15:48:23,COMPLETED,0,1
79KWH,8,2,FULL,05-06-2025,15:48:29,05-06-2025,15:48:37,05-06-2025,15:51:00,COMPLETED,0,1
79KWH,8,1,FULL,05-06-2025,15:50:08,05-06-2025,15:50:21,05-06-2025,15:53:18,COMPLETED,0,1
79KWH,8,2,FULL,05-06-2025,15:51:05,05-06-2025,15:51:13,05-06-2025,15:53:34,COMPLETED,0,1
79KWH,8,1,FULL,05-06-2025,15:53:23,05-06-2025,15:55:46,05-06-2025,15:58:48,COMPLETED,0,1
79KWH,8,2,FULL,05-06-2025,15:53:40,05-06-2025,15:53:48,05-06-2025,15:56:14,COMPLETED,0,1
79KWH,8,2,FULL,05-06-2025,15:56:19,05-06-2025,15:56:28,05-06-2025,15:58:51,COMPLETED,0,1
79KWH,8,3,FULL,05-06-2025,15:57:02,05-06-2025,15:57:21,05-06-2025,16:00:25,COMPLETED,0,1
79KWH,8,1,FULL,05-06-2025,15:58:53,05-06-2025,16:01:24,05-06-2025,16:04:23,COMPLETED,0,1
79KWH,8,2,FULL,05-06-2025,15:58:57,05-06-2025,15:59:05,05-06-2025,16:01:33,COMPLETED,0,1
79KWH,8,3,FULL,05-06-2025,16:00:31,05-06-2025,16:02:22,05-06-2025,16:05:37,COMPLETED,0,1
79KWH,8,2,FULL,05-06-2025,16:01:38,05-06-2025,16:01:46,05-06-2025,16:04:11,COMPLETED,0,1
79KWH,8,2,FULL,05-06-2025,16:04:17,05-06-2025,16:04:25,05-06-2025,16:06:56,COMPLETED,0,1
79KWH,8,1,FULL,05-06-2025,16:04:28,05-06-2025,16:06:53,05-06-2025,16:09:57,COMPLETED,0,1
79KWH,8,3,FULL,05-06-2025,16:05:42,05-06-2025,16:07:46,05-06-2025,16:10:51,COMPLETED,0,1
79KWH,8,2,FULL,05-06-2025,16:07:01,05-06-2025,16:07:10,05-06-2025,16:09:38,COMPLETED,0,1
79KWH,8,2,FULL,05-06-2025,16:09:44,05-06-2025,16:09:53,05-06-2025,16:12:25,COMPLETED,0,1
79KWH,8,1,FULL,05-06-2025,16:10:02,05-06-2025,16:12:31,05-06-2025,16:15:30,COMPLETED,0,1
79KWH,8,3,FULL,05-06-2025,16:10:59,05-06-2025,16:12:49,05-06-2025,16:15:58,COMPLETED,0,1
79KWH,8,2,FULL,05-06-2025,16:12:48,05-06-2025,16:12:53,05-06-2025,16:15:22,COMPLETED,0,1
79KWH,8,2,FULL,05-06-2025,16:15:27,05-06-2025,16:15:36,05-06-2025,16:18:11,COMPLETED,0,1
79KWH,8,1,FULL,05-06-2025,16:15:36,05-06-2025,16:17:58,05-06-2025,16:21:03,COMPLETED,0,1
79KWH,8,3,FULL,05-06-2025,16:16:06,05-06-2025,16:17:58,05-06-2025,16:21:10,COMPLETED,0,1
79KWH,8,2,FULL,05-06-2025,16:18:18,05-06-2025,16:18:24,05-06-2025,16:20:57,COMPLETED,0,1
79KWH,8,2,FULL,05-06-2025,16:21:02,05-06-2025,16:21:11,05-06-2025,16:23:47,COMPLETED,0,1
79KWH,8,1,FULL,05-06-2025,16:21:08,05-06-2025,16:23:37,05-06-2025,16:26:36,COMPLETED,0,1
79KWH,8,3,FULL,05-06-2025,16:21:15,05-06-2025,16:23:09,05-06-2025,16:26:20,COMPLETED,0,1
79KWH,8,2,FULL,05-06-2025,16:23:53,05-06-2025,16:24:00,05-06-2025,16:26:33,COMPLETED,0,1
79KWH,8,3,FULL,05-06-2025,16:26:28,05-06-2025,16:26:43,05-06-2025,16:29:23,COMPLETED,0,1
79KWH,8,2,FULL,05-06-2025,16:26:39,05-06-2025,16:26:46,05-06-2025,16:29:28,COMPLETED,0,1
79KWH,8,1,FULL,05-06-2025,16:26:41,05-06-2025,16:29:03,05-06-2025,16:32:07,COMPLETED,0,1
79KWH,8,3,FULL,05-06-2025,16:29:30,05-06-2025,16:31:27,05-06-2025,16:34:38,COMPLETED,0,1
79KWH,8,2,FULL,05-06-2025,16:29:34,05-06-2025,16:29:42,05-06-2025,16:32:17,COMPLETED,0,1
79KWH,8,1,FULL,05-06-2025,16:32:11,05-06-2025,16:34:41,05-06-2025,16:37:41,COMPLETED,0,1
79KWH,8,2,FULL,05-06-2025,16:32:22,05-06-2025,16:32:30,05-06-2025,16:35:12,COMPLETED,0,1
79KWH,8,3,FULL,05-06-2025,16:34:46,05-06-2025,16:36:35,05-06-2025,16:39:56,COMPLETED,0,1
79KWH,8,2,FULL,05-06-2025,16:35:17,05-06-2025,16:35:25,05-06-2025,16:38:08,COMPLETED,0,1
79KWH,8,1,FULL,05-06-2025,16:37:45,05-06-2025,16:40:08,05-06-2025,16:43:16,COMPLETED,0,1
79KWH,8,2,FULL,05-06-2025,16:38:15,05-06-2025,16:38:22,05-06-2025,16:41:04,COMPLETED,0,1
79KWH,8,3,FULL,05-06-2025,16:40:02,05-06-2025,16:40:18,05-06-2025,16:43:03,COMPLETED,0,1
79KWH,8,2,FULL,05-06-2025,16:41:10,05-06-2025,16:41:18,05-06-2025,16:43:57,COMPLETED,0,1
79KWH,8,3,FULL,05-06-2025,16:43:09,05-06-2025,16:45:02,05-06-2025,16:48:13,COMPLETED,0,1
79KWH,8,1,FULL,05-06-2025,16:43:21,05-06-2025,16:45:48,05-06-2025,16:48:50,COMPLETED,0,1
79KWH,8,2,FULL,05-06-2025,16:44:04,05-06-2025,16:44:10,05-06-2025,16:46:53,COMPLETED,0,1
79KWH,8,2,FULL,05-06-2025,16:46:58,05-06-2025,16:47:06,05-06-2025,16:49:48,COMPLETED,0,1
79KWH,8,3,FULL,05-06-2025,16:48:19,05-06-2025,16:50:10,05-06-2025,16:53:20,COMPLETED,0,1
79KWH,8,1,FULL,05-06-2025,16:48:55,05-06-2025,16:51:17,05-06-2025,16:54:24,COMPLETED,0,1
79KWH,8,2,FULL,05-06-2025,16:49:55,05-06-2025,16:50:01,05-06-2025,16:52:51,COMPLETED,0,1
79KWH,8,2,FULL,05-06-2025,16:52:56,05-06-2025,16:53:05,05-06-2025,16:55:52,COMPLETED,0,1
79KWH,8,3,FULL,05-06-2025,16:53:26,05-06-2025,16:55:23,05-06-2025,16:58:36,COMPLETED,0,1
79KWH,8,1,FULL,05-06-2025,16:54:29,05-06-2025,16:56:57,05-06-2025,16:59:58,COMPLETED,0,1
79KWH,8,2,FULL,05-06-2025,16:55:58,05-06-2025,16:56:06,05-06-2025,16:58:55,COMPLETED,0,1
79KWH,8,3,FULL,05-06-2025,16:58:42,05-06-2025,17:00:28,05-06-2025,17:03:35,COMPLETED,0,1
79KWH,8,2,FULL,05-06-2025,16:59:01,05-06-2025,16:59:09,05-06-2025,17:01:53,COMPLETED,0,1
79KWH,8,1,FULL,05-06-2025,17:00:02,05-06-2025,17:00:20,05-06-2025,17:03:01,COMPLETED,0,1
79KWH,8,2,FULL,05-06-2025,17:02:30,05-06-2025,17:02:35,05-06-2025,17:05:25,COMPLETED,0,1
79KWH,8,1,FULL,05-06-2025,17:03:06,05-06-2025,17:03:24,05-06-2025,17:06:01,COMPLETED,0,1
79KWH,8,3,FULL,05-06-2025,17:03:41,05-06-2025,17:05:32,05-06-2025,17:08:45,COMPLETED,0,1
79KWH,8,2,FULL,05-06-2025,17:05:30,05-06-2025,17:05:39,05-06-2025,17:08:30,COMPLETED,0,1
79KWH,8,1,FULL,05-06-2025,17:06:05,05-06-2025,17:06:24,05-06-2025,17:09:07,COMPLETED,0,1
79KWH,8,2,FULL,05-06-2025,17:08:35,05-06-2025,17:08:44,05-06-2025,17:11:38,COMPLETED,0,1
79KWH,8,3,FULL,05-06-2025,17:08:52,05-06-2025,17:15:52,05-06-2025,17:19:03,COMPLETED,0,1
79KWH,8,1,FULL,05-06-2025,17:09:12,05-06-2025,17:09:30,05-06-2025,17:12:06,COMPLETED,0,1
79KWH,8,2,FULL,05-06-2025,17:11:44,05-06-2025,17:11:53,05-06-2025,17:14:42,COMPLETED,0,1
79KWH,8,1,FULL,05-06-2025,17:12:10,05-06-2025,17:12:29,05-06-2025,17:15:16,COMPLETED,0,1
79KWH,8,2,FULL,05-06-2025,17:14:49,05-06-2025,17:14:56,05-06-2025,17:17:50,COMPLETED,0,1
79KWH,8,1,FULL,05-06-2025,17:15:21,05-06-2025,17:15:39,05-06-2025,17:18:19,COMPLETED,0,1
79KWH,8,2,FULL,05-06-2025,17:17:56,05-06-2025,17:18:04,05-06-2025,17:21:00,COMPLETED,0,1
79KWH,8,1,FULL,05-06-2025,17:18:25,05-06-2025,17:18:42,05-06-2025,17:21:32,COMPLETED,0,1
79KWH,8,3,FULL,05-06-2025,17:19:09,05-06-2025,17:19:26,05-06-2025,17:22:19,COMPLETED,0,1
79KWH,8,2,FULL,05-06-2025,17:21:07,05-06-2025,17:21:14,05-06-2025,17:24:08,COMPLETED,0,1
79KWH,8,1,FULL,05-06-2025,17:21:38,05-06-2025,17:24:01,05-06-2025,17:27:05,COMPLETED,0,1
79KWH,8,3,FULL,05-06-2025,17:22:26,05-06-2025,17:24:22,05-06-2025,17:27:36,COMPLETED,0,1
79KWH,8,2,FULL,05-06-2025,17:24:14,05-06-2025,17:24:23,05-06-2025,17:27:16,COMPLETED,0,1
79KWH,8,1,FULL,05-06-2025,17:27:10,05-06-2025,17:29:39,05-06-2025,17:32:48,COMPLETED,0,1
79KWH,8,2,FULL,05-06-2025,17:27:23,05-06-2025,17:27:30,05-06-2025,17:30:32,COMPLETED,0,1
79KWH,8,3,FULL,05-06-2025,17:27:42,05-06-2025,17:29:32,05-06-2025,17:32:42,COMPLETED,0,1
79KWH,8,2,FULL,05-06-2025,17:30:37,05-06-2025,17:30:46,05-06-2025,17:33:40,COMPLETED,0,1
79KWH,8,3,FULL,05-06-2025,17:32:49,05-06-2025,17:34:36,05-06-2025,17:37:49,COMPLETED,0,1
79KWH,8,1,FULL,05-06-2025,17:32:52,05-06-2025,17:33:10,05-06-2025,17:35:52,COMPLETED,0,1
79KWH,8,2,FULL,05-06-2025,17:33:47,05-06-2025,17:33:54,05-06-2025,17:36:58,COMPLETED,0,1
79KWH,8,1,FULL,05-06-2025,17:35:56,05-06-2025,17:36:15,05-06-2025,17:39:02,COMPLETED,0,1
79KWH,8,2,FULL,05-06-2025,17:37:03,05-06-2025,17:37:12,05-06-2025,17:40:14,COMPLETED,0,1
79KWH,8,3,FULL,05-06-2025,17:37:56,05-06-2025,17:38:12,05-06-2025,17:41:02,COMPLETED,0,1
79KWH,8,1,FULL,05-06-2025,17:39:07,05-06-2025,17:39:24,05-06-2025,17:42:07,COMPLETED,0,1
79KWH,8,2,FULL,05-06-2025,17:40:20,05-06-2025,17:40:27,05-06-2025,17:43:33,COMPLETED,0,1
79KWH,8,3,FULL,05-06-2025,17:41:07,05-06-2025,17:43:01,05-06-2025,17:46:16,COMPLETED,0,1
79KWH,8,1,FULL,05-06-2025,17:42:11,05-06-2025,17:42:30,05-06-2025,17:45:18,COMPLETED,0,1
79KWH,8,2,FULL,05-06-2025,17:43:39,05-06-2025,17:43:47,05-06-2025,17:46:50,COMPLETED,0,1
79KWH,8,1,FULL,05-06-2025,17:45:23,05-06-2025,17:45:41,05-06-2025,17:48:26,COMPLETED,0,1
79KWH,8,3,FULL,05-06-2025,17:46:23,05-06-2025,17:48:14,05-06-2025,17:51:38,COMPLETED,0,1
79KWH,8,2,FULL,05-06-2025,17:46:56,05-06-2025,17:47:03,05-06-2025,17:50:08,COMPLETED,0,1
79KWH,8,1,FULL,05-06-2025,17:48:30,05-06-2025,17:48:49,05-06-2025,17:51:38,COMPLETED,0,1
79KWH,8,2,FULL,05-06-2025,17:50:15,05-06-2025,17:50:21,05-06-2025,17:53:26,COMPLETED,0,1
79KWH,8,1,FULL,05-06-2025,17:51:43,05-06-2025,17:52:01,05-06-2025,17:54:47,COMPLETED,0,1
79KWH,8,3,FULL,05-06-2025,17:51:45,05-06-2025,17:53:29,05-06-2025,17:56:51,COMPLETED,0,1
79KWH,8,2,FULL,05-06-2025,17:53:31,05-06-2025,17:53:40,05-06-2025,17:56:44,COMPLETED,0,1
79KWH,8,1,FULL,05-06-2025,17:54:52,05-06-2025,17:57:16,05-06-2025,18:00:33,COMPLETED,0,1
79KWH,8,2,FULL,05-06-2025,17:56:50,05-06-2025,17:56:58,05-06-2025,18:00:00,COMPLETED,0,1
79KWH,8,3,FULL,05-06-2025,17:56:59,05-06-2025,17:58:49,05-06-2025,18:02:15,COMPLETED,0,1
79KWH,8,2,FULL,05-06-2025,18:00:06,05-06-2025,18:00:14,05-06-2025,18:03:21,COMPLETED,0,1
79KWH,8,1,FULL,05-06-2025,18:00:38,05-06-2025,18:03:09,05-06-2025,18:06:15,COMPLETED,0,1
79KWH,8,3,FULL,05-06-2025,18:02:21,05-06-2025,18:04:06,05-06-2025,18:07:23,COMPLETED,0,1
79KWH,8,2,FULL,05-06-2025,18:03:27,05-06-2025,18:03:34,05-06-2025,18:06:39,COMPLETED,0,1
79KWH,8,1,FULL,05-06-2025,18:06:21,05-06-2025,18:06:39,05-06-2025,18:09:31,COMPLETED,0,1
79KWH,8,2,FULL,05-06-2025,18:06:44,05-06-2025,18:06:53,05-06-2025,18:10:03,COMPLETED,0,1
79KWH,8,3,FULL,05-06-2025,18:07:30,05-06-2025,18:09:21,05-06-2025,18:12:48,COMPLETED,0,1
79KWH,8,1,FULL,05-06-2025,18:09:35,05-06-2025,18:09:53,05-06-2025,18:12:40,COMPLETED,0,1
79KWH,8,2,FULL,05-06-2025,18:10:09,05-06-2025,18:10:17,05-06-2025,18:13:24,COMPLETED,0,1
79KWH,8,1,FULL,05-06-2025,18:12:45,05-06-2025,18:13:03,05-06-2025,18:15:56,COMPLETED,0,1
79KWH,8,3,FULL,05-06-2025,18:12:55,05-06-2025,18:14:41,05-06-2025,18:17:58,COMPLETED,0,1
79KWH,8,2,FULL,05-06-2025,18:13:31,05-06-2025,18:13:38,05-06-2025,18:16:50,COMPLETED,0,1
79KWH,8,1,FULL,05-06-2025,18:16:02,05-06-2025,18:16:19,05-06-2025,18:19:07,COMPLETED,0,1
79KWH,8,2,FULL,05-06-2025,18:16:56,05-06-2025,18:17:03,05-06-2025,18:20:13,COMPLETED,0,1
79KWH,8,3,FULL,05-06-2025,18:18:06,05-06-2025,18:18:21,05-06-2025,18:25:12,COMPLETED,0,1
79KWH,8,1,FULL,05-06-2025,18:19:12,05-06-2025,18:19:30,05-06-2025,18:22:24,COMPLETED,0,1
79KWH,8,2,FULL,05-06-2025,18:20:20,05-06-2025,18:20:28,05-06-2025,18:23:40,COMPLETED,0,1
79KWH,8,1,FULL,05-06-2025,18:22:29,05-06-2025,18:22:47,05-06-2025,18:25:37,COMPLETED,0,1
79KWH,8,2,FULL,05-06-2025,18:23:47,05-06-2025,18:23:54,05-06-2025,18:27:07,COMPLETED,0,1
79KWH,8,3,FULL,05-06-2025,18:25:19,05-06-2025,18:27:11,05-06-2025,18:30:30,COMPLETED,0,1
79KWH,8,1,FULL,05-06-2025,18:25:42,05-06-2025,18:28:08,05-06-2025,18:31:22,COMPLETED,0,1
79KWH,8,2,FULL,05-06-2025,18:27:13,05-06-2025,18:27:21,05-06-2025,18:30:35,COMPLETED,0,1
79KWH,8,3,FULL,05-06-2025,18:30:37,05-06-2025,18:32:22,05-06-2025,18:35:41,COMPLETED,0,1
79KWH,8,2,FULL,05-06-2025,18:30:41,05-06-2025,18:30:49,05-06-2025,18:33:59,COMPLETED,0,1
79KWH,8,1,FULL,05-06-2025,18:31:27,05-06-2025,18:33:59,05-06-2025,18:37:09,COMPLETED,0,1
79KWH,8,3,FULL,05-06-2025,18:35:48,05-06-2025,18:36:04,05-06-2025,18:39:11,COMPLETED,0,1
79KWH,8,1,FULL,05-06-2025,18:37:14,05-06-2025,18:37:32,05-06-2025,18:40:30,COMPLETED,0,1
79KWH,8,3,FULL,05-06-2025,18:39:17,05-06-2025,18:39:34,05-06-2025,18:42:33,COMPLETED,0,1
79KWH,8,1,FULL,05-06-2025,18:40:35,05-06-2025,18:40:53,05-06-2025,18:43:45,COMPLETED,0,1
79KWH,8,3,FULL,05-06-2025,18:42:40,05-06-2025,18:44:24,05-06-2025,18:47:44,COMPLETED,0,1
79KWH,8,1,FULL,05-06-2025,18:43:51,05-06-2025,18:44:08,05-06-2025,18:47:08,COMPLETED,0,1
79KWH,8,2,FULL,05-06-2025,18:44:24,05-06-2025,18:44:31,05-06-2025,18:47:48,COMPLETED,0,1
79KWH,8,1,FULL,05-06-2025,18:47:13,05-06-2025,18:47:31,05-06-2025,18:50:25,COMPLETED,0,1
79KWH,8,3,FULL,05-06-2025,18:47:51,05-06-2025,18:48:07,05-06-2025,18:51:06,COMPLETED,0,1
79KWH,8,2,FULL,05-06-2025,18:47:53,05-06-2025,18:48:02,05-06-2025,18:51:17,COMPLETED,0,1
79KWH,8,1,FULL,05-06-2025,18:50:29,05-06-2025,18:50:48,05-06-2025,18:53:54,COMPLETED,0,1
79KWH,8,3,FULL,05-06-2025,18:51:12,05-06-2025,18:51:28,05-06-2025,18:54:32,COMPLETED,0,1
79KWH,8,2,FULL,05-06-2025,18:51:22,05-06-2025,18:51:31,05-06-2025,18:54:49,COMPLETED,0,1
79KWH,8,1,FULL,05-06-2025,18:54:00,05-06-2025,18:54:17,05-06-2025,18:57:16,COMPLETED,0,1
79KWH,8,3,FULL,05-06-2025,18:54:39,05-06-2025,18:54:54,05-06-2025,18:57:58,COMPLETED,0,1
79KWH,8,2,FULL,05-06-2025,18:54:55,05-06-2025,18:55:03,05-06-2025,18:58:23,COMPLETED,0,1
79KWH,8,1,FULL,05-06-2025,18:57:20,05-06-2025,18:57:38,05-06-2025,19:00:40,COMPLETED,0,1
79KWH,8,3,FULL,05-06-2025,18:58:04,05-06-2025,18:58:21,05-06-2025,19:01:33,COMPLETED,0,1
79KWH,8,2,FULL,05-06-2025,18:58:29,05-06-2025,18:58:36,05-06-2025,19:01:58,COMPLETED,0,1
79KWH,8,1,FULL,05-06-2025,19:00:45,05-06-2025,19:01:02,05-06-2025,19:03:58,COMPLETED,0,1
79KWH,8,3,FULL,05-06-2025,19:01:39,05-06-2025,19:01:56,05-06-2025,19:05:05,COMPLETED,0,1
79KWH,8,2,FULL,05-06-2025,19:02:03,05-06-2025,19:02:11,05-06-2025,19:05:33,COMPLETED,0,1
79KWH,8,1,FULL,05-06-2025,19:04:03,05-06-2025,19:04:21,05-06-2025,19:07:28,COMPLETED,0,1
79KWH,8,3,FULL,05-06-2025,19:05:11,05-06-2025,19:05:27,05-06-2025,19:08:32,COMPLETED,0,1
79KWH,8,2,FULL,05-06-2025,19:05:39,05-06-2025,19:05:46,05-06-2025,19:09:14,COMPLETED,0,1
79KWH,8,1,FULL,05-06-2025,19:07:33,05-06-2025,19:07:51,05-06-2025,19:10:55,COMPLETED,0,1
79KWH,8,3,FULL,05-06-2025,19:08:37,05-06-2025,19:08:54,05-06-2025,19:11:52,COMPLETED,0,1
79KWH,8,2,FULL,05-06-2025,19:09:21,05-06-2025,19:09:28,05-06-2025,19:12:53,COMPLETED,0,1
79KWH,8,1,FULL,05-06-2025,19:11:00,05-06-2025,19:11:18,05-06-2025,19:14:21,COMPLETED,0,1
79KWH,8,3,FULL,05-06-2025,19:11:59,05-06-2025,19:12:15,05-06-2025,19:15:23,COMPLETED,0,1
79KWH,8,2,FULL,05-06-2025,19:12:59,05-06-2025,19:13:06,05-06-2025,19:16:31,COMPLETED,0,1
79KWH,8,1,FULL,05-06-2025,19:14:26,05-06-2025,19:14:44,05-06-2025,19:17:42,COMPLETED,0,1
79KWH,8,3,FULL,05-06-2025,19:15:31,05-06-2025,19:15:47,05-06-2025,19:18:50,COMPLETED,0,1
79KWH,8,2,FULL,05-06-2025,19:16:38,05-06-2025,19:16:46,05-06-2025,19:20:09,COMPLETED,0,1
79KWH,8,1,FULL,05-06-2025,19:17:48,05-06-2025,19:18:06,05-06-2025,19:21:15,COMPLETED,0,1
79KWH,8,3,FULL,05-06-2025,19:18:57,05-06-2025,19:19:13,05-06-2025,19:22:21,COMPLETED,0,1
79KWH,8,1,FULL,05-06-2025,19:21:20,05-06-2025,19:21:38,05-06-2025,19:24:42,COMPLETED,0,1
79KWH,8,3,FULL,05-06-2025,19:22:26,05-06-2025,19:22:43,05-06-2025,19:25:58,COMPLETED,0,1
79KWH,8,1,FULL,05-06-2025,19:24:48,05-06-2025,19:25:06,05-06-2025,19:28:16,COMPLETED,0,1
79KWH,8,3,FULL,05-06-2025,19:26:04,05-06-2025,19:26:21,05-06-2025,19:29:39,COMPLETED,0,1
79KWH,8,2,FULL,05-06-2025,19:27:03,05-06-2025,19:27:11,05-06-2025,19:30:41,COMPLETED,0,1
79KWH,8,1,FULL,05-06-2025,19:28:21,05-06-2025,19:28:39,05-06-2025,19:31:45,COMPLETED,0,1
79KWH,8,3,FULL,05-06-2025,19:29:44,05-06-2025,19:30:02,05-06-2025,19:33:09,COMPLETED,0,1
79KWH,8,2,FULL,05-06-2025,19:30:46,05-06-2025,19:30:54,05-06-2025,19:34:18,COMPLETED,0,1
79KWH,8,1,FULL,05-06-2025,19:31:50,05-06-2025,19:32:07,05-06-2025,19:35:15,COMPLETED,0,1
79KWH,8,3,FULL,05-06-2025,19:33:16,05-06-2025,19:33:32,05-06-2025,19:36:43,COMPLETED,0,1
79KWH,8,2,FULL,05-06-2025,19:34:24,05-06-2025,19:34:33,05-06-2025,19:38:02,COMPLETED,0,1
79KWH,8,1,FULL,05-06-2025,19:35:19,05-06-2025,19:35:38,05-06-2025,19:38:45,COMPLETED,0,1
79KWH,8,3,FULL,05-06-2025,19:36:50,05-06-2025,19:37:05,05-06-2025,19:40:58,COMPLETED,0,1
79KWH,8,2,FULL,05-06-2025,19:38:07,05-06-2025,19:38:16,05-06-2025,19:41:42,COMPLETED,0,1
79KWH,8,1,FULL,05-06-2025,19:38:50,05-06-2025,19:39:08,05-06-2025,19:42:20,COMPLETED,0,1
79KWH,8,3,FULL,05-06-2025,19:41:05,05-06-2025,19:41:21,05-06-2025,19:44:42,COMPLETED,0,1
79KWH,8,2,FULL,05-06-2025,19:41:49,05-06-2025,19:41:56,05-06-2025,19:45:28,COMPLETED,0,1
79KWH,8,1,FULL,05-06-2025,19:42:25,05-06-2025,19:42:42,05-06-2025,19:45:55,COMPLETED,0,1
79KWH,8,3,FULL,05-06-2025,19:44:48,05-06-2025,19:45:05,05-06-2025,19:48:21,COMPLETED,0,1
79KWH,8,2,FULL,05-06-2025,19:45:34,05-06-2025,19:45:42,05-06-2025,19:49:08,COMPLETED,0,1
79KWH,8,1,FULL,05-06-2025,19:46:00,05-06-2025,19:46:18,05-06-2025,19:49:36,COMPLETED,0,1
79KWH,8,3,FULL,05-06-2025,19:48:29,05-06-2025,19:48:44,05-06-2025,19:51:58,COMPLETED,0,1
79KWH,8,2,FULL,05-06-2025,19:49:15,05-06-2025,19:49:21,05-06-2025,19:52:57,COMPLETED,0,1
79KWH,8,1,FULL,05-06-2025,19:49:40,05-06-2025,19:49:59,05-06-2025,19:53:08,COMPLETED,0,1
79KWH,8,3,FULL,05-06-2025,19:52:05,05-06-2025,19:52:21,05-06-2025,19:56:16,COMPLETED,0,1
79KWH,8,1,FULL,05-06-2025,19:53:12,05-06-2025,19:53:31,05-06-2025,19:56:46,COMPLETED,0,1
79KWH,8,2,FULL,05-06-2025,19:56:05,05-06-2025,19:56:13,05-06-2025,19:59:46,COMPLETED,0,1
79KWH,8,3,FULL,05-06-2025,19:56:22,05-06-2025,19:56:39,05-06-2025,19:59:55,COMPLETED,0,1
79KWH,8,1,FULL,05-06-2025,19:56:52,05-06-2025,19:57:09,05-06-2025,20:00:25,COMPLETED,0,1
79KWH,8,2,FULL,05-06-2025,19:59:53,05-06-2025,20:00:01,05-06-2025,20:03:35,COMPLETED,0,1
79KWH,8,3,FULL,05-06-2025,20:00:02,05-06-2025,20:00:18,05-06-2025,20:03:37,COMPLETED,0,1
79KWH,8,1,FULL,05-06-2025,20:00:31,05-06-2025,20:00:48,05-06-2025,20:04:09,COMPLETED,0,1
79KWH,8,2,FULL,05-06-2025,20:03:40,05-06-2025,20:03:49,05-06-2025,20:07:20,COMPLETED,0,1
79KWH,8,3,FULL,05-06-2025,20:03:44,05-06-2025,20:03:59,05-06-2025,20:07:23,COMPLETED,0,1
79KWH,8,1,FULL,05-06-2025,20:04:14,05-06-2025,20:04:32,05-06-2025,20:07:49,COMPLETED,0,1
79KWH,8,2,FULL,05-06-2025,20:07:27,05-06-2025,20:07:34,05-06-2025,20:11:11,COMPLETED,0,1
79KWH,8,3,FULL,05-06-2025,20:07:29,05-06-2025,20:07:46,05-06-2025,20:40:32,COMPLETED,0,1
79KWH,8,1,FULL,05-06-2025,20:07:54,05-06-2025,20:08:12,05-06-2025,20:11:31,COMPLETED,0,1
79KWH,8,2,FULL,05-06-2025,20:11:17,05-06-2025,20:11:25,05-06-2025,20:15:02,COMPLETED,0,1
79KWH,8,1,FULL,05-06-2025,20:11:35,05-06-2025,20:11:53,05-06-2025,20:41:40,COMPLETED,0,1
79KWH,8,2,FULL,05-06-2025,20:15:09,05-06-2025,20:15:16,05-06-2025,20:18:56,COMPLETED,0,1
79KWH,8,2,FULL,05-06-2025,20:19:02,05-06-2025,20:19:10,05-06-2025,20:22:45,COMPLETED,0,1
79KWH,8,2,FULL,05-06-2025,20:22:50,05-06-2025,20:22:58,05-06-2025,20:26:45,COMPLETED,0,1
79KWH,8,2,FULL,05-06-2025,20:26:51,05-06-2025,20:26:59,05-06-2025,20:30:39,COMPLETED,0,1
79KWH,8,2,FULL,05-06-2025,20:30:46,05-06-2025,20:30:53,05-06-2025,20:34:36,COMPLETED,0,1
79KWH,8,2,FULL,05-06-2025,20:34:43,05-06-2025,20:34:49,05-06-2025,20:38:30,COMPLETED,0,1
79KWH,8,2,FULL,05-06-2025,20:38:35,05-06-2025,20:38:44,05-06-2025,20:42:33,COMPLETED,0,1
79KWH,8,3,FULL,05-06-2025,20:40:39,05-06-2025,20:42:16,05-06-2025,20:45:52,COMPLETED,0,1
79KWH,8,1,FULL,05-06-2025,20:41:46,05-06-2025,20:44:20,05-06-2025,20:47:48,COMPLETED,0,1
79KWH,8,2,FULL,05-06-2025,20:42:40,05-06-2025,20:42:48,05-06-2025,20:46:37,COMPLETED,0,1
79KWH,8,3,FULL,05-06-2025,20:46:00,05-06-2025,20:47:43,05-06-2025,20:51:14,COMPLETED,0,1
79KWH,8,2,FULL,05-06-2025,20:46:43,05-06-2025,20:46:51,05-06-2025,20:50:40,COMPLETED,0,1
79KWH,8,1,FULL,05-06-2025,20:47:54,05-06-2025,20:50:35,05-06-2025,20:53:58,COMPLETED,0,1
79KWH,8,2,FULL,05-06-2025,20:50:47,05-06-2025,20:50:54,05-06-2025,20:54:38,COMPLETED,0,1
79KWH,8,3,FULL,05-06-2025,20:51:20,05-06-2025,20:53:02,05-06-2025,20:57:18,COMPLETED,0,1
79KWH,8,1,FULL,05-06-2025,20:54:04,05-06-2025,20:54:21,05-06-2025,20:57:38,COMPLETED,0,1
79KWH,8,2,FULL,05-06-2025,20:54:44,05-06-2025,20:54:52,05-06-2025,20:58:44,COMPLETED,0,1
79KWH,8,3,FULL,05-06-2025,20:57:23,05-06-2025,20:57:40,05-06-2025,21:01:43,COMPLETED,0,1
79KWH,8,1,FULL,05-06-2025,20:57:44,05-06-2025,20:58:01,05-06-2025,21:01:14,COMPLETED,0,1
79KWH,8,2,FULL,05-06-2025,20:58:51,05-06-2025,20:58:58,05-06-2025,21:02:44,COMPLETED,0,1
79KWH,8,1,FULL,05-06-2025,21:01:19,05-06-2025,21:01:37,05-06-2025,21:04:59,COMPLETED,0,1
79KWH,8,3,FULL,05-06-2025,21:01:50,05-06-2025,21:02:06,05-06-2025,21:05:26,COMPLETED,0,1
79KWH,8,2,FULL,05-06-2025,21:02:49,05-06-2025,21:02:58,05-06-2025,21:06:49,COMPLETED,0,1
79KWH,8,1,FULL,05-06-2025,21:05:03,05-06-2025,21:05:21,05-06-2025,21:08:35,COMPLETED,0,1
79KWH,8,3,FULL,05-06-2025,21:05:32,05-06-2025,21:05:49,05-06-2025,21:09:14,COMPLETED,0,1
79KWH,8,2,FULL,05-06-2025,21:06:55,05-06-2025,21:07:03,05-06-2025,21:10:54,COMPLETED,0,1
79KWH,8,1,FULL,05-06-2025,21:08:39,05-06-2025,21:08:57,05-06-2025,21:12:17,COMPLETED,0,1
79KWH,8,3,FULL,05-06-2025,21:09:21,05-06-2025,21:09:38,05-06-2025,21:13:00,COMPLETED,0,1
79KWH,8,2,FULL,05-06-2025,21:11:00,05-06-2025,21:11:08,05-06-2025,21:15:03,COMPLETED,0,1
79KWH,8,1,FULL,05-06-2025,21:12:22,05-06-2025,21:12:40,05-06-2025,21:15:53,COMPLETED,0,1
79KWH,8,3,FULL,05-06-2025,21:13:07,05-06-2025,21:13:23,05-06-2025,21:16:43,COMPLETED,0,1
79KWH,8,2,FULL,05-06-2025,21:15:10,05-06-2025,21:15:17,05-06-2025,21:19:11,COMPLETED,0,1
79KWH,8,1,FULL,05-06-2025,21:15:58,05-06-2025,21:16:16,05-06-2025,21:19:37,COMPLETED,0,1
79KWH,8,3,FULL,05-06-2025,21:16:50,05-06-2025,21:17:06,05-06-2025,21:20:36,COMPLETED,0,1
79KWH,8,2,FULL,05-06-2025,21:19:17,05-06-2025,21:19:25,05-06-2025,21:23:26,COMPLETED,0,1
79KWH,8,1,FULL,05-06-2025,21:19:43,05-06-2025,21:20:00,05-06-2025,21:23:21,COMPLETED,0,1
79KWH,8,3,FULL,05-06-2025,21:20:44,05-06-2025,21:20:59,05-06-2025,21:24:18,COMPLETED,0,1
79KWH,8,1,FULL,05-06-2025,21:23:26,05-06-2025,21:23:44,05-06-2025,21:27:07,COMPLETED,0,1
79KWH,8,2,FULL,05-06-2025,21:23:32,05-06-2025,21:23:41,05-06-2025,21:27:34,COMPLETED,0,1
79KWH,8,3,FULL,05-06-2025,21:24:24,05-06-2025,21:24:41,05-06-2025,21:28:11,COMPLETED,0,1
79KWH,8,1,FULL,05-06-2025,21:27:12,05-06-2025,21:29:49,05-06-2025,21:33:11,COMPLETED,0,1
79KWH,8,2,FULL,05-06-2025,21:27:41,05-06-2025,21:27:48,05-06-2025,21:31:50,COMPLETED,0,1
79KWH,8,3,FULL,05-06-2025,21:28:18,05-06-2025,21:30:24,05-06-2025,21:33:50,COMPLETED,0,1
79KWH,8,2,FULL,05-06-2025,21:31:55,05-06-2025,21:32:04,05-06-2025,21:36:02,COMPLETED,0,1
79KWH,8,1,FULL,05-06-2025,21:33:16,05-06-2025,21:35:58,05-06-2025,21:39:26,COMPLETED,0,1
79KWH,8,3,FULL,05-06-2025,21:33:56,05-06-2025,21:35:35,05-06-2025,21:39:06,COMPLETED,0,1
79KWH,8,2,FULL,05-06-2025,21:36:08,05-06-2025,21:36:16,05-06-2025,21:40:20,COMPLETED,0,1
79KWH,8,3,FULL,05-06-2025,21:39:12,05-06-2025,21:41:00,05-06-2025,21:44:36,COMPLETED,0,1
79KWH,8,1,FULL,05-06-2025,21:39:31,05-06-2025,21:39:49,05-06-2025,21:43:08,COMPLETED,0,1
79KWH,8,2,FULL,05-06-2025,21:40:26,05-06-2025,21:40:33,05-06-2025,21:44:30,COMPLETED,0,1
79KWH,8,1,FULL,05-06-2025,21:43:13,05-06-2025,21:43:31,05-06-2025,21:46:56,COMPLETED,0,1
79KWH,8,2,FULL,05-06-2025,21:44:35,05-06-2025,21:44:44,05-06-2025,21:48:50,COMPLETED,0,1
79KWH,8,3,FULL,05-06-2025,21:44:42,05-06-2025,21:44:58,05-06-2025,21:48:24,COMPLETED,0,1
79KWH,8,1,FULL,05-06-2025,21:47:01,05-06-2025,21:47:19,05-06-2025,21:50:38,COMPLETED,0,1
79KWH,8,3,FULL,05-06-2025,21:48:31,05-06-2025,21:48:47,05-06-2025,21:52:19,COMPLETED,0,1
79KWH,8,2,FULL,05-06-2025,21:48:56,05-06-2025,21:49:04,05-06-2025,21:53:07,COMPLETED,0,1
79KWH,8,1,FULL,05-06-2025,21:50:44,05-06-2025,21:53:21,05-06-2025,21:56:49,COMPLETED,0,1
79KWH,8,3,FULL,05-06-2025,21:52:25,05-06-2025,21:54:07,05-06-2025,21:57:39,COMPLETED,0,1
79KWH,8,2,FULL,05-06-2025,21:53:14,05-06-2025,21:53:22,05-06-2025,21:57:30,COMPLETED,0,1
79KWH,8,1,FULL,05-06-2025,21:56:54,05-06-2025,21:59:37,05-06-2025,22:03:02,COMPLETED,0,1
79KWH,8,2,FULL,05-06-2025,21:57:36,05-06-2025,21:57:43,05-06-2025,22:01:49,COMPLETED,0,1
79KWH,8,3,FULL,05-06-2025,21:57:45,05-06-2025,21:58:01,05-06-2025,22:01:41,COMPLETED,0,1
79KWH,8,3,FULL,05-06-2025,22:01:48,05-06-2025,22:03:30,05-06-2025,22:07:03,COMPLETED,0,1
79KWH,8,2,FULL,05-06-2025,22:01:54,05-06-2025,22:02:03,05-06-2025,22:06:08,COMPLETED,0,1
79KWH,8,1,FULL,05-06-2025,22:03:07,05-06-2025,22:03:24,05-06-2025,22:06:52,COMPLETED,0,1
79KWH,8,2,FULL,05-06-2025,22:06:16,05-06-2025,22:06:24,05-06-2025,22:10:27,COMPLETED,0,1
79KWH,8,1,FULL,05-06-2025,22:06:57,05-06-2025,22:07:15,05-06-2025,22:10:45,COMPLETED,0,1
79KWH,8,3,FULL,05-06-2025,22:07:08,05-06-2025,22:08:47,05-06-2025,22:12:56,COMPLETED,0,1
79KWH,8,2,FULL,05-06-2025,22:10:33,05-06-2025,22:10:41,05-06-2025,22:14:50,COMPLETED,0,1
79KWH,8,1,FULL,05-06-2025,22:10:51,05-06-2025,22:11:08,05-06-2025,22:14:37,COMPLETED,0,1
79KWH,8,3,FULL,05-06-2025,22:13:02,05-06-2025,22:13:19,05-06-2025,22:16:50,COMPLETED,0,1
79KWH,8,1,FULL,05-06-2025,22:14:42,05-06-2025,22:15:00,05-06-2025,22:18:26,COMPLETED,0,1
79KWH,8,2,FULL,05-06-2025,22:14:55,05-06-2025,22:15:04,05-06-2025,22:19:10,COMPLETED,0,1
79KWH,8,3,FULL,05-06-2025,22:16:57,05-06-2025,22:17:13,05-06-2025,22:20:48,COMPLETED,0,1
79KWH,8,1,FULL,05-06-2025,22:18:31,05-06-2025,22:18:49,05-06-2025,22:21:25,COMPLETED,0,1
79KWH,8,2,FULL,05-06-2025,22:19:16,05-06-2025,22:19:24,05-06-2025,22:23:38,COMPLETED,0,1
79KWH,8,3,FULL,05-06-2025,22:20:55,05-06-2025,22:21:11,05-06-2025,22:24:43,COMPLETED,0,1
79KWH,8,1,FULL,05-06-2025,22:21:30,05-06-2025,22:21:47,05-06-2025,22:23:24,COMPLETED,0,1
79KWH,8,1,FULL,05-06-2025,22:23:28,05-06-2025,22:26:02,05-06-2025,22:28:39,COMPLETED,0,1
79KWH,8,2,FULL,05-06-2025,22:23:45,05-06-2025,22:23:52,05-06-2025,22:28:02,COMPLETED,0,1
79KWH,8,3,FULL,05-06-2025,22:24:50,05-06-2025,22:26:32,05-06-2025,22:30:41,COMPLETED,0,1
79KWH,8,2,FULL,05-06-2025,22:28:09,05-06-2025,22:28:16,05-06-2025,22:32:27,COMPLETED,0,1
79KWH,8,1,FULL,05-06-2025,22:28:44,05-06-2025,22:31:21,05-06-2025,22:33:51,COMPLETED,0,1
79KWH,8,3,FULL,05-06-2025,22:30:48,05-06-2025,22:32:30,05-06-2025,22:34:56,COMPLETED,0,1
79KWH,8,2,FULL,05-06-2025,22:32:34,05-06-2025,22:34:54,05-06-2025,22:38:16,COMPLETED,0,1
79KWH,8,1,FULL,05-06-2025,22:33:57,05-06-2025,22:34:15,05-06-2025,22:35:56,COMPLETED,0,1
79KWH,8,3,FULL,05-06-2025,22:35:02,05-06-2025,22:37:43,05-06-2025,22:40:05,COMPLETED,0,1
79KWH,8,1,FULL,05-06-2025,22:36:01,05-06-2025,22:36:19,05-06-2025,22:37:56,COMPLETED,0,1
79KWH,8,1,FULL,05-06-2025,22:38:01,05-06-2025,22:38:19,05-06-2025,22:40:04,COMPLETED,0,1
79KWH,8,2,FULL,05-06-2025,22:38:23,05-06-2025,22:38:30,05-06-2025,22:42:46,COMPLETED,0,1
79KWH,8,1,FULL,05-06-2025,22:40:10,05-06-2025,22:40:27,05-06-2025,22:42:05,COMPLETED,0,1
79KWH,8,3,FULL,05-06-2025,22:40:11,05-06-2025,22:40:28,05-06-2025,22:41:49,COMPLETED,0,1
79KWH,8,3,FULL,05-06-2025,22:41:57,05-06-2025,22:42:12,05-06-2025,22:43:29,COMPLETED,0,1
79KWH,8,1,FULL,05-06-2025,22:42:11,05-06-2025,22:42:29,05-06-2025,22:44:09,COMPLETED,0,1
79KWH,8,2,FULL,05-06-2025,22:42:52,05-06-2025,22:42:59,05-06-2025,22:47:15,COMPLETED,0,1
79KWH,8,3,FULL,05-06-2025,22:43:36,05-06-2025,22:43:52,05-06-2025,22:45:14,COMPLETED,0,1
79KWH,8,1,FULL,05-06-2025,22:44:14,05-06-2025,22:46:46,05-06-2025,22:49:18,COMPLETED,0,1
79KWH,8,3,FULL,05-06-2025,22:45:20,05-06-2025,22:47:56,05-06-2025,22:50:19,COMPLETED,0,1
79KWH,8,2,FULL,05-06-2025,22:47:21,05-06-2025,22:47:29,05-06-2025,22:51:44,COMPLETED,0,1
79KWH,8,1,FULL,05-06-2025,22:49:23,05-06-2025,22:52:00,05-06-2025,22:54:41,COMPLETED,0,1
79KWH,8,3,FULL,05-06-2025,22:50:25,05-06-2025,22:53:05,05-06-2025,22:55:33,COMPLETED,0,1
79KWH,8,2,FULL,05-06-2025,22:51:49,05-06-2025,22:51:58,05-06-2025,22:56:10,COMPLETED,0,1
79KWH,8,1,FULL,05-06-2025,22:54:46,05-06-2025,22:56:23,05-06-2025,22:57:48,COMPLETED,0,1
79KWH,8,3,FULL,05-06-2025,22:55:41,05-06-2025,22:58:14,05-06-2025,23:00:37,COMPLETED,0,1
79KWH,8,2,FULL,05-06-2025,22:56:16,05-06-2025,22:56:24,05-06-2025,23:00:45,COMPLETED,0,1
79KWH,8,1,FULL,05-06-2025,22:57:53,05-06-2025,22:58:12,05-06-2025,22:59:54,COMPLETED,0,1
79KWH,8,1,FULL,05-06-2025,22:59:58,05-06-2025,23:00:17,05-06-2025,23:01:53,COMPLETED,0,1
79KWH,8,3,FULL,05-06-2025,23:00:46,05-06-2025,23:01:00,05-06-2025,23:02:24,COMPLETED,0,1
79KWH,8,2,FULL,05-06-2025,23:00:50,05-06-2025,23:00:59,05-06-2025,23:05:17,COMPLETED,0,1
79KWH,8,1,FULL,05-06-2025,23:01:58,05-06-2025,23:02:16,05-06-2025,23:03:58,COMPLETED,0,1
79KWH,8,3,FULL,05-06-2025,23:02:30,05-06-2025,23:02:47,05-06-2025,23:04:04,COMPLETED,0,1
79KWH,8,1,FULL,05-06-2025,23:04:03,05-06-2025,23:04:22,05-06-2025,23:05:58,COMPLETED,0,1
79KWH,8,3,FULL,05-06-2025,23:04:10,05-06-2025,23:04:26,05-06-2025,23:05:48,COMPLETED,0,1
79KWH,8,2,FULL,05-06-2025,23:05:23,05-06-2025,23:05:30,05-06-2025,23:09:55,COMPLETED,0,1
79KWH,8,3,FULL,05-06-2025,23:05:54,05-06-2025,23:06:55,05-06-2025,23:08:14,COMPLETED,0,1
79KWH,8,1,FULL,05-06-2025,23:06:04,05-06-2025,23:06:21,05-06-2025,23:08:03,COMPLETED,0,1
79KWH,8,1,FULL,05-06-2025,23:08:08,05-06-2025,23:08:27,05-06-2025,23:10:02,COMPLETED,0,1
79KWH,8,3,FULL,05-06-2025,23:08:23,05-06-2025,23:08:37,05-06-2025,23:10:00,COMPLETED,0,1
79KWH,8,2,FULL,05-06-2025,23:10:01,05-06-2025,23:10:09,05-06-2025,23:14:30,COMPLETED,0,1
79KWH,8,1,FULL,05-06-2025,23:10:06,05-06-2025,23:10:24,05-06-2025,23:12:05,COMPLETED,0,1
79KWH,8,3,FULL,05-06-2025,23:10:07,05-06-2025,23:10:23,05-06-2025,23:11:42,COMPLETED,0,1
79KWH,8,3,FULL,05-06-2025,23:11:48,05-06-2025,23:12:04,05-06-2025,23:13:26,COMPLETED,0,1
79KWH,8,1,FULL,05-06-2025,23:12:10,05-06-2025,23:12:28,05-06-2025,23:14:03,COMPLETED,0,1
79KWH,8,3,FULL,05-06-2025,23:13:32,05-06-2025,23:13:49,05-06-2025,23:15:08,COMPLETED,0,1
79KWH,8,1,FULL,05-06-2025,23:14:08,05-06-2025,23:14:26,05-06-2025,23:16:07,COMPLETED,0,1
79KWH,8,2,FULL,05-06-2025,23:14:36,05-06-2025,23:14:43,05-06-2025,23:19:10,COMPLETED,0,1
79KWH,8,3,FULL,05-06-2025,23:15:17,05-06-2025,23:15:30,05-06-2025,23:16:47,COMPLETED,0,1
79KWH,8,1,FULL,05-06-2025,23:16:12,05-06-2025,23:16:30,05-06-2025,23:18:08,COMPLETED,0,1
79KWH,8,3,FULL,05-06-2025,23:16:54,05-06-2025,23:17:10,05-06-2025,23:18:35,COMPLETED,0,1
79KWH,8,1,FULL,05-06-2025,23:18:13,05-06-2025,23:18:31,05-06-2025,23:20:16,COMPLETED,0,1
79KWH,8,3,FULL,05-06-2025,23:18:43,05-06-2025,23:18:58,05-06-2025,23:20:19,COMPLETED,0,1
79KWH,8,2,FULL,05-06-2025,23:19:16,05-06-2025,23:19:24,05-06-2025,23:23:46,COMPLETED,0,1
79KWH,8,1,FULL,05-06-2025,23:20:22,05-06-2025,23:20:39,05-06-2025,23:22:17,COMPLETED,0,1
79KWH,8,3,FULL,05-06-2025,23:20:26,05-06-2025,23:20:41,05-06-2025,23:22:07,COMPLETED,0,1
79KWH,8,3,FULL,05-06-2025,23:22:15,05-06-2025,23:22:30,05-06-2025,23:23:55,COMPLETED,0,1
79KWH,8,1,FULL,05-06-2025,23:22:22,05-06-2025,23:22:40,05-06-2025,23:24:21,COMPLETED,0,1
79KWH,8,2,FULL,05-06-2025,23:23:52,05-06-2025,23:24:00,05-06-2025,23:28:28,COMPLETED,0,1
79KWH,8,3,FULL,05-06-2025,23:24:03,05-06-2025,23:24:18,05-06-2025,23:25:44,COMPLETED,0,1
79KWH,8,1,FULL,05-06-2025,23:24:26,05-06-2025,23:24:44,05-06-2025,23:26:19,COMPLETED,0,1
79KWH,8,3,FULL,05-06-2025,23:25:51,05-06-2025,23:26:07,05-06-2025,23:27:28,COMPLETED,0,1
79KWH,8,1,FULL,05-06-2025,23:26:25,05-06-2025,23:26:42,05-06-2025,23:28:28,COMPLETED,0,1
79KWH,8,3,FULL,05-06-2025,23:27:34,05-06-2025,23:27:50,05-06-2025,23:29:18,COMPLETED,0,1
79KWH,8,1,FULL,05-06-2025,23:28:33,05-06-2025,23:28:51,05-06-2025,23:30:26,COMPLETED,0,1
79KWH,8,2,FULL,05-06-2025,23:28:34,05-06-2025,23:28:42,05-06-2025,23:33:07,COMPLETED,0,1
79KWH,8,3,FULL,05-06-2025,23:29:25,05-06-2025,23:29:41,05-06-2025,23:31:06,COMPLETED,0,1
79KWH,8,1,FULL,05-06-2025,23:30:31,05-06-2025,23:30:48,05-06-2025,23:32:29,COMPLETED,0,1
79KWH,8,3,FULL,05-06-2025,23:31:12,05-06-2025,23:31:29,05-06-2025,23:32:58,COMPLETED,0,1
79KWH,8,1,FULL,05-06-2025,23:32:35,05-06-2025,23:32:52,05-06-2025,23:34:27,COMPLETED,0,1
79KWH,8,3,FULL,05-06-2025,23:33:04,05-06-2025,23:33:21,05-06-2025,23:34:46,COMPLETED,0,1
79KWH,8,2,FULL,05-06-2025,23:33:13,05-06-2025,23:33:21,05-06-2025,23:37:52,COMPLETED,0,1
79KWH,8,1,FULL,05-06-2025,23:34:32,05-06-2025,23:34:51,05-06-2025,23:36:32,COMPLETED,0,1
79KWH,8,3,FULL,05-06-2025,23:35:48,05-06-2025,23:35:54,05-06-2025,23:37:25,COMPLETED,0,1
79KWH,8,1,FULL,05-06-2025,23:36:37,05-06-2025,23:36:55,05-06-2025,23:38:30,COMPLETED,0,1
79KWH,8,3,FULL,05-06-2025,23:37:49,05-06-2025,23:38:12,05-06-2025,23:39:38,COMPLETED,0,1
79KWH,8,2,FULL,05-06-2025,23:37:57,05-06-2025,23:38:06,05-06-2025,23:42:32,COMPLETED,0,1
79KWH,8,1,FULL,05-06-2025,23:38:36,05-06-2025,23:38:54,05-06-2025,23:40:35,COMPLETED,0,1
79KWH,8,1,FULL,05-06-2025,23:40:40,05-06-2025,23:40:58,05-06-2025,23:42:34,COMPLETED,0,1
79KWH,8,3,FULL,05-06-2025,23:40:51,05-06-2025,23:41:10,05-06-2025,23:42:42,COMPLETED,0,1
79KWH,8,2,FULL,05-06-2025,23:42:37,05-06-2025,23:42:46,05-06-2025,23:47:16,COMPLETED,0,1
79KWH,8,1,FULL,05-06-2025,23:42:39,05-06-2025,23:42:57,05-06-2025,23:44:39,COMPLETED,0,1
79KWH,8,3,FULL,05-06-2025,23:42:51,05-06-2025,23:43:04,05-06-2025,23:44:34,COMPLETED,0,1
79KWH,8,1,FULL,05-06-2025,23:44:44,05-06-2025,23:47:34,05-06-2025,23:50:04,COMPLETED,0,1
79KWH,8,3,FULL,05-06-2025,23:45:49,05-06-2025,23:47:14,05-06-2025,23:49:46,COMPLETED,0,1
79KWH,8,2,FULL,05-06-2025,23:47:23,05-06-2025,23:47:29,05-06-2025,23:51:59,COMPLETED,0,1
79KWH,8,3,FULL,05-06-2025,23:49:52,05-06-2025,23:52:19,05-06-2025,23:54:44,COMPLETED,0,1
79KWH,8,1,FULL,05-06-2025,23:50:09,05-06-2025,23:52:56,05-06-2025,23:55:33,COMPLETED,0,1
79KWH,8,2,FULL,05-06-2025,23:52:05,05-06-2025,23:52:13,05-06-2025,23:56:46,COMPLETED,0,1
79KWH,8,3,FULL,05-06-2025,23:54:51,05-06-2025,23:57:23,05-06-2025,23:59:55,COMPLETED,0,1
79KWH,8,1,FULL,05-06-2025,23:55:38,05-06-2025,23:55:56,05-06-2025,23:57:30,COMPLETED,0,1
79KWH,8,2,FULL,05-06-2025,23:56:51,05-06-2025,23:57:00,06-06-2025,00:01:31,COMPLETED,0,1
79KWH,8,1,FULL,05-06-2025,23:57:35,05-06-2025,23:57:56,05-06-2025,23:59:38,COMPLETED,0,1
79KWH,8,1,FULL,05-06-2025,23:59:43,06-06-2025,00:00:01,06-06-2025,00:01:41,COMPLETED,0,1
79KWH,8,3,FULL,06-06-2025,00:00:02,06-06-2025,00:00:18,06-06-2025,00:01:49,COMPLETED,0,1
79KWH,8,2,FULL,06-06-2025,00:01:37,06-06-2025,00:01:44,06-06-2025,00:06:19,COMPLETED,0,1
79KWH,8,1,FULL,06-06-2025,00:01:46,06-06-2025,00:02:04,06-06-2025,00:03:46,COMPLETED,0,1
79KWH,8,3,FULL,06-06-2025,00:01:57,06-06-2025,00:02:12,06-06-2025,00:03:48,COMPLETED,0,1
79KWH,8,1,FULL,06-06-2025,00:03:50,06-06-2025,00:04:09,06-06-2025,00:05:44,COMPLETED,0,1
79KWH,8,3,FULL,06-06-2025,00:03:54,06-06-2025,00:04:11,06-06-2025,00:05:44,COMPLETED,0,1
79KWH,8,3,FULL,06-06-2025,00:05:50,06-06-2025,00:06:07,06-06-2025,00:07:44,COMPLETED,0,1
79KWH,8,2,FULL,06-06-2025,00:06:26,06-06-2025,00:06:33,06-06-2025,00:11:05,COMPLETED,0,1
79KWH,8,1,FULL,06-06-2025,00:06:52,06-06-2025,00:06:54,06-06-2025,00:08:41,COMPLETED,0,1
79KWH,8,3,FULL,06-06-2025,00:08:04,06-06-2025,00:08:07,06-06-2025,00:09:41,COMPLETED,0,1
79KWH,8,1,FULL,06-06-2025,00:09:48,06-06-2025,00:09:50,06-06-2025,00:11:28,COMPLETED,0,1
79KWH,8,3,FULL,06-06-2025,00:11:07,06-06-2025,00:11:13,06-06-2025,00:12:51,COMPLETED,0,1
79KWH,8,2,FULL,06-06-2025,00:11:10,06-06-2025,00:11:19,06-06-2025,00:15:55,COMPLETED,0,1
79KWH,8,1,FULL,06-06-2025,00:12:52,06-06-2025,00:13:00,06-06-2025,00:14:43,COMPLETED,0,1
79KWH,8,3,FULL,06-06-2025,00:14:06,06-06-2025,00:14:24,06-06-2025,00:15:58,COMPLETED,0,1
79KWH,8,2,FULL,06-06-2025,00:16:00,06-06-2025,00:16:09,06-06-2025,00:20:42,COMPLETED,0,1
79KWH,8,1,FULL,06-06-2025,07:04:26,06-06-2025,07:04:31,06-06-2025,07:07:12,COMPLETED,0,1
79KWH,8,3,FULL,06-06-2025,07:05:38,06-06-2025,07:05:52,06-06-2025,07:07:29,COMPLETED,0,1
79KWH,8,2,FULL,06-06-2025,07:05:55,06-06-2025,07:06:01,06-06-2025,07:09:01,COMPLETED,0,1
79KWH,8,1,FULL,06-06-2025,07:07:23,06-06-2025,07:09:36,06-06-2025,07:12:09,COMPLETED,0,1
79KWH,8,3,FULL,06-06-2025,07:08:43,06-06-2025,07:09:01,06-06-2025,07:10:36,COMPLETED,0,1
79KWH,8,2,FULL,06-06-2025,07:09:07,06-06-2025,07:09:15,06-06-2025,07:10:38,COMPLETED,0,1
79KWH,8,3,FULL,06-06-2025,07:11:39,06-06-2025,07:11:45,06-06-2025,07:13:26,COMPLETED,0,1
79KWH,8,2,FULL,06-06-2025,07:11:57,06-06-2025,07:12:03,06-06-2025,07:13:30,COMPLETED,0,1
79KWH,8,1,FULL,06-06-2025,07:12:15,06-06-2025,07:14:39,06-06-2025,07:17:19,COMPLETED,0,1
79KWH,8,3,FULL,06-06-2025,07:14:43,06-06-2025,07:14:58,06-06-2025,07:16:34,COMPLETED,0,1
79KWH,8,2,FULL,06-06-2025,07:14:55,06-06-2025,07:15:09,06-06-2025,07:16:33,COMPLETED,0,1
79KWH,8,1,FULL,06-06-2025,07:17:24,06-06-2025,07:19:43,06-06-2025,07:22:18,COMPLETED,0,1
79KWH,8,3,FULL,06-06-2025,07:17:41,06-06-2025,07:17:43,06-06-2025,07:19:25,COMPLETED,0,1
79KWH,8,2,FULL,06-06-2025,07:17:58,06-06-2025,07:18:11,06-06-2025,07:19:39,COMPLETED,0,1
79KWH,8,3,FULL,06-06-2025,07:20:45,06-06-2025,07:20:57,06-06-2025,07:22:36,COMPLETED,0,1
79KWH,8,2,FULL,06-06-2025,07:20:54,06-06-2025,07:21:03,06-06-2025,07:22:27,COMPLETED,0,1
79KWH,8,1,FULL,06-06-2025,07:22:22,06-06-2025,07:24:46,06-06-2025,07:27:27,COMPLETED,0,1
79KWH,8,3,FULL,06-06-2025,07:23:41,06-06-2025,07:23:45,06-06-2025,07:25:28,COMPLETED,0,1
79KWH,8,2,FULL,06-06-2025,07:23:58,06-06-2025,07:24:05,06-06-2025,07:25:31,COMPLETED,0,1
79KWH,8,3,FULL,06-06-2025,07:26:45,06-06-2025,07:27:57,06-06-2025,07:30:31,COMPLETED,0,1
79KWH,8,2,FULL,06-06-2025,07:26:54,06-06-2025,07:28:29,06-06-2025,07:31:26,COMPLETED,0,1
79KWH,8,1,FULL,06-06-2025,07:27:31,06-06-2025,07:29:47,06-06-2025,07:32:22,COMPLETED,0,1
79KWH,8,3,FULL,06-06-2025,07:30:38,06-06-2025,07:33:07,06-06-2025,07:35:46,COMPLETED,0,1
79KWH,8,2,FULL,06-06-2025,07:31:33,06-06-2025,07:34:30,06-06-2025,07:37:32,COMPLETED,0,1
79KWH,8,1,FULL,06-06-2025,07:32:27,06-06-2025,07:32:45,06-06-2025,07:34:40,COMPLETED,0,1
79KWH,8,1,FULL,06-06-2025,07:34:45,06-06-2025,07:35:03,06-06-2025,07:36:48,COMPLETED,0,1
79KWH,8,3,FULL,06-06-2025,07:35:54,06-06-2025,08:58:59,06-06-2025,09:00:27,COMPLETED,0,1
79KWH,8,1,FULL,06-06-2025,07:36:52,06-06-2025,07:37:10,06-06-2025,07:39:00,COMPLETED,0,1
79KWH,8,2,FULL,06-06-2025,07:37:37,06-06-2025,07:40:29,06-06-2025,07:43:26,COMPLETED,0,1
79KWH,8,1,FULL,06-06-2025,07:39:05,06-06-2025,07:41:25,06-06-2025,07:44:09,COMPLETED,0,1
79KWH,8,2,FULL,06-06-2025,07:43:31,06-06-2025,07:46:28,06-06-2025,07:49:29,COMPLETED,0,1
79KWH,8,1,FULL,06-06-2025,07:44:13,06-06-2025,07:46:28,06-06-2025,07:49:16,COMPLETED,0,1
79KWH,8,1,FULL,06-06-2025,07:49:21,06-06-2025,07:49:39,06-06-2025,07:51:26,COMPLETED,0,1
79KWH,8,2,FULL,06-06-2025,07:49:37,06-06-2025,07:52:27,06-06-2025,07:55:25,COMPLETED,0,1
79KWH,8,1,FULL,06-06-2025,07:51:31,06-06-2025,07:51:49,06-06-2025,07:53:42,COMPLETED,0,1
79KWH,8,1,FULL,06-06-2025,07:53:46,06-06-2025,07:54:05,06-06-2025,07:55:54,COMPLETED,0,1
79KWH,8,2,FULL,06-06-2025,07:55:30,06-06-2025,07:58:26,06-06-2025,08:01:30,COMPLETED,0,1
79KWH,8,1,FULL,06-06-2025,07:55:59,06-06-2025,07:56:16,06-06-2025,07:58:10,COMPLETED,0,1
79KWH,8,1,FULL,06-06-2025,07:58:16,06-06-2025,08:00:34,06-06-2025,08:03:13,COMPLETED,0,1
79KWH,8,2,FULL,06-06-2025,08:01:35,06-06-2025,08:04:27,06-06-2025,08:07:25,COMPLETED,0,1
79KWH,8,1,FULL,06-06-2025,08:03:17,06-06-2025,08:05:31,06-06-2025,08:08:22,COMPLETED,0,1
79KWH,8,2,FULL,06-06-2025,08:07:30,06-06-2025,08:10:25,06-06-2025,08:13:27,COMPLETED,0,1
79KWH,8,1,FULL,06-06-2025,08:08:27,06-06-2025,08:08:46,06-06-2025,08:10:36,COMPLETED,0,1
79KWH,8,1,FULL,06-06-2025,08:10:41,06-06-2025,08:10:59,06-06-2025,08:12:57,COMPLETED,0,1
79KWH,8,1,FULL,06-06-2025,08:13:01,06-06-2025,08:13:20,06-06-2025,08:15:11,COMPLETED,0,1
79KWH,8,2,FULL,06-06-2025,08:13:34,06-06-2025,08:16:26,06-06-2025,08:19:24,COMPLETED,0,1
79KWH,8,1,FULL,06-06-2025,08:15:16,06-06-2025,08:15:35,06-06-2025,08:17:33,COMPLETED,0,1
79KWH,8,1,FULL,06-06-2025,08:17:38,06-06-2025,08:17:55,06-06-2025,08:19:48,COMPLETED,0,1
79KWH,8,2,FULL,06-06-2025,08:19:30,06-06-2025,08:19:38,06-06-2025,08:21:06,COMPLETED,0,1
79KWH,8,1,FULL,06-06-2025,08:19:54,06-06-2025,08:20:11,06-06-2025,08:22:09,COMPLETED,0,1
79KWH,8,2,FULL,06-06-2025,08:21:11,06-06-2025,08:21:19,06-06-2025,08:22:42,COMPLETED,0,1
79KWH,8,1,FULL,06-06-2025,08:22:15,06-06-2025,08:22:32,06-06-2025,08:24:26,COMPLETED,0,1
79KWH,8,2,FULL,06-06-2025,08:22:49,06-06-2025,08:22:56,06-06-2025,08:24:24,COMPLETED,0,1
79KWH,8,2,FULL,06-06-2025,08:24:29,06-06-2025,08:24:38,06-06-2025,08:26:02,COMPLETED,0,1
79KWH,8,1,FULL,06-06-2025,08:24:31,06-06-2025,08:24:49,06-06-2025,08:26:52,COMPLETED,0,1
79KWH,8,2,FULL,06-06-2025,08:26:08,06-06-2025,08:26:17,06-06-2025,08:27:46,COMPLETED,0,1
79KWH,8,1,FULL,06-06-2025,08:26:57,06-06-2025,08:27:14,06-06-2025,08:29:11,COMPLETED,0,1
79KWH,8,2,FULL,06-06-2025,08:27:51,06-06-2025,08:28:01,06-06-2025,08:29:25,COMPLETED,0,1
79KWH,8,1,FULL,06-06-2025,08:29:17,06-06-2025,08:29:34,06-06-2025,08:31:37,COMPLETED,0,1
79KWH,8,2,FULL,06-06-2025,08:29:30,06-06-2025,08:29:38,06-06-2025,08:31:09,COMPLETED,0,1
79KWH,8,2,FULL,06-06-2025,08:31:14,06-06-2025,08:33:58,06-06-2025,08:37:00,COMPLETED,0,1
79KWH,8,1,FULL,06-06-2025,08:31:42,06-06-2025,08:33:57,06-06-2025,08:36:39,COMPLETED,0,1
79KWH,8,1,FULL,06-06-2025,08:36:44,06-06-2025,08:38:54,06-06-2025,08:41:44,COMPLETED,0,1
79KWH,8,2,FULL,06-06-2025,08:37:06,06-06-2025,08:39:55,06-06-2025,08:43:01,COMPLETED,0,1
79KWH,8,1,FULL,06-06-2025,08:41:49,06-06-2025,08:42:07,06-06-2025,08:44:05,COMPLETED,0,1
79KWH,8,2,FULL,06-06-2025,08:43:08,06-06-2025,08:45:51,06-06-2025,08:48:52,COMPLETED,0,1
79KWH,8,1,FULL,06-06-2025,08:44:10,06-06-2025,08:44:28,06-06-2025,08:46:33,COMPLETED,0,1
79KWH,8,1,FULL,06-06-2025,08:46:38,06-06-2025,08:46:56,06-06-2025,08:48:55,COMPLETED,0,1
79KWH,8,2,FULL,06-06-2025,08:48:58,06-06-2025,08:49:06,06-06-2025,08:50:41,COMPLETED,0,1
79KWH,8,1,FULL,06-06-2025,08:49:00,06-06-2025,08:49:18,06-06-2025,08:51:25,COMPLETED,0,1
79KWH,8,2,FULL,06-06-2025,08:50:46,06-06-2025,08:50:54,06-06-2025,08:52:26,COMPLETED,0,1
79KWH,8,1,FULL,06-06-2025,08:51:30,06-06-2025,08:51:48,06-06-2025,08:53:49,COMPLETED,0,1
79KWH,8,2,FULL,06-06-2025,08:52:32,06-06-2025,08:52:40,06-06-2025,08:54:16,COMPLETED,0,1
79KWH,8,1,FULL,06-06-2025,08:53:55,06-06-2025,08:56:08,06-06-2025,08:58:59,COMPLETED,0,1
79KWH,8,2,FULL,06-06-2025,08:54:23,06-06-2025,08:57:09,06-06-2025,09:00:14,COMPLETED,0,1
79KWH,8,1,FULL,06-06-2025,08:59:03,06-06-2025,09:01:11,06-06-2025,09:03:57,COMPLETED,0,1
79KWH,8,2,FULL,06-06-2025,09:00:19,06-06-2025,09:00:28,06-06-2025,09:02:06,COMPLETED,0,1
79KWH,8,3,FULL,06-06-2025,09:00:34,06-06-2025,09:00:51,06-06-2025,09:02:36,COMPLETED,0,1
79KWH,8,2,FULL,06-06-2025,09:02:11,06-06-2025,09:04:55,06-06-2025,09:07:57,COMPLETED,0,1
79KWH,8,3,FULL,06-06-2025,09:02:42,06-06-2025,09:02:59,06-06-2025,09:04:53,COMPLETED,0,1
79KWH,8,1,FULL,06-06-2025,09:04:03,06-06-2025,09:04:21,06-06-2025,09:06:30,COMPLETED,0,1
79KWH,8,3,FULL,06-06-2025,09:04:59,06-06-2025,09:05:16,06-06-2025,09:07:03,COMPLETED,0,1
79KWH,8,1,FULL,06-06-2025,09:06:34,06-06-2025,09:06:53,06-06-2025,09:08:57,COMPLETED,0,1
79KWH,8,3,FULL,06-06-2025,09:07:09,06-06-2025,09:07:25,06-06-2025,09:09:09,COMPLETED,0,1
79KWH,8,2,FULL,06-06-2025,09:08:02,06-06-2025,09:10:51,06-06-2025,09:14:00,COMPLETED,0,1
79KWH,8,1,FULL,06-06-2025,09:09:02,06-06-2025,09:09:20,06-06-2025,09:11:29,COMPLETED,0,1
79KWH,8,3,FULL,06-06-2025,09:09:17,06-06-2025,09:09:32,06-06-2025,09:11:21,COMPLETED,0,1
79KWH,8,3,FULL,06-06-2025,09:11:28,06-06-2025,09:11:44,06-06-2025,09:13:30,COMPLETED,0,1
79KWH,8,1,FULL,06-06-2025,09:11:35,06-06-2025,09:11:52,06-06-2025,09:13:57,COMPLETED,0,1
79KWH,8,3,FULL,06-06-2025,09:13:36,06-06-2025,09:13:53,06-06-2025,09:15:42,COMPLETED,0,1
79KWH,8,1,FULL,06-06-2025,09:14:02,06-06-2025,09:14:19,06-06-2025,09:16:32,COMPLETED,0,1
79KWH,8,2,FULL,06-06-2025,09:14:06,06-06-2025,09:14:15,06-06-2025,09:15:50,COMPLETED,0,1
79KWH,8,3,FULL,06-06-2025,09:15:48,06-06-2025,09:16:06,06-06-2025,09:17:52,COMPLETED,0,1
79KWH,8,2,FULL,06-06-2025,09:16:30,06-06-2025,09:16:33,06-06-2025,09:18:16,COMPLETED,0,1
79KWH,8,1,FULL,06-06-2025,09:16:37,06-06-2025,09:16:54,06-06-2025,09:19:01,COMPLETED,0,1
79KWH,8,3,FULL,06-06-2025,09:17:58,06-06-2025,09:18:15,06-06-2025,09:20:06,COMPLETED,0,1
79KWH,8,1,FULL,06-06-2025,09:19:06,06-06-2025,09:21:11,06-06-2025,09:24:03,COMPLETED,0,1
79KWH,8,3,FULL,06-06-2025,09:20:13,06-06-2025,09:20:29,06-06-2025,09:22:23,COMPLETED,0,1
79KWH,8,3,FULL,06-06-2025,09:22:30,06-06-2025,09:22:46,06-06-2025,09:24:38,COMPLETED,0,1
79KWH,8,3,FULL,06-06-2025,09:24:45,06-06-2025,09:25:01,06-06-2025,09:26:51,COMPLETED,0,1
79KWH,8,1,FULL,06-06-2025,09:25:55,06-06-2025,09:34:42,06-06-2025,09:37:30,COMPLETED,0,1
79KWH,8,3,FULL,06-06-2025,09:27:09,06-06-2025,09:27:14,06-06-2025,09:29:08,COMPLETED,0,1
79KWH,8,2,FULL,06-06-2025,09:27:26,06-06-2025,09:34:47,06-06-2025,09:37:52,COMPLETED,0,1
79KWH,8,3,FULL,06-06-2025,09:30:11,06-06-2025,09:30:17,06-06-2025,09:32:08,COMPLETED,0,1
79KWH,8,3,FULL,06-06-2025,09:33:09,06-06-2025,09:33:17,06-06-2025,09:35:17,COMPLETED,0,1
79KWH,8,3,FULL,06-06-2025,09:35:24,06-06-2025,09:35:39,06-06-2025,09:37:30,COMPLETED,0,1
79KWH,8,1,FULL,06-06-2025,09:37:34,06-06-2025,09:37:53,06-06-2025,09:40:07,COMPLETED,0,1
79KWH,8,3,FULL,06-06-2025,09:37:36,06-06-2025,09:37:52,06-06-2025,09:39:49,COMPLETED,0,1
79KWH,8,2,FULL,06-06-2025,09:37:58,06-06-2025,09:40:40,06-06-2025,09:43:52,COMPLETED,0,1
79KWH,8,3,FULL,06-06-2025,09:39:55,06-06-2025,09:40:11,06-06-2025,09:42:04,COMPLETED,0,1
79KWH,8,1,FULL,06-06-2025,09:40:11,06-06-2025,09:40:29,06-06-2025,09:42:38,COMPLETED,0,1
79KWH,8,3,FULL,06-06-2025,09:42:10,06-06-2025,09:42:26,06-06-2025,09:44:23,COMPLETED,0,1
79KWH,8,1,FULL,06-06-2025,09:42:44,06-06-2025,09:43:01,06-06-2025,09:45:17,COMPLETED,0,1
79KWH,8,2,FULL,06-06-2025,09:43:58,06-06-2025,09:44:06,06-06-2025,09:45:46,COMPLETED,0,1
79KWH,8,3,FULL,06-06-2025,09:44:29,06-06-2025,09:44:46,06-06-2025,09:46:39,COMPLETED,0,1
79KWH,8,1,FULL,06-06-2025,09:45:21,06-06-2025,09:47:32,06-06-2025,09:50:21,COMPLETED,0,1
79KWH,8,2,FULL,06-06-2025,09:45:52,06-06-2025,09:48:35,06-06-2025,09:51:47,COMPLETED,0,1
79KWH,8,3,FULL,06-06-2025,09:46:45,06-06-2025,09:47:02,06-06-2025,09:49:00,COMPLETED,0,1
79KWH,8,3,FULL,06-06-2025,09:49:06,06-06-2025,09:49:23,06-06-2025,09:51:19,COMPLETED,0,1
79KWH,8,1,FULL,06-06-2025,09:50:27,06-06-2025,09:52:28,06-06-2025,09:55:24,COMPLETED,0,1
79KWH,8,3,FULL,06-06-2025,09:51:25,06-06-2025,09:51:42,06-06-2025,09:53:51,COMPLETED,0,1
79KWH,8,2,FULL,06-06-2025,09:51:53,06-06-2025,09:53:39,06-06-2025,09:55:47,COMPLETED,0,1
79KWH,8,3,FULL,06-06-2025,09:53:57,06-06-2025,09:54:13,06-06-2025,09:56:10,COMPLETED,0,1
79KWH,8,1,FULL,06-06-2025,09:55:29,06-06-2025,09:55:47,06-06-2025,09:58:00,COMPLETED,0,1
79KWH,8,2,FULL,06-06-2025,09:55:53,06-06-2025,09:58:37,06-06-2025,10:01:51,COMPLETED,0,1
79KWH,8,3,FULL,06-06-2025,09:56:16,06-06-2025,09:56:33,06-06-2025,09:58:41,COMPLETED,0,1
79KWH,8,1,FULL,06-06-2025,09:58:04,06-06-2025,09:58:22,06-06-2025,10:00:39,COMPLETED,0,1
79KWH,8,3,FULL,06-06-2025,09:58:48,06-06-2025,09:59:04,06-06-2025,10:01:02,COMPLETED,0,1
79KWH,8,1,FULL,06-06-2025,10:00:45,06-06-2025,10:02:51,06-06-2025,10:05:40,COMPLETED,0,1
79KWH,8,3,FULL,06-06-2025,10:01:09,06-06-2025,10:01:25,06-06-2025,10:03:46,COMPLETED,0,1
79KWH,8,2,FULL,06-06-2025,10:01:58,06-06-2025,10:02:05,06-06-2025,10:03:50,COMPLETED,0,1
79KWH,8,3,FULL,06-06-2025,10:03:52,06-06-2025,10:04:09,06-06-2025,10:06:09,COMPLETED,0,1
79KWH,8,2,FULL,06-06-2025,10:03:57,06-06-2025,10:04:04,06-06-2025,10:05:52,COMPLETED,0,1
79KWH,8,1,FULL,06-06-2025,10:05:44,06-06-2025,10:07:47,06-06-2025,10:10:44,COMPLETED,0,1
79KWH,8,2,FULL,06-06-2025,10:06:13,06-06-2025,10:06:20,06-06-2025,10:08:07,COMPLETED,0,1
79KWH,8,3,FULL,06-06-2025,10:06:15,06-06-2025,10:06:32,06-06-2025,10:08:42,COMPLETED,0,1
79KWH,8,3,FULL,06-06-2025,10:08:49,06-06-2025,10:09:05,06-06-2025,10:11:05,COMPLETED,0,1
79KWH,8,2,FULL,06-06-2025,10:09:09,06-06-2025,10:09:17,06-06-2025,10:11:08,COMPLETED,0,1
79KWH,8,1,FULL,06-06-2025,10:10:49,06-06-2025,10:11:07,06-06-2025,10:13:22,COMPLETED,0,1
79KWH,8,3,FULL,06-06-2025,10:11:13,06-06-2025,10:11:28,06-06-2025,10:13:33,COMPLETED,0,1
79KWH,8,2,FULL,06-06-2025,10:11:13,06-06-2025,10:11:22,06-06-2025,10:13:10,COMPLETED,0,1
79KWH,8,1,FULL,06-06-2025,10:13:27,06-06-2025,10:13:44,06-06-2025,10:16:06,COMPLETED,0,1
79KWH,8,3,FULL,06-06-2025,10:13:40,06-06-2025,10:13:56,06-06-2025,10:15:58,COMPLETED,0,1
79KWH,8,2,FULL,06-06-2025,10:14:12,06-06-2025,10:14:22,06-06-2025,10:16:16,COMPLETED,0,1
79KWH,8,3,FULL,06-06-2025,10:16:04,06-06-2025,10:16:21,06-06-2025,10:18:27,COMPLETED,0,1
79KWH,8,1,FULL,06-06-2025,10:16:11,06-06-2025,10:16:29,06-06-2025,10:18:45,COMPLETED,0,1
79KWH,8,2,FULL,06-06-2025,10:17:10,06-06-2025,10:17:11,06-06-2025,10:19:02,COMPLETED,0,1
79KWH,8,3,FULL,06-06-2025,10:18:34,06-06-2025,10:18:50,06-06-2025,10:20:57,COMPLETED,0,1
79KWH,8,1,FULL,06-06-2025,10:18:49,06-06-2025,10:20:56,06-06-2025,10:23:53,COMPLETED,0,1
79KWH,8,2,FULL,06-06-2025,10:20:16,06-06-2025,10:20:26,06-06-2025,10:22:22,COMPLETED,0,1
79KWH,8,3,FULL,06-06-2025,10:21:03,06-06-2025,10:21:19,06-06-2025,10:23:26,COMPLETED,0,1
79KWH,8,2,FULL,06-06-2025,10:23:11,06-06-2025,10:23:18,06-06-2025,10:25:10,COMPLETED,0,1
79KWH,8,3,FULL,06-06-2025,10:23:34,06-06-2025,10:23:49,06-06-2025,10:25:54,COMPLETED,0,1
79KWH,8,1,FULL,06-06-2025,10:23:58,06-06-2025,10:25:59,06-06-2025,10:28:52,COMPLETED,0,1
79KWH,8,3,FULL,06-06-2025,10:26:00,06-06-2025,10:26:17,06-06-2025,10:28:26,COMPLETED,0,1
79KWH,8,2,FULL,06-06-2025,10:26:16,06-06-2025,10:26:20,06-06-2025,10:28:16,COMPLETED,0,1
79KWH,8,2,FULL,06-06-2025,10:28:21,06-06-2025,10:28:30,06-06-2025,10:30:23,COMPLETED,0,1
79KWH,8,3,FULL,06-06-2025,10:28:34,06-06-2025,10:28:49,06-06-2025,10:30:55,COMPLETED,0,1
79KWH,8,1,FULL,06-06-2025,10:28:57,06-06-2025,10:31:02,06-06-2025,10:33:59,COMPLETED,0,1
79KWH,8,3,FULL,06-06-2025,10:31:02,06-06-2025,10:31:18,06-06-2025,10:33:31,COMPLETED,0,1
79KWH,8,2,FULL,06-06-2025,10:31:14,06-06-2025,10:31:19,06-06-2025,10:33:18,COMPLETED,0,1
79KWH,8,2,FULL,06-06-2025,10:33:25,06-06-2025,10:33:32,06-06-2025,10:35:28,COMPLETED,0,1
79KWH,8,3,FULL,06-06-2025,10:33:36,06-06-2025,10:33:54,06-06-2025,10:36:02,COMPLETED,0,1
79KWH,8,1,FULL,06-06-2025,10:34:05,06-06-2025,10:36:04,06-06-2025,10:38:57,COMPLETED,0,1
79KWH,8,3,FULL,06-06-2025,10:36:08,06-06-2025,10:36:25,06-06-2025,10:38:38,COMPLETED,0,1
79KWH,8,2,FULL,06-06-2025,10:38:33,06-06-2025,10:38:45,06-06-2025,10:40:47,COMPLETED,0,1
79KWH,8,3,FULL,06-06-2025,10:38:43,06-06-2025,10:39:00,06-06-2025,10:41:11,COMPLETED,0,1
79KWH,8,1,FULL,06-06-2025,10:39:03,06-06-2025,10:39:20,06-06-2025,00:00:00,ABORT,0,1
79KWH,8,3,FULL,06-06-2025,10:41:21,06-06-2025,10:41:34,06-06-2025,10:43:47,COMPLETED,0,1
79KWH,8,2,FULL,06-06-2025,10:41:33,06-06-2025,10:41:43,06-06-2025,10:43:41,COMPLETED,0,1
79KWH,8,2,FULL,06-06-2025,10:43:48,06-06-2025,10:43:55,06-06-2025,10:45:58,COMPLETED,0,1
79KWH,8,3,FULL,06-06-2025,10:43:54,06-06-2025,10:44:10,06-06-2025,10:46:33,COMPLETED,0,1
79KWH,8,2,FULL,06-06-2025,10:46:04,06-06-2025,10:46:12,06-06-2025,10:48:12,COMPLETED,0,1
79KWH,8,3,FULL,06-06-2025,10:46:40,06-06-2025,10:46:55,06-06-2025,10:49:10,COMPLETED,0,1
79KWH,8,2,FULL,06-06-2025,10:48:18,06-06-2025,10:48:26,06-06-2025,10:50:31,COMPLETED,0,1
79KWH,8,3,FULL,06-06-2025,10:49:16,06-06-2025,10:49:33,06-06-2025,10:51:44,COMPLETED,0,1
79KWH,8,2,FULL,06-06-2025,10:50:38,06-06-2025,10:50:46,06-06-2025,10:52:47,COMPLETED,0,1
79KWH,8,3,FULL,06-06-2025,10:51:51,06-06-2025,10:52:06,06-06-2025,10:54:28,COMPLETED,0,1
79KWH,8,2,FULL,06-06-2025,10:52:53,06-06-2025,10:53:01,06-06-2025,10:55:10,COMPLETED,0,1
79KWH,8,3,FULL,06-06-2025,10:54:34,06-06-2025,10:54:51,06-06-2025,10:57:03,COMPLETED,0,1
79KWH,8,2,FULL,06-06-2025,10:55:15,06-06-2025,10:55:24,06-06-2025,10:57:28,COMPLETED,0,1
79KWH,8,3,FULL,06-06-2025,10:57:11,06-06-2025,10:57:26,06-06-2025,10:59:41,COMPLETED,0,1
79KWH,8,2,FULL,06-06-2025,10:57:34,06-06-2025,10:57:42,06-06-2025,10:59:52,COMPLETED,0,1
79KWH,8,3,FULL,06-06-2025,10:59:47,06-06-2025,11:00:04,06-06-2025,11:02:16,COMPLETED,0,1
79KWH,8,2,FULL,06-06-2025,10:59:57,06-06-2025,11:00:06,06-06-2025,11:02:10,COMPLETED,0,1
79KWH,8,3,FULL,06-06-2025,11:02:24,06-06-2025,11:02:39,06-06-2025,11:04:58,COMPLETED,0,1
79KWH,8,2,FULL,06-06-2025,11:02:52,06-06-2025,11:03:06,06-06-2025,11:05:18,COMPLETED,0,1
79KWH,8,3,FULL,06-06-2025,11:05:05,06-06-2025,11:05:21,06-06-2025,11:07:38,COMPLETED,0,1
79KWH,8,2,FULL,06-06-2025,11:05:23,06-06-2025,11:05:31,06-06-2025,11:07:37,COMPLETED,0,1
79KWH,8,2,FULL,06-06-2025,11:07:43,06-06-2025,11:07:51,06-06-2025,11:10:05,COMPLETED,0,1
79KWH,8,3,FULL,06-06-2025,11:07:44,06-06-2025,11:08:01,06-06-2025,11:10:22,COMPLETED,0,1
79KWH,8,2,FULL,06-06-2025,11:10:10,06-06-2025,11:10:19,06-06-2025,11:12:28,COMPLETED,0,1
79KWH,8,3,FULL,06-06-2025,11:10:29,06-06-2025,11:10:45,06-06-2025,11:13:04,COMPLETED,0,1
79KWH,8,2,FULL,06-06-2025,11:12:33,06-06-2025,11:12:41,06-06-2025,11:14:56,COMPLETED,0,1
79KWH,8,3,FULL,06-06-2025,11:13:10,06-06-2025,11:13:27,06-06-2025,11:15:50,COMPLETED,0,1
79KWH,8,2,FULL,06-06-2025,11:15:02,06-06-2025,11:15:10,06-06-2025,11:17:23,COMPLETED,0,1
79KWH,8,3,FULL,06-06-2025,11:15:55,06-06-2025,11:16:13,06-06-2025,11:18:31,COMPLETED,0,1
79KWH,8,2,FULL,06-06-2025,11:17:28,06-06-2025,11:17:37,06-06-2025,11:19:53,COMPLETED,0,1
79KWH,8,3,FULL,06-06-2025,11:18:39,06-06-2025,11:18:54,06-06-2025,11:21:21,COMPLETED,0,1
79KWH,8,2,FULL,06-06-2025,11:19:58,06-06-2025,11:20:06,06-06-2025,11:22:21,COMPLETED,0,1
79KWH,8,3,FULL,06-06-2025,11:21:28,06-06-2025,11:21:44,06-06-2025,11:24:05,COMPLETED,0,1
79KWH,8,2,FULL,06-06-2025,11:22:27,06-06-2025,11:22:34,06-06-2025,11:24:53,COMPLETED,0,1
79KWH,8,3,FULL,06-06-2025,11:24:11,06-06-2025,11:24:28,06-06-2025,11:26:53,COMPLETED,0,1
79KWH,8,2,FULL,06-06-2025,11:25:00,06-06-2025,11:32:40,06-06-2025,11:37:03,COMPLETED,0,1
79KWH,8,3,FULL,06-06-2025,11:27:01,06-06-2025,11:27:16,06-06-2025,11:29:37,COMPLETED,0,1
79KWH,8,3,FULL,06-06-2025,11:29:44,06-06-2025,11:30:00,06-06-2025,11:32:25,COMPLETED,0,1
79KWH,8,3,FULL,06-06-2025,11:32:31,06-06-2025,11:32:48,06-06-2025,11:35:09,COMPLETED,0,1
79KWH,8,3,FULL,06-06-2025,11:35:16,06-06-2025,11:35:31,06-06-2025,11:38:00,COMPLETED,0,1
79KWH,8,2,FULL,06-06-2025,11:37:09,06-06-2025,11:37:17,06-06-2025,11:39:37,COMPLETED,0,1
79KWH,8,3,FULL,06-06-2025,11:38:06,06-06-2025,11:38:23,06-06-2025,11:40:48,COMPLETED,0,1
79KWH,8,2,FULL,06-06-2025,11:39:44,06-06-2025,11:39:51,06-06-2025,11:42:08,COMPLETED,0,1
79KWH,8,3,FULL,06-06-2025,11:40:54,06-06-2025,11:41:11,06-06-2025,11:43:40,COMPLETED,0,1
79KWH,8,2,FULL,06-06-2025,11:42:14,06-06-2025,11:42:21,06-06-2025,11:44:45,COMPLETED,0,1
79KWH,8,3,FULL,06-06-2025,11:43:45,06-06-2025,11:44:02,06-06-2025,11:46:34,COMPLETED,0,1
79KWH,8,2,FULL,06-06-2025,11:44:52,06-06-2025,11:44:59,06-06-2025,11:47:21,COMPLETED,0,1
79KWH,8,3,FULL,06-06-2025,11:46:41,06-06-2025,11:46:56,06-06-2025,11:49:25,COMPLETED,0,1
79KWH,8,3,FULL,06-06-2025,11:49:33,06-06-2025,11:49:48,06-06-2025,11:52:16,COMPLETED,0,1
79KWH,8,3,FULL,06-06-2025,11:52:22,06-06-2025,11:52:39,06-06-2025,12:04:28,COMPLETED,0,1
79KWH,8,3,FULL,06-06-2025,12:04:35,06-06-2025,12:04:51,06-06-2025,12:07:22,COMPLETED,0,1
79KWH,8,3,FULL,06-06-2025,12:07:29,06-06-2025,12:07:45,06-06-2025,12:10:22,COMPLETED,0,1
79KWH,8,3,FULL,06-06-2025,12:21:07,06-06-2025,12:21:30,06-06-2025,12:23:59,COMPLETED,0,1
79KWH,8,2,FULL,06-06-2025,12:21:18,06-06-2025,12:44:37,06-06-2025,12:46:26,COMPLETED,0,1
79KWH,8,3,FULL,06-06-2025,12:27:55,06-06-2025,12:28:12,06-06-2025,12:30:45,COMPLETED,0,1
79KWH,8,3,FULL,06-06-2025,12:30:51,06-06-2025,12:31:09,06-06-2025,12:33:50,COMPLETED,0,1
79KWH,8,3,FULL,06-06-2025,12:33:56,06-06-2025,12:34:12,06-06-2025,12:36:48,COMPLETED,0,1
79KWH,8,3,FULL,06-06-2025,12:36:54,06-06-2025,12:37:10,06-06-2025,12:39:42,COMPLETED,0,1
79KWH,8,3,FULL,06-06-2025,12:39:48,06-06-2025,12:40:04,06-06-2025,12:42:44,COMPLETED,0,1
79KWH,8,3,FULL,06-06-2025,12:42:51,06-06-2025,12:43:06,06-06-2025,12:45:44,COMPLETED,0,1
79KWH,8,3,FULL,06-06-2025,12:45:51,06-06-2025,12:46:07,06-06-2025,12:48:44,COMPLETED,0,1
79KWH,8,2,FULL,06-06-2025,12:46:32,06-06-2025,12:46:40,06-06-2025,12:49:01,COMPLETED,0,1
79KWH,8,1,FULL,06-06-2025,12:48:11,06-06-2025,12:48:31,06-06-2025,12:51:38,COMPLETED,0,1
79KWH,8,3,FULL,06-06-2025,12:48:50,06-06-2025,12:49:07,06-06-2025,12:51:43,COMPLETED,0,1
79KWH,8,2,FULL,06-06-2025,12:49:08,06-06-2025,12:49:15,06-06-2025,12:51:41,COMPLETED,0,1
79KWH,8,1,FULL,06-06-2025,12:51:43,06-06-2025,12:52:01,06-06-2025,12:54:21,COMPLETED,0,1
79KWH,8,2,FULL,06-06-2025,12:51:46,06-06-2025,12:51:55,06-06-2025,12:54:18,COMPLETED,0,1
79KWH,8,3,FULL,06-06-2025,12:51:49,06-06-2025,12:52:06,06-06-2025,12:54:45,COMPLETED,0,1
79KWH,8,2,FULL,06-06-2025,12:54:23,06-06-2025,12:54:31,06-06-2025,12:57:00,COMPLETED,0,1
79KWH,8,1,FULL,06-06-2025,12:54:26,06-06-2025,12:54:45,06-06-2025,12:57:12,COMPLETED,0,1
79KWH,8,3,FULL,06-06-2025,12:54:51,06-06-2025,12:55:07,06-06-2025,12:57:45,COMPLETED,0,1
79KWH,8,2,FULL,06-06-2025,12:57:06,06-06-2025,12:57:14,06-06-2025,12:59:39,COMPLETED,0,1
79KWH,8,1,FULL,06-06-2025,12:57:16,06-06-2025,12:57:35,06-06-2025,13:00:01,COMPLETED,0,1
79KWH,8,3,FULL,06-06-2025,12:57:51,06-06-2025,12:58:07,06-06-2025,13:00:49,COMPLETED,0,1
79KWH,8,2,FULL,06-06-2025,12:59:45,06-06-2025,12:59:54,06-06-2025,13:02:26,COMPLETED,0,1
79KWH,8,1,FULL,06-06-2025,13:00:06,06-06-2025,13:00:25,06-06-2025,13:02:59,COMPLETED,0,1
79KWH,8,3,FULL,06-06-2025,13:00:56,06-06-2025,13:01:12,06-06-2025,13:03:49,COMPLETED,0,1
79KWH,8,2,FULL,06-06-2025,13:02:32,06-06-2025,13:02:40,06-06-2025,13:05:08,COMPLETED,0,1
79KWH,8,1,FULL,06-06-2025,13:03:04,06-06-2025,13:03:21,06-06-2025,13:05:45,COMPLETED,0,1
79KWH,8,3,FULL,06-06-2025,13:03:57,06-06-2025,13:04:12,06-06-2025,13:06:55,COMPLETED,0,1
79KWH,8,2,FULL,06-06-2025,13:05:14,06-06-2025,13:05:21,06-06-2025,13:07:54,COMPLETED,0,1
79KWH,8,1,FULL,06-06-2025,13:05:50,06-06-2025,13:06:08,06-06-2025,13:08:37,COMPLETED,0,1
79KWH,8,3,FULL,06-06-2025,13:07:01,06-06-2025,13:07:18,06-06-2025,13:09:55,COMPLETED,0,1
79KWH,8,2,FULL,06-06-2025,13:08:00,06-06-2025,13:08:08,06-06-2025,13:10:36,COMPLETED,0,1
79KWH,8,1,FULL,06-06-2025,13:08:43,06-06-2025,13:09:00,06-06-2025,13:11:23,COMPLETED,0,1
79KWH,8,3,FULL,06-06-2025,13:10:02,06-06-2025,13:10:18,06-06-2025,13:13:04,COMPLETED,0,1
79KWH,8,2,FULL,06-06-2025,13:10:42,06-06-2025,13:10:49,06-06-2025,13:13:24,COMPLETED,0,1
79KWH,8,1,FULL,06-06-2025,13:11:28,06-06-2025,13:11:46,06-06-2025,13:14:18,COMPLETED,0,1
79KWH,8,3,FULL,06-06-2025,13:13:11,06-06-2025,13:13:27,06-06-2025,13:16:11,COMPLETED,0,1
79KWH,8,2,FULL,06-06-2025,13:13:31,06-06-2025,13:13:37,06-06-2025,13:16:08,COMPLETED,0,1
79KWH,8,1,FULL,06-06-2025,13:14:23,06-06-2025,13:14:40,06-06-2025,13:17:06,COMPLETED,0,1
79KWH,8,2,FULL,06-06-2025,13:16:15,06-06-2025,13:16:22,06-06-2025,13:18:54,COMPLETED,0,1
79KWH,8,3,FULL,06-06-2025,13:16:18,06-06-2025,13:16:34,06-06-2025,13:19:24,COMPLETED,0,1
79KWH,8,1,FULL,06-06-2025,13:17:11,06-06-2025,13:17:29,06-06-2025,13:19:59,COMPLETED,0,1
79KWH,8,2,FULL,06-06-2025,13:19:00,06-06-2025,13:19:08,06-06-2025,13:21:46,COMPLETED,0,1
79KWH,8,3,FULL,06-06-2025,13:19:31,06-06-2025,13:19:46,06-06-2025,13:22:31,COMPLETED,0,1
79KWH,8,1,FULL,06-06-2025,13:20:05,06-06-2025,13:20:22,06-06-2025,13:22:49,COMPLETED,0,1
79KWH,8,2,FULL,06-06-2025,13:21:52,06-06-2025,13:21:59,06-06-2025,13:24:34,COMPLETED,0,1
79KWH,8,1,FULL,06-06-2025,13:24:03,06-06-2025,13:24:21,06-06-2025,13:26:55,COMPLETED,0,1
79KWH,8,2,FULL,06-06-2025,13:24:40,06-06-2025,13:24:47,06-06-2025,13:27:28,COMPLETED,0,1
79KWH,8,3,FULL,06-06-2025,13:25:28,06-06-2025,13:25:35,06-06-2025,13:28:19,COMPLETED,0,1
79KWH,8,1,FULL,06-06-2025,13:27:01,06-06-2025,13:27:18,06-06-2025,13:29:47,COMPLETED,0,1
79KWH,8,2,FULL,06-06-2025,13:27:33,06-06-2025,13:27:42,06-06-2025,13:30:17,COMPLETED,0,1
79KWH,8,3,FULL,06-06-2025,13:28:26,06-06-2025,13:28:42,06-06-2025,13:31:33,COMPLETED,0,1
79KWH,8,1,FULL,06-06-2025,13:29:53,06-06-2025,13:30:10,06-06-2025,13:32:45,COMPLETED,0,1
79KWH,8,2,FULL,06-06-2025,13:30:23,06-06-2025,13:30:31,06-06-2025,13:33:14,COMPLETED,0,1
79KWH,8,3,FULL,06-06-2025,13:31:39,06-06-2025,13:31:56,06-06-2025,13:34:43,COMPLETED,0,1
79KWH,8,1,FULL,06-06-2025,13:32:51,06-06-2025,13:33:08,06-06-2025,13:35:37,COMPLETED,0,1
79KWH,8,2,FULL,06-06-2025,13:33:20,06-06-2025,13:33:28,06-06-2025,13:36:08,COMPLETED,0,1
79KWH,8,3,FULL,06-06-2025,13:34:51,06-06-2025,13:35:07,06-06-2025,13:37:49,COMPLETED,0,1
79KWH,8,1,FULL,06-06-2025,13:35:42,06-06-2025,13:36:00,06-06-2025,13:38:35,COMPLETED,0,1
79KWH,8,2,FULL,06-06-2025,13:36:15,06-06-2025,13:36:22,06-06-2025,13:39:07,COMPLETED,0,1
79KWH,8,3,FULL,06-06-2025,13:37:56,06-06-2025,13:38:12,06-06-2025,13:41:04,COMPLETED,0,1
79KWH,8,1,FULL,06-06-2025,13:38:40,06-06-2025,13:38:58,06-06-2025,13:41:28,COMPLETED,0,1
79KWH,8,2,FULL,06-06-2025,13:39:12,06-06-2025,13:39:20,06-06-2025,13:42:01,COMPLETED,0,1
79KWH,8,3,FULL,06-06-2025,13:41:11,06-06-2025,13:41:27,06-06-2025,13:44:12,COMPLETED,0,1
79KWH,8,1,FULL,06-06-2025,13:41:33,06-06-2025,13:41:51,06-06-2025,13:44:28,COMPLETED,0,1
79KWH,8,2,FULL,06-06-2025,13:42:35,06-06-2025,13:42:43,06-06-2025,13:45:29,COMPLETED,0,1
79KWH,8,3,FULL,06-06-2025,13:44:19,06-06-2025,13:44:35,06-06-2025,13:47:25,COMPLETED,0,1
79KWH,8,1,FULL,06-06-2025,13:44:34,06-06-2025,13:44:51,06-06-2025,13:47:24,COMPLETED,0,1
79KWH,8,2,FULL,06-06-2025,13:46:46,06-06-2025,13:46:54,06-06-2025,13:49:37,COMPLETED,0,1
79KWH,8,1,FULL,06-06-2025,13:47:30,06-06-2025,13:47:47,06-06-2025,13:50:31,COMPLETED,0,1
79KWH,8,3,FULL,06-06-2025,13:47:32,06-06-2025,13:47:48,06-06-2025,13:50:36,COMPLETED,0,1
79KWH,8,2,FULL,06-06-2025,13:49:44,06-06-2025,13:49:52,06-06-2025,13:52:40,COMPLETED,0,1
79KWH,8,1,FULL,06-06-2025,13:50:36,06-06-2025,13:50:55,06-06-2025,13:53:29,COMPLETED,0,1
79KWH,8,3,FULL,06-06-2025,13:50:42,06-06-2025,13:50:59,06-06-2025,13:53:50,COMPLETED,0,1
79KWH,8,2,FULL,06-06-2025,13:52:45,06-06-2025,13:52:54,06-06-2025,13:55:40,COMPLETED,0,1
79KWH,8,1,FULL,06-06-2025,13:53:34,06-06-2025,13:55:27,06-06-2025,13:58:33,COMPLETED,0,1
79KWH,8,3,FULL,06-06-2025,13:53:57,06-06-2025,13:54:13,06-06-2025,13:57:11,COMPLETED,0,1
79KWH,8,3,FULL,06-06-2025,13:57:18,06-06-2025,13:57:33,06-06-2025,14:00:25,COMPLETED,0,1
79KWH,8,1,FULL,06-06-2025,13:58:38,06-06-2025,14:00:39,06-06-2025,14:03:41,COMPLETED,0,1
79KWH,8,3,FULL,06-06-2025,14:00:31,06-06-2025,14:00:48,06-06-2025,14:03:42,COMPLETED,0,1
79KWH,8,3,FULL,06-06-2025,14:03:47,06-06-2025,14:04:04,06-06-2025,14:07:09,COMPLETED,0,1
79KWH,8,2,FULL,07-06-2025,07:17:33,07-06-2025,07:30:39,07-06-2025,07:34:18,COMPLETED,0,1
79KWH,8,1,FULL,07-06-2025,07:19:01,07-06-2025,07:19:02,07-06-2025,07:22:09,COMPLETED,0,1
79KWH,8,3,FULL,07-06-2025,07:20:21,07-06-2025,07:20:30,07-06-2025,07:23:45,COMPLETED,0,1
79KWH,8,1,FULL,07-06-2025,07:22:13,07-06-2025,07:22:31,07-06-2025,07:25:09,COMPLETED,0,1
79KWH,8,3,FULL,07-06-2025,07:23:52,07-06-2025,07:24:08,07-06-2025,07:27:14,COMPLETED,0,1
79KWH,8,1,FULL,07-06-2025,07:25:14,07-06-2025,07:25:31,07-06-2025,07:28:13,COMPLETED,0,1
79KWH,8,3,FULL,07-06-2025,07:27:21,07-06-2025,07:27:37,07-06-2025,07:30:37,COMPLETED,0,1
79KWH,8,1,FULL,07-06-2025,07:28:18,07-06-2025,07:28:36,07-06-2025,07:31:13,COMPLETED,0,1
79KWH,8,3,FULL,07-06-2025,07:30:44,07-06-2025,07:31:00,07-06-2025,07:34:02,COMPLETED,0,1
79KWH,8,1,FULL,07-06-2025,07:31:19,07-06-2025,07:31:35,07-06-2025,07:34:19,COMPLETED,0,1
79KWH,8,3,FULL,07-06-2025,07:34:09,07-06-2025,07:34:25,07-06-2025,07:37:17,COMPLETED,0,1
79KWH,8,2,FULL,07-06-2025,07:34:24,07-06-2025,07:36:36,07-06-2025,07:40:10,COMPLETED,0,1
79KWH,8,1,FULL,07-06-2025,07:34:24,07-06-2025,07:34:42,07-06-2025,07:37:20,COMPLETED,0,1
79KWH,8,3,FULL,07-06-2025,07:37:23,07-06-2025,07:37:39,07-06-2025,07:40:44,COMPLETED,0,1
79KWH,8,1,FULL,07-06-2025,07:37:25,07-06-2025,07:37:43,07-06-2025,07:40:27,COMPLETED,0,1
79KWH,8,2,FULL,07-06-2025,07:40:20,07-06-2025,07:40:24,07-06-2025,07:43:06,COMPLETED,0,1
79KWH,8,1,FULL,07-06-2025,07:40:32,07-06-2025,07:40:50,07-06-2025,07:43:36,COMPLETED,0,1
79KWH,8,3,FULL,07-06-2025,07:40:49,07-06-2025,07:41:07,07-06-2025,07:44:11,COMPLETED,0,1
79KWH,8,2,FULL,07-06-2025,07:43:13,07-06-2025,07:43:20,07-06-2025,07:46:14,COMPLETED,0,1
79KWH,8,1,FULL,07-06-2025,07:43:41,07-06-2025,07:43:59,07-06-2025,07:46:50,COMPLETED,0,1
79KWH,8,3,FULL,07-06-2025,07:44:16,07-06-2025,07:44:34,07-06-2025,07:47:44,COMPLETED,0,1
79KWH,8,2,FULL,07-06-2025,07:46:19,07-06-2025,07:46:28,07-06-2025,07:49:19,COMPLETED,0,1
79KWH,8,1,FULL,07-06-2025,07:46:55,07-06-2025,07:47:13,07-06-2025,07:49:55,COMPLETED,0,1
79KWH,8,3,FULL,07-06-2025,07:47:50,07-06-2025,07:48:07,07-06-2025,08:22:45,COMPLETED,0,1
79KWH,8,2,FULL,07-06-2025,07:49:26,07-06-2025,07:49:33,07-06-2025,07:52:30,COMPLETED,0,1
79KWH,8,1,FULL,07-06-2025,07:49:59,07-06-2025,07:50:17,07-06-2025,07:53:06,COMPLETED,0,1
79KWH,8,2,FULL,07-06-2025,07:52:36,07-06-2025,07:52:44,07-06-2025,07:55:38,COMPLETED,0,1
79KWH,8,1,FULL,07-06-2025,07:53:11,07-06-2025,07:53:29,07-06-2025,07:56:13,COMPLETED,0,1
79KWH,8,2,FULL,07-06-2025,07:55:45,07-06-2025,07:55:52,07-06-2025,07:58:45,COMPLETED,0,1
79KWH,8,1,FULL,07-06-2025,07:56:17,07-06-2025,07:56:35,07-06-2025,07:59:26,COMPLETED,0,1
79KWH,8,2,FULL,07-06-2025,07:58:50,07-06-2025,07:58:59,07-06-2025,08:01:59,COMPLETED,0,1
79KWH,8,1,FULL,07-06-2025,07:59:31,07-06-2025,07:59:49,07-06-2025,08:02:34,COMPLETED,0,1
79KWH,8,2,FULL,07-06-2025,08:02:06,07-06-2025,08:04:09,07-06-2025,08:07:54,COMPLETED,0,1
79KWH,8,1,FULL,07-06-2025,08:02:39,07-06-2025,08:05:41,07-06-2025,08:08:54,COMPLETED,0,1
79KWH,8,2,FULL,07-06-2025,08:08:00,07-06-2025,08:10:01,07-06-2025,08:13:51,COMPLETED,0,1
79KWH,8,1,FULL,07-06-2025,08:09:00,07-06-2025,08:12:07,07-06-2025,08:15:14,COMPLETED,0,1
79KWH,8,2,FULL,07-06-2025,08:13:58,07-06-2025,08:16:02,07-06-2025,08:19:48,COMPLETED,0,1
79KWH,8,1,FULL,07-06-2025,08:15:19,07-06-2025,08:15:37,07-06-2025,08:18:30,COMPLETED,0,1
79KWH,8,1,FULL,07-06-2025,08:18:35,07-06-2025,08:18:53,07-06-2025,08:21:40,COMPLETED,0,1
79KWH,8,2,FULL,07-06-2025,08:19:54,07-06-2025,08:20:02,07-06-2025,08:23:05,COMPLETED,0,1
79KWH,8,1,FULL,07-06-2025,08:21:46,07-06-2025,08:22:03,07-06-2025,08:24:57,COMPLETED,0,1
79KWH,8,3,FULL,07-06-2025,08:22:52,07-06-2025,08:23:08,07-06-2025,08:26:08,COMPLETED,0,1
79KWH,8,2,FULL,07-06-2025,08:23:11,07-06-2025,08:23:18,07-06-2025,08:26:19,COMPLETED,0,1
79KWH,8,1,FULL,07-06-2025,08:25:02,07-06-2025,08:25:20,07-06-2025,08:28:07,COMPLETED,0,1
79KWH,8,3,FULL,07-06-2025,08:26:14,07-06-2025,08:26:31,07-06-2025,08:29:33,COMPLETED,0,1
79KWH,8,2,FULL,07-06-2025,08:26:26,07-06-2025,08:26:33,07-06-2025,08:29:38,COMPLETED,0,1
79KWH,8,1,FULL,07-06-2025,08:28:12,07-06-2025,08:28:30,07-06-2025,08:31:26,COMPLETED,0,1
79KWH,8,3,FULL,07-06-2025,08:29:39,07-06-2025,08:29:56,07-06-2025,08:33:04,COMPLETED,0,1
79KWH,8,2,FULL,07-06-2025,08:29:44,07-06-2025,08:29:51,07-06-2025,08:32:55,COMPLETED,0,1
79KWH,8,1,FULL,07-06-2025,08:31:31,07-06-2025,08:31:49,07-06-2025,08:34:41,COMPLETED,0,1
79KWH,8,2,FULL,07-06-2025,08:33:02,07-06-2025,08:33:09,07-06-2025,08:36:16,COMPLETED,0,1
79KWH,8,3,FULL,07-06-2025,08:33:10,07-06-2025,08:33:27,07-06-2025,08:36:35,COMPLETED,0,1
79KWH,8,1,FULL,07-06-2025,08:34:46,07-06-2025,08:37:55,07-06-2025,08:41:09,COMPLETED,0,1
79KWH,8,2,FULL,07-06-2025,08:36:22,07-06-2025,08:38:18,07-06-2025,08:42:07,COMPLETED,0,1
79KWH,8,3,FULL,07-06-2025,08:36:41,07-06-2025,08:36:58,07-06-2025,08:40:11,COMPLETED,0,1
79KWH,8,3,FULL,07-06-2025,08:40:19,07-06-2025,08:40:34,07-06-2025,08:43:44,COMPLETED,0,1
79KWH,8,1,FULL,07-06-2025,08:41:14,07-06-2025,08:44:23,07-06-2025,08:47:33,COMPLETED,0,1
79KWH,8,2,FULL,07-06-2025,08:42:13,07-06-2025,08:44:13,07-06-2025,08:48:08,COMPLETED,0,1
79KWH,8,3,FULL,07-06-2025,08:43:52,07-06-2025,08:44:07,07-06-2025,08:47:21,COMPLETED,0,1
79KWH,8,3,FULL,07-06-2025,08:47:27,07-06-2025,08:47:45,07-06-2025,08:50:57,COMPLETED,0,1
79KWH,8,1,FULL,07-06-2025,08:47:38,07-06-2025,08:50:41,07-06-2025,08:53:58,COMPLETED,0,1
79KWH,8,2,FULL,07-06-2025,08:48:14,07-06-2025,08:48:22,07-06-2025,08:51:31,COMPLETED,0,1
79KWH,8,3,FULL,07-06-2025,08:51:03,07-06-2025,08:51:20,07-06-2025,08:54:36,COMPLETED,0,1
79KWH,8,2,FULL,07-06-2025,08:51:38,07-06-2025,08:51:45,07-06-2025,08:54:58,COMPLETED,0,1
79KWH,8,1,FULL,07-06-2025,08:54:03,07-06-2025,08:57:13,07-06-2025,09:00:22,COMPLETED,0,1
79KWH,8,3,FULL,07-06-2025,08:54:44,07-06-2025,08:54:59,07-06-2025,08:58:07,COMPLETED,0,1
79KWH,8,2,FULL,07-06-2025,08:55:04,07-06-2025,08:55:11,07-06-2025,08:58:21,COMPLETED,0,1
79KWH,8,3,FULL,07-06-2025,08:58:15,07-06-2025,08:58:30,07-06-2025,09:01:36,COMPLETED,0,1
79KWH,8,2,FULL,07-06-2025,08:58:27,07-06-2025,08:58:34,07-06-2025,09:01:50,COMPLETED,0,1
79KWH,8,1,FULL,07-06-2025,09:00:27,07-06-2025,09:03:30,07-06-2025,09:06:48,COMPLETED,0,1
79KWH,8,3,FULL,07-06-2025,09:01:43,07-06-2025,09:01:59,07-06-2025,09:05:09,COMPLETED,0,1
79KWH,8,2,FULL,07-06-2025,09:01:55,07-06-2025,09:02:03,07-06-2025,09:05:14,COMPLETED,0,1
79KWH,8,3,FULL,07-06-2025,09:05:14,07-06-2025,09:05:32,07-06-2025,09:08:48,COMPLETED,0,1
79KWH,8,2,FULL,07-06-2025,09:05:21,07-06-2025,09:05:28,07-06-2025,09:08:43,COMPLETED,0,1
79KWH,8,1,FULL,07-06-2025,09:06:52,07-06-2025,09:10:05,07-06-2025,09:13:17,COMPLETED,0,1
79KWH,8,2,FULL,07-06-2025,09:08:50,07-06-2025,09:08:57,07-06-2025,09:12:11,COMPLETED,0,1
79KWH,8,3,FULL,07-06-2025,09:08:54,07-06-2025,09:09:11,07-06-2025,09:12:19,COMPLETED,0,1
79KWH,8,2,FULL,07-06-2025,09:12:17,07-06-2025,09:12:25,07-06-2025,09:15:43,COMPLETED,0,1
79KWH,8,3,FULL,07-06-2025,09:12:25,07-06-2025,09:12:42,07-06-2025,09:16:01,COMPLETED,0,1
79KWH,8,1,FULL,07-06-2025,09:13:21,07-06-2025,09:16:24,07-06-2025,09:19:42,COMPLETED,0,1
79KWH,8,2,FULL,07-06-2025,09:15:50,07-06-2025,09:15:57,07-06-2025,09:19:12,COMPLETED,0,1
79KWH,8,3,FULL,07-06-2025,09:16:06,07-06-2025,09:16:24,07-06-2025,09:19:30,COMPLETED,0,1
79KWH,8,3,FULL,07-06-2025,09:19:35,07-06-2025,09:19:52,07-06-2025,09:23:13,COMPLETED,0,1
79KWH,8,1,FULL,07-06-2025,09:19:50,07-06-2025,09:26:17,07-06-2025,09:29:35,COMPLETED,0,1
79KWH,8,3,FULL,07-06-2025,09:24:20,07-06-2025,09:24:22,07-06-2025,09:27:32,COMPLETED,0,1
79KWH,8,2,FULL,07-06-2025,09:26:18,07-06-2025,09:26:26,07-06-2025,09:29:45,COMPLETED,0,1
79KWH,8,3,FULL,07-06-2025,09:27:38,07-06-2025,09:27:54,07-06-2025,09:31:14,COMPLETED,0,1
79KWH,8,1,FULL,07-06-2025,09:29:40,07-06-2025,09:32:52,07-06-2025,09:36:04,COMPLETED,0,1
79KWH,8,3,FULL,07-06-2025,09:31:20,07-06-2025,09:31:37,07-06-2025,09:34:55,COMPLETED,0,1
79KWH,8,2,FULL,07-06-2025,09:33:37,07-06-2025,09:33:44,07-06-2025,09:37:02,COMPLETED,0,1
79KWH,8,3,FULL,07-06-2025,09:35:02,07-06-2025,09:35:17,07-06-2025,09:38:47,COMPLETED,0,1
79KWH,8,1,FULL,07-06-2025,09:36:09,07-06-2025,09:39:10,07-06-2025,09:42:21,COMPLETED,0,1
79KWH,8,2,FULL,07-06-2025,09:37:09,07-06-2025,09:37:15,07-06-2025,09:40:37,COMPLETED,0,1
79KWH,8,3,FULL,07-06-2025,09:38:53,07-06-2025,09:39:09,07-06-2025,09:42:30,COMPLETED,0,1
79KWH,8,2,FULL,07-06-2025,09:40:43,07-06-2025,09:40:51,07-06-2025,09:44:10,COMPLETED,0,1
79KWH,8,1,FULL,07-06-2025,09:42:26,07-06-2025,09:45:33,07-06-2025,09:48:52,COMPLETED,0,1
79KWH,8,3,FULL,07-06-2025,09:42:37,07-06-2025,09:42:53,07-06-2025,09:46:18,COMPLETED,0,1
79KWH,8,2,FULL,07-06-2025,09:44:16,07-06-2025,09:44:24,07-06-2025,09:47:49,COMPLETED,0,1
79KWH,8,3,FULL,07-06-2025,09:46:24,07-06-2025,09:46:41,07-06-2025,09:50:03,COMPLETED,0,1
79KWH,8,2,FULL,07-06-2025,09:47:54,07-06-2025,09:48:03,07-06-2025,09:51:24,COMPLETED,0,1
79KWH,8,1,FULL,07-06-2025,09:48:57,07-06-2025,09:52:01,07-06-2025,09:55:15,COMPLETED,0,1
79KWH,8,3,FULL,07-06-2025,09:50:10,07-06-2025,09:50:26,07-06-2025,09:53:40,COMPLETED,0,1
79KWH,8,2,FULL,07-06-2025,09:51:30,07-06-2025,09:51:38,07-06-2025,09:55:04,COMPLETED,0,1
79KWH,8,3,FULL,07-06-2025,09:53:46,07-06-2025,09:54:03,07-06-2025,09:57:14,COMPLETED,0,1
79KWH,8,2,FULL,07-06-2025,09:55:09,07-06-2025,09:55:18,07-06-2025,09:58:39,COMPLETED,0,1
79KWH,8,1,FULL,07-06-2025,09:55:23,07-06-2025,09:58:27,07-06-2025,10:01:40,COMPLETED,0,1
79KWH,8,3,FULL,07-06-2025,09:57:21,07-06-2025,09:57:37,07-06-2025,10:01:03,COMPLETED,0,1
79KWH,8,2,FULL,07-06-2025,09:58:45,07-06-2025,09:58:54,07-06-2025,10:02:25,COMPLETED,0,1
79KWH,8,3,FULL,07-06-2025,10:01:10,07-06-2025,10:01:27,07-06-2025,10:04:49,COMPLETED,0,1
79KWH,8,1,FULL,07-06-2025,10:01:45,07-06-2025,10:04:45,07-06-2025,10:08:06,COMPLETED,0,1
79KWH,8,2,FULL,07-06-2025,10:02:31,07-06-2025,10:02:38,07-06-2025,10:06:03,COMPLETED,0,1
79KWH,8,3,FULL,07-06-2025,10:04:57,07-06-2025,10:05:12,07-06-2025,10:08:38,COMPLETED,0,1
79KWH,8,2,FULL,07-06-2025,10:06:09,07-06-2025,10:06:17,07-06-2025,10:09:47,COMPLETED,0,1
79KWH,8,1,FULL,07-06-2025,10:08:15,07-06-2025,10:11:17,07-06-2025,10:14:31,COMPLETED,0,1
79KWH,8,3,FULL,07-06-2025,10:08:45,07-06-2025,10:09:02,07-06-2025,10:12:28,COMPLETED,0,1
79KWH,8,2,FULL,07-06-2025,10:09:53,07-06-2025,10:10:00,07-06-2025,10:13:28,COMPLETED,0,1
79KWH,8,3,FULL,07-06-2025,10:12:35,07-06-2025,10:12:51,07-06-2025,10:16:09,COMPLETED,0,1
79KWH,8,2,FULL,07-06-2025,10:13:34,07-06-2025,10:13:42,07-06-2025,10:17:14,COMPLETED,0,1
79KWH,8,1,FULL,07-06-2025,10:14:36,07-06-2025,10:17:36,07-06-2025,10:20:55,COMPLETED,0,1
79KWH,8,3,FULL,07-06-2025,10:16:17,07-06-2025,10:16:33,07-06-2025,10:19:59,COMPLETED,0,1
79KWH,8,2,FULL,07-06-2025,10:17:21,07-06-2025,10:17:28,07-06-2025,10:20:55,COMPLETED,0,1
79KWH,8,3,FULL,07-06-2025,10:20:06,07-06-2025,10:20:22,07-06-2025,10:23:49,COMPLETED,0,1
79KWH,8,2,FULL,07-06-2025,10:21:01,07-06-2025,10:21:09,07-06-2025,10:24:44,COMPLETED,0,1
79KWH,8,1,FULL,07-06-2025,10:21:03,07-06-2025,10:24:06,07-06-2025,10:27:30,COMPLETED,0,1
79KWH,8,3,FULL,07-06-2025,10:23:54,07-06-2025,10:24:12,07-06-2025,10:27:40,COMPLETED,0,1
79KWH,8,2,FULL,07-06-2025,10:27:27,07-06-2025,10:27:34,07-06-2025,10:31:04,COMPLETED,0,1
79KWH,8,1,FULL,07-06-2025,10:27:35,07-06-2025,10:27:53,07-06-2025,10:31:00,COMPLETED,0,1
79KWH,8,3,FULL,07-06-2025,10:27:46,07-06-2025,10:28:02,07-06-2025,10:31:27,COMPLETED,0,1
79KWH,8,1,FULL,07-06-2025,10:31:05,07-06-2025,10:34:03,07-06-2025,10:37:24,COMPLETED,0,1
79KWH,8,2,FULL,07-06-2025,10:31:10,07-06-2025,10:31:18,07-06-2025,10:34:54,COMPLETED,0,1
79KWH,8,3,FULL,07-06-2025,10:31:34,07-06-2025,10:31:50,07-06-2025,10:35:10,COMPLETED,0,1
79KWH,8,2,FULL,07-06-2025,10:35:01,07-06-2025,10:35:08,07-06-2025,10:38:40,COMPLETED,0,1
79KWH,8,3,FULL,07-06-2025,10:35:17,07-06-2025,10:35:33,07-06-2025,10:39:06,COMPLETED,0,1
79KWH,8,1,FULL,07-06-2025,10:37:29,07-06-2025,10:40:34,07-06-2025,10:43:59,COMPLETED,0,1
79KWH,8,2,FULL,07-06-2025,10:38:46,07-06-2025,10:38:54,07-06-2025,10:42:33,COMPLETED,0,1
79KWH,8,3,FULL,07-06-2025,10:39:12,07-06-2025,10:39:29,07-06-2025,10:42:53,COMPLETED,0,1
79KWH,8,2,FULL,07-06-2025,10:42:39,07-06-2025,10:42:46,07-06-2025,10:46:22,COMPLETED,0,1
79KWH,8,1,FULL,07-06-2025,10:44:04,07-06-2025,10:46:36,07-06-2025,10:48:52,COMPLETED,0,1
79KWH,8,2,FULL,07-06-2025,10:46:28,07-06-2025,10:46:36,07-06-2025,10:50:15,COMPLETED,0,1
79KWH,8,3,FULL,07-06-2025,10:47:37,07-06-2025,10:47:53,07-06-2025,10:51:22,COMPLETED,0,1
79KWH,8,1,FULL,07-06-2025,10:48:58,07-06-2025,10:52:29,07-06-2025,10:55:56,COMPLETED,0,1
79KWH,8,2,FULL,07-06-2025,10:50:22,07-06-2025,10:50:28,07-06-2025,10:54:04,COMPLETED,0,1
79KWH,8,3,FULL,07-06-2025,10:51:28,07-06-2025,10:51:45,07-06-2025,10:55:08,COMPLETED,0,1
79KWH,8,2,FULL,07-06-2025,10:54:10,07-06-2025,10:54:18,07-06-2025,10:58:00,COMPLETED,0,1
79KWH,8,3,FULL,07-06-2025,10:55:14,07-06-2025,10:55:30,07-06-2025,10:59:07,COMPLETED,0,1
79KWH,8,2,FULL,07-06-2025,10:58:05,07-06-2025,10:58:14,07-06-2025,11:01:51,COMPLETED,0,1
79KWH,8,3,FULL,07-06-2025,10:59:14,07-06-2025,10:59:30,07-06-2025,11:03:06,COMPLETED,0,1
79KWH,8,2,FULL,07-06-2025,11:01:58,07-06-2025,11:02:05,07-06-2025,11:05:48,COMPLETED,0,1
79KWH,8,3,FULL,07-06-2025,11:03:12,07-06-2025,11:03:29,07-06-2025,11:07:08,COMPLETED,0,1
79KWH,8,1,FULL,07-06-2025,11:05:41,07-06-2025,11:06:00,07-06-2025,11:09:20,COMPLETED,0,1
79KWH,8,3,FULL,07-06-2025,11:08:21,07-06-2025,11:08:40,07-06-2025,11:12:16,COMPLETED,0,1
79KWH,8,2,FULL,07-06-2025,11:08:24,07-06-2025,11:08:36,07-06-2025,11:12:17,COMPLETED,0,1
79KWH,8,1,FULL,07-06-2025,11:09:25,07-06-2025,11:09:42,07-06-2025,11:13:00,COMPLETED,0,1
79KWH,8,3,FULL,07-06-2025,11:12:23,07-06-2025,11:12:38,07-06-2025,11:15:04,COMPLETED,0,1
79KWH,8,2,FULL,07-06-2025,11:12:24,07-06-2025,11:12:31,07-06-2025,11:16:17,COMPLETED,0,1
79KWH,8,1,FULL,07-06-2025,11:13:05,07-06-2025,11:13:23,07-06-2025,11:16:39,COMPLETED,0,1
79KWH,8,3,FULL,07-06-2025,11:15:09,07-06-2025,11:15:26,07-06-2025,11:16:43,COMPLETED,0,1
79KWH,8,2,FULL,07-06-2025,11:16:22,07-06-2025,11:16:31,07-06-2025,11:20:13,COMPLETED,0,1
79KWH,8,3,FULL,07-06-2025,11:16:49,07-06-2025,11:17:06,07-06-2025,11:18:27,COMPLETED,0,1
79KWH,8,3,FULL,07-06-2025,11:18:33,07-06-2025,11:18:50,07-06-2025,11:20:07,COMPLETED,0,1
79KWH,8,3,FULL,07-06-2025,11:20:13,07-06-2025,11:20:30,07-06-2025,11:21:51,COMPLETED,0,1
79KWH,8,2,FULL,07-06-2025,11:20:18,07-06-2025,11:20:27,07-06-2025,11:24:18,COMPLETED,0,1
79KWH,8,3,FULL,07-06-2025,11:21:57,07-06-2025,11:22:14,07-06-2025,11:23:31,COMPLETED,0,1
79KWH,8,1,FULL,07-06-2025,11:27:16,07-06-2025,11:27:24,07-06-2025,11:30:37,COMPLETED,0,1
79KWH,8,1,FULL,07-06-2025,11:30:43,07-06-2025,11:31:01,07-06-2025,11:34:11,COMPLETED,0,1
79KWH,8,2,FULL,07-06-2025,11:33:22,07-06-2025,11:33:27,07-06-2025,11:37:10,COMPLETED,0,1
79KWH,8,1,FULL,07-06-2025,11:34:17,07-06-2025,11:34:34,07-06-2025,11:37:49,COMPLETED,0,1
79KWH,8,2,FULL,07-06-2025,11:37:16,07-06-2025,11:37:24,07-06-2025,11:41:13,COMPLETED,0,1
79KWH,8,3,FULL,07-06-2025,11:37:37,07-06-2025,11:37:44,07-06-2025,11:39:07,COMPLETED,0,1
79KWH,8,1,FULL,07-06-2025,11:37:54,07-06-2025,11:38:12,07-06-2025,11:41:28,COMPLETED,0,1
79KWH,8,2,FULL,07-06-2025,11:46:53,07-06-2025,11:47:05,07-06-2025,11:50:50,COMPLETED,0,1
79KWH,8,1,FULL,07-06-2025,11:47:14,07-06-2025,11:47:37,07-06-2025,11:50:53,COMPLETED,0,1
79KWH,8,3,FULL,07-06-2025,11:49:16,07-06-2025,11:49:28,07-06-2025,11:50:47,COMPLETED,0,1
79KWH,8,3,FULL,07-06-2025,11:50:53,07-06-2025,11:51:09,07-06-2025,11:54:10,COMPLETED,0,1
79KWH,8,2,FULL,07-06-2025,11:50:56,07-06-2025,11:51:05,07-06-2025,11:54:58,COMPLETED,0,1
79KWH,8,1,FULL,07-06-2025,11:51:02,07-06-2025,11:51:16,07-06-2025,11:54:28,COMPLETED,0,1
79KWH,8,3,FULL,07-06-2025,11:54:16,07-06-2025,11:54:33,07-06-2025,11:55:54,COMPLETED,0,1
79KWH,8,1,FULL,07-06-2025,11:54:34,07-06-2025,11:54:51,07-06-2025,11:58:08,COMPLETED,0,1
79KWH,8,3,FULL,07-06-2025,11:56:00,07-06-2025,11:56:16,07-06-2025,11:57:42,COMPLETED,0,1
79KWH,8,3,FULL,07-06-2025,12:15:20,07-06-2025,12:15:23,07-06-2025,12:16:44,COMPLETED,0,1
79KWH,8,2,FULL,07-06-2025,12:15:28,07-06-2025,12:15:39,07-06-2025,12:19:27,COMPLETED,0,1
79KWH,8,3,FULL,07-06-2025,12:18:16,07-06-2025,12:19:28,07-06-2025,12:22:00,COMPLETED,0,1
79KWH,8,2,FULL,07-06-2025,12:19:34,07-06-2025,12:19:41,07-06-2025,12:23:33,COMPLETED,0,1
79KWH,8,3,FULL,07-06-2025,12:22:07,07-06-2025,12:22:22,07-06-2025,12:23:40,COMPLETED,0,1
79KWH,8,2,FULL,07-06-2025,12:23:40,07-06-2025,12:23:48,07-06-2025,12:27:37,COMPLETED,0,1
79KWH,8,3,FULL,07-06-2025,12:24:18,07-06-2025,12:24:26,07-06-2025,12:25:55,COMPLETED,0,1
79KWH,8,1,FULL,07-06-2025,12:29:58,07-06-2025,12:30:05,07-06-2025,12:33:18,COMPLETED,0,1
79KWH,8,2,FULL,07-06-2025,12:45:23,07-06-2025,12:45:32,07-06-2025,12:49:48,COMPLETED,0,1
79KWH,8,1,FULL,07-06-2025,13:02:57,07-06-2025,13:03:17,07-06-2025,13:06:36,COMPLETED,0,1
79KWH,8,1,FULL,07-06-2025,13:06:41,07-06-2025,13:07:00,07-06-2025,13:10:14,COMPLETED,0,1
79KWH,8,1,FULL,07-06-2025,13:10:19,07-06-2025,13:10:37,07-06-2025,13:13:57,COMPLETED,0,1
79KWH,8,1,FULL,07-06-2025,13:14:02,07-06-2025,13:17:43,07-06-2025,13:21:06,COMPLETED,0,1
79KWH,8,3,FULL,07-06-2025,14:02:31,07-06-2025,14:02:44,07-06-2025,14:05:13,COMPLETED,0,1
79KWH,8,3,FULL,07-06-2025,14:05:21,07-06-2025,14:07:48,07-06-2025,14:10:14,COMPLETED,0,1
79KWH,8,1,FULL,07-06-2025,14:07:10,07-06-2025,14:07:15,07-06-2025,14:10:43,COMPLETED,0,1
79KWH,8,2,FULL,07-06-2025,14:07:14,07-06-2025,14:07:23,07-06-2025,14:11:35,COMPLETED,0,1
79KWH,8,3,FULL,07-06-2025,14:10:21,07-06-2025,14:12:53,07-06-2025,14:15:23,COMPLETED,0,1
79KWH,8,1,FULL,07-06-2025,14:10:47,07-06-2025,14:13:45,07-06-2025,14:17:06,COMPLETED,0,1
79KWH,8,2,FULL,07-06-2025,14:13:43,07-06-2025,14:13:56,07-06-2025,14:17:52,COMPLETED,0,1
79KWH,8,3,FULL,07-06-2025,14:15:29,07-06-2025,14:17:57,07-06-2025,14:20:31,COMPLETED,0,1
79KWH,8,1,FULL,07-06-2025,14:17:11,07-06-2025,14:20:13,07-06-2025,14:23:40,COMPLETED,0,1
79KWH,8,2,FULL,07-06-2025,14:17:59,07-06-2025,14:18:06,07-06-2025,14:21:59,COMPLETED,0,1
79KWH,8,2,FULL,07-06-2025,14:22:05,07-06-2025,14:23:53,07-06-2025,14:28:13,COMPLETED,0,1
79KWH,8,1,FULL,07-06-2025,14:23:45,07-06-2025,14:26:41,07-06-2025,14:30:11,COMPLETED,0,1
79KWH,8,2,FULL,07-06-2025,14:28:18,07-06-2025,14:29:46,07-06-2025,14:33:33,COMPLETED,0,1
79KWH,8,1,FULL,07-06-2025,14:30:16,07-06-2025,14:30:34,07-06-2025,14:34:00,COMPLETED,0,1
79KWH,8,2,FULL,07-06-2025,14:33:40,07-06-2025,14:33:47,07-06-2025,14:37:52,COMPLETED,0,1
79KWH,8,1,FULL,07-06-2025,14:34:05,07-06-2025,14:37:07,07-06-2025,14:40:31,COMPLETED,0,1
79KWH,8,2,FULL,07-06-2025,14:37:59,07-06-2025,14:38:07,07-06-2025,14:42:04,COMPLETED,0,1
79KWH,8,1,FULL,07-06-2025,14:40:35,07-06-2025,14:43:32,07-06-2025,14:47:04,COMPLETED,0,1
79KWH,8,2,FULL,07-06-2025,14:42:11,07-06-2025,14:44:04,07-06-2025,14:48:29,COMPLETED,0,1
79KWH,8,1,FULL,07-06-2025,14:47:09,07-06-2025,14:47:27,07-06-2025,14:50:51,COMPLETED,0,1
79KWH,8,2,FULL,07-06-2025,14:48:36,07-06-2025,14:48:43,07-06-2025,14:52:43,COMPLETED,0,1
79KWH,8,1,FULL,07-06-2025,14:50:56,07-06-2025,14:51:13,07-06-2025,14:54:40,COMPLETED,0,1
79KWH,8,2,FULL,07-06-2025,14:52:50,07-06-2025,14:52:56,07-06-2025,14:57:05,COMPLETED,0,1
79KWH,8,1,FULL,07-06-2025,14:54:44,07-06-2025,14:55:03,07-06-2025,14:58:24,COMPLETED,0,1
79KWH,8,2,FULL,07-06-2025,14:57:12,07-06-2025,14:58:40,07-06-2025,15:02:57,COMPLETED,0,1
79KWH,8,1,FULL,07-06-2025,14:58:29,07-06-2025,15:01:32,07-06-2025,15:05:03,COMPLETED,0,1
79KWH,8,2,FULL,07-06-2025,15:03:02,07-06-2025,15:04:36,07-06-2025,15:09:03,COMPLETED,0,1
79KWH,8,1,FULL,07-06-2025,15:05:08,07-06-2025,15:08:04,07-06-2025,15:11:32,COMPLETED,0,1
79KWH,8,2,FULL,07-06-2025,15:09:08,07-06-2025,15:09:17,07-06-2025,15:13:21,COMPLETED,0,1
79KWH,8,1,FULL,07-06-2025,15:11:37,07-06-2025,15:11:55,07-06-2025,15:15:23,COMPLETED,0,1
79KWH,8,2,FULL,07-06-2025,15:13:26,07-06-2025,15:13:36,07-06-2025,15:17:44,COMPLETED,0,1
79KWH,8,3,FULL,07-06-2025,15:13:38,07-06-2025,15:13:53,07-06-2025,15:16:24,COMPLETED,0,1
79KWH,8,1,FULL,07-06-2025,15:15:29,07-06-2025,15:15:46,07-06-2025,15:19:12,COMPLETED,0,1
79KWH,8,3,FULL,07-06-2025,15:16:30,07-06-2025,15:16:46,07-06-2025,15:18:19,COMPLETED,0,1
79KWH,8,2,FULL,07-06-2025,15:17:50,07-06-2025,15:17:58,07-06-2025,15:22:03,COMPLETED,0,1
79KWH,8,3,FULL,07-06-2025,15:18:25,07-06-2025,15:18:41,07-06-2025,15:20:09,COMPLETED,0,1
79KWH,8,1,FULL,07-06-2025,15:19:17,07-06-2025,15:19:36,07-06-2025,15:23:06,COMPLETED,0,1
79KWH,8,3,FULL,07-06-2025,15:20:15,07-06-2025,15:20:32,07-06-2025,15:21:59,COMPLETED,0,1
79KWH,8,3,FULL,07-06-2025,15:22:06,07-06-2025,15:22:22,07-06-2025,15:23:52,COMPLETED,0,1
79KWH,8,2,FULL,07-06-2025,15:22:10,07-06-2025,15:22:18,07-06-2025,15:26:28,COMPLETED,0,1
79KWH,8,1,FULL,07-06-2025,15:23:12,07-06-2025,15:23:30,07-06-2025,15:26:56,COMPLETED,0,1
79KWH,8,3,FULL,07-06-2025,15:23:59,07-06-2025,15:24:14,07-06-2025,15:25:48,COMPLETED,0,1
79KWH,8,3,FULL,07-06-2025,15:25:54,07-06-2025,15:26:11,07-06-2025,15:27:43,COMPLETED,0,1
79KWH,8,2,FULL,07-06-2025,15:30:30,07-06-2025,15:31:02,07-06-2025,15:35:23,COMPLETED,0,1
79KWH,8,3,FULL,07-06-2025,15:33:19,07-06-2025,15:34:04,07-06-2025,15:36:40,COMPLETED,0,1
79KWH,8,2,FULL,07-06-2025,15:35:29,07-06-2025,15:37:00,07-06-2025,15:41:31,COMPLETED,0,1
79KWH,8,3,FULL,07-06-2025,15:36:47,07-06-2025,15:37:03,07-06-2025,15:38:35,COMPLETED,0,1
79KWH,8,2,FULL,07-06-2025,15:44:24,07-06-2025,15:44:35,07-06-2025,15:48:46,COMPLETED,0,1
79KWH,8,3,FULL,07-06-2025,15:45:49,07-06-2025,15:45:53,07-06-2025,15:47:24,COMPLETED,0,1
79KWH,8,3,FULL,07-06-2025,15:47:31,07-06-2025,15:47:46,07-06-2025,15:49:14,COMPLETED,0,1
79KWH,8,2,FULL,07-06-2025,15:48:51,07-06-2025,15:48:59,07-06-2025,15:53:17,COMPLETED,0,1
79KWH,8,3,FULL,07-06-2025,15:49:21,07-06-2025,15:49:37,07-06-2025,15:51:08,COMPLETED,0,1
79KWH,8,3,FULL,07-06-2025,15:51:16,07-06-2025,15:51:32,07-06-2025,15:53:07,COMPLETED,0,1
79KWH,8,3,FULL,07-06-2025,15:53:13,07-06-2025,15:55:40,07-06-2025,15:58:12,COMPLETED,0,1
79KWH,8,2,FULL,07-06-2025,15:53:22,07-06-2025,15:55:54,07-06-2025,16:00:15,COMPLETED,0,1
79KWH,8,3,FULL,07-06-2025,15:58:18,07-06-2025,15:58:35,07-06-2025,16:00:06,COMPLETED,0,1
79KWH,8,3,FULL,07-06-2025,16:00:13,07-06-2025,16:00:28,07-06-2025,16:02:02,COMPLETED,0,1
79KWH,8,2,FULL,07-06-2025,16:00:21,07-06-2025,16:02:57,07-06-2025,16:07:29,COMPLETED,0,1
79KWH,8,3,FULL,07-06-2025,16:02:08,07-06-2025,16:02:25,07-06-2025,16:04:03,COMPLETED,0,1
79KWH,8,3,FULL,07-06-2025,16:04:10,07-06-2025,16:04:26,07-06-2025,16:06:02,COMPLETED,0,1
79KWH,8,3,FULL,07-06-2025,16:06:09,07-06-2025,16:06:25,07-06-2025,16:07:58,COMPLETED,0,1
79KWH,8,2,FULL,07-06-2025,16:07:34,07-06-2025,16:07:43,07-06-2025,16:11:57,COMPLETED,0,1
79KWH,8,3,FULL,07-06-2025,16:08:04,07-06-2025,16:08:21,07-06-2025,16:09:59,COMPLETED,0,1
79KWH,8,3,FULL,07-06-2025,16:10:06,07-06-2025,16:10:22,07-06-2025,16:11:55,COMPLETED,0,1
79KWH,8,3,FULL,07-06-2025,16:12:01,07-06-2025,16:12:18,07-06-2025,16:13:56,COMPLETED,0,1
79KWH,8,2,FULL,07-06-2025,16:12:03,07-06-2025,16:12:11,07-06-2025,16:16:33,COMPLETED,0,1
79KWH,8,3,FULL,07-06-2025,16:14:03,07-06-2025,16:14:20,07-06-2025,16:15:55,COMPLETED,0,1
79KWH,8,3,FULL,07-06-2025,16:16:02,07-06-2025,16:16:17,07-06-2025,16:17:55,COMPLETED,0,1
79KWH,8,2,FULL,07-06-2025,16:16:38,07-06-2025,16:16:46,07-06-2025,16:21:05,COMPLETED,0,1
79KWH,8,3,FULL,07-06-2025,16:18:02,07-06-2025,16:18:18,07-06-2025,16:20:00,COMPLETED,0,1
79KWH,8,3,FULL,07-06-2025,16:20:08,07-06-2025,16:20:23,07-06-2025,16:22:05,COMPLETED,0,1
79KWH,8,2,FULL,07-06-2025,16:21:11,07-06-2025,16:23:44,07-06-2025,16:28:18,COMPLETED,0,1
79KWH,8,3,FULL,07-06-2025,16:22:12,07-06-2025,16:22:28,07-06-2025,16:24:05,COMPLETED,0,1
79KWH,8,3,FULL,07-06-2025,16:24:11,07-06-2025,16:26:27,07-06-2025,16:29:12,COMPLETED,0,1
79KWH,8,2,FULL,07-06-2025,16:28:25,07-06-2025,16:31:01,07-06-2025,16:35:26,COMPLETED,0,1
79KWH,8,3,FULL,07-06-2025,16:29:19,07-06-2025,16:29:34,07-06-2025,16:31:19,COMPLETED,0,1
79KWH,8,3,FULL,07-06-2025,16:31:25,07-06-2025,16:31:42,07-06-2025,16:33:26,COMPLETED,0,1
79KWH,8,3,FULL,07-06-2025,16:33:31,07-06-2025,16:33:48,07-06-2025,16:35:43,COMPLETED,0,1
79KWH,8,2,FULL,07-06-2025,16:35:32,07-06-2025,16:35:41,07-06-2025,16:40:06,COMPLETED,0,1
79KWH,8,3,FULL,07-06-2025,16:35:50,07-06-2025,16:36:06,07-06-2025,16:37:52,COMPLETED,0,1
79KWH,8,3,FULL,07-06-2025,16:37:59,07-06-2025,16:38:15,07-06-2025,16:40:12,COMPLETED,0,1
79KWH,8,2,FULL,07-06-2025,16:40:11,07-06-2025,16:40:20,07-06-2025,16:44:44,COMPLETED,0,1
79KWH,8,3,FULL,07-06-2025,16:40:18,07-06-2025,16:40:35,07-06-2025,16:42:22,COMPLETED,0,1
79KWH,8,3,FULL,07-06-2025,16:42:28,07-06-2025,16:42:45,07-06-2025,16:44:37,COMPLETED,0,1
79KWH,8,3,FULL,07-06-2025,16:44:45,07-06-2025,16:45:00,07-06-2025,16:46:48,COMPLETED,0,1
79KWH,8,2,FULL,07-06-2025,16:44:49,07-06-2025,16:44:57,07-06-2025,16:49:25,COMPLETED,0,1
79KWH,8,3,FULL,07-06-2025,16:46:55,07-06-2025,16:47:11,07-06-2025,16:48:56,COMPLETED,0,1
79KWH,8,3,FULL,07-06-2025,16:49:03,07-06-2025,16:49:19,07-06-2025,16:51:09,COMPLETED,0,1
79KWH,8,2,FULL,07-06-2025,16:49:32,07-06-2025,16:49:40,07-06-2025,16:54:01,COMPLETED,0,1
79KWH,8,3,FULL,07-06-2025,16:51:16,07-06-2025,16:51:32,07-06-2025,16:53:20,COMPLETED,0,1
79KWH,8,3,FULL,07-06-2025,16:53:26,07-06-2025,16:53:44,07-06-2025,16:55:35,COMPLETED,0,1
79KWH,8,2,FULL,07-06-2025,16:54:07,07-06-2025,16:54:15,07-06-2025,16:58:44,COMPLETED,0,1
79KWH,8,3,FULL,07-06-2025,16:55:41,07-06-2025,16:55:58,07-06-2025,16:57:46,COMPLETED,0,1
79KWH,8,3,FULL,07-06-2025,16:57:54,07-06-2025,16:58:10,07-06-2025,17:00:10,COMPLETED,0,1
79KWH,8,2,FULL,07-06-2025,16:58:51,07-06-2025,17:01:24,07-06-2025,17:05:56,COMPLETED,0,1
79KWH,8,3,FULL,07-06-2025,17:00:15,07-06-2025,17:02:44,07-06-2025,17:05:30,COMPLETED,0,1
79KWH,8,3,FULL,07-06-2025,17:05:41,07-06-2025,17:05:53,07-06-2025,17:07:49,COMPLETED,0,1
79KWH,8,2,FULL,07-06-2025,17:06:03,07-06-2025,17:08:39,07-06-2025,17:13:18,COMPLETED,0,1
79KWH,8,3,FULL,07-06-2025,17:07:56,07-06-2025,17:08:12,07-06-2025,17:10:21,COMPLETED,0,1
79KWH,8,3,FULL,07-06-2025,17:10:28,07-06-2025,17:10:44,07-06-2025,17:12:35,COMPLETED,0,1
79KWH,8,3,FULL,07-06-2025,17:12:41,07-06-2025,17:12:58,07-06-2025,17:14:54,COMPLETED,0,1
79KWH,8,2,FULL,07-06-2025,17:13:23,07-06-2025,17:13:32,07-06-2025,17:18:02,COMPLETED,0,1
79KWH,8,3,FULL,07-06-2025,17:15:00,07-06-2025,17:15:17,07-06-2025,17:17:11,COMPLETED,0,1
79KWH,8,3,FULL,07-06-2025,17:17:17,07-06-2025,17:17:34,07-06-2025,17:19:32,COMPLETED,0,1
79KWH,8,2,FULL,07-06-2025,17:18:09,07-06-2025,17:18:16,07-06-2025,17:22:51,COMPLETED,0,1
79KWH,8,3,FULL,07-06-2025,17:19:39,07-06-2025,17:19:55,07-06-2025,17:21:49,COMPLETED,0,1
79KWH,8,3,FULL,07-06-2025,17:21:56,07-06-2025,17:24:21,07-06-2025,17:27:14,COMPLETED,0,1
79KWH,8,2,FULL,07-06-2025,17:22:57,07-06-2025,17:23:04,07-06-2025,17:27:38,COMPLETED,0,1
79KWH,8,3,FULL,07-06-2025,17:27:20,07-06-2025,17:27:37,07-06-2025,17:29:33,COMPLETED,0,1
79KWH,8,2,FULL,07-06-2025,17:27:45,07-06-2025,17:27:52,07-06-2025,17:32:30,COMPLETED,0,1
79KWH,8,3,FULL,07-06-2025,17:29:39,07-06-2025,17:29:55,07-06-2025,17:31:56,COMPLETED,0,1
79KWH,8,3,FULL,07-06-2025,17:32:03,07-06-2025,17:32:19,07-06-2025,17:34:15,COMPLETED,0,1
79KWH,8,2,FULL,07-06-2025,17:32:35,07-06-2025,17:32:44,07-06-2025,17:37:19,COMPLETED,0,1
79KWH,8,3,FULL,07-06-2025,17:34:22,07-06-2025,17:34:38,07-06-2025,17:36:47,COMPLETED,0,1
79KWH,8,3,FULL,07-06-2025,17:36:54,07-06-2025,17:37:10,07-06-2025,17:39:10,COMPLETED,0,1
79KWH,8,2,FULL,07-06-2025,17:37:25,07-06-2025,17:37:33,07-06-2025,17:40:34,COMPLETED,0,1
79KWH,8,3,FULL,07-06-2025,17:39:17,07-06-2025,17:39:32,07-06-2025,17:41:35,COMPLETED,0,1
79KWH,8,2,FULL,07-06-2025,17:40:39,07-06-2025,17:43:35,07-06-2025,17:46:33,COMPLETED,0,1
79KWH,8,3,FULL,07-06-2025,17:41:41,07-06-2025,17:41:58,07-06-2025,17:43:58,COMPLETED,0,1
79KWH,8,3,FULL,07-06-2025,17:44:05,07-06-2025,17:44:21,07-06-2025,17:46:25,COMPLETED,0,1
79KWH,8,3,FULL,07-06-2025,17:46:33,07-06-2025,17:46:48,07-06-2025,17:48:49,COMPLETED,0,1
79KWH,8,2,FULL,07-06-2025,17:46:40,07-06-2025,17:49:40,07-06-2025,17:52:42,COMPLETED,0,1
79KWH,8,3,FULL,07-06-2025,17:48:56,07-06-2025,17:49:12,07-06-2025,17:51:16,COMPLETED,0,1
79KWH,8,3,FULL,07-06-2025,17:51:22,07-06-2025,17:51:39,07-06-2025,17:53:48,COMPLETED,0,1
79KWH,8,2,FULL,07-06-2025,17:52:49,07-06-2025,17:52:56,07-06-2025,17:54:20,COMPLETED,0,1
79KWH,8,3,FULL,07-06-2025,17:53:54,07-06-2025,17:54:11,07-06-2025,17:56:17,COMPLETED,0,1
79KWH,8,2,FULL,07-06-2025,17:54:25,07-06-2025,17:54:34,07-06-2025,17:56:02,COMPLETED,0,1
79KWH,8,2,FULL,07-06-2025,17:56:08,07-06-2025,17:59:05,07-06-2025,18:02:02,COMPLETED,0,1
79KWH,8,3,FULL,07-06-2025,17:56:24,07-06-2025,17:56:40,07-06-2025,17:58:44,COMPLETED,0,1
79KWH,8,3,FULL,07-06-2025,17:58:52,07-06-2025,18:01:25,07-06-2025,18:04:15,COMPLETED,0,1
79KWH,8,2,FULL,07-06-2025,18:02:08,07-06-2025,18:02:16,07-06-2025,18:03:44,COMPLETED,0,1
79KWH,8,2,FULL,07-06-2025,18:03:50,07-06-2025,18:06:42,07-06-2025,18:09:40,COMPLETED,0,1
79KWH,8,3,FULL,07-06-2025,18:04:21,07-06-2025,18:04:38,07-06-2025,18:06:42,COMPLETED,0,1
79KWH,8,3,FULL,07-06-2025,18:06:49,07-06-2025,18:07:05,07-06-2025,18:09:22,COMPLETED,0,1
79KWH,8,3,FULL,07-06-2025,18:09:29,07-06-2025,18:09:45,07-06-2025,18:11:51,COMPLETED,0,1
79KWH,8,2,FULL,07-06-2025,18:09:46,07-06-2025,18:09:54,07-06-2025,18:11:20,COMPLETED,0,1
79KWH,8,2,FULL,07-06-2025,18:11:27,07-06-2025,18:11:35,07-06-2025,18:12:58,COMPLETED,0,1
79KWH,8,3,FULL,07-06-2025,18:11:59,07-06-2025,18:12:15,07-06-2025,18:14:33,COMPLETED,0,1
79KWH,8,2,FULL,07-06-2025,18:13:04,07-06-2025,18:13:12,07-06-2025,18:14:39,COMPLETED,0,1
79KWH,8,3,FULL,07-06-2025,18:14:40,07-06-2025,18:14:56,07-06-2025,18:17:11,COMPLETED,0,1
79KWH,8,2,FULL,07-06-2025,18:14:44,07-06-2025,18:14:52,07-06-2025,18:16:14,COMPLETED,0,1
79KWH,8,2,FULL,07-06-2025,18:16:21,07-06-2025,18:16:28,07-06-2025,18:17:54,COMPLETED,0,1
79KWH,8,3,FULL,07-06-2025,18:17:17,07-06-2025,18:17:34,07-06-2025,18:20:03,COMPLETED,0,1
79KWH,8,2,FULL,07-06-2025,18:18:00,07-06-2025,18:18:08,07-06-2025,18:19:32,COMPLETED,0,1
79KWH,8,2,FULL,07-06-2025,18:19:37,07-06-2025,18:19:46,07-06-2025,18:21:12,COMPLETED,0,1
79KWH,8,3,FULL,07-06-2025,18:20:08,07-06-2025,18:20:25,07-06-2025,18:22:36,COMPLETED,0,1
79KWH,8,2,FULL,07-06-2025,18:21:19,07-06-2025,18:21:26,07-06-2025,18:22:48,COMPLETED,0,1
79KWH,8,3,FULL,07-06-2025,18:22:42,07-06-2025,18:22:59,07-06-2025,18:25:20,COMPLETED,0,1
79KWH,8,2,FULL,07-06-2025,18:22:55,07-06-2025,18:23:01,07-06-2025,18:24:29,COMPLETED,0,1
79KWH,8,3,FULL,07-06-2025,18:25:26,07-06-2025,18:25:43,07-06-2025,18:27:53,COMPLETED,0,1
79KWH,8,3,FULL,07-06-2025,18:28:01,07-06-2025,18:30:31,07-06-2025,18:33:32,COMPLETED,0,1
79KWH,8,3,FULL,07-06-2025,18:33:38,07-06-2025,18:33:55,07-06-2025,18:36:14,COMPLETED,0,1
79KWH,8,3,FULL,07-06-2025,18:36:20,07-06-2025,18:36:37,07-06-2025,18:39:00,COMPLETED,0,1
79KWH,8,3,FULL,07-06-2025,18:48:19,07-06-2025,18:48:40,07-06-2025,18:51:37,COMPLETED,0,1
79KWH,8,2,FULL,07-06-2025,18:48:26,07-06-2025,18:48:31,07-06-2025,18:51:30,COMPLETED,0,1
79KWH,8,2,FULL,07-06-2025,18:51:36,07-06-2025,18:51:43,07-06-2025,18:53:12,COMPLETED,0,1
79KWH,8,3,FULL,07-06-2025,18:51:44,07-06-2025,18:52:00,07-06-2025,18:54:23,COMPLETED,0,1
79KWH,8,2,FULL,07-06-2025,18:53:19,07-06-2025,18:53:25,07-06-2025,18:54:48,COMPLETED,0,1
79KWH,8,3,FULL,07-06-2025,18:54:29,07-06-2025,18:54:46,07-06-2025,18:56:58,COMPLETED,0,1
79KWH,8,2,FULL,07-06-2025,18:54:54,07-06-2025,18:55:02,07-06-2025,18:56:30,COMPLETED,0,1
79KWH,8,2,FULL,07-06-2025,18:56:36,07-06-2025,18:56:44,07-06-2025,18:58:11,COMPLETED,0,1
79KWH,8,3,FULL,07-06-2025,18:57:06,07-06-2025,18:57:22,07-06-2025,18:59:40,COMPLETED,0,1
79KWH,8,2,FULL,07-06-2025,18:58:27,07-06-2025,18:58:39,07-06-2025,19:00:08,COMPLETED,0,1
79KWH,8,3,FULL,07-06-2025,18:59:47,07-06-2025,19:00:03,07-06-2025,19:02:18,COMPLETED,0,1
79KWH,8,2,FULL,07-06-2025,19:00:28,07-06-2025,19:00:37,07-06-2025,19:02:05,COMPLETED,0,1
79KWH,8,3,FULL,07-06-2025,19:02:26,07-06-2025,19:02:41,07-06-2025,19:05:02,COMPLETED,0,1
79KWH,8,2,FULL,07-06-2025,19:02:28,07-06-2025,19:02:33,07-06-2025,19:04:06,COMPLETED,0,1
79KWH,8,2,FULL,07-06-2025,19:04:29,07-06-2025,19:04:34,07-06-2025,19:06:04,COMPLETED,0,1
79KWH,8,3,FULL,07-06-2025,19:05:09,07-06-2025,19:05:25,07-06-2025,19:07:42,COMPLETED,0,1
79KWH,8,2,FULL,07-06-2025,19:06:28,07-06-2025,19:06:35,07-06-2025,19:08:09,COMPLETED,0,1
79KWH,8,3,FULL,07-06-2025,19:07:50,07-06-2025,19:08:05,07-06-2025,19:10:28,COMPLETED,0,1
79KWH,8,2,FULL,07-06-2025,19:08:30,07-06-2025,19:08:37,07-06-2025,19:10:08,COMPLETED,0,1
79KWH,8,2,FULL,07-06-2025,19:10:32,07-06-2025,19:13:14,07-06-2025,19:16:21,COMPLETED,0,1
79KWH,8,3,FULL,07-06-2025,19:10:35,07-06-2025,19:10:51,07-06-2025,19:13:16,COMPLETED,0,1
79KWH,8,3,FULL,07-06-2025,19:13:23,07-06-2025,19:15:29,07-06-2025,19:18:26,COMPLETED,0,1
79KWH,8,2,FULL,07-06-2025,19:16:27,07-06-2025,19:19:15,07-06-2025,19:22:17,COMPLETED,0,1
79KWH,8,3,FULL,07-06-2025,19:18:33,07-06-2025,19:18:49,07-06-2025,19:21:14,COMPLETED,0,1
79KWH,8,3,FULL,07-06-2025,19:21:21,07-06-2025,19:21:37,07-06-2025,19:24:00,COMPLETED,0,1
79KWH,8,2,FULL,07-06-2025,19:22:23,07-06-2025,19:22:31,07-06-2025,19:24:08,COMPLETED,0,1
79KWH,8,3,FULL,07-06-2025,19:24:07,07-06-2025,19:24:23,07-06-2025,19:26:43,COMPLETED,0,1
79KWH,8,2,FULL,07-06-2025,19:24:14,07-06-2025,19:24:22,07-06-2025,19:25:58,COMPLETED,0,1
79KWH,8,2,FULL,07-06-2025,19:26:05,07-06-2025,19:26:12,07-06-2025,19:27:52,COMPLETED,0,1
79KWH,8,3,FULL,07-06-2025,19:26:50,07-06-2025,19:27:06,07-06-2025,19:29:39,COMPLETED,0,1
79KWH,8,2,FULL,07-06-2025,19:27:59,07-06-2025,19:28:06,07-06-2025,19:29:42,COMPLETED,0,1
79KWH,8,3,FULL,07-06-2025,19:29:47,07-06-2025,19:30:02,07-06-2025,19:32:31,COMPLETED,0,1
79KWH,8,2,FULL,07-06-2025,19:29:48,07-06-2025,19:29:56,07-06-2025,19:31:38,COMPLETED,0,1
79KWH,8,2,FULL,07-06-2025,19:31:45,07-06-2025,19:31:52,07-06-2025,19:33:33,COMPLETED,0,1
79KWH,8,3,FULL,07-06-2025,19:32:38,07-06-2025,19:32:55,07-06-2025,19:35:21,COMPLETED,0,1
79KWH,8,2,FULL,07-06-2025,19:33:38,07-06-2025,19:33:46,07-06-2025,19:35:30,COMPLETED,0,1
79KWH,8,3,FULL,07-06-2025,19:35:28,07-06-2025,19:35:44,07-06-2025,19:38:07,COMPLETED,0,1
79KWH,8,2,FULL,07-06-2025,19:35:36,07-06-2025,19:35:44,07-06-2025,19:37:25,COMPLETED,0,1
79KWH,8,2,FULL,07-06-2025,19:37:31,07-06-2025,19:37:40,07-06-2025,19:39:27,COMPLETED,0,1
79KWH,8,3,FULL,07-06-2025,19:38:14,07-06-2025,19:38:30,07-06-2025,19:41:06,COMPLETED,0,1
79KWH,8,2,FULL,07-06-2025,19:39:32,07-06-2025,19:39:41,07-06-2025,19:41:25,COMPLETED,0,1
79KWH,8,3,FULL,07-06-2025,19:41:12,07-06-2025,19:41:28,07-06-2025,19:44:01,COMPLETED,0,1
79KWH,8,2,FULL,07-06-2025,19:41:32,07-06-2025,19:41:39,07-06-2025,19:43:27,COMPLETED,0,1
79KWH,8,3,FULL,07-06-2025,19:44:07,07-06-2025,19:44:24,07-06-2025,19:47:00,COMPLETED,0,1
79KWH,8,3,FULL,07-06-2025,19:47:07,07-06-2025,19:47:24,07-06-2025,19:49:49,COMPLETED,0,1
79KWH,8,3,FULL,07-06-2025,19:49:56,07-06-2025,19:50:12,07-06-2025,19:52:50,COMPLETED,0,1
79KWH,8,3,FULL,07-06-2025,19:52:56,07-06-2025,19:53:12,07-06-2025,19:55:47,COMPLETED,0,1
79KWH,8,3,FULL,07-06-2025,20:37:48,07-06-2025,20:38:09,07-06-2025,20:40:55,COMPLETED,0,1
79KWH,8,2,FULL,07-06-2025,21:45:58,07-06-2025,21:46:05,07-06-2025,21:47:49,COMPLETED,0,1
79KWH,8,1,FULL,07-06-2025,22:10:13,07-06-2025,22:10:26,07-06-2025,22:12:56,COMPLETED,0,1
79KWH,8,1,FULL,07-06-2025,22:13:01,07-06-2025,22:13:19,07-06-2025,22:14:48,COMPLETED,0,1
79KWH,8,1,FULL,07-06-2025,22:14:53,07-06-2025,22:15:12,07-06-2025,22:16:39,COMPLETED,0,1
79KWH,8,1,FULL,07-06-2025,22:16:43,07-06-2025,22:17:01,07-06-2025,22:18:28,COMPLETED,0,1
79KWH,8,2,FULL,08-06-2025,16:56:28,08-06-2025,17:13:48,08-06-2025,17:16:59,COMPLETED,0,1
79KWH,8,3,FULL,08-06-2025,16:56:30,08-06-2025,17:15:22,08-06-2025,17:18:28,COMPLETED,0,1
79KWH,8,1,FULL,08-06-2025,17:02:20,08-06-2025,17:21:26,08-06-2025,17:23:56,COMPLETED,0,1
79KWH,8,2,FULL,08-06-2025,17:17:05,08-06-2025,17:17:14,08-06-2025,17:18:58,COMPLETED,0,1
79KWH,8,3,FULL,08-06-2025,17:18:35,08-06-2025,17:18:51,08-06-2025,17:21:22,COMPLETED,0,1
79KWH,8,3,FULL,08-06-2025,17:21:28,08-06-2025,17:21:45,08-06-2025,17:24:14,COMPLETED,0,1
79KWH,8,1,FULL,08-06-2025,17:24:01,08-06-2025,17:24:19,08-06-2025,17:25:46,COMPLETED,0,1
79KWH,8,3,FULL,09-06-2025,07:38:30,09-06-2025,07:40:49,09-06-2025,07:43:59,COMPLETED,0,1
79KWH,8,2,FULL,09-06-2025,07:39:54,09-06-2025,07:40:40,09-06-2025,07:43:53,COMPLETED,0,1
79KWH,8,1,FULL,09-06-2025,07:41:37,09-06-2025,07:41:58,09-06-2025,07:44:28,COMPLETED,0,1
79KWH,8,2,FULL,09-06-2025,07:44:00,09-06-2025,07:44:06,09-06-2025,07:45:55,COMPLETED,0,1
79KWH,8,3,FULL,09-06-2025,07:44:05,09-06-2025,07:44:22,09-06-2025,07:46:53,COMPLETED,0,1
79KWH,8,1,FULL,09-06-2025,07:44:33,09-06-2025,07:44:52,09-06-2025,07:46:22,COMPLETED,0,1
79KWH,8,2,FULL,09-06-2025,07:46:01,09-06-2025,07:46:08,09-06-2025,07:48:02,COMPLETED,0,1
79KWH,8,3,FULL,09-06-2025,07:47:00,09-06-2025,07:47:15,09-06-2025,07:49:50,COMPLETED,0,1
79KWH,8,1,FULL,09-06-2025,07:48:58,09-06-2025,07:49:04,09-06-2025,07:50:31,COMPLETED,0,1
79KWH,8,3,FULL,09-06-2025,07:58:03,09-06-2025,07:58:23,09-06-2025,08:01:00,COMPLETED,0,1
79KWH,8,2,FULL,09-06-2025,08:01:38,09-06-2025,08:01:41,09-06-2025,08:03:30,COMPLETED,0,1
79KWH,8,1,FULL,09-06-2025,08:03:34,09-06-2025,08:03:38,09-06-2025,08:05:05,COMPLETED,0,1
79KWH,8,2,FULL,09-06-2025,08:05:31,09-06-2025,08:05:37,09-06-2025,08:07:31,COMPLETED,0,1
79KWH,8,3,FULL,09-06-2025,08:05:40,09-06-2025,08:06:00,09-06-2025,08:08:36,COMPLETED,0,1
79KWH,8,1,FULL,09-06-2025,08:09:39,09-06-2025,08:09:47,09-06-2025,08:11:21,COMPLETED,0,1
79KWH,8,3,FULL,09-06-2025,08:10:33,09-06-2025,08:10:54,09-06-2025,08:13:38,COMPLETED,0,1
79KWH,8,2,FULL,09-06-2025,08:10:35,09-06-2025,08:10:44,09-06-2025,08:12:37,COMPLETED,0,1
79KWH,8,1,FULL,09-06-2025,08:11:59,09-06-2025,08:12:07,09-06-2025,08:13:33,COMPLETED,0,1
79KWH,8,2,FULL,09-06-2025,08:13:13,09-06-2025,08:13:19,09-06-2025,08:15:17,COMPLETED,0,1
79KWH,8,3,FULL,09-06-2025,08:13:46,09-06-2025,08:14:01,09-06-2025,08:16:43,COMPLETED,0,1
79KWH,8,1,FULL,09-06-2025,08:15:00,09-06-2025,08:15:06,09-06-2025,08:16:35,COMPLETED,0,1
79KWH,8,2,FULL,09-06-2025,08:16:08,09-06-2025,08:16:13,09-06-2025,08:18:09,COMPLETED,0,1
79KWH,8,3,FULL,09-06-2025,08:16:49,09-06-2025,08:17:06,09-06-2025,08:19:41,COMPLETED,0,1
79KWH,8,1,FULL,09-06-2025,08:18:00,09-06-2025,08:18:07,09-06-2025,08:19:34,COMPLETED,0,1
79KWH,8,2,FULL,09-06-2025,08:19:13,09-06-2025,08:19:20,09-06-2025,08:21:20,COMPLETED,0,1
79KWH,8,3,FULL,09-06-2025,08:19:48,09-06-2025,08:20:04,09-06-2025,08:22:44,COMPLETED,0,1
79KWH,8,1,FULL,09-06-2025,08:20:47,09-06-2025,08:21:06,09-06-2025,08:22:33,COMPLETED,0,1
79KWH,8,2,FULL,09-06-2025,08:22:13,09-06-2025,08:22:16,09-06-2025,08:24:12,COMPLETED,0,1
79KWH,8,3,FULL,09-06-2025,08:22:51,09-06-2025,08:23:07,09-06-2025,08:25:51,COMPLETED,0,1
79KWH,8,1,FULL,09-06-2025,08:23:43,09-06-2025,08:24:05,09-06-2025,08:25:33,COMPLETED,0,1
79KWH,8,2,FULL,09-06-2025,08:25:13,09-06-2025,08:25:23,09-06-2025,08:27:25,COMPLETED,0,1
79KWH,8,3,FULL,09-06-2025,08:25:58,09-06-2025,08:26:14,09-06-2025,08:28:57,COMPLETED,0,1
79KWH,8,1,FULL,09-06-2025,08:26:45,09-06-2025,08:27:05,09-06-2025,08:28:33,COMPLETED,0,1
79KWH,8,2,FULL,09-06-2025,08:28:12,09-06-2025,08:28:22,09-06-2025,08:30:22,COMPLETED,0,1
79KWH,8,3,FULL,09-06-2025,08:29:04,09-06-2025,08:29:20,09-06-2025,08:31:59,COMPLETED,0,1
79KWH,8,1,FULL,09-06-2025,08:31:30,09-06-2025,08:31:38,09-06-2025,08:33:07,COMPLETED,0,1
79KWH,8,2,FULL,09-06-2025,08:32:23,09-06-2025,08:32:28,09-06-2025,08:34:32,COMPLETED,0,1
79KWH,8,3,FULL,09-06-2025,08:32:34,09-06-2025,08:32:45,09-06-2025,08:35:26,COMPLETED,0,1
79KWH,8,1,FULL,09-06-2025,08:34:21,09-06-2025,08:34:39,09-06-2025,08:36:13,COMPLETED,0,1
79KWH,8,2,FULL,09-06-2025,08:35:19,09-06-2025,08:35:28,09-06-2025,08:37:30,COMPLETED,0,1
79KWH,8,3,FULL,09-06-2025,08:35:33,09-06-2025,08:35:48,09-06-2025,08:38:34,COMPLETED,0,1
79KWH,8,1,FULL,09-06-2025,08:36:51,09-06-2025,08:36:59,09-06-2025,08:38:26,COMPLETED,0,1
79KWH,8,2,FULL,09-06-2025,08:38:23,09-06-2025,08:38:27,09-06-2025,08:40:33,COMPLETED,0,1
79KWH,8,3,FULL,09-06-2025,08:38:40,09-06-2025,08:38:57,09-06-2025,08:41:51,COMPLETED,0,1
79KWH,8,1,FULL,09-06-2025,08:39:56,09-06-2025,08:39:58,09-06-2025,08:41:27,COMPLETED,0,1
79KWH,8,2,FULL,09-06-2025,08:41:21,09-06-2025,08:41:29,09-06-2025,08:43:34,COMPLETED,0,1
79KWH,8,3,FULL,09-06-2025,08:41:58,09-06-2025,08:42:13,09-06-2025,08:45:03,COMPLETED,0,1
79KWH,8,1,FULL,09-06-2025,08:42:50,09-06-2025,08:42:59,09-06-2025,08:44:27,COMPLETED,0,1
79KWH,8,3,FULL,09-06-2025,08:45:10,09-06-2025,08:45:26,09-06-2025,08:48:21,COMPLETED,0,1
79KWH,8,2,FULL,09-06-2025,08:52:22,09-06-2025,08:52:33,09-06-2025,08:54:42,COMPLETED,0,1
79KWH,8,1,FULL,09-06-2025,08:53:28,09-06-2025,08:53:42,09-06-2025,08:55:14,COMPLETED,0,1
79KWH,8,3,FULL,09-06-2025,08:54:26,09-06-2025,08:54:31,09-06-2025,08:57:22,COMPLETED,0,1
79KWH,8,2,FULL,09-06-2025,08:54:49,09-06-2025,08:57:13,09-06-2025,09:00:33,COMPLETED,0,1
79KWH,8,1,FULL,09-06-2025,08:55:50,09-06-2025,08:57:45,09-06-2025,09:00:13,COMPLETED,0,1
79KWH,8,3,FULL,09-06-2025,08:57:29,09-06-2025,09:00:05,09-06-2025,09:03:20,COMPLETED,0,1
79KWH,8,1,FULL,09-06-2025,09:00:18,09-06-2025,09:02:48,09-06-2025,09:05:20,COMPLETED,0,1
79KWH,8,2,FULL,09-06-2025,09:00:40,09-06-2025,09:03:08,09-06-2025,09:06:32,COMPLETED,0,1
79KWH,8,3,FULL,09-06-2025,09:03:27,09-06-2025,09:03:43,09-06-2025,09:06:25,COMPLETED,0,1
79KWH,8,1,FULL,09-06-2025,09:05:24,09-06-2025,09:05:42,09-06-2025,09:07:10,COMPLETED,0,1
79KWH,8,3,FULL,09-06-2025,09:06:33,09-06-2025,09:06:48,09-06-2025,09:09:36,COMPLETED,0,1
79KWH,8,2,FULL,09-06-2025,09:06:38,09-06-2025,09:06:46,09-06-2025,09:08:52,COMPLETED,0,1
79KWH,8,1,FULL,09-06-2025,09:07:15,09-06-2025,09:07:33,09-06-2025,09:09:06,COMPLETED,0,1
79KWH,8,2,FULL,09-06-2025,09:08:58,09-06-2025,09:09:05,09-06-2025,09:11:19,COMPLETED,0,1
79KWH,8,1,FULL,09-06-2025,09:09:11,09-06-2025,09:09:28,09-06-2025,09:10:57,COMPLETED,0,1
79KWH,8,3,FULL,09-06-2025,09:09:42,09-06-2025,09:09:58,09-06-2025,09:12:43,COMPLETED,0,1
79KWH,8,1,FULL,09-06-2025,09:11:03,09-06-2025,09:11:20,09-06-2025,09:12:51,COMPLETED,0,1
79KWH,8,2,FULL,09-06-2025,09:11:25,09-06-2025,09:11:33,09-06-2025,09:13:43,COMPLETED,0,1
79KWH,8,3,FULL,09-06-2025,09:12:50,09-06-2025,09:13:06,09-06-2025,09:15:55,COMPLETED,0,1
79KWH,8,1,FULL,09-06-2025,09:12:56,09-06-2025,09:13:14,09-06-2025,09:14:45,COMPLETED,0,1
79KWH,8,3,FULL,09-06-2025,09:16:02,09-06-2025,09:16:18,09-06-2025,09:19:04,COMPLETED,0,1
79KWH,8,3,FULL,09-06-2025,09:19:11,09-06-2025,09:19:27,09-06-2025,09:22:17,COMPLETED,0,1
79KWH,8,2,FULL,09-06-2025,09:26:20,09-06-2025,09:26:23,09-06-2025,09:28:38,COMPLETED,0,1
79KWH,8,1,FULL,09-06-2025,09:27:52,09-06-2025,09:28:14,09-06-2025,09:29:48,COMPLETED,0,1
79KWH,8,3,FULL,09-06-2025,09:29:07,09-06-2025,09:29:12,09-06-2025,09:32:17,COMPLETED,0,1
79KWH,8,2,FULL,09-06-2025,09:29:19,09-06-2025,09:29:20,09-06-2025,09:31:32,COMPLETED,0,1
79KWH,8,1,FULL,09-06-2025,09:30:51,09-06-2025,09:30:57,09-06-2025,09:32:25,COMPLETED,0,1
79KWH,8,3,FULL,09-06-2025,09:32:25,09-06-2025,09:32:41,09-06-2025,09:35:41,COMPLETED,0,1
79KWH,8,2,FULL,09-06-2025,09:36:33,09-06-2025,09:36:41,09-06-2025,09:38:58,COMPLETED,0,1
79KWH,8,1,FULL,09-06-2025,09:38:01,09-06-2025,09:38:12,09-06-2025,09:39:45,COMPLETED,0,1
79KWH,8,3,FULL,09-06-2025,09:39:20,09-06-2025,09:39:32,09-06-2025,09:42:20,COMPLETED,0,1
79KWH,8,2,FULL,09-06-2025,09:39:34,09-06-2025,09:39:40,09-06-2025,09:41:54,COMPLETED,0,1
79KWH,8,1,FULL,09-06-2025,09:41:03,09-06-2025,09:41:18,09-06-2025,09:42:52,COMPLETED,0,1
79KWH,8,3,FULL,09-06-2025,09:42:26,09-06-2025,09:42:43,09-06-2025,09:45:41,COMPLETED,0,1
79KWH,8,2,FULL,09-06-2025,09:42:34,09-06-2025,09:42:36,09-06-2025,09:44:56,COMPLETED,0,1
79KWH,8,1,FULL,09-06-2025,09:44:01,09-06-2025,09:44:02,09-06-2025,09:45:37,COMPLETED,0,1
79KWH,8,2,FULL,09-06-2025,09:45:29,09-06-2025,09:45:38,09-06-2025,09:47:52,COMPLETED,0,1
79KWH,8,3,FULL,09-06-2025,09:45:48,09-06-2025,09:46:04,09-06-2025,09:48:54,COMPLETED,0,1
79KWH,8,1,FULL,09-06-2025,09:47:04,09-06-2025,09:47:09,09-06-2025,09:48:40,COMPLETED,0,1
79KWH,8,2,FULL,09-06-2025,09:48:35,09-06-2025,09:48:49,09-06-2025,09:51:09,COMPLETED,0,1
79KWH,8,3,FULL,09-06-2025,09:49:01,09-06-2025,09:49:18,09-06-2025,09:52:16,COMPLETED,0,1
79KWH,8,1,FULL,09-06-2025,09:50:02,09-06-2025,09:50:12,09-06-2025,09:51:50,COMPLETED,0,1
79KWH,8,2,FULL,09-06-2025,09:51:31,09-06-2025,09:51:37,09-06-2025,09:53:53,COMPLETED,0,1
79KWH,8,3,FULL,09-06-2025,09:52:23,09-06-2025,09:52:39,09-06-2025,09:55:37,COMPLETED,0,1
79KWH,8,1,FULL,09-06-2025,09:53:05,09-06-2025,09:53:23,09-06-2025,09:54:58,COMPLETED,0,1
79KWH,8,2,FULL,09-06-2025,09:54:36,09-06-2025,09:54:50,09-06-2025,09:57:13,COMPLETED,0,1
79KWH,8,3,FULL,09-06-2025,09:55:43,09-06-2025,09:56:00,09-06-2025,09:58:56,COMPLETED,0,1
79KWH,8,1,FULL,09-06-2025,09:56:04,09-06-2025,09:56:08,09-06-2025,09:57:46,COMPLETED,0,1
79KWH,8,2,FULL,09-06-2025,09:58:20,09-06-2025,09:58:24,09-06-2025,10:00:43,COMPLETED,0,1
79KWH,8,3,FULL,09-06-2025,09:59:03,09-06-2025,09:59:19,09-06-2025,10:02:11,COMPLETED,0,1
79KWH,8,1,FULL,09-06-2025,09:59:27,09-06-2025,09:59:42,09-06-2025,10:01:24,COMPLETED,0,1
79KWH,8,2,FULL,09-06-2025,10:00:48,09-06-2025,10:00:57,09-06-2025,10:03:21,COMPLETED,0,1
79KWH,8,1,FULL,09-06-2025,10:02:10,09-06-2025,10:02:10,09-06-2025,10:03:50,COMPLETED,0,1
79KWH,8,3,FULL,09-06-2025,10:02:18,09-06-2025,10:02:35,09-06-2025,10:05:38,COMPLETED,0,1
79KWH,8,2,FULL,09-06-2025,10:03:40,09-06-2025,10:03:49,09-06-2025,10:06:09,COMPLETED,0,1
79KWH,8,1,FULL,09-06-2025,10:05:12,09-06-2025,10:05:22,09-06-2025,10:07:00,COMPLETED,0,1
79KWH,8,3,FULL,09-06-2025,10:05:45,09-06-2025,10:06:01,09-06-2025,10:09:05,COMPLETED,0,1
79KWH,8,2,FULL,09-06-2025,10:06:43,09-06-2025,10:06:51,09-06-2025,10:09:17,COMPLETED,0,1
79KWH,8,1,FULL,09-06-2025,10:08:09,09-06-2025,10:08:32,09-06-2025,10:10:13,COMPLETED,0,1
79KWH,8,3,FULL,09-06-2025,10:09:10,09-06-2025,10:09:28,09-06-2025,10:12:31,COMPLETED,0,1
79KWH,8,2,FULL,09-06-2025,10:09:40,09-06-2025,10:09:46,09-06-2025,10:12:09,COMPLETED,0,1
79KWH,8,1,FULL,09-06-2025,10:11:14,09-06-2025,10:11:23,09-06-2025,10:12:59,COMPLETED,0,1
79KWH,8,3,FULL,09-06-2025,10:12:39,09-06-2025,10:12:53,09-06-2025,10:15:50,COMPLETED,0,1
79KWH,8,2,FULL,09-06-2025,10:12:42,09-06-2025,10:12:52,09-06-2025,10:15:20,COMPLETED,0,1
79KWH,8,1,FULL,09-06-2025,10:14:11,09-06-2025,10:14:32,09-06-2025,10:16:14,COMPLETED,0,1
79KWH,8,2,FULL,09-06-2025,10:15:43,09-06-2025,10:15:47,09-06-2025,10:18:11,COMPLETED,0,1
79KWH,8,3,FULL,09-06-2025,10:15:56,09-06-2025,10:16:13,09-06-2025,10:19:14,COMPLETED,0,1
79KWH,8,1,FULL,09-06-2025,10:17:14,09-06-2025,10:17:24,09-06-2025,10:19:06,COMPLETED,0,1
79KWH,8,2,FULL,09-06-2025,10:18:43,09-06-2025,10:18:54,09-06-2025,10:21:24,COMPLETED,0,1
79KWH,8,3,FULL,09-06-2025,10:19:19,09-06-2025,10:19:36,09-06-2025,10:22:41,COMPLETED,0,1
79KWH,8,1,FULL,09-06-2025,10:20:12,09-06-2025,10:20:16,09-06-2025,10:21:58,COMPLETED,0,1
79KWH,8,2,FULL,09-06-2025,10:21:42,09-06-2025,10:21:52,09-06-2025,10:24:18,COMPLETED,0,1
79KWH,8,3,FULL,09-06-2025,10:22:47,09-06-2025,10:23:04,09-06-2025,10:26:06,COMPLETED,0,1
79KWH,8,1,FULL,09-06-2025,10:23:14,09-06-2025,10:23:30,09-06-2025,10:25:11,COMPLETED,0,1
79KWH,8,2,FULL,09-06-2025,10:24:44,09-06-2025,10:24:46,09-06-2025,10:27:19,COMPLETED,0,1
79KWH,8,3,FULL,09-06-2025,10:26:12,09-06-2025,10:26:29,09-06-2025,10:29:31,COMPLETED,0,1
79KWH,8,1,FULL,09-06-2025,10:26:13,09-06-2025,10:26:20,09-06-2025,10:28:04,COMPLETED,0,1
79KWH,8,2,FULL,09-06-2025,10:27:41,09-06-2025,10:27:46,09-06-2025,10:30:16,COMPLETED,0,1
79KWH,8,1,FULL,09-06-2025,10:29:17,09-06-2025,10:30:51,09-06-2025,10:33:30,COMPLETED,0,1
79KWH,8,3,FULL,09-06-2025,10:29:37,09-06-2025,10:29:54,09-06-2025,10:33:01,COMPLETED,0,1
79KWH,8,2,FULL,09-06-2025,10:30:46,09-06-2025,10:32:35,09-06-2025,10:36:12,COMPLETED,0,1
79KWH,8,3,FULL,09-06-2025,10:33:08,09-06-2025,10:35:56,09-06-2025,10:39:08,COMPLETED,0,1
79KWH,8,1,FULL,09-06-2025,10:33:35,09-06-2025,10:35:59,09-06-2025,10:38:39,COMPLETED,0,1
79KWH,8,2,FULL,09-06-2025,10:36:17,09-06-2025,10:36:25,09-06-2025,10:38:57,COMPLETED,0,1
79KWH,8,1,FULL,09-06-2025,10:38:43,09-06-2025,10:39:02,09-06-2025,10:40:44,COMPLETED,0,1
79KWH,8,2,FULL,09-06-2025,10:39:03,09-06-2025,10:41:20,09-06-2025,10:44:53,COMPLETED,0,1
79KWH,8,3,FULL,09-06-2025,10:39:15,09-06-2025,10:39:32,09-06-2025,10:42:40,COMPLETED,0,1
79KWH,8,1,FULL,09-06-2025,10:40:49,09-06-2025,10:41:07,09-06-2025,10:42:52,COMPLETED,0,1
79KWH,8,3,FULL,09-06-2025,10:42:47,09-06-2025,10:43:03,09-06-2025,10:46:07,COMPLETED,0,1
79KWH,8,1,FULL,09-06-2025,10:42:58,09-06-2025,10:43:15,09-06-2025,10:45:03,COMPLETED,0,1
79KWH,8,2,FULL,09-06-2025,10:45:00,09-06-2025,10:45:06,09-06-2025,10:47:43,COMPLETED,0,1
79KWH,8,1,FULL,09-06-2025,10:45:08,09-06-2025,10:45:26,09-06-2025,10:47:15,COMPLETED,0,1
79KWH,8,3,FULL,09-06-2025,10:46:14,09-06-2025,10:46:30,09-06-2025,10:49:36,COMPLETED,0,1
79KWH,8,1,FULL,09-06-2025,10:47:21,09-06-2025,10:47:39,09-06-2025,10:49:23,COMPLETED,0,1
79KWH,8,2,FULL,09-06-2025,10:47:50,09-06-2025,10:47:58,09-06-2025,10:50:32,COMPLETED,0,1
79KWH,8,1,FULL,09-06-2025,10:49:28,09-06-2025,10:49:46,09-06-2025,10:51:36,COMPLETED,0,1
79KWH,8,3,FULL,09-06-2025,10:49:43,09-06-2025,10:50:00,09-06-2025,10:53:10,COMPLETED,0,1
79KWH,8,2,FULL,09-06-2025,10:50:37,09-06-2025,10:50:45,09-06-2025,10:53:25,COMPLETED,0,1
79KWH,8,1,FULL,09-06-2025,10:51:41,09-06-2025,10:52:00,09-06-2025,10:53:55,COMPLETED,0,1
79KWH,8,3,FULL,09-06-2025,10:53:16,09-06-2025,10:53:32,09-06-2025,10:56:39,COMPLETED,0,1
79KWH,8,2,FULL,09-06-2025,10:53:32,09-06-2025,10:55:41,09-06-2025,10:59:17,COMPLETED,0,1
79KWH,8,1,FULL,09-06-2025,10:54:17,09-06-2025,10:56:13,09-06-2025,10:58:55,COMPLETED,0,1
79KWH,8,3,FULL,09-06-2025,10:56:46,09-06-2025,10:59:31,09-06-2025,11:02:53,COMPLETED,0,1
79KWH,8,1,FULL,09-06-2025,10:59:00,09-06-2025,11:01:21,09-06-2025,11:03:57,COMPLETED,0,1
79KWH,8,2,FULL,09-06-2025,10:59:23,09-06-2025,11:01:37,09-06-2025,11:05:18,COMPLETED,0,1
79KWH,8,3,FULL,09-06-2025,11:03:00,09-06-2025,11:03:16,09-06-2025,11:06:24,COMPLETED,0,1
79KWH,8,1,FULL,09-06-2025,11:04:02,09-06-2025,11:04:20,09-06-2025,11:06:12,COMPLETED,0,1
79KWH,8,2,FULL,09-06-2025,11:05:24,09-06-2025,11:05:31,09-06-2025,11:08:10,COMPLETED,0,1
79KWH,8,1,FULL,09-06-2025,11:06:18,09-06-2025,11:06:35,09-06-2025,11:08:26,COMPLETED,0,1
79KWH,8,3,FULL,09-06-2025,11:06:32,09-06-2025,11:06:47,09-06-2025,11:09:52,COMPLETED,0,1
79KWH,8,2,FULL,09-06-2025,11:08:17,09-06-2025,11:08:24,09-06-2025,11:11:10,COMPLETED,0,1
79KWH,8,1,FULL,09-06-2025,11:08:32,09-06-2025,11:08:49,09-06-2025,11:10:43,COMPLETED,0,1
79KWH,8,3,FULL,09-06-2025,11:09:59,09-06-2025,11:10:15,09-06-2025,11:13:35,COMPLETED,0,1
79KWH,8,1,FULL,09-06-2025,11:10:48,09-06-2025,11:11:06,09-06-2025,11:12:53,COMPLETED,0,1
79KWH,8,2,FULL,09-06-2025,11:11:16,09-06-2025,11:11:23,09-06-2025,11:14:06,COMPLETED,0,1
79KWH,8,1,FULL,09-06-2025,11:12:58,09-06-2025,11:13:16,09-06-2025,11:15:11,COMPLETED,0,1
79KWH,8,3,FULL,09-06-2025,11:13:42,09-06-2025,11:13:57,09-06-2025,11:17:07,COMPLETED,0,1
79KWH,8,2,FULL,09-06-2025,11:14:14,09-06-2025,11:14:21,09-06-2025,11:17:07,COMPLETED,0,1
79KWH,8,1,FULL,09-06-2025,11:15:15,09-06-2025,11:15:33,09-06-2025,11:17:26,COMPLETED,0,1
79KWH,8,2,FULL,09-06-2025,11:17:12,09-06-2025,11:19:21,09-06-2025,11:23:01,COMPLETED,0,1
79KWH,8,3,FULL,09-06-2025,11:17:12,09-06-2025,11:17:29,09-06-2025,11:20:43,COMPLETED,0,1
79KWH,8,1,FULL,09-06-2025,11:17:32,09-06-2025,11:19:44,09-06-2025,11:22:28,COMPLETED,0,1
79KWH,8,3,FULL,09-06-2025,11:20:49,09-06-2025,11:23:40,09-06-2025,11:27:09,COMPLETED,0,1
79KWH,8,1,FULL,09-06-2025,11:22:33,09-06-2025,11:24:49,09-06-2025,11:27:32,COMPLETED,0,1
79KWH,8,2,FULL,09-06-2025,11:23:07,09-06-2025,11:25:19,09-06-2025,11:29:02,COMPLETED,0,1
79KWH,8,3,FULL,09-06-2025,11:27:14,09-06-2025,11:27:31,09-06-2025,11:30:42,COMPLETED,0,1
79KWH,8,1,FULL,09-06-2025,11:27:38,09-06-2025,11:27:55,09-06-2025,11:29:53,COMPLETED,0,1
79KWH,8,2,FULL,09-06-2025,11:29:07,09-06-2025,11:29:15,09-06-2025,11:32:02,COMPLETED,0,1
79KWH,8,1,FULL,09-06-2025,11:29:58,09-06-2025,11:30:16,09-06-2025,11:32:15,COMPLETED,0,1
79KWH,8,3,FULL,09-06-2025,11:30:50,09-06-2025,11:31:05,09-06-2025,11:34:25,COMPLETED,0,1
79KWH,8,2,FULL,09-06-2025,11:32:08,09-06-2025,11:32:15,09-06-2025,11:35:10,COMPLETED,0,1
79KWH,8,1,FULL,09-06-2025,11:32:19,09-06-2025,11:32:37,09-06-2025,11:34:37,COMPLETED,0,1
79KWH,8,3,FULL,09-06-2025,11:34:32,09-06-2025,11:34:48,09-06-2025,11:38:05,COMPLETED,0,1
79KWH,8,1,FULL,09-06-2025,11:34:41,09-06-2025,11:35:00,09-06-2025,11:36:54,COMPLETED,0,1
79KWH,8,2,FULL,09-06-2025,11:35:17,09-06-2025,11:35:23,09-06-2025,11:38:11,COMPLETED,0,1
79KWH,8,1,FULL,09-06-2025,11:36:59,09-06-2025,11:37:17,09-06-2025,11:39:18,COMPLETED,0,1
79KWH,8,3,FULL,09-06-2025,11:38:12,09-06-2025,11:38:28,09-06-2025,11:41:48,COMPLETED,0,1
79KWH,8,2,FULL,09-06-2025,11:38:17,09-06-2025,11:38:25,09-06-2025,11:41:16,COMPLETED,0,1
79KWH,8,1,FULL,09-06-2025,11:39:23,09-06-2025,11:39:40,09-06-2025,11:41:36,COMPLETED,0,1
79KWH,8,2,FULL,09-06-2025,11:41:21,09-06-2025,11:41:31,09-06-2025,11:44:19,COMPLETED,0,1
79KWH,8,1,FULL,09-06-2025,11:41:41,09-06-2025,11:41:59,09-06-2025,11:44:00,COMPLETED,0,1
79KWH,8,3,FULL,09-06-2025,11:41:55,09-06-2025,11:42:11,09-06-2025,11:45:36,COMPLETED,0,1
79KWH,8,1,FULL,09-06-2025,11:44:05,09-06-2025,11:44:23,09-06-2025,11:46:20,COMPLETED,0,1
79KWH,8,2,FULL,09-06-2025,11:44:24,09-06-2025,11:44:32,09-06-2025,11:47:26,COMPLETED,0,1
79KWH,8,3,FULL,09-06-2025,11:45:42,09-06-2025,11:45:59,09-06-2025,11:49:13,COMPLETED,0,1
79KWH,8,1,FULL,09-06-2025,11:46:25,09-06-2025,11:46:43,09-06-2025,11:48:46,COMPLETED,0,1
79KWH,8,1,FULL,09-06-2025,11:48:52,09-06-2025,11:49:09,09-06-2025,11:51:09,COMPLETED,0,1
79KWH,8,3,FULL,09-06-2025,11:49:20,09-06-2025,11:49:36,09-06-2025,11:52:58,COMPLETED,0,1
79KWH,8,3,FULL,09-06-2025,11:53:05,09-06-2025,11:53:21,09-06-2025,11:56:38,COMPLETED,0,1
79KWH,8,3,FULL,09-06-2025,11:56:46,09-06-2025,11:59:33,09-06-2025,12:03:09,COMPLETED,0,1
79KWH,8,1,FULL,09-06-2025,11:58:08,09-06-2025,11:58:17,09-06-2025,12:01:07,COMPLETED,0,1
79KWH,8,3,FULL,09-06-2025,12:03:16,09-06-2025,12:03:31,09-06-2025,12:06:48,COMPLETED,0,1
79KWH,8,2,FULL,09-06-2025,12:28:02,09-06-2025,12:28:16,09-06-2025,12:32:00,COMPLETED,0,1
79KWH,8,1,FULL,09-06-2025,12:29:28,09-06-2025,12:29:48,09-06-2025,12:32:31,COMPLETED,0,1
79KWH,8,3,FULL,09-06-2025,12:30:46,09-06-2025,12:30:59,09-06-2025,12:34:28,COMPLETED,0,1
79KWH,8,2,FULL,09-06-2025,12:32:07,09-06-2025,12:32:14,09-06-2025,12:35:09,COMPLETED,0,1
79KWH,8,1,FULL,09-06-2025,12:32:36,09-06-2025,12:32:54,09-06-2025,12:34:58,COMPLETED,0,1
79KWH,8,3,FULL,09-06-2025,12:34:35,09-06-2025,12:34:51,09-06-2025,12:38:14,COMPLETED,0,1
79KWH,8,2,FULL,09-06-2025,12:35:14,09-06-2025,12:35:24,09-06-2025,12:38:17,COMPLETED,0,1
79KWH,8,1,FULL,09-06-2025,12:35:29,09-06-2025,12:35:44,09-06-2025,12:37:46,COMPLETED,0,1
79KWH,8,3,FULL,09-06-2025,12:38:21,09-06-2025,12:38:37,09-06-2025,12:42:00,COMPLETED,0,1
79KWH,8,2,FULL,09-06-2025,12:38:22,09-06-2025,12:38:31,09-06-2025,12:41:33,COMPLETED,0,1
79KWH,8,1,FULL,09-06-2025,12:39:48,09-06-2025,12:40:05,09-06-2025,12:42:18,COMPLETED,0,1
79KWH,8,2,FULL,09-06-2025,12:41:40,09-06-2025,12:41:47,09-06-2025,12:44:40,COMPLETED,0,1
79KWH,8,3,FULL,09-06-2025,12:42:07,09-06-2025,12:42:24,09-06-2025,12:45:44,COMPLETED,0,1
79KWH,8,1,FULL,09-06-2025,12:42:46,09-06-2025,12:43:04,09-06-2025,12:45:12,COMPLETED,0,1
79KWH,8,2,FULL,09-06-2025,12:44:46,09-06-2025,12:44:54,09-06-2025,12:47:55,COMPLETED,0,1
79KWH,8,1,FULL,09-06-2025,12:45:48,09-06-2025,12:45:59,09-06-2025,12:48:07,COMPLETED,0,1
79KWH,8,3,FULL,09-06-2025,12:45:50,09-06-2025,12:46:08,09-06-2025,12:49:32,COMPLETED,0,1
79KWH,8,2,FULL,09-06-2025,12:48:00,09-06-2025,12:48:08,09-06-2025,12:51:06,COMPLETED,0,1
79KWH,8,3,FULL,09-06-2025,12:49:39,09-06-2025,12:49:55,09-06-2025,12:53:18,COMPLETED,0,1
79KWH,8,1,FULL,09-06-2025,12:50:20,09-06-2025,12:50:26,09-06-2025,12:52:29,COMPLETED,0,1
79KWH,8,3,FULL,09-06-2025,12:56:31,09-06-2025,12:57:53,09-06-2025,13:01:27,COMPLETED,0,1
79KWH,8,2,FULL,09-06-2025,12:57:02,09-06-2025,12:57:30,09-06-2025,13:01:21,COMPLETED,0,1
79KWH,8,1,FULL,09-06-2025,12:58:19,09-06-2025,12:58:23,09-06-2025,13:01:20,COMPLETED,0,1
79KWH,8,2,FULL,09-06-2025,13:01:28,09-06-2025,13:01:34,09-06-2025,13:04:32,COMPLETED,0,1
79KWH,8,1,FULL,09-06-2025,13:01:29,09-06-2025,13:01:43,09-06-2025,13:03:48,COMPLETED,0,1
79KWH,8,3,FULL,09-06-2025,13:01:35,09-06-2025,13:01:50,09-06-2025,13:05:12,COMPLETED,0,1
79KWH,8,2,FULL,09-06-2025,13:04:38,09-06-2025,13:04:46,09-06-2025,13:07:49,COMPLETED,0,1
79KWH,8,3,FULL,09-06-2025,13:05:20,09-06-2025,13:05:35,09-06-2025,13:09:11,COMPLETED,0,1
79KWH,8,1,FULL,09-06-2025,13:06:11,09-06-2025,13:06:29,09-06-2025,13:08:46,COMPLETED,0,1
79KWH,8,2,FULL,09-06-2025,13:07:55,09-06-2025,13:08:03,09-06-2025,13:11:04,COMPLETED,0,1
79KWH,8,1,FULL,09-06-2025,13:09:10,09-06-2025,13:09:32,09-06-2025,13:11:44,COMPLETED,0,1
79KWH,8,3,FULL,09-06-2025,13:09:17,09-06-2025,13:09:34,09-06-2025,13:12:58,COMPLETED,0,1
79KWH,8,2,FULL,09-06-2025,13:11:10,09-06-2025,13:11:17,09-06-2025,13:14:21,COMPLETED,0,1
79KWH,8,1,FULL,09-06-2025,13:12:12,09-06-2025,13:12:30,09-06-2025,13:14:47,COMPLETED,0,1
79KWH,8,3,FULL,09-06-2025,13:13:06,09-06-2025,13:13:22,09-06-2025,13:16:50,COMPLETED,0,1
79KWH,8,2,FULL,09-06-2025,13:14:28,09-06-2025,13:14:35,09-06-2025,13:17:35,COMPLETED,0,1
79KWH,8,1,FULL,09-06-2025,13:15:10,09-06-2025,13:15:33,09-06-2025,13:17:41,COMPLETED,0,1
79KWH,8,3,FULL,09-06-2025,13:16:58,09-06-2025,13:17:13,09-06-2025,13:20:37,COMPLETED,0,1
79KWH,8,3,FULL,09-06-2025,13:37:54,09-06-2025,13:38:16,09-06-2025,13:41:50,COMPLETED,0,1
79KWH,8,2,FULL,09-06-2025,13:38:08,09-06-2025,13:38:21,09-06-2025,13:42:14,COMPLETED,0,1
79KWH,8,1,FULL,09-06-2025,13:39:38,09-06-2025,13:39:41,09-06-2025,13:42:35,COMPLETED,0,1
79KWH,8,3,FULL,09-06-2025,13:41:57,09-06-2025,13:42:13,09-06-2025,13:45:47,COMPLETED,0,1
79KWH,8,2,FULL,09-06-2025,13:42:20,09-06-2025,13:42:27,09-06-2025,13:45:33,COMPLETED,0,1
79KWH,8,1,FULL,09-06-2025,13:42:41,09-06-2025,13:42:58,09-06-2025,13:45:10,COMPLETED,0,1
79KWH,8,2,FULL,09-06-2025,13:45:39,09-06-2025,13:45:47,09-06-2025,13:48:55,COMPLETED,0,1
79KWH,8,3,FULL,09-06-2025,13:45:52,09-06-2025,13:46:09,09-06-2025,13:49:41,COMPLETED,0,1
79KWH,8,1,FULL,09-06-2025,13:48:42,09-06-2025,13:49:02,09-06-2025,13:51:17,COMPLETED,0,1
79KWH,8,2,FULL,09-06-2025,13:49:43,09-06-2025,13:51:10,09-06-2025,13:55:01,COMPLETED,0,1
79KWH,8,3,FULL,09-06-2025,13:49:48,09-06-2025,13:50:04,09-06-2025,13:53:31,COMPLETED,0,1
79KWH,8,1,FULL,09-06-2025,13:51:21,09-06-2025,13:53:24,09-06-2025,13:56:12,COMPLETED,0,1
79KWH,8,3,FULL,09-06-2025,13:53:38,09-06-2025,13:53:53,09-06-2025,13:57:25,COMPLETED,0,1
79KWH,8,2,FULL,09-06-2025,13:55:08,09-06-2025,13:57:07,09-06-2025,14:01:01,COMPLETED,0,1
79KWH,8,1,FULL,09-06-2025,13:56:17,09-06-2025,13:58:24,09-06-2025,14:01:19,COMPLETED,0,1
79KWH,8,3,FULL,09-06-2025,13:57:32,09-06-2025,14:00:24,09-06-2025,14:03:53,COMPLETED,0,1
79KWH,8,2,FULL,09-06-2025,14:01:08,09-06-2025,14:01:15,09-06-2025,14:04:22,COMPLETED,0,1
79KWH,8,1,FULL,09-06-2025,14:01:23,09-06-2025,14:01:41,09-06-2025,14:03:53,COMPLETED,0,1
79KWH,8,1,FULL,09-06-2025,14:03:58,09-06-2025,14:04:16,09-06-2025,14:06:33,COMPLETED,0,1
79KWH,8,2,FULL,09-06-2025,14:04:28,09-06-2025,14:04:35,09-06-2025,14:07:53,COMPLETED,0,1
79KWH,8,1,FULL,09-06-2025,14:06:38,09-06-2025,14:06:56,09-06-2025,14:09:09,COMPLETED,0,1
79KWH,8,2,FULL,09-06-2025,14:07:58,09-06-2025,14:08:07,09-06-2025,14:11:17,COMPLETED,0,1
79KWH,8,1,FULL,09-06-2025,14:09:14,09-06-2025,14:09:32,09-06-2025,14:11:50,COMPLETED,0,1
79KWH,8,1,FULL,09-06-2025,14:11:56,09-06-2025,14:12:59,09-06-2025,14:15:03,COMPLETED,0,1
79KWH,8,1,FULL,09-06-2025,14:15:09,09-06-2025,14:17:00,09-06-2025,14:19:47,COMPLETED,0,1
79KWH,8,1,FULL,09-06-2025,14:33:57,09-06-2025,14:34:08,09-06-2025,14:36:51,COMPLETED,0,1
79KWH,8,2,FULL,09-06-2025,14:34:25,09-06-2025,14:34:37,09-06-2025,14:38:38,COMPLETED,0,1
79KWH,8,1,FULL,09-06-2025,14:36:56,09-06-2025,14:37:14,09-06-2025,14:39:26,COMPLETED,0,1
79KWH,8,2,FULL,09-06-2025,14:38:44,09-06-2025,14:41:30,09-06-2025,14:43:54,COMPLETED,0,1
79KWH,8,1,FULL,09-06-2025,14:39:31,09-06-2025,14:39:49,09-06-2025,14:41:56,COMPLETED,0,1
79KWH,8,1,FULL,09-06-2025,14:42:01,09-06-2025,14:43:51,09-06-2025,14:46:39,COMPLETED,0,1
79KWH,8,2,FULL,09-06-2025,14:43:59,09-06-2025,14:48:29,09-06-2025,14:51:00,COMPLETED,0,1
79KWH,8,1,FULL,09-06-2025,14:46:45,09-06-2025,14:49:41,09-06-2025,14:52:05,COMPLETED,0,1
79KWH,8,2,FULL,09-06-2025,14:51:05,09-06-2025,14:54:57,09-06-2025,14:58:21,COMPLETED,0,1
79KWH,8,1,FULL,09-06-2025,14:52:10,09-06-2025,14:54:13,09-06-2025,14:57:11,COMPLETED,0,1
79KWH,8,1,FULL,09-06-2025,14:57:16,09-06-2025,14:57:35,09-06-2025,14:59:54,COMPLETED,0,1
79KWH,8,2,FULL,09-06-2025,14:58:27,09-06-2025,14:58:35,09-06-2025,15:01:55,COMPLETED,0,1
79KWH,8,1,FULL,09-06-2025,14:59:59,09-06-2025,15:01:57,09-06-2025,15:04:57,COMPLETED,0,1
79KWH,8,2,FULL,09-06-2025,15:02:00,09-06-2025,15:03:51,09-06-2025,15:07:46,COMPLETED,0,1
79KWH,8,1,FULL,09-06-2025,15:05:01,09-06-2025,15:07:05,09-06-2025,15:09:59,COMPLETED,0,1
79KWH,8,2,FULL,09-06-2025,15:07:52,09-06-2025,15:09:47,09-06-2025,15:13:48,COMPLETED,0,1
79KWH,8,1,FULL,09-06-2025,15:10:05,09-06-2025,15:10:22,09-06-2025,15:12:49,COMPLETED,0,1
79KWH,8,1,FULL,09-06-2025,15:12:54,09-06-2025,15:13:12,09-06-2025,15:15:36,COMPLETED,0,1
79KWH,8,2,FULL,09-06-2025,15:13:53,09-06-2025,15:14:02,09-06-2025,15:17:19,COMPLETED,0,1
79KWH,8,1,FULL,09-06-2025,15:15:41,09-06-2025,15:15:59,09-06-2025,15:18:29,COMPLETED,0,1
79KWH,8,2,FULL,09-06-2025,15:17:25,09-06-2025,15:17:32,09-06-2025,15:20:57,COMPLETED,0,1
79KWH,8,1,FULL,09-06-2025,15:18:33,09-06-2025,15:18:52,09-06-2025,15:21:17,COMPLETED,0,1
79KWH,8,2,FULL,09-06-2025,15:21:03,09-06-2025,15:21:11,09-06-2025,15:24:31,COMPLETED,0,1
79KWH,8,1,FULL,09-06-2025,15:21:22,09-06-2025,15:21:40,09-06-2025,15:24:10,COMPLETED,0,1
79KWH,8,2,FULL,09-06-2025,15:24:37,09-06-2025,15:24:46,09-06-2025,15:28:14,COMPLETED,0,1
79KWH,8,1,FULL,09-06-2025,15:27:28,09-06-2025,15:29:05,09-06-2025,15:31:51,COMPLETED,0,1
79KWH,8,1,FULL,09-06-2025,15:31:57,09-06-2025,15:33:46,09-06-2025,15:36:37,COMPLETED,0,1
79KWH,8,1,FULL,09-06-2025,15:36:41,09-06-2025,15:36:59,09-06-2025,15:39:16,COMPLETED,0,1
79KWH,8,1,FULL,09-06-2025,16:00:08,09-06-2025,16:00:16,09-06-2025,16:03:08,COMPLETED,0,1
79KWH,8,2,FULL,09-06-2025,16:00:23,09-06-2025,16:00:31,09-06-2025,16:04:28,COMPLETED,0,1
79KWH,8,1,FULL,09-06-2025,16:03:13,09-06-2025,16:03:30,09-06-2025,16:05:49,COMPLETED,0,1
79KWH,8,2,FULL,09-06-2025,16:04:33,09-06-2025,16:04:42,09-06-2025,16:08:13,COMPLETED,0,1
79KWH,8,1,FULL,09-06-2025,16:05:54,09-06-2025,16:06:12,09-06-2025,16:08:35,COMPLETED,0,1
79KWH,8,2,FULL,09-06-2025,16:08:20,09-06-2025,16:08:27,09-06-2025,16:11:51,COMPLETED,0,1
79KWH,8,1,FULL,09-06-2025,16:08:40,09-06-2025,16:08:58,09-06-2025,16:11:18,COMPLETED,0,1
79KWH,8,1,FULL,09-06-2025,16:11:23,09-06-2025,16:11:41,09-06-2025,16:14:05,COMPLETED,0,1
79KWH,8,2,FULL,09-06-2025,16:11:57,09-06-2025,16:12:04,09-06-2025,16:15:38,COMPLETED,0,1
79KWH,8,1,FULL,09-06-2025,16:14:10,09-06-2025,16:14:28,09-06-2025,16:16:47,COMPLETED,0,1
79KWH,8,2,FULL,09-06-2025,16:15:43,09-06-2025,16:15:52,09-06-2025,16:19:17,COMPLETED,0,1
79KWH,8,1,FULL,09-06-2025,16:16:52,09-06-2025,16:17:10,09-06-2025,16:19:36,COMPLETED,0,1
79KWH,8,2,FULL,09-06-2025,16:19:22,09-06-2025,16:19:31,09-06-2025,16:23:06,COMPLETED,0,1
79KWH,8,1,FULL,09-06-2025,16:19:41,09-06-2025,16:19:58,09-06-2025,16:22:22,COMPLETED,0,1
79KWH,8,1,FULL,09-06-2025,16:22:27,09-06-2025,16:22:45,09-06-2025,16:25:13,COMPLETED,0,1
79KWH,8,2,FULL,09-06-2025,16:23:13,09-06-2025,16:23:19,09-06-2025,16:26:48,COMPLETED,0,1
79KWH,8,1,FULL,09-06-2025,16:25:18,09-06-2025,16:25:36,09-06-2025,16:28:00,COMPLETED,0,1
79KWH,8,2,FULL,09-06-2025,16:26:54,09-06-2025,16:27:02,09-06-2025,16:30:35,COMPLETED,0,1
79KWH,8,1,FULL,09-06-2025,16:28:06,09-06-2025,16:28:23,09-06-2025,16:30:52,COMPLETED,0,1
79KWH,8,2,FULL,09-06-2025,16:30:40,09-06-2025,16:32:33,09-06-2025,16:36:35,COMPLETED,0,1
79KWH,8,1,FULL,09-06-2025,16:30:56,09-06-2025,16:32:37,09-06-2025,16:35:29,COMPLETED,0,1
79KWH,8,1,FULL,09-06-2025,16:35:35,09-06-2025,16:37:20,09-06-2025,16:40:16,COMPLETED,0,1
79KWH,8,2,FULL,09-06-2025,16:36:42,09-06-2025,16:38:31,09-06-2025,16:42:42,COMPLETED,0,1
79KWH,8,1,FULL,09-06-2025,16:40:21,09-06-2025,16:40:39,09-06-2025,16:43:05,COMPLETED,0,1
79KWH,8,2,FULL,09-06-2025,16:42:48,09-06-2025,16:42:56,09-06-2025,16:46:28,COMPLETED,0,1
79KWH,8,1,FULL,09-06-2025,16:43:10,09-06-2025,16:43:27,09-06-2025,16:45:59,COMPLETED,0,1
79KWH,8,1,FULL,09-06-2025,16:46:05,09-06-2025,16:46:22,09-06-2025,16:48:50,COMPLETED,0,1
79KWH,8,2,FULL,09-06-2025,16:46:33,09-06-2025,16:46:42,09-06-2025,16:50:22,COMPLETED,0,1
79KWH,8,1,FULL,09-06-2025,16:48:56,09-06-2025,16:49:13,09-06-2025,16:51:43,COMPLETED,0,1
79KWH,8,2,FULL,09-06-2025,16:50:27,09-06-2025,16:50:36,09-06-2025,16:54:10,COMPLETED,0,1
79KWH,8,1,FULL,09-06-2025,16:51:48,09-06-2025,16:53:23,09-06-2025,16:56:16,COMPLETED,0,1
79KWH,8,2,FULL,09-06-2025,16:54:16,09-06-2025,16:56:11,09-06-2025,17:00:25,COMPLETED,0,1
79KWH,8,1,FULL,09-06-2025,16:56:21,09-06-2025,16:58:02,09-06-2025,17:01:01,COMPLETED,0,1
79KWH,8,1,FULL,09-06-2025,17:01:06,09-06-2025,17:01:24,09-06-2025,17:03:53,COMPLETED,0,1
79KWH,8,1,FULL,09-06-2025,17:03:59,09-06-2025,17:04:16,09-06-2025,17:06:50,COMPLETED,0,1
79KWH,8,1,FULL,09-06-2025,17:44:08,09-06-2025,17:44:22,09-06-2025,17:47:18,COMPLETED,0,1
79KWH,8,2,FULL,09-06-2025,17:44:14,09-06-2025,17:44:25,09-06-2025,17:48:30,COMPLETED,0,1
79KWH,8,1,FULL,09-06-2025,17:47:22,09-06-2025,17:47:41,09-06-2025,17:50:17,COMPLETED,0,1
79KWH,8,2,FULL,09-06-2025,17:48:38,09-06-2025,17:48:44,09-06-2025,17:52:26,COMPLETED,0,1
79KWH,8,1,FULL,09-06-2025,17:50:22,09-06-2025,17:50:39,09-06-2025,17:53:13,COMPLETED,0,1
79KWH,8,2,FULL,09-06-2025,17:52:33,09-06-2025,17:52:40,09-06-2025,17:56:20,COMPLETED,0,1
79KWH,8,1,FULL,09-06-2025,17:53:18,09-06-2025,17:53:36,09-06-2025,17:56:18,COMPLETED,0,1
79KWH,8,1,FULL,09-06-2025,17:56:23,09-06-2025,17:57:58,09-06-2025,18:00:53,COMPLETED,0,1
79KWH,8,2,FULL,09-06-2025,17:56:26,09-06-2025,17:56:34,09-06-2025,18:00:21,COMPLETED,0,1
79KWH,8,2,FULL,09-06-2025,18:00:28,09-06-2025,18:02:20,09-06-2025,18:06:28,COMPLETED,0,1
79KWH,8,1,FULL,09-06-2025,18:00:58,09-06-2025,18:02:37,09-06-2025,18:05:39,COMPLETED,0,1
79KWH,8,1,FULL,09-06-2025,18:05:43,09-06-2025,18:06:02,09-06-2025,18:08:38,COMPLETED,0,1
79KWH,8,2,FULL,09-06-2025,18:06:35,09-06-2025,18:08:22,09-06-2025,18:12:34,COMPLETED,0,1
79KWH,8,1,FULL,09-06-2025,18:08:43,09-06-2025,18:09:00,09-06-2025,18:11:41,COMPLETED,0,1
79KWH,8,1,FULL,09-06-2025,18:11:46,09-06-2025,18:12:04,09-06-2025,18:14:41,COMPLETED,0,1
79KWH,8,2,FULL,09-06-2025,18:12:39,09-06-2025,18:12:48,09-06-2025,18:16:32,COMPLETED,0,1
79KWH,8,1,FULL,09-06-2025,18:14:47,09-06-2025,18:15:04,09-06-2025,18:17:46,COMPLETED,0,1
79KWH,8,2,FULL,09-06-2025,18:16:37,09-06-2025,18:16:46,09-06-2025,18:20:39,COMPLETED,0,1
79KWH,8,1,FULL,09-06-2025,18:17:52,09-06-2025,18:18:09,09-06-2025,18:20:50,COMPLETED,0,1
79KWH,8,2,FULL,09-06-2025,18:20:45,09-06-2025,18:20:52,09-06-2025,18:24:42,COMPLETED,0,1
79KWH,8,1,FULL,09-06-2025,18:20:55,09-06-2025,18:21:13,09-06-2025,18:23:57,COMPLETED,0,1
79KWH,8,1,FULL,09-06-2025,18:24:02,09-06-2025,18:25:40,09-06-2025,18:28:42,COMPLETED,0,1
79KWH,8,1,FULL,09-06-2025,18:28:47,09-06-2025,18:30:29,09-06-2025,18:33:33,COMPLETED,0,1
79KWH,8,1,FULL,09-06-2025,18:45:14,09-06-2025,18:45:25,09-06-2025,18:48:29,COMPLETED,0,1
79KWH,8,2,FULL,09-06-2025,18:45:43,09-06-2025,18:46:37,09-06-2025,18:50:50,COMPLETED,0,1
79KWH,8,1,FULL,09-06-2025,18:48:34,09-06-2025,18:48:51,09-06-2025,18:51:36,COMPLETED,0,1
79KWH,8,2,FULL,09-06-2025,18:50:56,09-06-2025,18:51:04,09-06-2025,18:54:51,COMPLETED,0,1
79KWH,8,1,FULL,09-06-2025,18:51:41,09-06-2025,18:51:59,09-06-2025,18:54:51,COMPLETED,0,1
79KWH,8,1,FULL,09-06-2025,18:54:56,09-06-2025,18:55:14,09-06-2025,18:58:05,COMPLETED,0,1
79KWH,8,2,FULL,09-06-2025,18:54:57,09-06-2025,18:55:05,09-06-2025,18:59:03,COMPLETED,0,1
79KWH,8,1,FULL,09-06-2025,18:58:09,09-06-2025,18:58:28,09-06-2025,19:01:15,COMPLETED,0,1
79KWH,8,2,FULL,09-06-2025,18:59:10,09-06-2025,18:59:16,09-06-2025,19:03:10,COMPLETED,0,1
79KWH,8,1,FULL,09-06-2025,19:01:20,09-06-2025,19:01:38,09-06-2025,19:04:25,COMPLETED,0,1
79KWH,8,2,FULL,09-06-2025,19:03:16,09-06-2025,19:03:23,09-06-2025,19:07:21,COMPLETED,0,1
79KWH,8,1,FULL,09-06-2025,19:04:30,09-06-2025,19:04:49,09-06-2025,19:07:39,COMPLETED,0,1
79KWH,8,2,FULL,09-06-2025,19:07:27,09-06-2025,19:07:35,09-06-2025,19:11:29,COMPLETED,0,1
79KWH,8,1,FULL,09-06-2025,19:07:44,09-06-2025,19:08:02,09-06-2025,19:10:55,COMPLETED,0,1
79KWH,8,1,FULL,09-06-2025,19:11:00,09-06-2025,19:11:18,09-06-2025,19:14:07,COMPLETED,0,1
79KWH,8,2,FULL,09-06-2025,19:11:35,09-06-2025,19:11:43,09-06-2025,19:15:41,COMPLETED,0,1
79KWH,8,1,FULL,09-06-2025,19:14:13,09-06-2025,19:15:52,09-06-2025,19:18:58,COMPLETED,0,1
79KWH,8,2,FULL,09-06-2025,19:15:47,09-06-2025,19:17:41,09-06-2025,19:21:55,COMPLETED,0,1
79KWH,8,1,FULL,09-06-2025,19:19:02,09-06-2025,19:20:48,09-06-2025,19:23:55,COMPLETED,0,1
79KWH,8,2,FULL,09-06-2025,19:22:01,09-06-2025,19:23:49,09-06-2025,19:28:11,COMPLETED,0,1
79KWH,8,1,FULL,09-06-2025,19:24:00,09-06-2025,19:24:18,09-06-2025,19:27:14,COMPLETED,0,1
79KWH,8,1,FULL,09-06-2025,19:27:19,09-06-2025,19:27:36,09-06-2025,19:30:29,COMPLETED,0,1
79KWH,8,2,FULL,09-06-2025,19:28:18,09-06-2025,19:28:25,09-06-2025,19:32:26,COMPLETED,0,1
79KWH,8,1,FULL,09-06-2025,19:30:34,09-06-2025,19:30:52,09-06-2025,19:33:50,COMPLETED,0,1
79KWH,8,2,FULL,09-06-2025,19:32:31,09-06-2025,19:32:40,09-06-2025,19:36:41,COMPLETED,0,1
79KWH,8,1,FULL,09-06-2025,19:33:55,09-06-2025,19:34:12,09-06-2025,19:37:05,COMPLETED,0,1
79KWH,8,2,FULL,09-06-2025,19:36:46,09-06-2025,19:36:55,09-06-2025,19:40:53,COMPLETED,0,1
79KWH,8,1,FULL,09-06-2025,19:37:10,09-06-2025,19:37:28,09-06-2025,19:40:27,COMPLETED,0,1
79KWH,8,1,FULL,09-06-2025,19:40:31,09-06-2025,19:40:50,09-06-2025,19:43:44,COMPLETED,0,1
79KWH,8,2,FULL,09-06-2025,19:40:59,09-06-2025,19:41:07,09-06-2025,19:45:12,COMPLETED,0,1
79KWH,8,1,FULL,09-06-2025,19:43:49,09-06-2025,19:44:07,09-06-2025,19:47:08,COMPLETED,0,1
79KWH,8,2,FULL,09-06-2025,19:45:18,09-06-2025,19:45:27,09-06-2025,19:49:30,COMPLETED,0,1
79KWH,8,1,FULL,09-06-2025,19:47:14,09-06-2025,19:47:31,09-06-2025,19:50:27,COMPLETED,0,1
79KWH,8,2,FULL,09-06-2025,19:49:37,09-06-2025,19:51:31,09-06-2025,19:55:56,COMPLETED,0,1
79KWH,8,1,FULL,09-06-2025,19:50:32,09-06-2025,19:52:15,09-06-2025,19:55:24,COMPLETED,0,1
79KWH,8,1,FULL,09-06-2025,19:55:29,09-06-2025,19:57:15,09-06-2025,20:00:25,COMPLETED,0,1
79KWH,8,2,FULL,09-06-2025,19:56:03,09-06-2025,19:56:10,09-06-2025,20:00:15,COMPLETED,0,1
79KWH,8,2,FULL,09-06-2025,20:00:22,09-06-2025,20:02:09,09-06-2025,20:06:32,COMPLETED,0,1
79KWH,8,1,FULL,09-06-2025,20:00:30,09-06-2025,20:02:41,09-06-2025,20:12:28,COMPLETED,0,1
79KWH,8,2,FULL,09-06-2025,20:06:39,09-06-2025,20:06:46,09-06-2025,20:10:48,COMPLETED,0,1
79KWH,8,2,FULL,09-06-2025,20:10:53,09-06-2025,20:11:02,09-06-2025,20:15:19,COMPLETED,0,1
79KWH,8,1,FULL,09-06-2025,20:12:32,09-06-2025,20:12:51,09-06-2025,20:15:50,COMPLETED,0,1
79KWH,8,2,FULL,09-06-2025,20:15:25,09-06-2025,20:15:33,09-06-2025,20:19:39,COMPLETED,0,1
79KWH,8,1,FULL,09-06-2025,20:15:56,09-06-2025,20:16:13,09-06-2025,20:19:12,COMPLETED,0,1
79KWH,8,1,FULL,09-06-2025,20:19:16,09-06-2025,20:19:35,09-06-2025,20:22:36,COMPLETED,0,1
79KWH,8,2,FULL,09-06-2025,20:19:46,09-06-2025,20:19:54,09-06-2025,20:24:08,COMPLETED,0,1
79KWH,8,1,FULL,09-06-2025,20:22:41,09-06-2025,20:22:58,09-06-2025,20:26:03,COMPLETED,0,1
79KWH,8,2,FULL,09-06-2025,20:24:13,09-06-2025,20:24:22,09-06-2025,20:28:29,COMPLETED,0,1
79KWH,8,1,FULL,09-06-2025,20:26:09,09-06-2025,20:26:25,09-06-2025,20:29:25,COMPLETED,0,1
79KWH,8,2,FULL,09-06-2025,20:28:35,09-06-2025,20:28:43,09-06-2025,20:32:59,COMPLETED,0,1
79KWH,8,1,FULL,09-06-2025,20:29:30,09-06-2025,20:29:48,09-06-2025,20:32:59,COMPLETED,0,1
79KWH,8,1,FULL,09-06-2025,20:33:03,09-06-2025,20:33:21,09-06-2025,20:36:23,COMPLETED,0,1
79KWH,8,2,FULL,09-06-2025,20:33:05,09-06-2025,20:33:12,09-06-2025,20:37:21,COMPLETED,0,1
79KWH,8,1,FULL,09-06-2025,20:36:28,09-06-2025,20:36:46,09-06-2025,20:39:48,COMPLETED,0,1
79KWH,8,1,FULL,09-06-2025,20:39:53,09-06-2025,20:40:11,09-06-2025,20:49:00,COMPLETED,0,1
79KWH,8,1,FULL,09-06-2025,20:49:05,09-06-2025,20:49:23,09-06-2025,20:52:32,COMPLETED,0,1
79KWH,8,1,FULL,09-06-2025,22:34:23,09-06-2025,22:34:25,09-06-2025,22:37:39,COMPLETED,0,1
79KWH,8,2,FULL,09-06-2025,22:34:51,09-06-2025,22:35:01,09-06-2025,22:39:26,COMPLETED,0,1
79KWH,8,1,FULL,09-06-2025,22:37:43,09-06-2025,22:38:01,09-06-2025,22:41:07,COMPLETED,0,1
79KWH,8,2,FULL,09-06-2025,22:39:33,09-06-2025,22:39:40,09-06-2025,22:43:53,COMPLETED,0,1
79KWH,8,1,FULL,09-06-2025,22:41:12,09-06-2025,22:41:31,09-06-2025,22:44:38,COMPLETED,0,1
79KWH,8,2,FULL,09-06-2025,22:43:59,09-06-2025,22:44:07,09-06-2025,22:48:27,COMPLETED,0,1
79KWH,8,1,FULL,09-06-2025,22:44:42,09-06-2025,22:45:00,09-06-2025,22:48:17,COMPLETED,0,1
79KWH,8,1,FULL,09-06-2025,22:48:22,09-06-2025,22:48:39,09-06-2025,22:51:43,COMPLETED,0,1
79KWH,8,2,FULL,09-06-2025,22:48:34,09-06-2025,22:48:41,09-06-2025,22:52:58,COMPLETED,0,1
79KWH,8,1,FULL,09-06-2025,22:51:48,09-06-2025,22:52:06,09-06-2025,22:55:14,COMPLETED,0,1
79KWH,8,2,FULL,09-06-2025,22:53:04,09-06-2025,22:53:12,09-06-2025,22:57:34,COMPLETED,0,1
79KWH,8,1,FULL,09-06-2025,22:55:20,09-06-2025,22:55:37,09-06-2025,22:58:40,COMPLETED,0,1
79KWH,8,2,FULL,09-06-2025,22:57:40,09-06-2025,22:57:48,09-06-2025,23:02:05,COMPLETED,0,1
79KWH,8,1,FULL,09-06-2025,22:58:46,09-06-2025,22:59:03,09-06-2025,23:02:13,COMPLETED,0,1
79KWH,8,2,FULL,09-06-2025,23:02:12,09-06-2025,23:03:58,09-06-2025,23:08:30,COMPLETED,0,1
79KWH,8,1,FULL,09-06-2025,23:02:18,09-06-2025,23:04:00,09-06-2025,23:07:11,COMPLETED,0,1
79KWH,8,1,FULL,09-06-2025,23:07:15,09-06-2025,23:09:04,09-06-2025,23:12:21,COMPLETED,0,1
79KWH,8,2,FULL,09-06-2025,23:08:36,09-06-2025,23:08:44,09-06-2025,23:13:04,COMPLETED,0,1
79KWH,8,1,FULL,09-06-2025,23:12:26,09-06-2025,23:12:44,09-06-2025,23:15:51,COMPLETED,0,1
79KWH,8,2,FULL,09-06-2025,23:13:09,09-06-2025,23:15:04,09-06-2025,23:19:37,COMPLETED,0,1
79KWH,8,1,FULL,09-06-2025,23:15:56,09-06-2025,23:16:14,09-06-2025,23:19:34,COMPLETED,0,1
79KWH,8,1,FULL,09-06-2025,23:19:39,09-06-2025,23:19:57,09-06-2025,23:23:06,COMPLETED,0,1
79KWH,8,2,FULL,09-06-2025,23:19:43,09-06-2025,23:19:51,09-06-2025,23:24:13,COMPLETED,0,1
79KWH,8,1,FULL,09-06-2025,23:23:12,09-06-2025,23:23:29,09-06-2025,23:26:42,COMPLETED,0,1
79KWH,8,2,FULL,09-06-2025,23:24:18,09-06-2025,23:24:27,09-06-2025,23:28:55,COMPLETED,0,1
79KWH,8,1,FULL,09-06-2025,23:26:47,09-06-2025,23:27:05,09-06-2025,23:30:16,COMPLETED,0,1
79KWH,8,2,FULL,09-06-2025,23:29:01,09-06-2025,23:29:09,09-06-2025,23:33:32,COMPLETED,0,1
79KWH,8,1,FULL,09-06-2025,23:30:21,09-06-2025,23:30:39,09-06-2025,23:33:53,COMPLETED,0,1
79KWH,8,2,FULL,09-06-2025,23:33:38,09-06-2025,23:33:46,09-06-2025,23:38:15,COMPLETED,0,1
79KWH,8,1,FULL,09-06-2025,23:33:58,09-06-2025,23:34:17,09-06-2025,23:37:28,COMPLETED,0,1
79KWH,8,1,FULL,09-06-2025,23:37:33,09-06-2025,23:37:52,09-06-2025,23:41:08,COMPLETED,0,1
79KWH,8,1,FULL,09-06-2025,23:41:14,09-06-2025,23:41:32,09-06-2025,23:44:47,COMPLETED,0,1
79KWH,8,1,FULL,09-06-2025,23:44:52,09-06-2025,23:45:10,09-06-2025,23:48:29,COMPLETED,0,1
79KWH,8,2,FULL,09-06-2025,23:48:15,09-06-2025,23:48:22,09-06-2025,23:52:44,COMPLETED,0,1
79KWH,8,1,FULL,09-06-2025,23:52:38,09-06-2025,23:52:44,09-06-2025,23:55:59,COMPLETED,0,1
79KWH,8,1,FULL,09-06-2025,23:56:05,09-06-2025,23:56:22,09-06-2025,23:58:39,COMPLETED,0,1
79KWH,8,2,FULL,10-06-2025,06:47:52,10-06-2025,06:49:46,10-06-2025,06:54:18,COMPLETED,0,1
79KWH,8,1,FULL,10-06-2025,06:52:09,10-06-2025,06:53:37,10-06-2025,06:55:52,COMPLETED,0,1
79KWH,8,2,FULL,10-06-2025,06:54:25,10-06-2025,06:56:09,10-06-2025,07:00:40,COMPLETED,0,1
79KWH,8,1,FULL,10-06-2025,06:55:57,10-06-2025,06:56:15,10-06-2025,06:57:37,COMPLETED,0,1
79KWH,8,1,FULL,10-06-2025,06:57:42,10-06-2025,06:58:00,10-06-2025,06:59:17,COMPLETED,0,1
79KWH,8,1,FULL,10-06-2025,06:59:22,10-06-2025,06:59:40,10-06-2025,07:00:58,COMPLETED,0,1
79KWH,8,2,FULL,10-06-2025,07:00:45,10-06-2025,07:00:53,10-06-2025,07:05:25,COMPLETED,0,1
79KWH,8,1,FULL,10-06-2025,07:01:03,10-06-2025,07:03:25,10-06-2025,07:05:44,COMPLETED,0,1
79KWH,8,2,FULL,10-06-2025,07:05:32,10-06-2025,07:05:39,10-06-2025,07:10:07,COMPLETED,0,1
79KWH,8,1,FULL,10-06-2025,07:05:49,10-06-2025,07:08:16,10-06-2025,07:10:35,COMPLETED,0,1
79KWH,8,1,FULL,10-06-2025,07:10:40,10-06-2025,07:10:59,10-06-2025,07:12:16,COMPLETED,0,1
79KWH,8,1,FULL,10-06-2025,07:12:21,10-06-2025,07:12:38,10-06-2025,07:13:54,COMPLETED,0,1
79KWH,8,1,FULL,10-06-2025,07:36:58,10-06-2025,07:36:59,10-06-2025,07:38:16,COMPLETED,0,1
79KWH,8,2,FULL,10-06-2025,07:37:26,10-06-2025,07:37:37,10-06-2025,07:42:15,COMPLETED,0,1
79KWH,8,1,FULL,10-06-2025,07:38:58,10-06-2025,07:39:02,10-06-2025,07:40:21,COMPLETED,0,1
79KWH,8,2,FULL,10-06-2025,07:42:22,10-06-2025,07:42:29,10-06-2025,07:47:00,COMPLETED,0,1
79KWH,8,1,FULL,10-06-2025,10:06:44,10-06-2025,10:06:57,10-06-2025,10:09:13,COMPLETED,0,1
79KWH,8,2,FULL,10-06-2025,10:06:52,10-06-2025,10:06:56,10-06-2025,10:11:40,COMPLETED,0,1
79KWH,8,1,FULL,10-06-2025,10:09:18,10-06-2025,10:11:47,10-06-2025,10:14:03,COMPLETED,0,1
79KWH,8,1,FULL,10-06-2025,10:14:08,10-06-2025,10:14:26,10-06-2025,10:15:43,COMPLETED,0,1
79KWH,8,1,FULL,10-06-2025,10:15:47,10-06-2025,10:16:06,10-06-2025,10:17:23,COMPLETED,0,1
79KWH,8,1,FULL,10-06-2025,10:17:28,10-06-2025,10:17:46,10-06-2025,10:19:04,COMPLETED,0,1
79KWH,8,1,FULL,10-06-2025,10:19:09,10-06-2025,10:19:27,10-06-2025,10:20:44,COMPLETED,0,1
79KWH,8,1,FULL,10-06-2025,10:20:48,10-06-2025,10:23:12,10-06-2025,10:25:29,COMPLETED,0,1
79KWH,8,1,FULL,10-06-2025,10:25:35,10-06-2025,10:27:55,10-06-2025,10:30:14,COMPLETED,0,1
79KWH,8,1,FULL,11-06-2025,07:39:35,11-06-2025,07:39:52,11-06-2025,07:42:06,COMPLETED,0,1
79KWH,8,3,FULL,11-06-2025,07:40:48,11-06-2025,07:40:55,11-06-2025,07:43:22,COMPLETED,0,1
79KWH,8,2,FULL,11-06-2025,07:41:15,11-06-2025,07:41:17,11-06-2025,07:44:24,COMPLETED,0,1
79KWH,8,1,FULL,11-06-2025,07:42:33,11-06-2025,07:42:52,11-06-2025,07:44:09,COMPLETED,0,1
79KWH,8,3,FULL,11-06-2025,07:43:52,11-06-2025,07:44:08,11-06-2025,07:45:29,COMPLETED,0,1
79KWH,8,2,FULL,11-06-2025,07:44:30,11-06-2025,07:44:38,11-06-2025,07:47:11,COMPLETED,0,1
79KWH,8,1,FULL,11-06-2025,07:45:34,11-06-2025,07:45:41,11-06-2025,07:46:54,COMPLETED,0,1
79KWH,8,3,FULL,11-06-2025,07:46:50,11-06-2025,07:47:01,11-06-2025,07:48:25,COMPLETED,0,1
79KWH,8,2,FULL,11-06-2025,07:47:18,11-06-2025,07:47:25,11-06-2025,07:48:57,COMPLETED,0,1
79KWH,8,1,FULL,11-06-2025,07:48:39,11-06-2025,07:48:50,11-06-2025,07:50:08,COMPLETED,0,1
79KWH,8,3,FULL,11-06-2025,07:49:58,11-06-2025,07:51:45,11-06-2025,07:54:08,COMPLETED,0,1
79KWH,8,2,FULL,11-06-2025,07:50:09,11-06-2025,07:51:18,11-06-2025,07:53:51,COMPLETED,0,1
79KWH,8,1,FULL,11-06-2025,07:51:42,11-06-2025,07:52:03,11-06-2025,07:53:21,COMPLETED,0,1
79KWH,8,2,FULL,11-06-2025,07:53:57,11-06-2025,07:59:14,11-06-2025,08:01:44,COMPLETED,0,1
79KWH,8,3,FULL,11-06-2025,07:54:15,11-06-2025,07:56:50,11-06-2025,07:59:18,COMPLETED,0,1
79KWH,8,1,FULL,11-06-2025,07:54:41,11-06-2025,07:54:53,11-06-2025,07:56:12,COMPLETED,0,1
79KWH,8,1,FULL,11-06-2025,07:58:54,11-06-2025,07:59:17,11-06-2025,08:00:34,COMPLETED,0,1
79KWH,8,3,FULL,11-06-2025,07:59:24,11-06-2025,08:02:03,11-06-2025,08:04:25,COMPLETED,0,1
79KWH,8,1,FULL,11-06-2025,08:00:54,11-06-2025,08:00:56,11-06-2025,08:02:19,COMPLETED,0,1
79KWH,8,2,FULL,11-06-2025,08:01:50,11-06-2025,08:01:57,11-06-2025,08:03:34,COMPLETED,0,1
79KWH,8,2,FULL,11-06-2025,08:03:41,11-06-2025,08:03:48,11-06-2025,08:05:22,COMPLETED,0,1
79KWH,8,1,FULL,11-06-2025,08:03:51,11-06-2025,08:04:14,11-06-2025,08:05:35,COMPLETED,0,1
79KWH,8,3,FULL,11-06-2025,08:04:31,11-06-2025,08:04:49,11-06-2025,08:06:13,COMPLETED,0,1
79KWH,8,3,FULL,11-06-2025,08:06:20,11-06-2025,08:06:36,11-06-2025,08:07:55,COMPLETED,0,1
79KWH,8,2,FULL,11-06-2025,08:07:50,11-06-2025,08:08:06,11-06-2025,08:10:42,COMPLETED,0,1
79KWH,8,3,FULL,11-06-2025,08:08:01,11-06-2025,08:10:40,11-06-2025,08:13:08,COMPLETED,0,1
79KWH,8,1,FULL,11-06-2025,08:09:24,11-06-2025,08:09:25,11-06-2025,08:10:45,COMPLETED,0,1
79KWH,8,2,FULL,11-06-2025,08:10:51,11-06-2025,08:13:02,11-06-2025,08:15:33,COMPLETED,0,1
79KWH,8,1,FULL,11-06-2025,08:12:21,11-06-2025,08:12:41,11-06-2025,08:13:58,COMPLETED,0,1
79KWH,8,3,FULL,11-06-2025,08:13:15,11-06-2025,08:15:56,11-06-2025,08:18:20,COMPLETED,0,1
79KWH,8,1,FULL,11-06-2025,08:15:24,11-06-2025,08:15:30,11-06-2025,08:16:52,COMPLETED,0,1
79KWH,8,2,FULL,11-06-2025,08:15:39,11-06-2025,08:15:47,11-06-2025,08:17:26,COMPLETED,0,1
79KWH,8,2,FULL,11-06-2025,08:18:02,11-06-2025,08:18:09,11-06-2025,08:19:46,COMPLETED,0,1
79KWH,8,3,FULL,11-06-2025,08:18:26,11-06-2025,08:21:01,11-06-2025,08:23:28,COMPLETED,0,1
79KWH,8,1,FULL,11-06-2025,08:19:29,11-06-2025,08:19:34,11-06-2025,08:20:57,COMPLETED,0,1
79KWH,8,2,FULL,11-06-2025,08:21:00,11-06-2025,08:21:10,11-06-2025,08:22:52,COMPLETED,0,1
79KWH,8,1,FULL,11-06-2025,08:22:34,11-06-2025,08:22:52,11-06-2025,08:24:16,COMPLETED,0,1
79KWH,8,3,FULL,11-06-2025,08:23:35,11-06-2025,08:23:52,11-06-2025,08:25:13,COMPLETED,0,1
79KWH,8,2,FULL,11-06-2025,08:24:14,11-06-2025,08:24:17,11-06-2025,08:25:56,COMPLETED,0,1
79KWH,8,3,FULL,11-06-2025,08:25:20,11-06-2025,08:25:35,11-06-2025,08:26:59,COMPLETED,0,1
79KWH,8,1,FULL,11-06-2025,08:25:31,11-06-2025,08:25:48,11-06-2025,08:27:08,COMPLETED,0,1
79KWH,8,2,FULL,11-06-2025,08:27:02,11-06-2025,08:27:06,11-06-2025,08:28:49,COMPLETED,0,1
79KWH,8,3,FULL,11-06-2025,08:27:06,11-06-2025,08:27:21,11-06-2025,08:28:41,COMPLETED,0,1
79KWH,8,3,FULL,11-06-2025,08:28:48,11-06-2025,08:29:04,11-06-2025,08:30:28,COMPLETED,0,1
79KWH,8,1,FULL,11-06-2025,08:29:43,11-06-2025,08:29:49,11-06-2025,08:31:14,COMPLETED,0,1
79KWH,8,3,FULL,11-06-2025,08:30:57,11-06-2025,08:33:11,11-06-2025,08:35:34,COMPLETED,0,1
79KWH,8,2,FULL,11-06-2025,08:52:25,11-06-2025,08:52:27,11-06-2025,08:55:01,COMPLETED,0,1
79KWH,8,1,FULL,11-06-2025,08:53:52,11-06-2025,08:53:57,11-06-2025,08:55:17,COMPLETED,0,1
79KWH,8,3,FULL,11-06-2025,08:55:09,11-06-2025,08:55:28,11-06-2025,08:57:55,COMPLETED,0,1
79KWH,8,2,FULL,11-06-2025,08:55:23,11-06-2025,08:55:29,11-06-2025,08:57:13,COMPLETED,0,1
79KWH,8,1,FULL,11-06-2025,08:56:55,11-06-2025,08:57:13,11-06-2025,08:58:40,COMPLETED,0,1
79KWH,8,3,FULL,11-06-2025,08:58:09,11-06-2025,08:58:18,11-06-2025,08:59:37,COMPLETED,0,1
79KWH,8,2,FULL,11-06-2025,09:07:13,11-06-2025,09:07:16,11-06-2025,09:09:50,COMPLETED,0,1
79KWH,8,1,FULL,11-06-2025,09:08:41,11-06-2025,09:09:03,11-06-2025,09:10:26,COMPLETED,0,1
79KWH,8,3,FULL,11-06-2025,09:10:01,11-06-2025,09:10:08,11-06-2025,09:12:36,COMPLETED,0,1
79KWH,8,2,FULL,11-06-2025,09:10:11,11-06-2025,09:10:18,11-06-2025,09:12:03,COMPLETED,0,1
79KWH,8,1,FULL,11-06-2025,09:11:45,11-06-2025,09:11:59,11-06-2025,09:13:27,COMPLETED,0,1
79KWH,8,3,FULL,11-06-2025,09:12:58,11-06-2025,09:12:59,11-06-2025,09:14:20,COMPLETED,0,1
79KWH,8,2,FULL,11-06-2025,09:13:17,11-06-2025,09:13:28,11-06-2025,09:15:11,COMPLETED,0,1
79KWH,8,1,FULL,11-06-2025,09:14:44,11-06-2025,09:15:00,11-06-2025,09:16:23,COMPLETED,0,1
79KWH,8,3,FULL,11-06-2025,09:16:02,11-06-2025,09:16:16,11-06-2025,09:17:41,COMPLETED,0,1
79KWH,8,2,FULL,11-06-2025,09:16:11,11-06-2025,09:16:21,11-06-2025,09:18:08,COMPLETED,0,1
79KWH,8,1,FULL,11-06-2025,09:17:46,11-06-2025,09:17:55,11-06-2025,09:19:24,COMPLETED,0,1
79KWH,8,3,FULL,11-06-2025,09:19:00,11-06-2025,09:19:14,11-06-2025,09:20:40,COMPLETED,0,1
79KWH,8,2,FULL,11-06-2025,09:19:15,11-06-2025,09:19:18,11-06-2025,09:21:03,COMPLETED,0,1
79KWH,8,1,FULL,11-06-2025,09:20:44,11-06-2025,09:20:57,11-06-2025,09:22:22,COMPLETED,0,1
79KWH,8,3,FULL,11-06-2025,09:35:31,11-06-2025,09:36:30,11-06-2025,09:38:59,COMPLETED,0,1
79KWH,8,2,FULL,11-06-2025,09:35:43,11-06-2025,09:35:56,11-06-2025,09:38:36,COMPLETED,0,1
79KWH,8,1,FULL,11-06-2025,09:37:14,11-06-2025,09:37:23,11-06-2025,09:38:54,COMPLETED,0,1
79KWH,8,2,FULL,11-06-2025,09:38:46,11-06-2025,09:38:50,11-06-2025,09:40:35,COMPLETED,0,1
79KWH,8,3,FULL,11-06-2025,09:39:06,11-06-2025,09:41:43,11-06-2025,09:44:13,COMPLETED,0,1
79KWH,8,1,FULL,11-06-2025,09:40:13,11-06-2025,09:40:27,11-06-2025,09:41:57,COMPLETED,0,1
79KWH,8,2,FULL,11-06-2025,09:41:43,11-06-2025,09:41:47,11-06-2025,09:43:37,COMPLETED,0,1
79KWH,8,1,FULL,11-06-2025,09:43:16,11-06-2025,09:43:30,11-06-2025,09:45:00,COMPLETED,0,1
79KWH,8,3,FULL,11-06-2025,09:44:19,11-06-2025,09:44:36,11-06-2025,09:46:04,COMPLETED,0,1
79KWH,8,3,FULL,11-06-2025,09:46:10,11-06-2025,09:46:27,11-06-2025,09:47:52,COMPLETED,0,1
79KWH,8,2,FULL,11-06-2025,09:51:15,11-06-2025,09:51:22,11-06-2025,09:53:08,COMPLETED,0,1
79KWH,8,1,FULL,11-06-2025,09:52:41,11-06-2025,09:52:42,11-06-2025,09:54:10,COMPLETED,0,1
79KWH,8,3,FULL,11-06-2025,09:54:01,11-06-2025,09:55:07,11-06-2025,09:57:37,COMPLETED,0,1
79KWH,8,2,FULL,11-06-2025,09:54:11,11-06-2025,09:55:31,11-06-2025,09:58:11,COMPLETED,0,1
79KWH,8,1,FULL,11-06-2025,09:57:45,11-06-2025,09:58:01,11-06-2025,09:59:32,COMPLETED,0,1
79KWH,8,3,FULL,11-06-2025,09:58:57,11-06-2025,10:00:27,11-06-2025,10:02:52,COMPLETED,0,1
79KWH,8,2,FULL,11-06-2025,09:59:21,11-06-2025,10:00:25,11-06-2025,10:03:02,COMPLETED,0,1
79KWH,8,1,FULL,11-06-2025,10:00:43,11-06-2025,10:01:05,11-06-2025,10:02:33,COMPLETED,0,1
79KWH,8,3,FULL,11-06-2025,10:03:00,11-06-2025,10:05:33,11-06-2025,10:08:05,COMPLETED,0,1
79KWH,8,2,FULL,11-06-2025,10:03:07,11-06-2025,10:03:16,11-06-2025,10:05:09,COMPLETED,0,1
79KWH,8,1,FULL,11-06-2025,10:03:46,11-06-2025,10:04:05,11-06-2025,10:05:38,COMPLETED,0,1
79KWH,8,2,FULL,11-06-2025,10:05:16,11-06-2025,10:05:24,11-06-2025,10:07:12,COMPLETED,0,1
79KWH,8,1,FULL,11-06-2025,10:06:44,11-06-2025,10:06:47,11-06-2025,10:08:18,COMPLETED,0,1
79KWH,8,3,FULL,11-06-2025,10:08:11,11-06-2025,10:08:28,11-06-2025,10:09:55,COMPLETED,0,1
79KWH,8,2,FULL,11-06-2025,10:08:14,11-06-2025,10:08:23,11-06-2025,10:10:16,COMPLETED,0,1
79KWH,8,1,FULL,11-06-2025,10:09:48,11-06-2025,10:09:51,11-06-2025,10:11:27,COMPLETED,0,1
79KWH,8,3,FULL,11-06-2025,10:10:02,11-06-2025,10:10:18,11-06-2025,10:11:50,COMPLETED,0,1
79KWH,8,2,FULL,11-06-2025,10:11:17,11-06-2025,10:11:27,11-06-2025,10:13:18,COMPLETED,0,1
79KWH,8,3,FULL,11-06-2025,10:11:57,11-06-2025,10:12:13,11-06-2025,10:13:41,COMPLETED,0,1
79KWH,8,1,FULL,11-06-2025,10:12:44,11-06-2025,10:13:00,11-06-2025,10:14:33,COMPLETED,0,1
79KWH,8,3,FULL,11-06-2025,10:14:03,11-06-2025,10:14:05,11-06-2025,10:15:44,COMPLETED,0,1
79KWH,8,2,FULL,11-06-2025,10:14:13,11-06-2025,10:14:16,11-06-2025,10:16:12,COMPLETED,0,1
79KWH,8,1,FULL,11-06-2025,10:15:47,11-06-2025,10:16:06,11-06-2025,10:17:44,COMPLETED,0,1
79KWH,8,3,FULL,11-06-2025,10:17:00,11-06-2025,10:17:16,11-06-2025,10:18:44,COMPLETED,0,1
79KWH,8,2,FULL,11-06-2025,10:17:18,11-06-2025,10:17:22,11-06-2025,10:19:14,COMPLETED,0,1
79KWH,8,1,FULL,11-06-2025,10:18:46,11-06-2025,10:18:53,11-06-2025,10:20:31,COMPLETED,0,1
79KWH,8,3,FULL,11-06-2025,10:21:49,11-06-2025,10:23:19,11-06-2025,10:25:52,COMPLETED,0,1
79KWH,8,2,FULL,11-06-2025,10:21:59,11-06-2025,10:24:38,11-06-2025,10:27:22,COMPLETED,0,1
79KWH,8,1,FULL,11-06-2025,10:23:33,11-06-2025,10:23:35,11-06-2025,10:25:15,COMPLETED,0,1
79KWH,8,3,FULL,11-06-2025,10:26:00,11-06-2025,10:28:36,11-06-2025,10:31:04,COMPLETED,0,1
79KWH,8,1,FULL,11-06-2025,10:26:32,11-06-2025,10:26:47,11-06-2025,10:28:27,COMPLETED,0,1
79KWH,8,2,FULL,11-06-2025,10:27:28,11-06-2025,10:27:36,11-06-2025,10:29:27,COMPLETED,0,1
79KWH,8,2,FULL,11-06-2025,10:29:34,11-06-2025,10:29:41,11-06-2025,10:31:38,COMPLETED,0,1
79KWH,8,1,FULL,11-06-2025,10:29:34,11-06-2025,10:29:37,11-06-2025,10:31:18,COMPLETED,0,1
79KWH,8,3,FULL,11-06-2025,10:31:10,11-06-2025,10:31:27,11-06-2025,10:33:02,COMPLETED,0,1
79KWH,8,2,FULL,11-06-2025,10:31:43,11-06-2025,10:31:53,11-06-2025,10:33:50,COMPLETED,0,1
79KWH,8,1,FULL,11-06-2025,10:32:33,11-06-2025,10:32:50,11-06-2025,10:34:31,COMPLETED,0,1
79KWH,8,3,FULL,11-06-2025,10:33:08,11-06-2025,10:33:25,11-06-2025,10:34:57,COMPLETED,0,1
79KWH,8,2,FULL,11-06-2025,10:34:03,11-06-2025,10:34:05,11-06-2025,10:36:04,COMPLETED,0,1
79KWH,8,3,FULL,11-06-2025,10:35:03,11-06-2025,10:35:20,11-06-2025,10:36:56,COMPLETED,0,1
79KWH,8,1,FULL,11-06-2025,10:35:37,11-06-2025,10:35:40,11-06-2025,10:37:22,COMPLETED,0,1
79KWH,8,3,FULL,11-06-2025,10:37:03,11-06-2025,10:37:18,11-06-2025,10:38:52,COMPLETED,0,1
79KWH,8,2,FULL,11-06-2025,10:37:05,11-06-2025,10:37:14,11-06-2025,10:39:10,COMPLETED,0,1
79KWH,8,1,FULL,11-06-2025,10:38:34,11-06-2025,10:38:55,11-06-2025,10:40:32,COMPLETED,0,1
79KWH,8,3,FULL,11-06-2025,10:39:53,11-06-2025,10:40:01,11-06-2025,10:41:39,COMPLETED,0,1
79KWH,8,2,FULL,11-06-2025,10:40:05,11-06-2025,10:40:07,11-06-2025,10:42:06,COMPLETED,0,1
79KWH,8,1,FULL,11-06-2025,10:41:38,11-06-2025,10:41:41,11-06-2025,10:43:24,COMPLETED,0,1
79KWH,8,3,FULL,11-06-2025,10:42:49,11-06-2025,10:43:10,11-06-2025,10:44:45,COMPLETED,0,1
79KWH,8,2,FULL,11-06-2025,10:43:08,11-06-2025,10:43:16,11-06-2025,10:45:12,COMPLETED,0,1
79KWH,8,1,FULL,11-06-2025,11:05:30,11-06-2025,11:05:46,11-06-2025,11:07:26,COMPLETED,0,1
79KWH,8,2,FULL,11-06-2025,12:00:49,11-06-2025,12:00:52,11-06-2025,12:03:38,COMPLETED,0,1
79KWH,8,3,FULL,11-06-2025,12:00:50,11-06-2025,12:01:11,11-06-2025,12:03:48,COMPLETED,0,1
79KWH,8,1,FULL,11-06-2025,12:01:59,11-06-2025,12:02:08,11-06-2025,12:03:51,COMPLETED,0,1
79KWH,8,2,FULL,11-06-2025,12:03:44,11-06-2025,12:03:52,11-06-2025,12:05:49,COMPLETED,0,1
79KWH,8,3,FULL,11-06-2025,12:03:55,11-06-2025,12:04:10,11-06-2025,12:05:46,COMPLETED,0,1
79KWH,8,1,FULL,11-06-2025,12:04:20,11-06-2025,12:04:38,11-06-2025,12:06:19,COMPLETED,0,1
79KWH,8,3,FULL,11-06-2025,12:05:54,11-06-2025,12:06:10,11-06-2025,12:07:50,COMPLETED,0,1
79KWH,8,2,FULL,11-06-2025,12:05:56,11-06-2025,12:06:03,11-06-2025,12:08:05,COMPLETED,0,1
79KWH,8,1,FULL,11-06-2025,12:07:24,11-06-2025,12:07:28,11-06-2025,12:09:13,COMPLETED,0,1
79KWH,8,3,FULL,11-06-2025,12:08:37,11-06-2025,12:08:59,11-06-2025,12:10:36,COMPLETED,0,1
79KWH,8,2,FULL,11-06-2025,12:08:55,11-06-2025,12:10:56,11-06-2025,12:13:39,COMPLETED,0,1
79KWH,8,1,FULL,11-06-2025,12:10:22,11-06-2025,12:10:45,11-06-2025,12:18:51,COMPLETED,0,1
79KWH,8,3,FULL,11-06-2025,12:11:42,11-06-2025,12:13:31,11-06-2025,12:16:06,COMPLETED,0,1
79KWH,8,2,FULL,11-06-2025,12:13:45,11-06-2025,12:15:52,11-06-2025,12:18:39,COMPLETED,0,1
79KWH,8,1,FULL,11-06-2025,12:20:06,11-06-2025,12:20:23,11-06-2025,12:22:11,COMPLETED,0,1
79KWH,8,3,FULL,11-06-2025,12:21:19,11-06-2025,12:22:52,11-06-2025,12:25:25,COMPLETED,0,1
79KWH,8,2,FULL,11-06-2025,12:21:34,11-06-2025,12:21:43,11-06-2025,12:23:41,COMPLETED,0,1
79KWH,8,1,FULL,11-06-2025,12:23:02,11-06-2025,12:23:20,11-06-2025,12:25:04,COMPLETED,0,1
79KWH,8,2,FULL,11-06-2025,12:24:31,11-06-2025,12:24:37,11-06-2025,12:26:43,COMPLETED,0,1
79KWH,8,3,FULL,11-06-2025,12:25:33,11-06-2025,12:25:48,11-06-2025,12:27:31,COMPLETED,0,1
79KWH,8,1,FULL,11-06-2025,12:26:06,11-06-2025,12:26:13,11-06-2025,12:28:00,COMPLETED,0,1
79KWH,8,2,FULL,11-06-2025,12:27:37,11-06-2025,12:27:41,11-06-2025,12:29:43,COMPLETED,0,1
79KWH,8,3,FULL,11-06-2025,12:27:38,11-06-2025,12:27:53,11-06-2025,12:29:34,COMPLETED,0,1
79KWH,8,1,FULL,11-06-2025,12:29:06,11-06-2025,12:29:09,11-06-2025,12:30:54,COMPLETED,0,1
79KWH,8,3,FULL,11-06-2025,12:30:22,11-06-2025,12:30:44,11-06-2025,12:32:29,COMPLETED,0,1
79KWH,8,2,FULL,11-06-2025,12:30:33,11-06-2025,12:30:39,11-06-2025,12:32:47,COMPLETED,0,1
79KWH,8,1,FULL,11-06-2025,12:32:08,11-06-2025,12:32:26,11-06-2025,12:34:16,COMPLETED,0,1
79KWH,8,3,FULL,11-06-2025,12:33:21,11-06-2025,12:33:38,11-06-2025,12:35:19,COMPLETED,0,1
79KWH,8,2,FULL,11-06-2025,12:33:43,11-06-2025,12:33:57,11-06-2025,12:36:00,COMPLETED,0,1
79KWH,8,1,FULL,11-06-2025,12:35:03,11-06-2025,12:35:25,11-06-2025,12:37:11,COMPLETED,0,1
79KWH,8,3,FULL,11-06-2025,12:36:24,11-06-2025,12:38:17,11-06-2025,12:40:56,COMPLETED,0,1
79KWH,8,2,FULL,11-06-2025,12:36:35,11-06-2025,12:38:11,11-06-2025,12:41:01,COMPLETED,0,1
79KWH,8,1,FULL,11-06-2025,12:38:09,11-06-2025,12:38:21,11-06-2025,12:40:12,COMPLETED,0,1
79KWH,8,3,FULL,11-06-2025,12:41:03,11-06-2025,12:43:55,11-06-2025,12:46:30,COMPLETED,0,1
79KWH,8,1,FULL,11-06-2025,12:41:06,11-06-2025,12:41:21,11-06-2025,12:43:08,COMPLETED,0,1
79KWH,8,2,FULL,11-06-2025,12:41:07,11-06-2025,12:43:16,11-06-2025,12:46:02,COMPLETED,0,1
79KWH,8,1,FULL,11-06-2025,12:44:11,11-06-2025,12:44:19,11-06-2025,12:46:11,COMPLETED,0,1
79KWH,8,2,FULL,11-06-2025,12:46:09,11-06-2025,12:46:16,11-06-2025,12:48:23,COMPLETED,0,1
79KWH,8,1,FULL,11-06-2025,12:46:16,11-06-2025,12:46:34,11-06-2025,12:48:22,COMPLETED,0,1
79KWH,8,3,FULL,11-06-2025,12:46:37,11-06-2025,12:49:23,11-06-2025,12:52:03,COMPLETED,0,1
79KWH,8,2,FULL,11-06-2025,12:48:30,11-06-2025,12:48:38,11-06-2025,12:50:42,COMPLETED,0,1
79KWH,8,1,FULL,11-06-2025,12:49:06,11-06-2025,12:49:08,11-06-2025,12:51:02,COMPLETED,0,1
79KWH,8,2,FULL,11-06-2025,12:50:49,11-06-2025,12:50:57,11-06-2025,12:53:08,COMPLETED,0,1
79KWH,8,3,FULL,11-06-2025,12:52:11,11-06-2025,12:52:26,11-06-2025,12:54:10,COMPLETED,0,1
79KWH,8,1,FULL,11-06-2025,12:52:11,11-06-2025,12:52:12,11-06-2025,12:54:01,COMPLETED,0,1
79KWH,8,2,FULL,11-06-2025,12:53:41,11-06-2025,12:53:51,11-06-2025,12:55:58,COMPLETED,0,1
79KWH,8,3,FULL,11-06-2025,12:54:17,11-06-2025,12:54:33,11-06-2025,12:56:21,COMPLETED,0,1
79KWH,8,1,FULL,11-06-2025,12:55:08,11-06-2025,12:55:09,11-06-2025,12:57:04,COMPLETED,0,1
79KWH,8,3,FULL,11-06-2025,12:56:30,11-06-2025,12:56:44,11-06-2025,12:58:30,COMPLETED,0,1
79KWH,8,2,FULL,11-06-2025,12:58:06,11-06-2025,12:58:19,11-06-2025,13:00:30,COMPLETED,0,1
79KWH,8,3,FULL,11-06-2025,12:58:36,11-06-2025,12:58:53,11-06-2025,13:00:43,COMPLETED,0,1
79KWH,8,1,FULL,11-06-2025,12:59:41,11-06-2025,12:59:45,11-06-2025,13:01:37,COMPLETED,0,1
79KWH,8,3,FULL,11-06-2025,13:00:49,11-06-2025,13:03:39,11-06-2025,13:06:15,COMPLETED,0,1
79KWH,8,2,FULL,11-06-2025,13:01:09,11-06-2025,13:02:45,11-06-2025,13:05:32,COMPLETED,0,1
79KWH,8,1,FULL,11-06-2025,13:02:37,11-06-2025,13:02:47,11-06-2025,13:04:44,COMPLETED,0,1
79KWH,8,2,FULL,11-06-2025,13:05:38,11-06-2025,13:07:51,11-06-2025,13:10:43,COMPLETED,0,1
79KWH,8,1,FULL,11-06-2025,13:05:42,11-06-2025,13:05:53,11-06-2025,13:07:45,COMPLETED,0,1
79KWH,8,3,FULL,11-06-2025,13:06:21,11-06-2025,13:09:06,11-06-2025,13:11:55,COMPLETED,0,1
79KWH,8,1,FULL,11-06-2025,13:08:39,11-06-2025,13:08:54,11-06-2025,13:10:52,COMPLETED,0,1
79KWH,8,2,FULL,11-06-2025,13:10:50,11-06-2025,13:10:57,11-06-2025,13:13:06,COMPLETED,0,1
79KWH,8,1,FULL,11-06-2025,13:10:57,11-06-2025,13:11:15,11-06-2025,13:13:09,COMPLETED,0,1
79KWH,8,3,FULL,11-06-2025,13:12:01,11-06-2025,13:14:50,11-06-2025,13:17:28,COMPLETED,0,1
79KWH,8,2,FULL,11-06-2025,13:13:11,11-06-2025,13:13:20,11-06-2025,13:15:34,COMPLETED,0,1
79KWH,8,1,FULL,11-06-2025,13:13:44,11-06-2025,13:13:55,11-06-2025,13:15:54,COMPLETED,0,1
79KWH,8,2,FULL,11-06-2025,13:15:41,11-06-2025,13:15:48,11-06-2025,13:18:00,COMPLETED,0,1
79KWH,8,1,FULL,11-06-2025,13:16:40,11-06-2025,13:17:02,11-06-2025,13:19:04,COMPLETED,0,1
79KWH,8,3,FULL,11-06-2025,13:17:35,11-06-2025,13:17:51,11-06-2025,13:19:43,COMPLETED,0,1
79KWH,8,2,FULL,11-06-2025,13:18:12,11-06-2025,13:18:14,11-06-2025,13:20:28,COMPLETED,0,1
79KWH,8,1,FULL,11-06-2025,13:19:43,11-06-2025,13:19:50,11-06-2025,13:21:50,COMPLETED,0,1
79KWH,8,3,FULL,11-06-2025,13:19:50,11-06-2025,13:20:06,11-06-2025,13:21:56,COMPLETED,0,1
79KWH,8,2,FULL,11-06-2025,13:21:13,11-06-2025,13:21:25,11-06-2025,13:23:37,COMPLETED,0,1
79KWH,8,3,FULL,11-06-2025,13:22:03,11-06-2025,13:22:19,11-06-2025,13:24:13,COMPLETED,0,1
79KWH,8,1,FULL,11-06-2025,13:22:43,11-06-2025,13:22:59,11-06-2025,13:24:54,COMPLETED,0,1
79KWH,8,3,FULL,11-06-2025,13:24:19,11-06-2025,13:24:37,11-06-2025,13:26:28,COMPLETED,0,1
79KWH,8,3,FULL,11-06-2025,13:26:34,11-06-2025,13:26:51,11-06-2025,13:28:54,COMPLETED,0,1
79KWH,8,3,FULL,11-06-2025,13:29:00,11-06-2025,13:29:17,11-06-2025,13:31:09,COMPLETED,0,1
79KWH,8,3,FULL,11-06-2025,13:31:16,11-06-2025,13:31:31,11-06-2025,13:33:28,COMPLETED,0,1
79KWH,8,2,FULL,11-06-2025,13:31:28,11-06-2025,13:33:21,11-06-2025,13:36:14,COMPLETED,0,1
79KWH,8,1,FULL,11-06-2025,13:33:01,11-06-2025,13:33:22,11-06-2025,13:35:24,COMPLETED,0,1
79KWH,8,3,FULL,11-06-2025,13:34:15,11-06-2025,13:36:27,11-06-2025,13:39:07,COMPLETED,0,1
79KWH,8,1,FULL,11-06-2025,13:35:58,11-06-2025,13:36:09,11-06-2025,13:38:07,COMPLETED,0,1
79KWH,8,2,FULL,11-06-2025,13:36:21,11-06-2025,13:38:30,11-06-2025,13:41:21,COMPLETED,0,1
79KWH,8,1,FULL,11-06-2025,13:39:01,11-06-2025,13:39:16,11-06-2025,13:41:18,COMPLETED,0,1
79KWH,8,3,FULL,11-06-2025,13:39:14,11-06-2025,13:42:06,11-06-2025,13:44:50,COMPLETED,0,1
79KWH,8,1,FULL,11-06-2025,13:41:23,11-06-2025,13:41:42,11-06-2025,13:43:40,COMPLETED,0,1
79KWH,8,2,FULL,11-06-2025,13:41:27,11-06-2025,13:41:35,11-06-2025,13:43:53,COMPLETED,0,1
79KWH,8,2,FULL,11-06-2025,13:43:59,11-06-2025,13:44:06,11-06-2025,13:46:24,COMPLETED,0,1
79KWH,8,1,FULL,11-06-2025,13:44:01,11-06-2025,13:44:03,11-06-2025,13:46:06,COMPLETED,0,1
79KWH,8,3,FULL,11-06-2025,13:44:57,11-06-2025,13:47:43,11-06-2025,13:50:24,COMPLETED,0,1
79KWH,8,2,FULL,11-06-2025,13:46:30,11-06-2025,13:46:38,11-06-2025,13:48:57,COMPLETED,0,1
79KWH,8,1,FULL,11-06-2025,13:47:02,11-06-2025,13:47:16,11-06-2025,13:49:16,COMPLETED,0,1
79KWH,8,2,FULL,11-06-2025,13:49:03,11-06-2025,13:49:12,11-06-2025,13:51:29,COMPLETED,0,1
79KWH,8,1,FULL,11-06-2025,13:50:01,11-06-2025,13:50:02,11-06-2025,13:52:06,COMPLETED,0,1
79KWH,8,3,FULL,11-06-2025,13:50:31,11-06-2025,13:50:48,11-06-2025,13:52:46,COMPLETED,0,1
79KWH,8,2,FULL,11-06-2025,13:51:35,11-06-2025,13:51:43,11-06-2025,13:54:04,COMPLETED,0,1
79KWH,8,3,FULL,11-06-2025,13:52:52,11-06-2025,13:53:09,11-06-2025,13:55:06,COMPLETED,0,1
79KWH,8,3,FULL,11-06-2025,13:55:12,11-06-2025,13:58:01,11-06-2025,14:00:47,COMPLETED,0,1
79KWH,8,3,FULL,11-06-2025,14:00:53,11-06-2025,14:03:46,11-06-2025,14:06:28,COMPLETED,0,1
79KWH,8,1,FULL,11-06-2025,14:33:06,11-06-2025,14:33:16,11-06-2025,14:35:19,COMPLETED,0,1
79KWH,8,3,FULL,11-06-2025,14:34:22,11-06-2025,14:34:28,11-06-2025,14:37:23,COMPLETED,0,1
79KWH,8,2,FULL,11-06-2025,14:34:38,11-06-2025,14:34:43,11-06-2025,14:37:35,COMPLETED,0,1
79KWH,8,1,FULL,11-06-2025,14:36:04,11-06-2025,14:36:05,11-06-2025,14:38:10,COMPLETED,0,1
79KWH,8,3,FULL,11-06-2025,14:37:29,11-06-2025,14:37:46,11-06-2025,14:39:51,COMPLETED,0,1
79KWH,8,2,FULL,11-06-2025,14:37:41,11-06-2025,14:37:49,11-06-2025,14:40:12,COMPLETED,0,1
79KWH,8,1,FULL,11-06-2025,14:39:08,11-06-2025,14:39:19,11-06-2025,14:41:22,COMPLETED,0,1
79KWH,8,3,FULL,11-06-2025,14:40:21,11-06-2025,14:40:37,11-06-2025,14:42:41,COMPLETED,0,1
79KWH,8,2,FULL,11-06-2025,14:40:42,11-06-2025,14:40:54,11-06-2025,14:43:14,COMPLETED,0,1
79KWH,8,1,FULL,11-06-2025,14:42:05,11-06-2025,14:42:09,11-06-2025,14:44:15,COMPLETED,0,1
79KWH,8,3,FULL,11-06-2025,14:43:24,11-06-2025,14:45:40,11-06-2025,14:48:24,COMPLETED,0,1
79KWH,8,2,FULL,11-06-2025,14:43:34,11-06-2025,14:43:42,11-06-2025,14:46:08,COMPLETED,0,1
79KWH,8,1,FULL,11-06-2025,14:45:10,11-06-2025,14:45:25,11-06-2025,14:53:52,COMPLETED,0,1
79KWH,8,2,FULL,11-06-2025,14:46:40,11-06-2025,14:46:50,11-06-2025,14:49:10,COMPLETED,0,1
79KWH,8,3,FULL,11-06-2025,14:48:31,11-06-2025,14:51:11,11-06-2025,14:54:00,COMPLETED,0,1
79KWH,8,2,FULL,11-06-2025,14:49:37,11-06-2025,14:49:38,11-06-2025,14:52:05,COMPLETED,0,1
79KWH,8,2,FULL,11-06-2025,14:52:40,11-06-2025,14:52:47,11-06-2025,14:55:09,COMPLETED,0,1
79KWH,8,1,FULL,11-06-2025,14:53:57,11-06-2025,14:54:15,11-06-2025,14:56:24,COMPLETED,0,1
79KWH,8,3,FULL,11-06-2025,14:54:06,11-06-2025,14:56:53,11-06-2025,14:59:38,COMPLETED,0,1
79KWH,8,2,FULL,11-06-2025,14:55:37,11-06-2025,14:55:51,11-06-2025,14:58:17,COMPLETED,0,1
79KWH,8,1,FULL,11-06-2025,14:56:30,11-06-2025,14:56:48,11-06-2025,14:58:53,COMPLETED,0,1
79KWH,8,2,FULL,11-06-2025,14:58:40,11-06-2025,14:58:45,11-06-2025,15:01:10,COMPLETED,0,1
79KWH,8,1,FULL,11-06-2025,14:58:58,11-06-2025,14:59:16,11-06-2025,15:01:27,COMPLETED,0,1
79KWH,8,3,FULL,11-06-2025,14:59:44,11-06-2025,15:00:01,11-06-2025,15:02:06,COMPLETED,0,1
79KWH,8,1,FULL,11-06-2025,15:01:32,11-06-2025,15:01:50,11-06-2025,15:03:58,COMPLETED,0,1
79KWH,8,2,FULL,11-06-2025,15:01:36,11-06-2025,15:01:37,11-06-2025,15:04:05,COMPLETED,0,1
79KWH,8,3,FULL,11-06-2025,15:02:13,11-06-2025,15:02:29,11-06-2025,15:04:30,COMPLETED,0,1
79KWH,8,1,FULL,11-06-2025,15:04:02,11-06-2025,15:04:20,11-06-2025,15:06:31,COMPLETED,0,1
79KWH,8,3,FULL,11-06-2025,15:04:37,11-06-2025,15:04:53,11-06-2025,15:07:00,COMPLETED,0,1
79KWH,8,2,FULL,11-06-2025,15:04:42,11-06-2025,15:04:47,11-06-2025,15:07:10,COMPLETED,0,1
79KWH,8,1,FULL,11-06-2025,15:06:36,11-06-2025,15:06:54,11-06-2025,15:09:02,COMPLETED,0,1
79KWH,8,3,FULL,11-06-2025,15:07:05,11-06-2025,15:07:23,11-06-2025,15:09:25,COMPLETED,0,1
79KWH,8,2,FULL,11-06-2025,15:07:40,11-06-2025,15:07:53,11-06-2025,15:10:22,COMPLETED,0,1
79KWH,8,1,FULL,11-06-2025,15:09:07,11-06-2025,15:09:25,11-06-2025,15:11:38,COMPLETED,0,1
79KWH,8,3,FULL,11-06-2025,15:09:33,11-06-2025,15:09:48,11-06-2025,15:12:01,COMPLETED,0,1
79KWH,8,1,FULL,11-06-2025,15:11:42,11-06-2025,15:12:01,11-06-2025,15:14:09,COMPLETED,0,1
79KWH,8,3,FULL,11-06-2025,15:12:07,11-06-2025,15:12:24,11-06-2025,15:14:35,COMPLETED,0,1
79KWH,8,3,FULL,11-06-2025,15:14:42,11-06-2025,15:14:58,11-06-2025,15:17:07,COMPLETED,0,1
79KWH,8,2,FULL,11-06-2025,15:16:01,11-06-2025,15:16:15,11-06-2025,15:18:43,COMPLETED,0,1
79KWH,8,1,FULL,11-06-2025,15:17:29,11-06-2025,15:17:37,11-06-2025,15:19:51,COMPLETED,0,1
79KWH,8,3,FULL,11-06-2025,15:18:47,11-06-2025,15:20:01,11-06-2025,15:22:49,COMPLETED,0,1
79KWH,8,2,FULL,11-06-2025,15:18:59,11-06-2025,15:19:11,11-06-2025,15:21:44,COMPLETED,0,1
79KWH,8,1,FULL,11-06-2025,15:20:32,11-06-2025,15:20:37,11-06-2025,15:22:48,COMPLETED,0,1
79KWH,8,2,FULL,11-06-2025,15:22:00,11-06-2025,15:22:13,11-06-2025,15:24:41,COMPLETED,0,1
79KWH,8,3,FULL,11-06-2025,15:22:56,11-06-2025,15:25:44,11-06-2025,15:28:36,COMPLETED,0,1
79KWH,8,1,FULL,11-06-2025,15:23:29,11-06-2025,15:23:34,11-06-2025,15:25:50,COMPLETED,0,1
79KWH,8,2,FULL,11-06-2025,15:24:59,11-06-2025,15:25:09,11-06-2025,15:27:40,COMPLETED,0,1
79KWH,8,1,FULL,11-06-2025,15:26:32,11-06-2025,15:26:36,11-06-2025,15:28:48,COMPLETED,0,1
79KWH,8,2,FULL,11-06-2025,15:28:06,11-06-2025,15:28:08,11-06-2025,15:30:37,COMPLETED,0,1
79KWH,8,3,FULL,11-06-2025,15:28:43,11-06-2025,15:31:30,11-06-2025,15:34:18,COMPLETED,0,1
79KWH,8,1,FULL,11-06-2025,15:29:29,11-06-2025,15:29:34,11-06-2025,15:31:51,COMPLETED,0,1
79KWH,8,2,FULL,11-06-2025,15:31:24,11-06-2025,15:31:33,11-06-2025,15:34:11,COMPLETED,0,1
79KWH,8,1,FULL,11-06-2025,15:32:57,11-06-2025,15:33:01,11-06-2025,15:35:14,COMPLETED,0,1
79KWH,8,3,FULL,11-06-2025,15:34:26,11-06-2025,15:37:13,11-06-2025,15:40:08,COMPLETED,0,1
79KWH,8,2,FULL,11-06-2025,15:34:27,11-06-2025,15:34:40,11-06-2025,15:37:14,COMPLETED,0,1
79KWH,8,1,FULL,11-06-2025,15:35:54,11-06-2025,15:36:00,11-06-2025,15:38:19,COMPLETED,0,1
79KWH,8,2,FULL,11-06-2025,15:37:23,11-06-2025,15:37:29,11-06-2025,15:40:04,COMPLETED,0,1
79KWH,8,1,FULL,11-06-2025,15:38:58,11-06-2025,15:39:04,11-06-2025,15:41:19,COMPLETED,0,1
79KWH,8,3,FULL,11-06-2025,15:40:14,11-06-2025,15:43:00,11-06-2025,15:45:51,COMPLETED,0,1
79KWH,8,2,FULL,11-06-2025,15:40:26,11-06-2025,15:40:31,11-06-2025,15:43:01,COMPLETED,0,1
79KWH,8,1,FULL,11-06-2025,15:41:55,11-06-2025,15:42:05,11-06-2025,15:44:23,COMPLETED,0,1
79KWH,8,2,FULL,11-06-2025,15:43:26,11-06-2025,15:43:30,11-06-2025,15:46:09,COMPLETED,0,1
79KWH,8,1,FULL,11-06-2025,15:44:58,11-06-2025,15:45:10,11-06-2025,15:47:32,COMPLETED,0,1
79KWH,8,3,FULL,11-06-2025,15:45:58,11-06-2025,15:48:44,11-06-2025,15:51:37,COMPLETED,0,1
79KWH,8,2,FULL,11-06-2025,15:46:29,11-06-2025,15:46:38,11-06-2025,15:49:14,COMPLETED,0,1
79KWH,8,1,FULL,11-06-2025,15:47:56,11-06-2025,15:48:19,11-06-2025,15:50:44,COMPLETED,0,1
79KWH,8,2,FULL,11-06-2025,15:49:27,11-06-2025,15:49:29,11-06-2025,15:52:06,COMPLETED,0,1
79KWH,8,1,FULL,11-06-2025,15:51:05,11-06-2025,15:51:06,11-06-2025,15:53:23,COMPLETED,0,1
79KWH,8,3,FULL,11-06-2025,15:51:45,11-06-2025,15:54:28,11-06-2025,15:57:25,COMPLETED,0,1
79KWH,8,2,FULL,11-06-2025,15:52:12,11-06-2025,15:52:20,11-06-2025,15:54:55,COMPLETED,0,1
79KWH,8,1,FULL,11-06-2025,15:53:27,11-06-2025,15:53:45,11-06-2025,15:56:08,COMPLETED,0,1
79KWH,8,2,FULL,11-06-2025,15:55:00,11-06-2025,15:55:08,11-06-2025,15:57:47,COMPLETED,0,1
79KWH,8,1,FULL,11-06-2025,15:56:13,11-06-2025,15:56:31,11-06-2025,15:58:48,COMPLETED,0,1
79KWH,8,3,FULL,11-06-2025,15:57:32,11-06-2025,16:00:18,11-06-2025,16:03:12,COMPLETED,0,1
79KWH,8,2,FULL,11-06-2025,15:57:52,11-06-2025,15:58:01,11-06-2025,16:00:37,COMPLETED,0,1
79KWH,8,1,FULL,11-06-2025,15:58:54,11-06-2025,15:59:11,11-06-2025,16:01:36,COMPLETED,0,1
79KWH,8,2,FULL,11-06-2025,16:00:44,11-06-2025,16:00:51,11-06-2025,16:03:30,COMPLETED,0,1
79KWH,8,1,FULL,11-06-2025,16:01:40,11-06-2025,16:01:59,11-06-2025,16:04:25,COMPLETED,0,1
79KWH,8,3,FULL,11-06-2025,16:03:19,11-06-2025,16:06:03,11-06-2025,16:08:53,COMPLETED,0,1
79KWH,8,2,FULL,11-06-2025,16:03:35,11-06-2025,16:03:43,11-06-2025,16:06:21,COMPLETED,0,1
79KWH,8,1,FULL,11-06-2025,16:04:30,11-06-2025,16:04:47,11-06-2025,16:07:11,COMPLETED,0,1
79KWH,8,2,FULL,11-06-2025,16:06:26,11-06-2025,16:06:35,11-06-2025,16:09:18,COMPLETED,0,1
79KWH,8,1,FULL,11-06-2025,16:07:16,11-06-2025,16:07:34,11-06-2025,16:09:54,COMPLETED,0,1
79KWH,8,3,FULL,11-06-2025,16:08:59,11-06-2025,16:11:46,11-06-2025,16:14:40,COMPLETED,0,1
79KWH,8,2,FULL,11-06-2025,16:09:24,11-06-2025,16:09:32,11-06-2025,16:12:11,COMPLETED,0,1
79KWH,8,1,FULL,11-06-2025,16:09:59,11-06-2025,16:10:17,11-06-2025,16:12:44,COMPLETED,0,1
79KWH,8,2,FULL,11-06-2025,16:12:16,11-06-2025,16:12:25,11-06-2025,16:15:08,COMPLETED,0,1
79KWH,8,1,FULL,11-06-2025,16:12:49,11-06-2025,16:13:06,11-06-2025,16:15:32,COMPLETED,0,1
79KWH,8,3,FULL,11-06-2025,16:14:47,11-06-2025,16:17:28,11-06-2025,16:20:17,COMPLETED,0,1
79KWH,8,2,FULL,11-06-2025,16:15:14,11-06-2025,16:15:22,11-06-2025,16:18:01,COMPLETED,0,1
79KWH,8,1,FULL,11-06-2025,16:15:37,11-06-2025,16:15:56,11-06-2025,16:18:23,COMPLETED,0,1
79KWH,8,2,FULL,11-06-2025,16:18:07,11-06-2025,16:18:15,11-06-2025,16:20:59,COMPLETED,0,1
79KWH,8,1,FULL,11-06-2025,16:18:29,11-06-2025,16:18:46,11-06-2025,16:21:12,COMPLETED,0,1
79KWH,8,3,FULL,11-06-2025,16:20:23,11-06-2025,16:23:08,11-06-2025,16:26:06,COMPLETED,0,1
79KWH,8,2,FULL,11-06-2025,16:21:05,11-06-2025,16:21:14,11-06-2025,16:23:53,COMPLETED,0,1
79KWH,8,1,FULL,11-06-2025,16:21:16,11-06-2025,16:21:35,11-06-2025,16:24:04,COMPLETED,0,1
79KWH,8,2,FULL,11-06-2025,16:24:01,11-06-2025,16:24:07,11-06-2025,16:26:53,COMPLETED,0,1
79KWH,8,1,FULL,11-06-2025,16:24:09,11-06-2025,16:24:28,11-06-2025,16:26:53,COMPLETED,0,1
79KWH,8,3,FULL,11-06-2025,16:26:11,11-06-2025,16:28:56,11-06-2025,16:31:47,COMPLETED,0,1
79KWH,8,1,FULL,11-06-2025,16:26:58,11-06-2025,16:27:16,11-06-2025,16:29:46,COMPLETED,0,1
79KWH,8,2,FULL,11-06-2025,16:27:00,11-06-2025,16:27:07,11-06-2025,16:29:50,COMPLETED,0,1
79KWH,8,1,FULL,11-06-2025,16:29:52,11-06-2025,16:30:09,11-06-2025,16:32:36,COMPLETED,0,1
79KWH,8,2,FULL,11-06-2025,16:29:55,11-06-2025,16:30:05,11-06-2025,16:32:53,COMPLETED,0,1
79KWH,8,3,FULL,11-06-2025,16:31:55,11-06-2025,16:34:40,11-06-2025,16:37:37,COMPLETED,0,1
79KWH,8,1,FULL,11-06-2025,16:32:40,11-06-2025,16:32:59,11-06-2025,16:35:29,COMPLETED,0,1
79KWH,8,2,FULL,11-06-2025,16:32:58,11-06-2025,16:33:06,11-06-2025,16:35:49,COMPLETED,0,1
79KWH,8,1,FULL,11-06-2025,16:35:34,11-06-2025,16:35:51,11-06-2025,16:38:20,COMPLETED,0,1
79KWH,8,2,FULL,11-06-2025,16:35:56,11-06-2025,16:36:03,11-06-2025,16:38:52,COMPLETED,0,1
79KWH,8,3,FULL,11-06-2025,16:37:44,11-06-2025,16:40:28,11-06-2025,16:43:21,COMPLETED,0,1
79KWH,8,1,FULL,11-06-2025,16:38:24,11-06-2025,16:38:42,11-06-2025,16:41:14,COMPLETED,0,1
79KWH,8,2,FULL,11-06-2025,16:38:58,11-06-2025,16:39:06,11-06-2025,16:41:50,COMPLETED,0,1
79KWH,8,1,FULL,11-06-2025,16:41:19,11-06-2025,16:41:37,11-06-2025,16:44:05,COMPLETED,0,1
79KWH,8,2,FULL,11-06-2025,16:41:57,11-06-2025,16:42:04,11-06-2025,16:44:57,COMPLETED,0,1
79KWH,8,3,FULL,11-06-2025,16:43:27,11-06-2025,16:46:17,11-06-2025,16:49:15,COMPLETED,0,1
79KWH,8,1,FULL,11-06-2025,16:44:10,11-06-2025,16:44:28,11-06-2025,16:47:01,COMPLETED,0,1
79KWH,8,2,FULL,11-06-2025,16:45:03,11-06-2025,16:45:10,11-06-2025,16:47:56,COMPLETED,0,1
79KWH,8,1,FULL,11-06-2025,16:47:06,11-06-2025,16:47:24,11-06-2025,16:49:55,COMPLETED,0,1
79KWH,8,2,FULL,11-06-2025,16:48:03,11-06-2025,16:48:10,11-06-2025,16:51:03,COMPLETED,0,1
79KWH,8,3,FULL,11-06-2025,16:49:21,11-06-2025,16:52:03,11-06-2025,16:54:55,COMPLETED,0,1
79KWH,8,1,FULL,11-06-2025,16:50:00,11-06-2025,16:50:18,11-06-2025,16:52:52,COMPLETED,0,1
79KWH,8,2,FULL,11-06-2025,16:51:10,11-06-2025,16:51:16,11-06-2025,16:54:04,COMPLETED,0,1
79KWH,8,1,FULL,11-06-2025,16:52:58,11-06-2025,16:53:15,11-06-2025,16:55:46,COMPLETED,0,1
79KWH,8,2,FULL,11-06-2025,16:54:10,11-06-2025,16:54:18,11-06-2025,16:57:14,COMPLETED,0,1
79KWH,8,3,FULL,11-06-2025,16:55:02,11-06-2025,16:57:46,11-06-2025,17:00:42,COMPLETED,0,1
79KWH,8,1,FULL,11-06-2025,16:55:51,11-06-2025,16:56:09,11-06-2025,16:58:45,COMPLETED,0,1
79KWH,8,2,FULL,11-06-2025,16:57:19,11-06-2025,16:57:28,11-06-2025,17:00:19,COMPLETED,0,1
79KWH,8,1,FULL,11-06-2025,16:58:49,11-06-2025,16:59:07,11-06-2025,17:01:41,COMPLETED,0,1
79KWH,8,2,FULL,11-06-2025,17:00:25,11-06-2025,17:00:34,11-06-2025,17:03:28,COMPLETED,0,1
79KWH,8,3,FULL,11-06-2025,17:00:48,11-06-2025,17:03:35,11-06-2025,17:06:29,COMPLETED,0,1
79KWH,8,1,FULL,11-06-2025,17:01:45,11-06-2025,17:02:04,11-06-2025,17:04:41,COMPLETED,0,1
79KWH,8,2,FULL,11-06-2025,17:03:35,11-06-2025,17:03:42,11-06-2025,17:06:32,COMPLETED,0,1
79KWH,8,1,FULL,11-06-2025,17:04:45,11-06-2025,17:05:03,11-06-2025,17:07:38,COMPLETED,0,1
79KWH,8,3,FULL,11-06-2025,17:06:35,11-06-2025,17:09:41,11-06-2025,17:12:43,COMPLETED,0,1
79KWH,8,2,FULL,11-06-2025,17:06:38,11-06-2025,17:06:46,11-06-2025,17:09:41,COMPLETED,0,1
79KWH,8,1,FULL,11-06-2025,17:07:42,11-06-2025,17:08:01,11-06-2025,17:10:39,COMPLETED,0,1
79KWH,8,2,FULL,11-06-2025,17:09:47,11-06-2025,17:09:55,11-06-2025,17:12:49,COMPLETED,0,1
79KWH,8,1,FULL,11-06-2025,17:10:44,11-06-2025,17:11:02,11-06-2025,17:13:36,COMPLETED,0,1
79KWH,8,3,FULL,11-06-2025,17:12:50,11-06-2025,17:15:36,11-06-2025,17:18:34,COMPLETED,0,1
79KWH,8,1,FULL,11-06-2025,17:13:42,11-06-2025,17:13:59,11-06-2025,17:16:39,COMPLETED,0,1
79KWH,8,1,FULL,11-06-2025,17:16:45,11-06-2025,17:17:02,11-06-2025,17:19:38,COMPLETED,0,1
79KWH,8,3,FULL,11-06-2025,17:18:42,11-06-2025,17:21:28,11-06-2025,17:24:26,COMPLETED,0,1
79KWH,8,3,FULL,11-06-2025,17:24:33,11-06-2025,17:27:17,11-06-2025,17:30:12,COMPLETED,0,1
79KWH,8,2,FULL,11-06-2025,17:27:39,11-06-2025,17:27:50,11-06-2025,17:30:46,COMPLETED,0,1
79KWH,8,1,FULL,11-06-2025,17:29:14,11-06-2025,17:29:15,11-06-2025,17:32:02,COMPLETED,0,1
79KWH,8,3,FULL,11-06-2025,17:30:20,11-06-2025,17:33:01,11-06-2025,17:36:04,COMPLETED,0,1
79KWH,8,2,FULL,11-06-2025,17:30:51,11-06-2025,17:30:59,11-06-2025,17:33:52,COMPLETED,0,1
79KWH,8,1,FULL,11-06-2025,17:32:10,11-06-2025,17:32:26,11-06-2025,17:35:06,COMPLETED,0,1
79KWH,8,2,FULL,11-06-2025,17:33:57,11-06-2025,17:34:06,11-06-2025,17:37:03,COMPLETED,0,1
79KWH,8,1,FULL,11-06-2025,17:35:15,11-06-2025,17:35:30,11-06-2025,17:38:16,COMPLETED,0,1
79KWH,8,3,FULL,11-06-2025,17:36:11,11-06-2025,17:38:51,11-06-2025,17:41:51,COMPLETED,0,1
79KWH,8,2,FULL,11-06-2025,17:37:09,11-06-2025,17:37:17,11-06-2025,17:40:11,COMPLETED,0,1
79KWH,8,1,FULL,11-06-2025,17:38:21,11-06-2025,17:38:39,11-06-2025,17:41:24,COMPLETED,0,1
79KWH,8,2,FULL,11-06-2025,17:40:18,11-06-2025,17:40:25,11-06-2025,17:43:23,COMPLETED,0,1
79KWH,8,1,FULL,11-06-2025,17:41:28,11-06-2025,17:41:46,11-06-2025,17:44:32,COMPLETED,0,1
79KWH,8,3,FULL,11-06-2025,17:41:58,11-06-2025,17:44:37,11-06-2025,17:47:43,COMPLETED,0,1
79KWH,8,2,FULL,11-06-2025,17:43:30,11-06-2025,17:43:37,11-06-2025,17:46:32,COMPLETED,0,1
79KWH,8,1,FULL,11-06-2025,17:44:37,11-06-2025,17:44:55,11-06-2025,17:47:37,COMPLETED,0,1
79KWH,8,2,FULL,11-06-2025,17:46:39,11-06-2025,17:46:45,11-06-2025,17:49:49,COMPLETED,0,1
79KWH,8,1,FULL,11-06-2025,17:47:42,11-06-2025,17:48:00,11-06-2025,17:50:47,COMPLETED,0,1
79KWH,8,3,FULL,11-06-2025,17:47:50,11-06-2025,17:50:30,11-06-2025,17:53:26,COMPLETED,0,1
79KWH,8,2,FULL,11-06-2025,17:49:56,11-06-2025,17:50:03,11-06-2025,17:53:00,COMPLETED,0,1
79KWH,8,1,FULL,11-06-2025,17:50:52,11-06-2025,17:51:10,11-06-2025,17:53:53,COMPLETED,0,1
79KWH,8,2,FULL,11-06-2025,17:53:07,11-06-2025,17:53:14,11-06-2025,17:56:17,COMPLETED,0,1
79KWH,8,3,FULL,11-06-2025,17:53:32,11-06-2025,17:56:17,11-06-2025,17:59:16,COMPLETED,0,1
79KWH,8,1,FULL,11-06-2025,17:53:58,11-06-2025,17:54:15,11-06-2025,17:57:03,COMPLETED,0,1
79KWH,8,2,FULL,11-06-2025,17:56:22,11-06-2025,17:56:31,11-06-2025,17:59:28,COMPLETED,0,1
79KWH,8,1,FULL,11-06-2025,17:57:08,11-06-2025,17:57:26,11-06-2025,18:00:10,COMPLETED,0,1
79KWH,8,3,FULL,11-06-2025,17:59:22,11-06-2025,18:02:02,11-06-2025,18:04:58,COMPLETED,0,1
79KWH,8,2,FULL,11-06-2025,17:59:34,11-06-2025,17:59:43,11-06-2025,18:02:48,COMPLETED,0,1
79KWH,8,1,FULL,11-06-2025,18:00:14,11-06-2025,18:00:33,11-06-2025,18:03:22,COMPLETED,0,1
79KWH,8,2,FULL,11-06-2025,18:02:54,11-06-2025,18:03:02,11-06-2025,18:06:03,COMPLETED,0,1
79KWH,8,1,FULL,11-06-2025,18:03:27,11-06-2025,18:03:45,11-06-2025,18:06:31,COMPLETED,0,1
79KWH,8,3,FULL,11-06-2025,18:05:05,11-06-2025,18:07:48,11-06-2025,18:10:51,COMPLETED,0,1
79KWH,8,2,FULL,11-06-2025,18:06:08,11-06-2025,18:06:17,11-06-2025,18:09:22,COMPLETED,0,1
79KWH,8,1,FULL,11-06-2025,18:06:36,11-06-2025,18:06:54,11-06-2025,18:09:51,COMPLETED,0,1
79KWH,8,2,FULL,11-06-2025,18:09:28,11-06-2025,18:09:36,11-06-2025,18:12:36,COMPLETED,0,1
79KWH,8,1,FULL,11-06-2025,18:09:55,11-06-2025,18:10:14,11-06-2025,18:13:03,COMPLETED,0,1
79KWH,8,3,FULL,11-06-2025,18:10:58,11-06-2025,18:13:38,11-06-2025,18:16:40,COMPLETED,0,1
79KWH,8,2,FULL,11-06-2025,18:12:41,11-06-2025,18:12:50,11-06-2025,18:15:58,COMPLETED,0,1
79KWH,8,1,FULL,11-06-2025,18:13:08,11-06-2025,18:13:27,11-06-2025,18:16:25,COMPLETED,0,1
79KWH,8,2,FULL,11-06-2025,18:16:04,11-06-2025,18:16:12,11-06-2025,18:19:17,COMPLETED,0,1
79KWH,8,1,FULL,11-06-2025,18:16:30,11-06-2025,18:16:48,11-06-2025,18:19:37,COMPLETED,0,1
79KWH,8,3,FULL,11-06-2025,18:16:47,11-06-2025,18:19:24,11-06-2025,18:22:30,COMPLETED,0,1
79KWH,8,1,FULL,11-06-2025,18:19:41,11-06-2025,18:19:59,11-06-2025,18:22:53,COMPLETED,0,1
79KWH,8,3,FULL,11-06-2025,18:22:37,11-06-2025,18:25:19,11-06-2025,18:28:26,COMPLETED,0,1
79KWH,8,1,FULL,11-06-2025,18:22:58,11-06-2025,18:23:16,11-06-2025,18:26:06,COMPLETED,0,1
79KWH,8,1,FULL,11-06-2025,18:49:53,11-06-2025,18:51:46,11-06-2025,18:54:55,COMPLETED,0,1
79KWH,8,2,FULL,11-06-2025,18:50:18,11-06-2025,18:50:31,11-06-2025,18:53:53,COMPLETED,0,1
79KWH,8,2,FULL,11-06-2025,18:54:00,11-06-2025,18:54:07,11-06-2025,18:57:09,COMPLETED,0,1
79KWH,8,1,FULL,11-06-2025,18:55:00,11-06-2025,18:58:13,11-06-2025,19:01:18,COMPLETED,0,1
79KWH,8,2,FULL,11-06-2025,18:57:14,11-06-2025,18:58:52,11-06-2025,19:02:16,COMPLETED,0,1
79KWH,8,1,FULL,11-06-2025,19:01:23,11-06-2025,19:01:41,11-06-2025,19:04:40,COMPLETED,0,1
79KWH,8,2,FULL,11-06-2025,19:02:21,11-06-2025,19:04:01,11-06-2025,19:07:20,COMPLETED,0,1
79KWH,8,1,FULL,11-06-2025,19:04:45,11-06-2025,19:05:02,11-06-2025,19:07:58,COMPLETED,0,1
79KWH,8,2,FULL,11-06-2025,19:07:27,11-06-2025,19:07:35,11-06-2025,19:10:46,COMPLETED,0,1
79KWH,8,1,FULL,11-06-2025,19:08:03,11-06-2025,19:08:21,11-06-2025,19:11:22,COMPLETED,0,1
79KWH,8,2,FULL,11-06-2025,19:10:52,11-06-2025,19:11:00,11-06-2025,19:14:05,COMPLETED,0,1
79KWH,8,1,FULL,11-06-2025,19:11:28,11-06-2025,19:14:36,11-06-2025,19:17:50,COMPLETED,0,1
79KWH,8,2,FULL,11-06-2025,19:14:12,11-06-2025,19:14:19,11-06-2025,19:17:29,COMPLETED,0,1
79KWH,8,2,FULL,11-06-2025,19:17:35,11-06-2025,19:19:11,11-06-2025,19:22:31,COMPLETED,0,1
79KWH,8,1,FULL,11-06-2025,19:17:55,11-06-2025,19:21:07,11-06-2025,19:24:21,COMPLETED,0,1
79KWH,8,2,FULL,11-06-2025,19:22:39,11-06-2025,19:24:15,11-06-2025,19:27:36,COMPLETED,0,1
79KWH,8,1,FULL,11-06-2025,19:24:26,11-06-2025,19:24:45,11-06-2025,19:27:42,COMPLETED,0,1
79KWH,8,2,FULL,11-06-2025,19:27:42,11-06-2025,19:27:50,11-06-2025,19:30:58,COMPLETED,0,1
79KWH,8,1,FULL,11-06-2025,19:27:48,11-06-2025,19:28:06,11-06-2025,19:31:09,COMPLETED,0,1
79KWH,8,2,FULL,11-06-2025,19:31:04,11-06-2025,19:31:12,11-06-2025,19:34:28,COMPLETED,0,1
79KWH,8,1,FULL,11-06-2025,19:31:14,11-06-2025,19:31:32,11-06-2025,19:34:31,COMPLETED,0,1
79KWH,8,2,FULL,11-06-2025,19:34:35,11-06-2025,19:34:43,11-06-2025,19:37:51,COMPLETED,0,1
79KWH,8,1,FULL,11-06-2025,19:34:37,11-06-2025,19:34:55,11-06-2025,19:37:59,COMPLETED,0,1
79KWH,8,2,FULL,11-06-2025,19:37:57,11-06-2025,19:39:33,11-06-2025,19:42:56,COMPLETED,0,1
79KWH,8,1,FULL,11-06-2025,19:38:05,11-06-2025,19:41:13,11-06-2025,19:44:23,COMPLETED,0,1
79KWH,8,2,FULL,11-06-2025,19:43:03,11-06-2025,19:44:40,11-06-2025,19:47:58,COMPLETED,0,1
79KWH,8,1,FULL,11-06-2025,19:44:29,11-06-2025,19:47:41,11-06-2025,19:50:53,COMPLETED,0,1
79KWH,8,2,FULL,11-06-2025,19:48:04,11-06-2025,19:48:12,11-06-2025,19:51:31,COMPLETED,0,1
79KWH,8,1,FULL,11-06-2025,19:50:59,11-06-2025,19:51:16,11-06-2025,19:54:14,COMPLETED,0,1
79KWH,8,2,FULL,11-06-2025,19:51:36,11-06-2025,19:51:44,11-06-2025,19:54:55,COMPLETED,0,1
79KWH,8,1,FULL,11-06-2025,19:54:19,11-06-2025,19:57:31,11-06-2025,20:00:43,COMPLETED,0,1
79KWH,8,2,FULL,11-06-2025,19:55:02,11-06-2025,19:55:09,11-06-2025,19:58:27,COMPLETED,0,1
79KWH,8,2,FULL,11-06-2025,19:58:32,11-06-2025,19:58:40,11-06-2025,20:01:57,COMPLETED,0,1
79KWH,8,1,FULL,11-06-2025,20:00:47,11-06-2025,20:04:01,11-06-2025,20:07:17,COMPLETED,0,1
79KWH,8,2,FULL,11-06-2025,20:02:02,11-06-2025,20:03:36,11-06-2025,20:07:05,COMPLETED,0,1
79KWH,8,2,FULL,11-06-2025,20:07:12,11-06-2025,20:08:50,11-06-2025,20:12:10,COMPLETED,0,1
79KWH,8,1,FULL,11-06-2025,20:07:21,11-06-2025,20:07:40,11-06-2025,20:10:45,COMPLETED,0,1
79KWH,8,1,FULL,11-06-2025,20:10:50,11-06-2025,20:11:08,11-06-2025,20:14:10,COMPLETED,0,1
79KWH,8,2,FULL,11-06-2025,20:12:15,11-06-2025,20:12:24,11-06-2025,20:15:43,COMPLETED,0,1
79KWH,8,1,FULL,11-06-2025,20:14:15,11-06-2025,20:17:23,11-06-2025,20:20:38,COMPLETED,0,1
79KWH,8,2,FULL,11-06-2025,20:15:48,11-06-2025,20:18:22,11-06-2025,20:21:46,COMPLETED,0,1
79KWH,8,1,FULL,11-06-2025,20:20:43,11-06-2025,20:23:56,11-06-2025,20:27:06,COMPLETED,0,1
79KWH,8,2,FULL,11-06-2025,20:21:52,11-06-2025,20:21:59,11-06-2025,20:25:24,COMPLETED,0,1
79KWH,8,2,FULL,11-06-2025,20:25:30,11-06-2025,20:28:07,11-06-2025,20:31:31,COMPLETED,0,1
79KWH,8,1,FULL,11-06-2025,20:27:11,11-06-2025,20:27:29,11-06-2025,20:30:37,COMPLETED,0,1
79KWH,8,1,FULL,11-06-2025,20:30:42,11-06-2025,20:33:50,11-06-2025,20:37:01,COMPLETED,0,1
79KWH,8,2,FULL,11-06-2025,20:31:37,11-06-2025,20:31:45,11-06-2025,20:35:08,COMPLETED,0,1
79KWH,8,1,FULL,11-06-2025,20:37:06,11-06-2025,20:40:18,11-06-2025,20:43:32,COMPLETED,0,1
79KWH,8,1,FULL,11-06-2025,20:43:37,11-06-2025,20:43:56,11-06-2025,20:47:02,COMPLETED,0,1
79KWH,8,1,FULL,11-06-2025,20:47:07,11-06-2025,20:47:25,11-06-2025,20:50:36,COMPLETED,0,1
79KWH,8,1,FULL,13-06-2025,07:19:54,13-06-2025,07:20:03,13-06-2025,07:23:15,COMPLETED,0,1
79KWH,8,2,FULL,13-06-2025,07:20:20,13-06-2025,07:20:30,13-06-2025,07:23:52,COMPLETED,0,1
79KWH,8,1,FULL,13-06-2025,07:23:20,13-06-2025,07:23:38,13-06-2025,07:26:49,COMPLETED,0,1
79KWH,8,2,FULL,13-06-2025,07:23:58,13-06-2025,07:24:06,13-06-2025,07:27:29,COMPLETED,0,1
79KWH,8,1,FULL,13-06-2025,07:26:53,13-06-2025,07:28:40,13-06-2025,07:31:52,COMPLETED,0,1
79KWH,8,2,FULL,13-06-2025,07:27:34,13-06-2025,07:27:42,13-06-2025,07:31:01,COMPLETED,0,1
79KWH,8,2,FULL,13-06-2025,07:31:07,13-06-2025,07:31:15,13-06-2025,07:34:42,COMPLETED,0,1
79KWH,8,1,FULL,13-06-2025,07:31:57,13-06-2025,07:33:40,13-06-2025,07:36:56,COMPLETED,0,1
79KWH,8,2,FULL,13-06-2025,07:34:48,13-06-2025,07:36:20,13-06-2025,07:39:45,COMPLETED,0,1
79KWH,8,3,FULL,13-06-2025,07:35:07,13-06-2025,07:35:16,13-06-2025,07:38:24,COMPLETED,0,1
79KWH,8,1,FULL,13-06-2025,07:37:01,13-06-2025,07:37:19,13-06-2025,07:40:29,COMPLETED,0,1
79KWH,8,3,FULL,13-06-2025,07:38:30,13-06-2025,07:38:47,13-06-2025,07:41:23,COMPLETED,0,1
79KWH,8,2,FULL,13-06-2025,07:39:51,13-06-2025,07:39:59,13-06-2025,07:43:29,COMPLETED,0,1
79KWH,8,1,FULL,13-06-2025,07:40:34,13-06-2025,07:40:52,13-06-2025,07:44:05,COMPLETED,0,1
79KWH,8,3,FULL,13-06-2025,07:41:29,13-06-2025,07:41:45,13-06-2025,07:44:29,COMPLETED,0,1
79KWH,8,2,FULL,13-06-2025,07:43:34,13-06-2025,07:45:11,13-06-2025,07:48:39,COMPLETED,0,1
79KWH,8,1,FULL,13-06-2025,07:44:09,13-06-2025,07:44:28,13-06-2025,07:47:40,COMPLETED,0,1
79KWH,8,3,FULL,13-06-2025,07:44:36,13-06-2025,07:44:53,13-06-2025,07:47:40,COMPLETED,0,1
79KWH,8,3,FULL,13-06-2025,07:47:46,13-06-2025,07:48:03,13-06-2025,07:50:45,COMPLETED,0,1
79KWH,8,1,FULL,13-06-2025,07:47:47,13-06-2025,07:50:14,13-06-2025,07:53:33,COMPLETED,0,1
79KWH,8,2,FULL,13-06-2025,07:48:45,13-06-2025,07:48:53,13-06-2025,07:52:23,COMPLETED,0,1
79KWH,8,3,FULL,13-06-2025,07:50:51,13-06-2025,07:52:44,13-06-2025,07:55:50,COMPLETED,0,1
79KWH,8,2,FULL,13-06-2025,07:52:29,13-06-2025,07:52:37,13-06-2025,07:56:04,COMPLETED,0,1
79KWH,8,1,FULL,13-06-2025,07:53:38,13-06-2025,07:56:12,13-06-2025,07:59:27,COMPLETED,0,1
79KWH,8,3,FULL,13-06-2025,07:55:57,13-06-2025,07:57:58,13-06-2025,08:01:11,COMPLETED,0,1
79KWH,8,2,FULL,13-06-2025,07:56:10,13-06-2025,07:57:42,13-06-2025,08:00:14,COMPLETED,0,1
79KWH,8,1,FULL,13-06-2025,07:59:32,13-06-2025,07:59:50,13-06-2025,08:03:07,COMPLETED,0,1
79KWH,8,2,FULL,13-06-2025,08:00:20,13-06-2025,08:00:28,13-06-2025,08:01:56,COMPLETED,0,1
79KWH,8,3,FULL,13-06-2025,08:01:18,13-06-2025,08:01:35,13-06-2025,08:04:24,COMPLETED,0,1
79KWH,8,2,FULL,13-06-2025,08:02:03,13-06-2025,08:02:10,13-06-2025,08:03:43,COMPLETED,0,1
79KWH,8,1,FULL,13-06-2025,08:03:11,13-06-2025,08:03:29,13-06-2025,08:06:42,COMPLETED,0,1
79KWH,8,2,FULL,13-06-2025,08:03:49,13-06-2025,08:03:56,13-06-2025,08:05:25,COMPLETED,0,1
79KWH,8,3,FULL,13-06-2025,08:04:30,13-06-2025,08:04:47,13-06-2025,08:07:35,COMPLETED,0,1
79KWH,8,2,FULL,13-06-2025,08:05:41,13-06-2025,08:05:53,13-06-2025,08:07:26,COMPLETED,0,1
79KWH,8,1,FULL,13-06-2025,08:06:47,13-06-2025,08:07:05,13-06-2025,08:10:27,COMPLETED,0,1
79KWH,8,3,FULL,13-06-2025,08:07:42,13-06-2025,08:07:58,13-06-2025,08:10:39,COMPLETED,0,1
79KWH,8,2,FULL,13-06-2025,08:08:39,13-06-2025,08:08:50,13-06-2025,08:10:20,COMPLETED,0,1
79KWH,8,1,FULL,13-06-2025,08:10:32,13-06-2025,08:10:50,13-06-2025,08:14:06,COMPLETED,0,1
79KWH,8,3,FULL,13-06-2025,08:10:47,13-06-2025,08:11:02,13-06-2025,08:13:48,COMPLETED,0,1
79KWH,8,3,FULL,13-06-2025,08:13:54,13-06-2025,08:14:11,13-06-2025,08:16:54,COMPLETED,0,1
79KWH,8,1,FULL,13-06-2025,08:14:11,13-06-2025,08:14:29,13-06-2025,08:17:47,COMPLETED,0,1
79KWH,8,3,FULL,13-06-2025,08:17:02,13-06-2025,08:17:17,13-06-2025,08:20:05,COMPLETED,0,1
79KWH,8,2,FULL,13-06-2025,08:17:35,13-06-2025,08:17:37,13-06-2025,08:19:10,COMPLETED,0,1
79KWH,8,1,FULL,13-06-2025,08:17:53,13-06-2025,08:18:11,13-06-2025,08:21:27,COMPLETED,0,1
79KWH,8,3,FULL,13-06-2025,08:20:11,13-06-2025,08:20:27,13-06-2025,08:23:12,COMPLETED,0,1
79KWH,8,2,FULL,13-06-2025,08:20:34,13-06-2025,08:20:35,13-06-2025,08:22:04,COMPLETED,0,1
79KWH,8,1,FULL,13-06-2025,08:21:32,13-06-2025,08:21:50,13-06-2025,08:24:10,COMPLETED,0,1
79KWH,8,3,FULL,13-06-2025,08:23:18,13-06-2025,08:23:34,13-06-2025,08:26:27,COMPLETED,0,1
79KWH,8,1,FULL,13-06-2025,08:24:16,13-06-2025,08:26:39,13-06-2025,08:28:56,COMPLETED,0,1
79KWH,8,3,FULL,13-06-2025,08:26:34,13-06-2025,08:28:24,13-06-2025,08:31:35,COMPLETED,0,1
79KWH,8,2,FULL,13-06-2025,08:28:18,13-06-2025,08:28:29,13-06-2025,08:30:58,COMPLETED,0,1
79KWH,8,1,FULL,13-06-2025,08:29:00,13-06-2025,08:31:28,13-06-2025,08:33:47,COMPLETED,0,1
79KWH,8,2,FULL,13-06-2025,08:31:18,13-06-2025,08:31:27,13-06-2025,08:32:57,COMPLETED,0,1
79KWH,8,3,FULL,13-06-2025,08:31:42,13-06-2025,08:31:58,13-06-2025,08:34:58,COMPLETED,0,1
79KWH,8,1,FULL,13-06-2025,08:33:52,13-06-2025,08:34:10,13-06-2025,08:35:27,COMPLETED,0,1
79KWH,8,2,FULL,13-06-2025,08:34:19,13-06-2025,08:34:21,13-06-2025,08:35:53,COMPLETED,0,1
79KWH,8,3,FULL,13-06-2025,08:35:04,13-06-2025,08:35:20,13-06-2025,08:38:12,COMPLETED,0,1
79KWH,8,1,FULL,13-06-2025,08:35:33,13-06-2025,08:35:50,13-06-2025,08:37:12,COMPLETED,0,1
79KWH,8,2,FULL,13-06-2025,08:37:17,13-06-2025,08:37:31,13-06-2025,08:39:00,COMPLETED,0,1
79KWH,8,1,FULL,13-06-2025,08:37:17,13-06-2025,08:37:35,13-06-2025,08:38:50,COMPLETED,0,1
79KWH,8,3,FULL,13-06-2025,08:38:18,13-06-2025,08:38:35,13-06-2025,08:41:28,COMPLETED,0,1
79KWH,8,1,FULL,13-06-2025,08:38:56,13-06-2025,08:41:17,13-06-2025,08:43:36,COMPLETED,0,1
79KWH,8,2,FULL,13-06-2025,08:40:24,13-06-2025,08:42:39,13-06-2025,08:45:09,COMPLETED,0,1
79KWH,8,3,FULL,13-06-2025,08:41:34,13-06-2025,08:41:51,13-06-2025,08:44:52,COMPLETED,0,1
79KWH,8,1,FULL,13-06-2025,08:43:42,13-06-2025,08:46:07,13-06-2025,08:48:23,COMPLETED,0,1
79KWH,8,3,FULL,13-06-2025,08:44:59,13-06-2025,08:46:53,13-06-2025,08:50:08,COMPLETED,0,1
79KWH,8,2,FULL,13-06-2025,08:45:15,13-06-2025,08:45:23,13-06-2025,08:46:51,COMPLETED,0,1
79KWH,8,2,FULL,13-06-2025,08:46:57,13-06-2025,08:47:05,13-06-2025,08:48:37,COMPLETED,0,1
79KWH,8,1,FULL,13-06-2025,08:48:28,13-06-2025,08:48:46,13-06-2025,08:50:09,COMPLETED,0,1
79KWH,8,2,FULL,13-06-2025,08:49:19,13-06-2025,08:49:20,13-06-2025,08:50:48,COMPLETED,0,1
79KWH,8,1,FULL,13-06-2025,08:50:14,13-06-2025,08:50:32,13-06-2025,08:51:49,COMPLETED,0,1
79KWH,8,3,FULL,13-06-2025,08:50:16,13-06-2025,08:52:08,13-06-2025,08:55:23,COMPLETED,0,1
79KWH,8,1,FULL,13-06-2025,08:51:54,13-06-2025,08:52:12,13-06-2025,08:53:34,COMPLETED,0,1
79KWH,8,2,FULL,13-06-2025,08:52:25,13-06-2025,08:52:27,13-06-2025,08:54:00,COMPLETED,0,1
79KWH,8,1,FULL,13-06-2025,08:53:39,13-06-2025,08:53:57,13-06-2025,08:55:14,COMPLETED,0,1
79KWH,8,1,FULL,13-06-2025,08:55:19,13-06-2025,08:55:37,13-06-2025,08:56:57,COMPLETED,0,1
79KWH,8,2,FULL,13-06-2025,08:55:19,13-06-2025,08:55:24,13-06-2025,08:56:52,COMPLETED,0,1
79KWH,8,3,FULL,13-06-2025,08:55:30,13-06-2025,08:55:46,13-06-2025,08:58:38,COMPLETED,0,1
79KWH,8,1,FULL,13-06-2025,08:57:02,13-06-2025,08:59:22,13-06-2025,09:01:38,COMPLETED,0,1
79KWH,8,2,FULL,13-06-2025,08:58:25,13-06-2025,08:59:16,13-06-2025,09:01:47,COMPLETED,0,1
79KWH,8,3,FULL,13-06-2025,08:58:44,13-06-2025,09:00:37,13-06-2025,09:03:57,COMPLETED,0,1
79KWH,8,1,FULL,13-06-2025,09:01:43,13-06-2025,09:04:07,13-06-2025,09:06:27,COMPLETED,0,1
79KWH,8,2,FULL,13-06-2025,09:01:54,13-06-2025,09:04:14,13-06-2025,09:06:42,COMPLETED,0,1
79KWH,8,3,FULL,13-06-2025,09:04:05,13-06-2025,09:04:21,13-06-2025,09:07:19,COMPLETED,0,1
79KWH,8,1,FULL,13-06-2025,09:06:32,13-06-2025,09:06:50,13-06-2025,09:08:06,COMPLETED,0,1
79KWH,8,2,FULL,13-06-2025,09:06:49,13-06-2025,09:06:56,13-06-2025,09:08:29,COMPLETED,0,1
79KWH,8,3,FULL,13-06-2025,09:07:25,13-06-2025,09:07:41,13-06-2025,09:10:40,COMPLETED,0,1
79KWH,8,1,FULL,13-06-2025,09:08:11,13-06-2025,09:08:29,13-06-2025,09:09:49,COMPLETED,0,1
79KWH,8,3,FULL,13-06-2025,09:10:47,13-06-2025,09:11:03,13-06-2025,09:14:08,COMPLETED,0,1
79KWH,8,3,FULL,13-06-2025,09:14:14,13-06-2025,09:14:31,13-06-2025,09:17:33,COMPLETED,0,1
79KWH,8,3,FULL,13-06-2025,09:17:39,13-06-2025,09:19:32,13-06-2025,09:22:53,COMPLETED,0,1
79KWH,8,3,FULL,13-06-2025,09:23:00,13-06-2025,09:24:51,13-06-2025,09:28:02,COMPLETED,0,1
79KWH,8,1,FULL,13-06-2025,09:43:59,13-06-2025,09:44:09,13-06-2025,09:46:27,COMPLETED,0,1
79KWH,8,3,FULL,13-06-2025,09:45:12,13-06-2025,09:45:22,13-06-2025,09:48:44,COMPLETED,0,1
79KWH,8,2,FULL,13-06-2025,09:53:49,13-06-2025,09:54:03,13-06-2025,09:56:30,COMPLETED,0,1
79KWH,8,1,FULL,13-06-2025,09:55:17,13-06-2025,09:55:39,13-06-2025,09:57:59,COMPLETED,0,1
79KWH,8,3,FULL,13-06-2025,09:56:34,13-06-2025,09:57:09,13-06-2025,10:00:36,COMPLETED,0,1
79KWH,8,2,FULL,13-06-2025,09:56:45,13-06-2025,09:56:59,13-06-2025,09:58:32,COMPLETED,0,1
79KWH,8,1,FULL,13-06-2025,09:58:19,13-06-2025,09:58:22,13-06-2025,09:59:38,COMPLETED,0,1
79KWH,8,2,FULL,13-06-2025,09:59:49,13-06-2025,09:59:57,13-06-2025,10:01:26,COMPLETED,0,1
79KWH,8,3,FULL,13-06-2025,10:00:43,13-06-2025,10:00:59,13-06-2025,10:04:10,COMPLETED,0,1
79KWH,8,1,FULL,13-06-2025,10:01:18,13-06-2025,10:01:33,13-06-2025,10:02:54,COMPLETED,0,1
79KWH,8,2,FULL,13-06-2025,10:02:46,13-06-2025,10:02:50,13-06-2025,10:04:22,COMPLETED,0,1
79KWH,8,3,FULL,13-06-2025,10:04:16,13-06-2025,10:04:33,13-06-2025,10:07:35,COMPLETED,0,1
79KWH,8,1,FULL,13-06-2025,10:04:22,13-06-2025,10:04:27,13-06-2025,10:05:43,COMPLETED,0,1
79KWH,8,2,FULL,13-06-2025,10:05:52,13-06-2025,10:06:01,13-06-2025,10:07:29,COMPLETED,0,1
79KWH,8,1,FULL,13-06-2025,10:07:19,13-06-2025,10:07:38,13-06-2025,10:08:59,COMPLETED,0,1
79KWH,8,3,FULL,13-06-2025,10:07:42,13-06-2025,10:07:58,13-06-2025,10:11:03,COMPLETED,0,1
79KWH,8,2,FULL,13-06-2025,10:08:47,13-06-2025,10:08:54,13-06-2025,10:10:28,COMPLETED,0,1
79KWH,8,1,FULL,13-06-2025,10:10:23,13-06-2025,10:10:31,13-06-2025,10:11:47,COMPLETED,0,1
79KWH,8,3,FULL,13-06-2025,10:11:09,13-06-2025,10:11:26,13-06-2025,10:14:35,COMPLETED,0,1
79KWH,8,2,FULL,13-06-2025,10:11:53,13-06-2025,10:12:07,13-06-2025,10:13:36,COMPLETED,0,1
79KWH,8,1,FULL,13-06-2025,10:13:21,13-06-2025,10:13:43,13-06-2025,10:15:05,COMPLETED,0,1
79KWH,8,3,FULL,13-06-2025,10:14:41,13-06-2025,10:14:58,13-06-2025,10:18:00,COMPLETED,0,1
79KWH,8,2,FULL,13-06-2025,10:14:49,13-06-2025,10:15:01,13-06-2025,10:16:33,COMPLETED,0,1
79KWH,8,1,FULL,13-06-2025,10:16:24,13-06-2025,10:17:26,13-06-2025,10:19:43,COMPLETED,0,1
79KWH,8,2,FULL,13-06-2025,10:17:53,13-06-2025,10:18:59,13-06-2025,10:21:25,COMPLETED,0,1
79KWH,8,3,FULL,13-06-2025,10:18:06,13-06-2025,10:19:54,13-06-2025,10:23:14,COMPLETED,0,1
79KWH,8,1,FULL,13-06-2025,10:19:48,13-06-2025,10:22:08,13-06-2025,10:24:29,COMPLETED,0,1
79KWH,8,2,FULL,13-06-2025,10:21:32,13-06-2025,10:23:43,13-06-2025,10:26:10,COMPLETED,0,1
79KWH,8,3,FULL,13-06-2025,10:23:20,13-06-2025,10:23:37,13-06-2025,10:26:45,COMPLETED,0,1
79KWH,8,1,FULL,13-06-2025,10:24:34,13-06-2025,10:24:52,13-06-2025,10:26:09,COMPLETED,0,1
79KWH,8,1,FULL,13-06-2025,10:26:14,13-06-2025,10:26:32,13-06-2025,10:27:54,COMPLETED,0,1
79KWH,8,2,FULL,13-06-2025,10:26:17,13-06-2025,10:28:34,13-06-2025,10:31:00,COMPLETED,0,1
79KWH,8,3,FULL,13-06-2025,10:26:52,13-06-2025,10:27:08,13-06-2025,10:30:13,COMPLETED,0,1
79KWH,8,1,FULL,13-06-2025,10:28:27,13-06-2025,10:28:40,13-06-2025,10:29:58,COMPLETED,0,1
79KWH,8,3,FULL,13-06-2025,10:30:19,13-06-2025,10:30:35,13-06-2025,10:33:42,COMPLETED,0,1
79KWH,8,1,FULL,13-06-2025,10:30:27,13-06-2025,10:30:44,13-06-2025,10:32:07,COMPLETED,0,1
79KWH,8,2,FULL,13-06-2025,10:31:06,13-06-2025,10:31:14,13-06-2025,10:32:46,COMPLETED,0,1
79KWH,8,2,FULL,13-06-2025,10:32:53,13-06-2025,10:32:59,13-06-2025,10:34:28,COMPLETED,0,1
79KWH,8,1,FULL,13-06-2025,10:33:26,13-06-2025,10:33:39,13-06-2025,10:34:57,COMPLETED,0,1
79KWH,8,3,FULL,13-06-2025,10:33:47,13-06-2025,10:34:05,13-06-2025,10:37:03,COMPLETED,0,1
79KWH,8,2,FULL,13-06-2025,10:34:54,13-06-2025,10:34:55,13-06-2025,10:36:29,COMPLETED,0,1
79KWH,8,1,FULL,13-06-2025,10:36:28,13-06-2025,10:36:30,13-06-2025,10:37:53,COMPLETED,0,1
79KWH,8,3,FULL,13-06-2025,10:37:10,13-06-2025,10:37:26,13-06-2025,10:40:37,COMPLETED,0,1
79KWH,8,2,FULL,13-06-2025,10:37:58,13-06-2025,10:38:08,13-06-2025,10:39:39,COMPLETED,0,1
79KWH,8,1,FULL,13-06-2025,10:39:27,13-06-2025,10:39:48,13-06-2025,10:41:07,COMPLETED,0,1
79KWH,8,3,FULL,13-06-2025,10:40:44,13-06-2025,10:41:00,13-06-2025,10:44:08,COMPLETED,0,1
79KWH,8,2,FULL,13-06-2025,10:41:03,13-06-2025,10:41:04,13-06-2025,10:42:39,COMPLETED,0,1
79KWH,8,1,FULL,13-06-2025,10:42:39,13-06-2025,10:42:39,13-06-2025,10:44:03,COMPLETED,0,1
79KWH,8,2,FULL,13-06-2025,10:44:09,13-06-2025,10:44:18,13-06-2025,10:45:50,COMPLETED,0,1
79KWH,8,3,FULL,13-06-2025,10:44:16,13-06-2025,10:44:32,13-06-2025,10:47:32,COMPLETED,0,1
79KWH,8,1,FULL,13-06-2025,10:45:36,13-06-2025,10:45:37,13-06-2025,10:46:58,COMPLETED,0,1
79KWH,8,2,FULL,13-06-2025,10:47:07,13-06-2025,10:47:15,13-06-2025,10:48:50,COMPLETED,0,1
79KWH,8,3,FULL,13-06-2025,10:47:38,13-06-2025,10:47:55,13-06-2025,10:51:04,COMPLETED,0,1
79KWH,8,1,FULL,13-06-2025,10:48:46,13-06-2025,10:48:54,13-06-2025,10:50:20,COMPLETED,0,1
79KWH,8,2,FULL,13-06-2025,10:50:07,13-06-2025,10:52:02,13-06-2025,10:54:32,COMPLETED,0,1
79KWH,8,3,FULL,13-06-2025,10:51:10,13-06-2025,10:52:55,13-06-2025,10:56:23,COMPLETED,0,1
79KWH,8,1,FULL,13-06-2025,10:51:37,13-06-2025,10:52:38,13-06-2025,10:55:02,COMPLETED,0,1
79KWH,8,2,FULL,13-06-2025,10:54:38,13-06-2025,10:54:45,13-06-2025,10:56:22,COMPLETED,0,1
79KWH,8,1,FULL,13-06-2025,10:55:07,13-06-2025,10:57:23,13-06-2025,10:59:51,COMPLETED,0,1
79KWH,8,2,FULL,13-06-2025,10:56:29,13-06-2025,10:56:36,13-06-2025,10:58:11,COMPLETED,0,1
79KWH,8,3,FULL,13-06-2025,10:56:29,13-06-2025,10:58:15,13-06-2025,11:01:46,COMPLETED,0,1
79KWH,8,2,FULL,13-06-2025,10:59:09,13-06-2025,10:59:22,13-06-2025,11:01:00,COMPLETED,0,1
79KWH,8,1,FULL,13-06-2025,10:59:56,13-06-2025,11:00:14,13-06-2025,11:01:38,COMPLETED,0,1
79KWH,8,2,FULL,13-06-2025,11:01:25,13-06-2025,11:01:28,13-06-2025,11:03:04,COMPLETED,0,1
79KWH,8,1,FULL,13-06-2025,11:01:44,13-06-2025,11:02:01,13-06-2025,11:03:31,COMPLETED,0,1
79KWH,8,3,FULL,13-06-2025,11:01:53,13-06-2025,11:02:08,13-06-2025,11:05:23,COMPLETED,0,1
79KWH,8,1,FULL,13-06-2025,11:03:36,13-06-2025,11:03:54,13-06-2025,11:05:19,COMPLETED,0,1
79KWH,8,2,FULL,13-06-2025,11:04:41,13-06-2025,11:04:42,13-06-2025,11:06:22,COMPLETED,0,1
79KWH,8,3,FULL,13-06-2025,11:05:29,13-06-2025,11:05:46,13-06-2025,11:08:49,COMPLETED,0,1
79KWH,8,1,FULL,13-06-2025,11:06:08,13-06-2025,11:06:29,13-06-2025,11:07:59,COMPLETED,0,1
79KWH,8,2,FULL,13-06-2025,11:07:38,13-06-2025,11:07:46,13-06-2025,11:09:23,COMPLETED,0,1
79KWH,8,3,FULL,13-06-2025,11:08:56,13-06-2025,11:09:12,13-06-2025,11:12:27,COMPLETED,0,1
79KWH,8,1,FULL,13-06-2025,11:09:12,13-06-2025,11:09:31,13-06-2025,11:10:58,COMPLETED,0,1
79KWH,8,2,FULL,13-06-2025,11:10:45,13-06-2025,11:10:48,13-06-2025,11:12:30,COMPLETED,0,1
79KWH,8,1,FULL,13-06-2025,11:12:08,13-06-2025,11:12:31,13-06-2025,11:14:02,COMPLETED,0,1
79KWH,8,3,FULL,13-06-2025,11:12:35,13-06-2025,11:12:50,13-06-2025,11:16:03,COMPLETED,0,1
79KWH,8,2,FULL,13-06-2025,11:13:39,13-06-2025,11:13:41,13-06-2025,11:15:19,COMPLETED,0,1
79KWH,8,1,FULL,13-06-2025,11:15:11,13-06-2025,11:15:12,13-06-2025,11:16:44,COMPLETED,0,1
79KWH,8,2,FULL,13-06-2025,11:15:55,13-06-2025,11:16:00,13-06-2025,11:17:43,COMPLETED,0,1
79KWH,8,3,FULL,13-06-2025,11:16:09,13-06-2025,11:16:26,13-06-2025,11:19:43,COMPLETED,0,1
79KWH,8,1,FULL,13-06-2025,11:17:13,13-06-2025,11:18:59,13-06-2025,11:21:26,COMPLETED,0,1
79KWH,8,2,FULL,13-06-2025,11:18:42,13-06-2025,11:20:01,13-06-2025,11:22:33,COMPLETED,0,1
79KWH,8,3,FULL,13-06-2025,11:19:49,13-06-2025,11:21:28,13-06-2025,11:24:56,COMPLETED,0,1
79KWH,8,1,FULL,13-06-2025,11:21:31,13-06-2025,11:23:45,13-06-2025,11:26:08,COMPLETED,0,1
79KWH,8,2,FULL,13-06-2025,11:22:39,13-06-2025,11:24:47,13-06-2025,11:27:26,COMPLETED,0,1
79KWH,8,3,FULL,13-06-2025,11:25:02,13-06-2025,11:25:19,13-06-2025,11:28:36,COMPLETED,0,1
79KWH,8,1,FULL,13-06-2025,11:26:13,13-06-2025,11:27:53,13-06-2025,11:29:55,COMPLETED,0,1
79KWH,8,2,FULL,13-06-2025,11:27:32,13-06-2025,11:27:40,13-06-2025,11:29:21,COMPLETED,0,1
79KWH,8,3,FULL,13-06-2025,11:28:43,13-06-2025,11:30:28,13-06-2025,11:33:54,COMPLETED,0,1
79KWH,8,2,FULL,13-06-2025,11:29:27,13-06-2025,11:31:36,13-06-2025,11:34:14,COMPLETED,0,1
79KWH,8,1,FULL,13-06-2025,11:30:00,13-06-2025,11:32:13,13-06-2025,11:34:39,COMPLETED,0,1
79KWH,8,3,FULL,13-06-2025,11:34:00,13-06-2025,11:35:40,13-06-2025,11:39:10,COMPLETED,0,1
79KWH,8,2,FULL,13-06-2025,11:34:20,13-06-2025,11:36:10,13-06-2025,11:38:23,COMPLETED,0,1
79KWH,8,1,FULL,13-06-2025,11:34:45,13-06-2025,11:36:31,13-06-2025,11:38:29,COMPLETED,0,1
79KWH,8,1,FULL,13-06-2025,11:38:35,13-06-2025,11:38:52,13-06-2025,11:40:23,COMPLETED,0,1
79KWH,8,3,FULL,13-06-2025,11:39:17,13-06-2025,11:39:33,13-06-2025,11:42:42,COMPLETED,0,1
79KWH,8,1,FULL,13-06-2025,11:40:27,13-06-2025,11:40:45,13-06-2025,11:42:23,COMPLETED,0,1
79KWH,8,3,FULL,13-06-2025,11:42:49,13-06-2025,11:43:05,13-06-2025,11:46:25,COMPLETED,0,1
79KWH,8,3,FULL,13-06-2025,11:46:30,13-06-2025,11:46:47,13-06-2025,11:50:06,COMPLETED,0,1
79KWH,8,3,FULL,13-06-2025,11:50:12,13-06-2025,11:50:28,13-06-2025,11:53:43,COMPLETED,0,1
79KWH,8,3,FULL,13-06-2025,12:37:21,13-06-2025,12:37:22,13-06-2025,12:40:53,COMPLETED,0,1
79KWH,8,2,FULL,13-06-2025,12:37:31,13-06-2025,12:37:33,13-06-2025,12:40:11,COMPLETED,0,1
79KWH,8,1,FULL,13-06-2025,12:39:06,13-06-2025,12:40:31,13-06-2025,12:42:57,COMPLETED,0,1
79KWH,8,2,FULL,13-06-2025,12:40:35,13-06-2025,12:42:58,13-06-2025,12:45:32,COMPLETED,0,1
79KWH,8,3,FULL,13-06-2025,12:41:00,13-06-2025,12:42:38,13-06-2025,12:46:11,COMPLETED,0,1
79KWH,8,1,FULL,13-06-2025,12:43:02,13-06-2025,12:45:46,13-06-2025,12:48:16,COMPLETED,0,1
79KWH,8,2,FULL,13-06-2025,12:45:38,13-06-2025,12:45:46,13-06-2025,12:47:35,COMPLETED,0,1
79KWH,8,3,FULL,13-06-2025,12:46:18,13-06-2025,12:48:00,13-06-2025,12:51:22,COMPLETED,0,1
79KWH,8,2,FULL,13-06-2025,12:47:42,13-06-2025,12:47:50,13-06-2025,12:49:36,COMPLETED,0,1
79KWH,8,1,FULL,13-06-2025,12:48:21,13-06-2025,12:48:40,13-06-2025,12:50:18,COMPLETED,0,1
79KWH,8,2,FULL,13-06-2025,12:49:43,13-06-2025,12:49:50,13-06-2025,12:51:41,COMPLETED,0,1
79KWH,8,1,FULL,13-06-2025,12:50:23,13-06-2025,12:50:41,13-06-2025,12:52:21,COMPLETED,0,1
79KWH,8,3,FULL,13-06-2025,12:51:29,13-06-2025,12:51:45,13-06-2025,12:55:03,COMPLETED,0,1
79KWH,8,1,FULL,13-06-2025,12:52:26,13-06-2025,12:52:44,13-06-2025,12:54:19,COMPLETED,0,1
79KWH,8,2,FULL,13-06-2025,12:52:38,13-06-2025,12:52:51,13-06-2025,12:54:41,COMPLETED,0,1
79KWH,8,1,FULL,13-06-2025,12:54:24,13-06-2025,12:57:01,13-06-2025,12:59:33,COMPLETED,0,1
79KWH,8,2,FULL,13-06-2025,12:54:47,13-06-2025,12:57:31,13-06-2025,13:00:14,COMPLETED,0,1
79KWH,8,3,FULL,13-06-2025,12:55:10,13-06-2025,13:13:14,13-06-2025,13:15:32,COMPLETED,0,1
79KWH,8,1,FULL,13-06-2025,12:59:38,13-06-2025,12:59:56,13-06-2025,13:01:33,COMPLETED,0,1
79KWH,8,2,FULL,13-06-2025,13:00:20,13-06-2025,13:03:01,13-06-2025,13:05:38,COMPLETED,0,1
79KWH,8,1,FULL,13-06-2025,13:01:39,13-06-2025,13:01:57,13-06-2025,13:03:39,COMPLETED,0,1
79KWH,8,1,FULL,13-06-2025,13:03:44,13-06-2025,13:04:01,13-06-2025,13:05:40,COMPLETED,0,1
79KWH,8,2,FULL,13-06-2025,13:05:45,13-06-2025,13:05:52,13-06-2025,13:07:45,COMPLETED,0,1
79KWH,8,1,FULL,13-06-2025,13:05:46,13-06-2025,13:06:03,13-06-2025,13:07:46,COMPLETED,0,1
79KWH,8,1,FULL,13-06-2025,13:07:51,13-06-2025,13:08:09,13-06-2025,13:09:47,COMPLETED,0,1
79KWH,8,1,FULL,13-06-2025,13:09:52,13-06-2025,13:10:10,13-06-2025,13:11:53,COMPLETED,0,1
79KWH,8,2,FULL,13-06-2025,13:10:15,13-06-2025,13:10:23,13-06-2025,13:12:13,COMPLETED,0,1
79KWH,8,1,FULL,13-06-2025,13:11:58,13-06-2025,13:14:42,13-06-2025,13:17:11,COMPLETED,0,1
79KWH,8,2,FULL,13-06-2025,13:12:18,13-06-2025,13:15:04,13-06-2025,13:17:46,COMPLETED,0,1
79KWH,8,3,FULL,13-06-2025,13:15:39,13-06-2025,13:17:20,13-06-2025,13:20:46,COMPLETED,0,1
79KWH,8,1,FULL,13-06-2025,13:17:16,13-06-2025,13:19:54,13-06-2025,13:22:29,COMPLETED,0,1
79KWH,8,2,FULL,13-06-2025,13:17:52,13-06-2025,13:18:00,13-06-2025,13:19:51,COMPLETED,0,1
79KWH,8,2,FULL,13-06-2025,13:20:11,13-06-2025,15:07:15,13-06-2025,15:08:48,COMPLETED,0,1
79KWH,8,1,FULL,13-06-2025,13:22:33,13-06-2025,13:22:52,13-06-2025,13:24:35,COMPLETED,0,1
79KWH,8,3,FULL,13-06-2025,13:23:11,13-06-2025,13:24:38,13-06-2025,13:28:02,COMPLETED,0,1
79KWH,8,1,FULL,13-06-2025,13:24:40,13-06-2025,13:24:57,13-06-2025,13:26:43,COMPLETED,0,1
79KWH,8,1,FULL,13-06-2025,13:26:48,13-06-2025,13:27:06,13-06-2025,13:28:50,COMPLETED,0,1
79KWH,8,3,FULL,13-06-2025,13:28:09,13-06-2025,13:29:53,13-06-2025,13:33:22,COMPLETED,0,1
79KWH,8,1,FULL,13-06-2025,13:28:54,13-06-2025,13:29:13,13-06-2025,13:31:01,COMPLETED,0,1
79KWH,8,1,FULL,13-06-2025,13:31:05,13-06-2025,13:31:23,13-06-2025,13:33:07,COMPLETED,0,1
79KWH,8,1,FULL,13-06-2025,13:33:13,13-06-2025,13:33:30,13-06-2025,13:35:20,COMPLETED,0,1
79KWH,8,3,FULL,13-06-2025,13:33:28,13-06-2025,13:33:44,13-06-2025,13:37:02,COMPLETED,0,1
79KWH,8,1,FULL,13-06-2025,13:35:25,13-06-2025,13:35:43,13-06-2025,13:37:29,COMPLETED,0,1
79KWH,8,3,FULL,13-06-2025,13:37:09,13-06-2025,13:37:25,13-06-2025,13:40:48,COMPLETED,0,1
79KWH,8,1,FULL,13-06-2025,13:37:33,13-06-2025,13:37:52,13-06-2025,13:39:42,COMPLETED,0,1
79KWH,8,1,FULL,13-06-2025,13:39:47,13-06-2025,13:40:05,13-06-2025,13:41:52,COMPLETED,0,1
79KWH,8,3,FULL,13-06-2025,13:40:54,13-06-2025,13:41:10,13-06-2025,13:44:43,COMPLETED,0,1
79KWH,8,1,FULL,13-06-2025,13:41:57,13-06-2025,13:44:43,13-06-2025,13:47:21,COMPLETED,0,1
79KWH,8,3,FULL,13-06-2025,13:44:51,13-06-2025,13:46:28,13-06-2025,13:49:58,COMPLETED,0,1
79KWH,8,1,FULL,13-06-2025,13:47:25,13-06-2025,13:50:08,13-06-2025,13:52:42,COMPLETED,0,1
79KWH,8,3,FULL,13-06-2025,13:50:03,13-06-2025,13:50:21,13-06-2025,13:53:44,COMPLETED,0,1
79KWH,8,1,FULL,13-06-2025,13:52:47,13-06-2025,13:53:05,13-06-2025,13:54:58,COMPLETED,0,1
79KWH,8,3,FULL,13-06-2025,13:53:50,13-06-2025,13:54:07,13-06-2025,13:57:30,COMPLETED,0,1
79KWH,8,1,FULL,13-06-2025,13:55:04,13-06-2025,13:55:21,13-06-2025,13:57:09,COMPLETED,0,1
79KWH,8,1,FULL,13-06-2025,13:57:15,13-06-2025,13:57:33,13-06-2025,13:59:27,COMPLETED,0,1
79KWH,8,3,FULL,13-06-2025,13:57:38,13-06-2025,13:57:52,13-06-2025,14:01:16,COMPLETED,0,1
79KWH,8,1,FULL,13-06-2025,13:59:32,13-06-2025,13:59:50,13-06-2025,14:01:41,COMPLETED,0,1
79KWH,8,3,FULL,13-06-2025,14:01:23,13-06-2025,14:01:38,13-06-2025,14:05:04,COMPLETED,0,1
79KWH,8,1,FULL,13-06-2025,14:01:46,13-06-2025,14:02:05,13-06-2025,14:03:59,COMPLETED,0,1
79KWH,8,1,FULL,13-06-2025,14:18:06,13-06-2025,14:18:26,13-06-2025,14:21:02,COMPLETED,0,1
79KWH,8,1,FULL,13-06-2025,14:21:07,13-06-2025,14:21:25,13-06-2025,14:23:23,COMPLETED,0,1
79KWH,8,1,FULL,13-06-2025,14:47:30,13-06-2025,14:47:44,13-06-2025,14:49:38,COMPLETED,0,1
79KWH,8,3,FULL,13-06-2025,14:49:17,13-06-2025,14:49:21,13-06-2025,14:52:48,COMPLETED,0,1
79KWH,8,1,FULL,13-06-2025,14:49:43,13-06-2025,14:50:01,13-06-2025,14:51:59,COMPLETED,0,1
79KWH,8,1,FULL,13-06-2025,14:52:04,13-06-2025,14:54:47,13-06-2025,14:57:22,COMPLETED,0,1
79KWH,8,3,FULL,13-06-2025,14:52:56,13-06-2025,14:54:38,13-06-2025,14:58:08,COMPLETED,0,1
79KWH,8,1,FULL,13-06-2025,14:57:27,13-06-2025,15:00:15,13-06-2025,15:02:56,COMPLETED,0,1
79KWH,8,3,FULL,13-06-2025,14:58:15,13-06-2025,14:59:55,13-06-2025,15:03:29,COMPLETED,0,1
79KWH,8,1,FULL,13-06-2025,15:03:01,13-06-2025,15:03:19,13-06-2025,15:05:16,COMPLETED,0,1
79KWH,8,3,FULL,13-06-2025,15:03:40,13-06-2025,15:05:19,13-06-2025,00:00:00,ABORT,0,1
79KWH,8,1,FULL,13-06-2025,15:05:21,13-06-2025,15:05:40,13-06-2025,15:07:41,COMPLETED,0,1
79KWH,8,1,FULL,13-06-2025,15:07:46,13-06-2025,15:08:04,13-06-2025,15:10:01,COMPLETED,0,1
79KWH,8,2,FULL,13-06-2025,15:08:55,13-06-2025,15:11:36,13-06-2025,15:14:16,COMPLETED,0,1
79KWH,8,1,FULL,13-06-2025,15:10:06,13-06-2025,15:10:24,13-06-2025,15:12:26,COMPLETED,0,1
79KWH,8,1,FULL,13-06-2025,15:12:31,13-06-2025,15:12:49,13-06-2025,15:14:53,COMPLETED,0,1
79KWH,8,2,FULL,13-06-2025,15:14:21,13-06-2025,15:17:09,13-06-2025,15:19:54,COMPLETED,0,1
79KWH,8,1,FULL,13-06-2025,15:14:58,13-06-2025,15:15:16,13-06-2025,15:17:20,COMPLETED,0,1
79KWH,8,1,FULL,13-06-2025,15:17:25,13-06-2025,15:17:43,13-06-2025,15:19:45,COMPLETED,0,1
79KWH,8,1,FULL,13-06-2025,15:19:50,13-06-2025,15:22:33,13-06-2025,15:25:17,COMPLETED,0,1
79KWH,8,1,FULL,13-06-2025,15:25:22,13-06-2025,15:28:11,13-06-2025,15:30:50,COMPLETED,0,1
79KWH,8,1,FULL,13-06-2025,15:42:04,13-06-2025,15:42:17,13-06-2025,15:45:01,COMPLETED,0,1
79KWH,8,2,FULL,13-06-2025,15:42:30,13-06-2025,15:42:43,13-06-2025,15:45:24,COMPLETED,0,1
79KWH,8,1,FULL,13-06-2025,15:45:06,13-06-2025,15:45:24,13-06-2025,15:47:28,COMPLETED,0,1
79KWH,8,2,FULL,13-06-2025,15:45:29,13-06-2025,15:45:37,13-06-2025,15:47:37,COMPLETED,0,1
79KWH,8,1,FULL,13-06-2025,15:47:33,13-06-2025,15:47:51,13-06-2025,15:49:59,COMPLETED,0,1
79KWH,8,2,FULL,13-06-2025,15:47:43,13-06-2025,15:47:51,13-06-2025,15:49:47,COMPLETED,0,1
79KWH,8,2,FULL,13-06-2025,15:49:53,13-06-2025,15:50:01,13-06-2025,15:52:01,COMPLETED,0,1
79KWH,8,1,FULL,13-06-2025,15:50:04,13-06-2025,15:50:22,13-06-2025,15:52:27,COMPLETED,0,1
79KWH,8,2,FULL,13-06-2025,15:52:07,13-06-2025,15:52:15,13-06-2025,15:54:10,COMPLETED,0,1
79KWH,8,1,FULL,13-06-2025,15:52:32,13-06-2025,15:52:51,13-06-2025,15:54:59,COMPLETED,0,1
79KWH,8,2,FULL,13-06-2025,15:54:18,13-06-2025,15:54:24,13-06-2025,15:56:25,COMPLETED,0,1
79KWH,8,1,FULL,13-06-2025,15:55:04,13-06-2025,15:55:22,13-06-2025,15:57:29,COMPLETED,0,1
79KWH,8,2,FULL,13-06-2025,15:56:30,13-06-2025,15:56:39,13-06-2025,15:58:36,COMPLETED,0,1
79KWH,8,1,FULL,13-06-2025,15:57:34,13-06-2025,15:57:52,13-06-2025,16:00:03,COMPLETED,0,1
79KWH,8,2,FULL,13-06-2025,15:58:42,13-06-2025,15:58:50,13-06-2025,16:00:54,COMPLETED,0,1
79KWH,8,1,FULL,13-06-2025,16:00:08,13-06-2025,16:00:26,13-06-2025,16:02:32,COMPLETED,0,1
79KWH,8,2,FULL,13-06-2025,16:00:59,13-06-2025,16:01:08,13-06-2025,16:03:08,COMPLETED,0,1
79KWH,8,1,FULL,13-06-2025,16:02:37,13-06-2025,16:02:55,13-06-2025,16:05:10,COMPLETED,0,1
79KWH,8,2,FULL,13-06-2025,16:03:15,13-06-2025,16:03:22,13-06-2025,16:05:25,COMPLETED,0,1
79KWH,8,1,FULL,13-06-2025,16:05:14,13-06-2025,16:05:32,13-06-2025,16:07:41,COMPLETED,0,1
79KWH,8,2,FULL,13-06-2025,16:05:32,13-06-2025,16:05:39,13-06-2025,16:07:38,COMPLETED,0,1
79KWH,8,2,FULL,13-06-2025,16:07:44,13-06-2025,16:07:52,13-06-2025,16:09:55,COMPLETED,0,1
79KWH,8,1,FULL,13-06-2025,16:07:46,13-06-2025,16:08:04,13-06-2025,16:10:17,COMPLETED,0,1
79KWH,8,2,FULL,13-06-2025,16:10:02,13-06-2025,16:10:09,13-06-2025,16:12:11,COMPLETED,0,1
79KWH,8,1,FULL,13-06-2025,16:10:22,13-06-2025,16:10:40,13-06-2025,16:12:50,COMPLETED,0,1
79KWH,8,2,FULL,13-06-2025,16:12:18,13-06-2025,16:12:26,13-06-2025,16:14:33,COMPLETED,0,1
79KWH,8,1,FULL,13-06-2025,16:12:55,13-06-2025,16:13:14,13-06-2025,16:15:30,COMPLETED,0,1
79KWH,8,2,FULL,13-06-2025,16:14:39,13-06-2025,16:14:47,13-06-2025,16:16:50,COMPLETED,0,1
79KWH,8,1,FULL,13-06-2025,16:15:35,13-06-2025,16:15:53,13-06-2025,16:18:06,COMPLETED,0,1
79KWH,8,2,FULL,13-06-2025,16:16:57,13-06-2025,16:17:04,13-06-2025,16:19:13,COMPLETED,0,1
79KWH,8,1,FULL,13-06-2025,16:18:13,13-06-2025,16:20:04,13-06-2025,16:22:54,COMPLETED,0,1
79KWH,8,2,FULL,13-06-2025,16:19:21,13-06-2025,16:22:15,13-06-2025,16:25:00,COMPLETED,0,1
79KWH,8,1,FULL,13-06-2025,16:23:00,13-06-2025,16:25:10,13-06-2025,16:27:55,COMPLETED,0,1
79KWH,8,2,FULL,13-06-2025,16:25:06,13-06-2025,16:27:49,13-06-2025,16:30:39,COMPLETED,0,1
79KWH,8,1,FULL,13-06-2025,16:28:00,13-06-2025,16:28:18,13-06-2025,16:30:36,COMPLETED,0,1
79KWH,8,1,FULL,13-06-2025,16:30:42,13-06-2025,16:30:59,13-06-2025,16:33:13,COMPLETED,0,1
79KWH,8,2,FULL,13-06-2025,16:30:44,13-06-2025,16:30:53,13-06-2025,16:32:59,COMPLETED,0,1
79KWH,8,2,FULL,13-06-2025,16:33:05,13-06-2025,16:33:13,13-06-2025,16:35:24,COMPLETED,0,1
79KWH,8,1,FULL,13-06-2025,16:33:18,13-06-2025,16:33:36,13-06-2025,16:35:54,COMPLETED,0,1
79KWH,8,2,FULL,13-06-2025,16:35:31,13-06-2025,16:35:39,13-06-2025,16:37:47,COMPLETED,0,1
79KWH,8,1,FULL,13-06-2025,16:35:59,13-06-2025,16:36:17,13-06-2025,16:38:33,COMPLETED,0,1
79KWH,8,2,FULL,13-06-2025,16:37:53,13-06-2025,16:38:00,13-06-2025,16:40:12,COMPLETED,0,1
79KWH,8,1,FULL,13-06-2025,16:38:39,13-06-2025,16:38:57,13-06-2025,16:41:23,COMPLETED,0,1
79KWH,8,2,FULL,13-06-2025,16:40:19,13-06-2025,16:40:25,13-06-2025,16:42:35,COMPLETED,0,1
79KWH,8,1,FULL,13-06-2025,16:41:29,13-06-2025,16:41:47,13-06-2025,16:44:04,COMPLETED,0,1
79KWH,8,2,FULL,13-06-2025,16:42:40,13-06-2025,16:42:49,13-06-2025,16:45:02,COMPLETED,0,1
79KWH,8,1,FULL,13-06-2025,16:44:09,13-06-2025,16:44:27,13-06-2025,16:46:50,COMPLETED,0,1
79KWH,8,2,FULL,13-06-2025,16:45:07,13-06-2025,16:45:16,13-06-2025,16:47:26,COMPLETED,0,1
79KWH,8,1,FULL,13-06-2025,16:46:56,13-06-2025,16:47:12,13-06-2025,16:49:31,COMPLETED,0,1
79KWH,8,2,FULL,13-06-2025,16:47:36,13-06-2025,16:47:40,13-06-2025,16:49:55,COMPLETED,0,1
79KWH,8,1,FULL,13-06-2025,16:49:36,13-06-2025,16:49:55,13-06-2025,16:52:19,COMPLETED,0,1
79KWH,8,2,FULL,13-06-2025,16:50:00,13-06-2025,16:50:10,13-06-2025,16:52:22,COMPLETED,0,1
79KWH,8,1,FULL,13-06-2025,16:52:24,13-06-2025,16:54:18,13-06-2025,16:57:06,COMPLETED,0,1
79KWH,8,2,FULL,13-06-2025,16:52:28,13-06-2025,16:55:17,13-06-2025,16:58:12,COMPLETED,0,1
79KWH,8,3,FULL,13-06-2025,16:53:56,13-06-2025,17:02:01,13-06-2025,17:04:30,COMPLETED,0,1
79KWH,8,1,FULL,13-06-2025,16:57:11,13-06-2025,16:59:08,13-06-2025,17:02:02,COMPLETED,0,1
79KWH,8,2,FULL,13-06-2025,16:58:18,13-06-2025,16:58:26,13-06-2025,17:00:40,COMPLETED,0,1
79KWH,8,2,FULL,13-06-2025,17:00:45,13-06-2025,17:00:53,13-06-2025,17:03:10,COMPLETED,0,1
79KWH,8,1,FULL,13-06-2025,17:02:07,13-06-2025,17:02:25,13-06-2025,17:04:45,COMPLETED,0,1
79KWH,8,2,FULL,13-06-2025,17:03:17,13-06-2025,17:03:23,13-06-2025,17:05:38,COMPLETED,0,1
79KWH,8,3,FULL,13-06-2025,17:04:37,13-06-2025,17:06:18,13-06-2025,17:09:47,COMPLETED,0,1
79KWH,8,1,FULL,13-06-2025,17:04:50,13-06-2025,17:05:08,13-06-2025,17:07:35,COMPLETED,0,1
79KWH,8,2,FULL,13-06-2025,17:05:45,13-06-2025,17:05:51,13-06-2025,17:08:10,COMPLETED,0,1
79KWH,8,1,FULL,13-06-2025,17:07:47,13-06-2025,17:07:58,13-06-2025,17:10:21,COMPLETED,0,1
79KWH,8,2,FULL,13-06-2025,17:08:16,13-06-2025,17:08:24,13-06-2025,17:10:38,COMPLETED,0,1
79KWH,8,3,FULL,13-06-2025,17:09:54,13-06-2025,17:11:36,13-06-2025,17:15:16,COMPLETED,0,1
79KWH,8,1,FULL,13-06-2025,17:10:27,13-06-2025,17:10:44,13-06-2025,17:13:09,COMPLETED,0,1
79KWH,8,2,FULL,13-06-2025,17:10:45,13-06-2025,17:10:52,13-06-2025,17:13:13,COMPLETED,0,1
79KWH,8,1,FULL,13-06-2025,17:13:14,13-06-2025,17:13:32,13-06-2025,17:16:01,COMPLETED,0,1
79KWH,8,2,FULL,13-06-2025,17:13:20,13-06-2025,17:13:32,13-06-2025,17:15:50,COMPLETED,0,1
79KWH,8,3,FULL,13-06-2025,17:15:27,13-06-2025,17:41:20,13-06-2025,17:42:39,COMPLETED,0,1
79KWH,8,2,FULL,13-06-2025,17:15:56,13-06-2025,17:16:03,13-06-2025,17:18:24,COMPLETED,0,1
79KWH,8,1,FULL,13-06-2025,17:16:06,13-06-2025,17:16:23,13-06-2025,17:18:52,COMPLETED,0,1
79KWH,8,2,FULL,13-06-2025,17:18:29,13-06-2025,17:18:38,13-06-2025,17:20:55,COMPLETED,0,1
79KWH,8,1,FULL,13-06-2025,17:18:57,13-06-2025,17:19:15,13-06-2025,17:21:46,COMPLETED,0,1
79KWH,8,2,FULL,13-06-2025,17:21:01,13-06-2025,17:21:09,13-06-2025,17:23:31,COMPLETED,0,1
79KWH,8,1,FULL,13-06-2025,17:21:51,13-06-2025,17:22:09,13-06-2025,17:24:36,COMPLETED,0,1
79KWH,8,2,FULL,13-06-2025,17:23:36,13-06-2025,17:23:45,13-06-2025,17:26:03,COMPLETED,0,1
79KWH,8,1,FULL,13-06-2025,17:24:41,13-06-2025,17:24:59,13-06-2025,17:27:30,COMPLETED,0,1
79KWH,8,2,FULL,13-06-2025,17:26:09,13-06-2025,17:26:17,13-06-2025,17:28:40,COMPLETED,0,1
79KWH,8,1,FULL,13-06-2025,17:27:35,13-06-2025,17:27:53,13-06-2025,17:30:20,COMPLETED,0,1
79KWH,8,2,FULL,13-06-2025,17:28:47,13-06-2025,17:30:19,13-06-2025,17:32:51,COMPLETED,0,1
79KWH,8,1,FULL,13-06-2025,17:30:26,13-06-2025,17:32:18,13-06-2025,17:35:14,COMPLETED,0,1
79KWH,8,2,FULL,13-06-2025,17:32:57,13-06-2025,17:34:50,13-06-2025,17:37:48,COMPLETED,0,1
79KWH,8,1,FULL,13-06-2025,17:35:20,13-06-2025,17:37:16,13-06-2025,17:40:09,COMPLETED,0,1
79KWH,8,2,FULL,13-06-2025,17:37:53,13-06-2025,17:39:34,13-06-2025,17:41:54,COMPLETED,0,1
79KWH,8,1,FULL,13-06-2025,17:40:14,13-06-2025,17:42:04,13-06-2025,17:45:05,COMPLETED,0,1
79KWH,8,2,FULL,13-06-2025,17:42:01,13-06-2025,17:42:08,13-06-2025,17:44:33,COMPLETED,0,1
79KWH,8,3,FULL,13-06-2025,17:42:50,13-06-2025,17:45:29,13-06-2025,17:47:52,COMPLETED,0,1
79KWH,8,2,FULL,13-06-2025,17:44:40,13-06-2025,17:46:42,13-06-2025,17:49:38,COMPLETED,0,1
79KWH,8,3,FULL,13-06-2025,17:48:02,13-06-2025,17:57:17,13-06-2025,17:59:45,COMPLETED,0,1
79KWH,8,3,FULL,13-06-2025,17:59:57,13-06-2025,18:00:08,13-06-2025,18:01:28,COMPLETED,0,1
79KWH,8,3,FULL,13-06-2025,18:01:40,13-06-2025,18:04:15,13-06-2025,18:07:28,COMPLETED,0,1
79KWH,8,3,FULL,13-06-2025,18:07:40,13-06-2025,18:10:21,13-06-2025,18:12:45,COMPLETED,0,1
79KWH,8,3,FULL,13-06-2025,18:12:57,13-06-2025,18:15:35,13-06-2025,18:18:02,COMPLETED,0,1
79KWH,8,2,FULL,13-06-2025,18:17:59,13-06-2025,18:18:06,13-06-2025,18:21:05,COMPLETED,0,1
79KWH,8,3,FULL,13-06-2025,18:18:13,13-06-2025,18:20:53,13-06-2025,18:23:17,COMPLETED,0,1
79KWH,8,1,FULL,13-06-2025,18:18:16,13-06-2025,18:18:24,13-06-2025,18:21:18,COMPLETED,0,1
79KWH,8,2,FULL,13-06-2025,18:21:11,13-06-2025,18:21:19,13-06-2025,18:23:43,COMPLETED,0,1
79KWH,8,1,FULL,13-06-2025,18:21:22,13-06-2025,18:21:41,13-06-2025,18:24:16,COMPLETED,0,1
79KWH,8,3,FULL,13-06-2025,18:23:28,13-06-2025,18:26:08,13-06-2025,18:28:36,COMPLETED,0,1
79KWH,8,2,FULL,13-06-2025,18:23:49,13-06-2025,18:23:57,13-06-2025,18:26:26,COMPLETED,0,1
79KWH,8,1,FULL,13-06-2025,18:24:21,13-06-2025,18:26:16,13-06-2025,18:29:09,COMPLETED,0,1
79KWH,8,2,FULL,13-06-2025,18:26:33,13-06-2025,18:28:25,13-06-2025,18:31:20,COMPLETED,0,1
79KWH,8,3,FULL,13-06-2025,18:28:47,13-06-2025,18:31:25,13-06-2025,18:33:49,COMPLETED,0,1
79KWH,8,1,FULL,13-06-2025,18:29:14,13-06-2025,18:31:01,13-06-2025,18:34:00,COMPLETED,0,1
79KWH,8,2,FULL,13-06-2025,18:31:25,13-06-2025,18:31:35,13-06-2025,18:34:04,COMPLETED,0,1
79KWH,8,3,FULL,13-06-2025,18:34:01,13-06-2025,18:36:31,13-06-2025,18:39:00,COMPLETED,0,1
79KWH,8,1,FULL,13-06-2025,18:34:05,13-06-2025,18:34:23,13-06-2025,18:36:57,COMPLETED,0,1
79KWH,8,1,FULL,13-06-2025,18:37:01,13-06-2025,18:38:54,13-06-2025,18:41:55,COMPLETED,0,1
79KWH,8,3,FULL,13-06-2025,18:39:11,13-06-2025,18:41:45,13-06-2025,18:44:11,COMPLETED,0,1
79KWH,8,1,FULL,13-06-2025,18:42:00,13-06-2025,18:42:18,13-06-2025,18:44:52,COMPLETED,0,1
79KWH,8,3,FULL,13-06-2025,18:44:22,13-06-2025,18:47:00,13-06-2025,18:49:32,COMPLETED,0,1
79KWH,8,1,FULL,13-06-2025,18:44:57,13-06-2025,18:45:15,13-06-2025,18:47:55,COMPLETED,0,1
79KWH,8,2,FULL,13-06-2025,18:49:34,13-06-2025,18:49:39,13-06-2025,18:52:35,COMPLETED,0,1
79KWH,8,3,FULL,13-06-2025,18:49:43,13-06-2025,18:49:54,13-06-2025,18:51:19,COMPLETED,0,1
79KWH,8,1,FULL,13-06-2025,18:51:10,13-06-2025,18:51:23,13-06-2025,18:54:03,COMPLETED,0,1
79KWH,8,3,FULL,13-06-2025,18:51:30,13-06-2025,18:51:41,13-06-2025,18:53:11,COMPLETED,0,1
79KWH,8,2,FULL,13-06-2025,18:52:41,13-06-2025,18:52:49,13-06-2025,18:55:19,COMPLETED,0,1
79KWH,8,3,FULL,13-06-2025,18:53:24,13-06-2025,18:53:34,13-06-2025,18:55:00,COMPLETED,0,1
79KWH,8,1,FULL,13-06-2025,18:54:08,13-06-2025,18:54:26,13-06-2025,18:57:06,COMPLETED,0,1
79KWH,8,3,FULL,13-06-2025,18:55:10,13-06-2025,18:55:23,13-06-2025,18:56:52,COMPLETED,0,1
79KWH,8,2,FULL,13-06-2025,18:55:37,13-06-2025,18:55:48,13-06-2025,18:58:16,COMPLETED,0,1
79KWH,8,3,FULL,13-06-2025,18:57:04,13-06-2025,18:57:15,13-06-2025,18:58:41,COMPLETED,0,1
79KWH,8,1,FULL,13-06-2025,18:57:11,13-06-2025,18:57:30,13-06-2025,19:00:05,COMPLETED,0,1
79KWH,8,2,FULL,13-06-2025,18:58:39,13-06-2025,18:58:45,13-06-2025,19:01:17,COMPLETED,0,1
79KWH,8,3,FULL,13-06-2025,18:58:52,13-06-2025,19:01:32,13-06-2025,19:04:08,COMPLETED,0,1
79KWH,8,1,FULL,13-06-2025,19:00:11,13-06-2025,19:01:58,13-06-2025,19:05:00,COMPLETED,0,1
79KWH,8,2,FULL,13-06-2025,19:01:39,13-06-2025,19:03:32,13-06-2025,19:06:30,COMPLETED,0,1
79KWH,8,3,FULL,13-06-2025,19:04:21,13-06-2025,19:06:56,13-06-2025,19:09:27,COMPLETED,0,1
79KWH,8,1,FULL,13-06-2025,19:05:05,13-06-2025,19:06:58,13-06-2025,19:14:49,COMPLETED,0,1
79KWH,8,3,FULL,13-06-2025,19:09:38,13-06-2025,19:09:51,13-06-2025,19:11:22,COMPLETED,0,1
79KWH,8,2,FULL,13-06-2025,19:12:42,13-06-2025,19:12:53,13-06-2025,19:15:28,COMPLETED,0,1
79KWH,8,3,FULL,13-06-2025,19:14:53,13-06-2025,19:15:13,13-06-2025,19:16:44,COMPLETED,0,1
79KWH,8,1,FULL,13-06-2025,19:14:53,13-06-2025,19:15:12,13-06-2025,19:17:54,COMPLETED,0,1
79KWH,8,2,FULL,13-06-2025,19:15:34,13-06-2025,19:15:42,13-06-2025,19:18:12,COMPLETED,0,1
79KWH,8,3,FULL,13-06-2025,19:17:30,13-06-2025,19:19:55,13-06-2025,19:22:31,COMPLETED,0,1
79KWH,8,1,FULL,13-06-2025,19:17:58,13-06-2025,19:19:47,13-06-2025,19:22:46,COMPLETED,0,1
79KWH,8,2,FULL,13-06-2025,19:18:20,13-06-2025,19:18:26,13-06-2025,19:21:00,COMPLETED,0,1
79KWH,8,2,FULL,13-06-2025,19:21:08,13-06-2025,19:22:56,13-06-2025,19:25:55,COMPLETED,0,1
79KWH,8,3,FULL,13-06-2025,19:22:44,13-06-2025,19:22:54,13-06-2025,19:24:24,COMPLETED,0,1
79KWH,8,1,FULL,13-06-2025,19:22:50,13-06-2025,19:24:42,13-06-2025,19:27:50,COMPLETED,0,1
79KWH,8,3,FULL,13-06-2025,19:24:35,13-06-2025,19:24:47,13-06-2025,19:26:23,COMPLETED,0,1
79KWH,8,2,FULL,13-06-2025,19:26:02,13-06-2025,19:28:03,13-06-2025,19:31:07,COMPLETED,0,1
79KWH,8,3,FULL,13-06-2025,19:26:35,13-06-2025,19:26:45,13-06-2025,19:28:17,COMPLETED,0,1
79KWH,8,1,FULL,13-06-2025,19:27:55,13-06-2025,19:28:13,13-06-2025,19:30:57,COMPLETED,0,1
79KWH,8,3,FULL,13-06-2025,19:29:33,13-06-2025,19:29:49,13-06-2025,19:31:26,COMPLETED,0,1
79KWH,8,1,FULL,13-06-2025,19:31:03,13-06-2025,19:31:20,13-06-2025,19:34:06,COMPLETED,0,1
79KWH,8,2,FULL,13-06-2025,19:31:13,13-06-2025,19:31:21,13-06-2025,19:33:53,COMPLETED,0,1
79KWH,8,3,FULL,13-06-2025,19:31:37,13-06-2025,19:31:48,13-06-2025,19:33:20,COMPLETED,0,1
79KWH,8,1,FULL,13-06-2025,19:34:11,13-06-2025,19:34:30,13-06-2025,19:37:11,COMPLETED,0,1
79KWH,8,2,FULL,13-06-2025,19:34:19,13-06-2025,19:34:22,13-06-2025,19:36:58,COMPLETED,0,1
79KWH,8,3,FULL,13-06-2025,19:37:04,13-06-2025,19:37:11,13-06-2025,19:38:49,COMPLETED,0,1
79KWH,8,2,FULL,13-06-2025,19:37:09,13-06-2025,19:37:12,13-06-2025,19:39:46,COMPLETED,0,1
79KWH,8,1,FULL,13-06-2025,19:37:16,13-06-2025,19:37:34,13-06-2025,19:40:20,COMPLETED,0,1
79KWH,8,3,FULL,13-06-2025,19:40:03,13-06-2025,19:40:22,13-06-2025,19:41:56,COMPLETED,0,1
79KWH,8,2,FULL,13-06-2025,19:40:13,13-06-2025,19:40:15,13-06-2025,19:42:54,COMPLETED,0,1
79KWH,8,1,FULL,13-06-2025,19:40:25,13-06-2025,19:40:43,13-06-2025,19:43:30,COMPLETED,0,1
79KWH,8,3,FULL,13-06-2025,19:43:07,13-06-2025,19:43:28,13-06-2025,19:45:12,COMPLETED,0,1
79KWH,8,2,FULL,13-06-2025,19:43:12,13-06-2025,19:43:22,13-06-2025,19:45:59,COMPLETED,0,1
79KWH,8,1,FULL,13-06-2025,19:43:36,13-06-2025,19:43:54,13-06-2025,19:46:42,COMPLETED,0,1
79KWH,8,3,FULL,13-06-2025,19:46:05,13-06-2025,19:46:20,13-06-2025,19:47:56,COMPLETED,0,1
79KWH,8,2,FULL,13-06-2025,19:46:13,13-06-2025,19:46:28,13-06-2025,19:49:08,COMPLETED,0,1
79KWH,8,1,FULL,13-06-2025,19:46:47,13-06-2025,19:47:06,13-06-2025,19:49:50,COMPLETED,0,1
79KWH,8,3,FULL,13-06-2025,19:49:12,13-06-2025,19:49:28,13-06-2025,19:51:08,COMPLETED,0,1
79KWH,8,2,FULL,13-06-2025,19:49:17,13-06-2025,19:49:22,13-06-2025,19:52:00,COMPLETED,0,1
79KWH,8,1,FULL,13-06-2025,19:49:55,13-06-2025,19:50:12,13-06-2025,19:53:05,COMPLETED,0,1
79KWH,8,3,FULL,13-06-2025,19:52:11,13-06-2025,19:52:17,13-06-2025,19:53:54,COMPLETED,0,1
79KWH,8,2,FULL,13-06-2025,19:52:21,13-06-2025,19:52:29,13-06-2025,19:55:12,COMPLETED,0,1
79KWH,8,1,FULL,13-06-2025,19:53:10,13-06-2025,19:53:28,13-06-2025,19:56:17,COMPLETED,0,1
79KWH,8,3,FULL,13-06-2025,19:55:14,13-06-2025,19:55:27,13-06-2025,19:57:10,COMPLETED,0,1
79KWH,8,2,FULL,13-06-2025,19:55:21,13-06-2025,19:55:26,13-06-2025,19:58:05,COMPLETED,0,1
79KWH,8,1,FULL,13-06-2025,19:56:22,13-06-2025,19:56:40,13-06-2025,19:59:31,COMPLETED,0,1
79KWH,8,3,FULL,13-06-2025,19:58:12,13-06-2025,19:58:19,13-06-2025,19:59:57,COMPLETED,0,1
79KWH,8,2,FULL,13-06-2025,19:58:24,13-06-2025,19:58:33,13-06-2025,20:01:16,COMPLETED,0,1
79KWH,8,1,FULL,13-06-2025,19:59:36,13-06-2025,19:59:54,13-06-2025,20:02:40,COMPLETED,0,1
79KWH,8,3,FULL,13-06-2025,20:01:13,13-06-2025,20:01:30,13-06-2025,20:03:11,COMPLETED,0,1
79KWH,8,2,FULL,13-06-2025,20:01:23,13-06-2025,20:01:30,13-06-2025,20:04:10,COMPLETED,0,1
79KWH,8,1,FULL,13-06-2025,20:02:45,13-06-2025,20:03:03,13-06-2025,20:05:58,COMPLETED,0,1
79KWH,8,3,FULL,13-06-2025,20:04:13,13-06-2025,20:04:21,13-06-2025,20:06:00,COMPLETED,0,1
79KWH,8,2,FULL,13-06-2025,20:04:30,13-06-2025,20:06:07,13-06-2025,20:09:17,COMPLETED,0,1
79KWH,8,1,FULL,13-06-2025,20:06:03,13-06-2025,20:07:49,13-06-2025,20:10:52,COMPLETED,0,1
79KWH,8,3,FULL,13-06-2025,20:07:20,13-06-2025,20:08:50,13-06-2025,20:11:31,COMPLETED,0,1
79KWH,8,2,FULL,13-06-2025,20:09:23,13-06-2025,20:09:31,13-06-2025,20:12:11,COMPLETED,0,1
79KWH,8,1,FULL,13-06-2025,20:10:57,13-06-2025,20:11:15,13-06-2025,20:14:12,COMPLETED,0,1
79KWH,8,1,FULL,13-06-2025,20:14:17,13-06-2025,20:14:35,13-06-2025,20:17:29,COMPLETED,0,1
79KWH,8,1,FULL,14-06-2025,07:41:23,14-06-2025,07:41:31,14-06-2025,07:44:43,COMPLETED,0,1
79KWH,8,3,FULL,14-06-2025,07:42:41,14-06-2025,07:46:18,14-06-2025,07:48:55,COMPLETED,0,1
79KWH,8,2,FULL,14-06-2025,07:42:55,14-06-2025,07:44:29,14-06-2025,07:47:36,COMPLETED,0,1
79KWH,8,1,FULL,14-06-2025,07:44:48,14-06-2025,07:46:27,14-06-2025,07:49:36,COMPLETED,0,1
79KWH,8,2,FULL,14-06-2025,07:47:42,14-06-2025,07:47:49,14-06-2025,07:50:31,COMPLETED,0,1
79KWH,8,3,FULL,14-06-2025,07:49:08,14-06-2025,07:51:42,14-06-2025,07:54:27,COMPLETED,0,1
79KWH,8,1,FULL,14-06-2025,07:49:41,14-06-2025,07:51:18,14-06-2025,07:54:35,COMPLETED,0,1
79KWH,8,2,FULL,14-06-2025,07:52:54,14-06-2025,07:53:06,14-06-2025,07:55:51,COMPLETED,0,1
79KWH,8,3,FULL,14-06-2025,07:54:40,14-06-2025,07:54:50,14-06-2025,07:56:32,COMPLETED,0,1
79KWH,8,1,FULL,14-06-2025,07:54:41,14-06-2025,07:54:58,14-06-2025,07:57:54,COMPLETED,0,1
79KWH,8,2,FULL,14-06-2025,07:55:57,14-06-2025,07:56:06,14-06-2025,07:58:49,COMPLETED,0,1
79KWH,8,3,FULL,14-06-2025,07:56:44,14-06-2025,07:56:55,14-06-2025,07:58:42,COMPLETED,0,1
79KWH,8,1,FULL,14-06-2025,07:57:59,14-06-2025,07:58:18,14-06-2025,08:01:15,COMPLETED,0,1
79KWH,8,3,FULL,14-06-2025,07:58:53,14-06-2025,07:59:04,14-06-2025,08:00:46,COMPLETED,0,1
79KWH,8,2,FULL,14-06-2025,07:58:55,14-06-2025,07:59:03,14-06-2025,08:01:50,COMPLETED,0,1
79KWH,8,1,FULL,14-06-2025,08:01:20,14-06-2025,08:01:37,14-06-2025,08:04:35,COMPLETED,0,1
79KWH,8,3,FULL,14-06-2025,08:01:48,14-06-2025,08:01:56,14-06-2025,08:03:43,COMPLETED,0,1
79KWH,8,2,FULL,14-06-2025,08:01:56,14-06-2025,08:02:04,14-06-2025,08:04:48,COMPLETED,0,1
79KWH,8,1,FULL,14-06-2025,08:04:40,14-06-2025,08:04:58,14-06-2025,08:11:35,COMPLETED,0,1
79KWH,8,3,FULL,14-06-2025,08:04:47,14-06-2025,08:04:52,14-06-2025,08:06:37,COMPLETED,0,1
79KWH,8,2,FULL,14-06-2025,08:04:59,14-06-2025,08:05:02,14-06-2025,08:07:50,COMPLETED,0,1
79KWH,8,3,FULL,14-06-2025,08:07:49,14-06-2025,08:08:09,14-06-2025,08:09:58,COMPLETED,0,1
79KWH,8,2,FULL,14-06-2025,08:07:56,14-06-2025,08:08:05,14-06-2025,08:10:49,COMPLETED,0,1
79KWH,8,3,FULL,14-06-2025,08:10:49,14-06-2025,08:11:07,14-06-2025,08:12:52,COMPLETED,0,1
79KWH,8,2,FULL,14-06-2025,08:11:00,14-06-2025,08:11:04,14-06-2025,08:13:57,COMPLETED,0,1
79KWH,8,1,FULL,14-06-2025,08:11:40,14-06-2025,08:11:57,14-06-2025,08:14:56,COMPLETED,0,1
79KWH,8,3,FULL,14-06-2025,08:13:50,14-06-2025,08:14:01,14-06-2025,08:15:53,COMPLETED,0,1
79KWH,8,2,FULL,14-06-2025,08:14:04,14-06-2025,08:15:44,14-06-2025,08:18:51,COMPLETED,0,1
79KWH,8,1,FULL,14-06-2025,08:15:01,14-06-2025,08:16:42,14-06-2025,08:19:57,COMPLETED,0,1
79KWH,8,3,FULL,14-06-2025,08:16:47,14-06-2025,08:18:32,14-06-2025,08:21:13,COMPLETED,0,1
79KWH,8,2,FULL,14-06-2025,08:18:56,14-06-2025,08:20:35,14-06-2025,08:23:50,COMPLETED,0,1
79KWH,8,1,FULL,14-06-2025,08:20:02,14-06-2025,08:23:17,14-06-2025,08:26:28,COMPLETED,0,1
79KWH,8,3,FULL,14-06-2025,08:21:25,14-06-2025,08:21:36,14-06-2025,08:23:37,COMPLETED,0,1
79KWH,8,3,FULL,14-06-2025,08:23:48,14-06-2025,08:24:00,14-06-2025,08:25:56,COMPLETED,0,1
79KWH,8,2,FULL,14-06-2025,08:23:56,14-06-2025,08:24:05,14-06-2025,08:26:59,COMPLETED,0,1
79KWH,8,3,FULL,14-06-2025,08:26:08,14-06-2025,08:26:19,14-06-2025,08:28:13,COMPLETED,0,1
79KWH,8,1,FULL,14-06-2025,08:26:33,14-06-2025,08:26:51,14-06-2025,08:29:55,COMPLETED,0,1
79KWH,8,2,FULL,14-06-2025,08:27:05,14-06-2025,08:27:13,14-06-2025,08:30:07,COMPLETED,0,1
79KWH,8,3,FULL,14-06-2025,08:28:24,14-06-2025,08:28:37,14-06-2025,08:30:27,COMPLETED,0,1
79KWH,8,1,FULL,14-06-2025,08:30:00,14-06-2025,08:30:18,14-06-2025,08:33:18,COMPLETED,0,1
79KWH,8,2,FULL,14-06-2025,08:30:13,14-06-2025,08:30:21,14-06-2025,08:33:17,COMPLETED,0,1
79KWH,8,3,FULL,14-06-2025,08:30:37,14-06-2025,08:30:49,14-06-2025,08:32:46,COMPLETED,0,1
79KWH,8,1,FULL,14-06-2025,08:33:22,14-06-2025,08:33:41,14-06-2025,08:36:47,COMPLETED,0,1
79KWH,8,2,FULL,14-06-2025,08:33:23,14-06-2025,08:33:31,14-06-2025,08:36:26,COMPLETED,0,1
79KWH,8,1,FULL,14-06-2025,08:36:52,14-06-2025,08:37:10,14-06-2025,08:41:08,COMPLETED,0,1
79KWH,8,1,FULL,14-06-2025,08:41:13,14-06-2025,08:41:30,14-06-2025,08:44:38,COMPLETED,0,1
79KWH,8,1,FULL,14-06-2025,08:47:49,14-06-2025,08:48:53,14-06-2025,08:52:41,COMPLETED,0,1
79KWH,8,3,FULL,14-06-2025,08:49:04,14-06-2025,08:52:45,14-06-2025,08:55:27,COMPLETED,0,1
79KWH,8,2,FULL,14-06-2025,08:49:19,14-06-2025,08:50:37,14-06-2025,08:53:46,COMPLETED,0,1
79KWH,8,1,FULL,14-06-2025,08:52:46,14-06-2025,08:53:04,14-06-2025,08:56:12,COMPLETED,0,1
79KWH,8,2,FULL,14-06-2025,08:53:51,14-06-2025,08:54:00,14-06-2025,08:56:56,COMPLETED,0,1
79KWH,8,3,FULL,14-06-2025,08:55:39,14-06-2025,08:55:50,14-06-2025,08:57:50,COMPLETED,0,1
79KWH,8,1,FULL,14-06-2025,08:56:17,14-06-2025,08:56:35,14-06-2025,09:00:21,COMPLETED,0,1
79KWH,8,2,FULL,14-06-2025,08:57:03,14-06-2025,08:57:11,14-06-2025,09:00:04,COMPLETED,0,1
79KWH,8,3,FULL,14-06-2025,08:58:03,14-06-2025,08:58:14,14-06-2025,09:00:14,COMPLETED,0,1
79KWH,8,2,FULL,14-06-2025,09:00:11,14-06-2025,09:00:18,14-06-2025,09:03:15,COMPLETED,0,1
79KWH,8,3,FULL,14-06-2025,09:00:25,14-06-2025,09:00:37,14-06-2025,09:02:40,COMPLETED,0,1
79KWH,8,1,FULL,14-06-2025,09:00:26,14-06-2025,09:00:45,14-06-2025,09:03:58,COMPLETED,0,1
79KWH,8,3,FULL,14-06-2025,09:02:51,14-06-2025,09:03:03,14-06-2025,09:05:04,COMPLETED,0,1
79KWH,8,1,FULL,14-06-2025,09:04:02,14-06-2025,09:04:21,14-06-2025,09:07:27,COMPLETED,0,1
79KWH,8,2,FULL,14-06-2025,09:04:44,14-06-2025,09:04:54,14-06-2025,09:07:49,COMPLETED,0,1
79KWH,8,1,FULL,14-06-2025,09:07:32,14-06-2025,09:07:49,14-06-2025,09:11:01,COMPLETED,0,1
79KWH,8,3,FULL,14-06-2025,09:07:39,14-06-2025,09:07:45,14-06-2025,09:09:46,COMPLETED,0,1
79KWH,8,2,FULL,14-06-2025,09:07:54,14-06-2025,09:08:03,14-06-2025,09:11:03,COMPLETED,0,1
79KWH,8,3,FULL,14-06-2025,09:10:34,14-06-2025,09:12:50,14-06-2025,09:15:35,COMPLETED,0,1
79KWH,8,1,FULL,14-06-2025,09:11:05,14-06-2025,09:14:25,14-06-2025,09:17:40,COMPLETED,0,1
79KWH,8,2,FULL,14-06-2025,09:11:10,14-06-2025,09:12:50,14-06-2025,09:16:00,COMPLETED,0,1
79KWH,8,3,FULL,14-06-2025,09:15:47,14-06-2025,09:18:23,14-06-2025,09:21:12,COMPLETED,0,1
79KWH,8,2,FULL,14-06-2025,09:16:07,14-06-2025,09:16:14,14-06-2025,09:19:16,COMPLETED,0,1
79KWH,8,1,FULL,14-06-2025,09:17:45,14-06-2025,09:21:09,14-06-2025,09:24:24,COMPLETED,0,1
79KWH,8,2,FULL,14-06-2025,09:19:23,14-06-2025,09:19:29,14-06-2025,09:22:31,COMPLETED,0,1
79KWH,8,3,FULL,14-06-2025,09:21:23,14-06-2025,09:21:36,14-06-2025,09:23:34,COMPLETED,0,1
79KWH,8,2,FULL,14-06-2025,09:22:38,14-06-2025,09:22:45,14-06-2025,09:25:52,COMPLETED,0,1
79KWH,8,3,FULL,14-06-2025,09:23:45,14-06-2025,09:23:57,14-06-2025,09:25:57,COMPLETED,0,1
79KWH,8,1,FULL,14-06-2025,09:24:29,14-06-2025,09:24:48,14-06-2025,09:27:53,COMPLETED,0,1
79KWH,8,2,FULL,14-06-2025,09:25:59,14-06-2025,09:26:06,14-06-2025,09:29:09,COMPLETED,0,1
79KWH,8,3,FULL,14-06-2025,09:26:09,14-06-2025,09:26:21,14-06-2025,09:28:18,COMPLETED,0,1
79KWH,8,1,FULL,14-06-2025,09:27:58,14-06-2025,09:28:16,14-06-2025,09:31:26,COMPLETED,0,1
79KWH,8,3,FULL,14-06-2025,09:28:29,14-06-2025,09:28:41,14-06-2025,09:30:43,COMPLETED,0,1
79KWH,8,2,FULL,14-06-2025,09:29:14,14-06-2025,09:29:23,14-06-2025,09:32:30,COMPLETED,0,1
79KWH,8,3,FULL,14-06-2025,09:30:56,14-06-2025,09:31:07,14-06-2025,09:33:06,COMPLETED,0,1
79KWH,8,1,FULL,14-06-2025,09:31:32,14-06-2025,09:34:51,14-06-2025,09:38:09,COMPLETED,0,1
79KWH,8,2,FULL,14-06-2025,09:32:36,14-06-2025,09:34:13,14-06-2025,09:37:27,COMPLETED,0,1
79KWH,8,3,FULL,14-06-2025,09:33:18,14-06-2025,09:35:58,14-06-2025,09:38:49,COMPLETED,0,1
79KWH,8,2,FULL,14-06-2025,09:37:34,14-06-2025,09:39:13,14-06-2025,09:42:35,COMPLETED,0,1
79KWH,8,1,FULL,14-06-2025,09:38:14,14-06-2025,09:41:38,14-06-2025,09:44:54,COMPLETED,0,1
79KWH,8,3,FULL,14-06-2025,09:39:00,14-06-2025,09:39:12,14-06-2025,09:41:13,COMPLETED,0,1
79KWH,8,1,FULL,14-06-2025,09:44:58,14-06-2025,09:45:17,14-06-2025,09:48:50,COMPLETED,0,1
79KWH,8,1,FULL,14-06-2025,09:48:55,14-06-2025,09:52:13,14-06-2025,09:55:31,COMPLETED,0,1
79KWH,8,1,FULL,14-06-2025,09:55:35,14-06-2025,09:55:54,14-06-2025,09:59:03,COMPLETED,0,1
79KWH,8,1,FULL,14-06-2025,10:10:43,14-06-2025,10:13:21,14-06-2025,10:16:39,COMPLETED,0,1
79KWH,8,3,FULL,14-06-2025,10:12:02,14-06-2025,10:13:40,14-06-2025,10:16:32,COMPLETED,0,1
79KWH,8,2,FULL,14-06-2025,10:12:40,14-06-2025,10:12:43,14-06-2025,10:15:59,COMPLETED,0,1
79KWH,8,2,FULL,14-06-2025,10:16:05,14-06-2025,10:16:13,14-06-2025,10:19:23,COMPLETED,0,1
79KWH,8,1,FULL,14-06-2025,10:16:45,14-06-2025,10:17:03,14-06-2025,10:20:14,COMPLETED,0,1
79KWH,8,3,FULL,14-06-2025,10:16:45,14-06-2025,10:16:55,14-06-2025,10:18:58,COMPLETED,0,1
79KWH,8,3,FULL,14-06-2025,10:19:09,14-06-2025,10:19:21,14-06-2025,10:21:30,COMPLETED,0,1
79KWH,8,2,FULL,14-06-2025,10:19:28,14-06-2025,10:19:37,14-06-2025,10:22:39,COMPLETED,0,1
79KWH,8,1,FULL,14-06-2025,10:20:18,14-06-2025,10:20:36,14-06-2025,10:23:51,COMPLETED,0,1
79KWH,8,3,FULL,14-06-2025,10:21:41,14-06-2025,10:21:52,14-06-2025,10:23:57,COMPLETED,0,1
79KWH,8,2,FULL,14-06-2025,10:22:45,14-06-2025,10:23:48,14-06-2025,10:26:50,COMPLETED,0,1
79KWH,8,1,FULL,14-06-2025,10:23:57,14-06-2025,10:24:14,14-06-2025,10:27:25,COMPLETED,0,1
79KWH,8,3,FULL,14-06-2025,10:24:29,14-06-2025,10:24:44,14-06-2025,10:26:52,COMPLETED,0,1
79KWH,8,2,FULL,14-06-2025,10:26:56,14-06-2025,10:28:25,14-06-2025,10:31:18,COMPLETED,0,1
79KWH,8,1,FULL,14-06-2025,10:27:29,14-06-2025,10:27:48,14-06-2025,10:31:05,COMPLETED,0,1
79KWH,8,3,FULL,14-06-2025,10:27:34,14-06-2025,10:27:38,14-06-2025,10:29:51,COMPLETED,0,1
79KWH,8,3,FULL,14-06-2025,10:30:32,14-06-2025,10:31:55,14-06-2025,10:33:43,COMPLETED,0,1
79KWH,8,1,FULL,14-06-2025,10:31:10,14-06-2025,10:31:27,14-06-2025,10:34:42,COMPLETED,0,1
79KWH,8,2,FULL,14-06-2025,10:31:24,14-06-2025,10:33:08,14-06-2025,10:35:53,COMPLETED,0,1
79KWH,8,3,FULL,14-06-2025,10:33:54,14-06-2025,10:36:25,14-06-2025,10:39:15,COMPLETED,0,1
79KWH,8,1,FULL,14-06-2025,10:34:47,14-06-2025,10:38:10,14-06-2025,10:41:31,COMPLETED,0,1
79KWH,8,2,FULL,14-06-2025,10:35:59,14-06-2025,10:39:08,14-06-2025,10:42:05,COMPLETED,0,1
79KWH,8,3,FULL,14-06-2025,10:39:27,14-06-2025,10:39:38,14-06-2025,10:41:52,COMPLETED,0,1
79KWH,8,1,FULL,14-06-2025,10:41:36,14-06-2025,10:44:55,14-06-2025,10:48:19,COMPLETED,0,1
79KWH,8,3,FULL,14-06-2025,10:42:04,14-06-2025,10:42:15,14-06-2025,10:44:22,COMPLETED,0,1
79KWH,8,2,FULL,14-06-2025,10:42:11,14-06-2025,10:45:07,14-06-2025,10:47:49,COMPLETED,0,1
79KWH,8,3,FULL,14-06-2025,10:44:33,14-06-2025,10:44:45,14-06-2025,10:46:56,COMPLETED,0,1
79KWH,8,3,FULL,14-06-2025,10:47:07,14-06-2025,10:47:19,14-06-2025,10:49:27,COMPLETED,0,1
79KWH,8,2,FULL,14-06-2025,10:47:54,14-06-2025,10:49:18,14-06-2025,10:52:10,COMPLETED,0,1
79KWH,8,1,FULL,14-06-2025,10:48:23,14-06-2025,10:51:54,14-06-2025,10:54:15,COMPLETED,0,1
79KWH,8,3,FULL,14-06-2025,10:49:38,14-06-2025,11:45:21,14-06-2025,14:14:29,COMPLETED,0,1
79KWH,8,2,FULL,14-06-2025,10:52:17,14-06-2025,10:53:46,14-06-2025,11:02:57,COMPLETED,0,1
79KWH,8,1,FULL,14-06-2025,10:54:20,14-06-2025,10:54:38,14-06-2025,10:55:54,COMPLETED,0,1
79KWH,8,1,FULL,14-06-2025,10:56:00,14-06-2025,10:56:17,14-06-2025,10:57:38,COMPLETED,0,1
79KWH,8,1,FULL,14-06-2025,10:57:43,14-06-2025,10:58:01,14-06-2025,10:59:17,COMPLETED,0,1
79KWH,8,1,FULL,14-06-2025,10:59:22,14-06-2025,10:59:39,14-06-2025,11:01:00,COMPLETED,0,1
79KWH,8,1,FULL,14-06-2025,11:01:05,14-06-2025,11:01:23,14-06-2025,11:02:40,COMPLETED,0,1
79KWH,8,2,FULL,14-06-2025,11:03:04,14-06-2025,11:04:30,14-06-2025,11:07:38,COMPLETED,0,1
79KWH,8,2,FULL,14-06-2025,11:07:43,14-06-2025,11:07:52,14-06-2025,11:10:56,COMPLETED,0,1
79KWH,8,1,FULL,14-06-2025,11:14:16,14-06-2025,11:14:36,14-06-2025,11:15:57,COMPLETED,0,1
79KWH,8,1,FULL,14-06-2025,11:16:02,14-06-2025,11:18:29,14-06-2025,11:20:49,COMPLETED,0,1
79KWH,8,2,FULL,14-06-2025,11:56:48,14-06-2025,12:18:32,14-06-2025,12:21:32,COMPLETED,0,1
79KWH,8,1,FULL,14-06-2025,11:58:23,14-06-2025,11:58:40,14-06-2025,12:00:01,COMPLETED,0,1
79KWH,8,1,FULL,14-06-2025,12:00:23,14-06-2025,12:00:25,14-06-2025,12:01:41,COMPLETED,0,1
79KWH,8,1,FULL,14-06-2025,12:01:46,14-06-2025,12:02:05,14-06-2025,12:03:25,COMPLETED,0,1
79KWH,8,1,FULL,14-06-2025,12:03:29,14-06-2025,12:03:48,14-06-2025,12:05:07,COMPLETED,0,1
79KWH,8,1,FULL,14-06-2025,12:05:13,14-06-2025,12:07:34,14-06-2025,12:09:55,COMPLETED,0,1
79KWH,8,1,FULL,14-06-2025,12:10:00,14-06-2025,12:12:25,14-06-2025,12:14:41,COMPLETED,0,1
79KWH,8,1,FULL,14-06-2025,12:14:46,14-06-2025,12:16:59,14-06-2025,12:19:09,COMPLETED,0,1
79KWH,8,1,FULL,14-06-2025,12:19:14,14-06-2025,12:21:29,14-06-2025,12:23:35,COMPLETED,0,1
79KWH,8,2,FULL,14-06-2025,12:21:38,14-06-2025,12:23:06,14-06-2025,12:26:23,COMPLETED,0,1
79KWH,8,1,FULL,14-06-2025,12:23:41,14-06-2025,12:25:52,14-06-2025,12:28:02,COMPLETED,0,1
79KWH,8,2,FULL,14-06-2025,12:26:28,14-06-2025,12:34:32,14-06-2025,12:37:47,COMPLETED,0,1
79KWH,8,1,FULL,14-06-2025,12:28:07,14-06-2025,12:30:24,14-06-2025,12:32:28,COMPLETED,0,1
79KWH,8,1,FULL,14-06-2025,12:32:33,14-06-2025,12:32:51,14-06-2025,12:34:12,COMPLETED,0,1
79KWH,8,1,FULL,14-06-2025,12:34:17,14-06-2025,12:55:42,14-06-2025,12:57:48,COMPLETED,0,1
79KWH,8,2,FULL,14-06-2025,12:37:53,14-06-2025,12:39:22,14-06-2025,12:42:39,COMPLETED,0,1
79KWH,8,2,FULL,14-06-2025,12:42:46,14-06-2025,12:55:22,14-06-2025,14:14:27,COMPLETED,0,1
79KWH,8,1,FULL,14-06-2025,12:57:54,14-06-2025,13:00:02,14-06-2025,13:02:11,COMPLETED,0,1
79KWH,8,1,FULL,14-06-2025,13:02:17,14-06-2025,13:04:29,14-06-2025,13:06:35,COMPLETED,0,1
79KWH,8,1,FULL,14-06-2025,13:06:39,14-06-2025,13:08:48,14-06-2025,13:11:01,COMPLETED,0,1
79KWH,8,1,FULL,14-06-2025,13:11:06,14-06-2025,13:13:19,14-06-2025,13:15:28,COMPLETED,0,1
79KWH,8,1,FULL,14-06-2025,13:15:32,14-06-2025,13:17:51,14-06-2025,13:20:02,COMPLETED,0,1
79KWH,8,1,FULL,14-06-2025,13:20:06,14-06-2025,13:22:27,14-06-2025,13:24:34,COMPLETED,0,1
79KWH,8,1,FULL,14-06-2025,13:24:38,14-06-2025,13:24:57,14-06-2025,13:26:18,COMPLETED,0,1
79KWH,8,1,FULL,14-06-2025,13:26:22,14-06-2025,13:26:40,14-06-2025,13:27:58,COMPLETED,0,1
79KWH,8,1,FULL,14-06-2025,13:28:04,14-06-2025,13:28:21,14-06-2025,13:29:42,COMPLETED,0,1
79KWH,8,1,FULL,14-06-2025,13:29:47,14-06-2025,13:30:05,14-06-2025,13:31:23,COMPLETED,0,1
79KWH,8,1,FULL,14-06-2025,13:31:31,14-06-2025,13:31:46,14-06-2025,13:33:08,COMPLETED,0,1
79KWH,8,1,FULL,14-06-2025,13:33:14,14-06-2025,13:35:31,14-06-2025,13:37:39,COMPLETED,0,1
79KWH,8,1,FULL,14-06-2025,13:37:44,14-06-2025,13:40:06,14-06-2025,13:42:18,COMPLETED,0,1
79KWH,8,1,FULL,14-06-2025,13:42:22,14-06-2025,13:44:38,14-06-2025,13:46:45,COMPLETED,0,1
79KWH,8,1,FULL,14-06-2025,13:46:50,14-06-2025,13:49:08,14-06-2025,13:51:21,COMPLETED,0,1
79KWH,8,1,FULL,14-06-2025,13:51:26,14-06-2025,13:53:42,14-06-2025,13:55:51,COMPLETED,0,1
79KWH,8,1,FULL,14-06-2025,13:55:56,14-06-2025,13:58:16,14-06-2025,14:00:29,COMPLETED,0,1
79KWH,8,1,FULL,14-06-2025,14:00:34,14-06-2025,14:00:52,14-06-2025,14:02:12,COMPLETED,0,1
79KWH,8,1,FULL,14-06-2025,14:02:17,14-06-2025,14:02:35,14-06-2025,14:04:00,COMPLETED,0,1
79KWH,8,1,FULL,14-06-2025,14:04:05,14-06-2025,14:04:23,14-06-2025,14:05:46,COMPLETED,0,1
79KWH,8,1,FULL,14-06-2025,14:05:51,14-06-2025,14:06:09,14-06-2025,14:07:34,COMPLETED,0,1
79KWH,8,1,FULL,14-06-2025,14:07:39,14-06-2025,14:07:57,14-06-2025,14:09:19,COMPLETED,0,1
79KWH,8,1,FULL,14-06-2025,14:09:24,14-06-2025,14:11:38,14-06-2025,14:13:54,COMPLETED,0,1
79KWH,8,1,FULL,14-06-2025,14:13:59,14-06-2025,14:17:57,14-06-2025,14:19:27,COMPLETED,0,1
79KWH,8,2,FULL,14-06-2025,14:14:32,14-06-2025,14:14:41,14-06-2025,14:17:49,COMPLETED,0,1
79KWH,8,3,FULL,14-06-2025,14:14:40,14-06-2025,14:16:37,14-06-2025,14:18:23,COMPLETED,0,1
79KWH,8,2,FULL,14-06-2025,14:17:54,14-06-2025,14:18:02,14-06-2025,14:21:06,COMPLETED,0,1
79KWH,8,3,FULL,14-06-2025,14:18:34,14-06-2025,14:18:45,14-06-2025,14:21:08,COMPLETED,0,1
79KWH,8,1,FULL,14-06-2025,14:19:33,14-06-2025,14:23:30,14-06-2025,14:25:07,COMPLETED,0,1
79KWH,8,2,FULL,14-06-2025,14:21:13,14-06-2025,14:21:20,14-06-2025,14:24:32,COMPLETED,0,1
79KWH,8,3,FULL,14-06-2025,14:21:18,14-06-2025,14:21:30,14-06-2025,14:23:41,COMPLETED,0,1
79KWH,8,3,FULL,14-06-2025,14:23:53,14-06-2025,14:24:05,14-06-2025,14:26:27,COMPLETED,0,1
79KWH,8,2,FULL,14-06-2025,14:24:37,14-06-2025,14:24:46,14-06-2025,14:27:51,COMPLETED,0,1
79KWH,8,1,FULL,14-06-2025,14:25:11,14-06-2025,14:29:17,14-06-2025,14:30:54,COMPLETED,0,1
79KWH,8,3,FULL,14-06-2025,14:26:40,14-06-2025,14:26:51,14-06-2025,14:29:05,COMPLETED,0,1
79KWH,8,2,FULL,14-06-2025,14:27:58,14-06-2025,14:28:05,14-06-2025,14:31:19,COMPLETED,0,1
79KWH,8,3,FULL,14-06-2025,14:29:17,14-06-2025,14:29:28,14-06-2025,14:31:45,COMPLETED,0,1
79KWH,8,1,FULL,14-06-2025,14:30:59,14-06-2025,14:35:23,14-06-2025,14:37:21,COMPLETED,0,1
79KWH,8,2,FULL,14-06-2025,14:31:25,14-06-2025,14:31:34,14-06-2025,14:34:43,COMPLETED,0,1
79KWH,8,3,FULL,14-06-2025,14:31:56,14-06-2025,14:32:09,14-06-2025,14:34:24,COMPLETED,0,1
79KWH,8,3,FULL,14-06-2025,14:34:37,14-06-2025,14:34:48,14-06-2025,14:37:09,COMPLETED,0,1
79KWH,8,2,FULL,14-06-2025,14:34:49,14-06-2025,14:34:56,14-06-2025,14:38:07,COMPLETED,0,1
79KWH,8,3,FULL,14-06-2025,14:37:21,14-06-2025,14:37:31,14-06-2025,14:39:49,COMPLETED,0,1
79KWH,8,1,FULL,14-06-2025,14:37:26,14-06-2025,14:39:44,14-06-2025,14:41:55,COMPLETED,0,1
79KWH,8,2,FULL,14-06-2025,14:38:14,14-06-2025,14:38:21,14-06-2025,14:41:28,COMPLETED,0,1
79KWH,8,3,FULL,14-06-2025,14:40:00,14-06-2025,14:40:12,14-06-2025,14:42:39,COMPLETED,0,1
79KWH,8,2,FULL,14-06-2025,14:41:34,14-06-2025,14:41:43,14-06-2025,14:44:54,COMPLETED,0,1
79KWH,8,1,FULL,14-06-2025,14:42:00,14-06-2025,14:44:13,14-06-2025,14:46:28,COMPLETED,0,1
79KWH,8,3,FULL,14-06-2025,14:42:51,14-06-2025,14:43:02,14-06-2025,14:45:21,COMPLETED,0,1
79KWH,8,2,FULL,14-06-2025,14:44:59,14-06-2025,14:45:09,14-06-2025,14:48:18,COMPLETED,0,1
79KWH,8,3,FULL,14-06-2025,14:45:32,14-06-2025,14:45:44,14-06-2025,14:48:13,COMPLETED,0,1
79KWH,8,1,FULL,14-06-2025,14:46:33,14-06-2025,14:48:49,14-06-2025,14:51:02,COMPLETED,0,1
79KWH,8,2,FULL,14-06-2025,14:48:24,14-06-2025,14:48:32,14-06-2025,14:51:47,COMPLETED,0,1
79KWH,8,3,FULL,14-06-2025,14:48:25,14-06-2025,14:48:36,14-06-2025,14:50:53,COMPLETED,0,1
79KWH,8,3,FULL,14-06-2025,14:51:04,14-06-2025,14:51:16,14-06-2025,14:53:37,COMPLETED,0,1
79KWH,8,1,FULL,14-06-2025,14:51:06,14-06-2025,14:53:21,14-06-2025,14:55:38,COMPLETED,0,1
79KWH,8,2,FULL,14-06-2025,14:51:54,14-06-2025,14:52:01,14-06-2025,14:55:12,COMPLETED,0,1
79KWH,8,3,FULL,14-06-2025,14:53:50,14-06-2025,14:54:01,14-06-2025,14:56:20,COMPLETED,0,1
79KWH,8,2,FULL,14-06-2025,14:55:18,14-06-2025,14:55:27,14-06-2025,14:58:45,COMPLETED,0,1
79KWH,8,1,FULL,14-06-2025,14:55:43,14-06-2025,14:57:58,14-06-2025,15:00:10,COMPLETED,0,1
79KWH,8,3,FULL,14-06-2025,14:56:32,14-06-2025,14:56:43,14-06-2025,14:59:10,COMPLETED,0,1
79KWH,8,2,FULL,14-06-2025,14:58:51,14-06-2025,14:59:00,14-06-2025,15:02:15,COMPLETED,0,1
79KWH,8,3,FULL,14-06-2025,14:59:23,14-06-2025,14:59:34,14-06-2025,15:01:58,COMPLETED,0,1
79KWH,8,1,FULL,14-06-2025,15:00:16,14-06-2025,15:02:26,14-06-2025,15:04:44,COMPLETED,0,1
79KWH,8,3,FULL,14-06-2025,15:02:09,14-06-2025,15:02:21,14-06-2025,15:04:46,COMPLETED,0,1
79KWH,8,2,FULL,14-06-2025,15:02:20,14-06-2025,15:02:29,14-06-2025,15:05:49,COMPLETED,0,1
79KWH,8,1,FULL,14-06-2025,15:04:49,14-06-2025,15:07:04,14-06-2025,15:09:17,COMPLETED,0,1
79KWH,8,3,FULL,14-06-2025,15:04:58,14-06-2025,15:05:09,14-06-2025,15:07:30,COMPLETED,0,1
79KWH,8,2,FULL,14-06-2025,15:05:56,14-06-2025,15:06:02,14-06-2025,15:09:21,COMPLETED,0,1
79KWH,8,3,FULL,14-06-2025,15:07:41,14-06-2025,15:07:53,14-06-2025,15:10:19,COMPLETED,0,1
79KWH,8,1,FULL,14-06-2025,15:09:22,14-06-2025,15:11:36,14-06-2025,15:13:55,COMPLETED,0,1
79KWH,8,2,FULL,14-06-2025,15:09:28,14-06-2025,15:09:34,14-06-2025,15:12:52,COMPLETED,0,1
79KWH,8,3,FULL,14-06-2025,15:10:30,14-06-2025,15:10:42,14-06-2025,15:13:06,COMPLETED,0,1
79KWH,8,2,FULL,14-06-2025,15:12:58,14-06-2025,15:13:06,14-06-2025,15:16:56,COMPLETED,0,1
79KWH,8,3,FULL,14-06-2025,15:13:17,14-06-2025,15:13:28,14-06-2025,15:15:56,COMPLETED,0,1
79KWH,8,1,FULL,14-06-2025,15:13:59,14-06-2025,15:16:16,14-06-2025,15:18:29,COMPLETED,0,1
79KWH,8,3,FULL,14-06-2025,15:16:07,14-06-2025,15:16:19,14-06-2025,15:18:45,COMPLETED,0,1
79KWH,8,2,FULL,14-06-2025,15:17:03,14-06-2025,15:17:09,14-06-2025,15:20:33,COMPLETED,0,1
79KWH,8,1,FULL,14-06-2025,15:18:34,14-06-2025,15:20:44,14-06-2025,15:23:03,COMPLETED,0,1
79KWH,8,3,FULL,14-06-2025,15:18:56,14-06-2025,15:19:08,14-06-2025,15:21:38,COMPLETED,0,1
79KWH,8,3,FULL,14-06-2025,15:21:49,14-06-2025,15:22:01,14-06-2025,15:24:34,COMPLETED,0,1
79KWH,8,1,FULL,14-06-2025,15:23:08,14-06-2025,15:25:24,14-06-2025,15:27:38,COMPLETED,0,1
79KWH,8,3,FULL,14-06-2025,15:24:47,14-06-2025,15:24:57,14-06-2025,15:27:29,COMPLETED,0,1
79KWH,8,3,FULL,14-06-2025,15:27:39,14-06-2025,15:27:52,14-06-2025,15:30:19,COMPLETED,0,1
79KWH,8,1,FULL,14-06-2025,15:27:42,14-06-2025,15:29:52,14-06-2025,15:32:10,COMPLETED,0,1
79KWH,8,1,FULL,14-06-2025,15:32:15,14-06-2025,15:34:30,14-06-2025,15:36:45,COMPLETED,0,1
79KWH,8,3,FULL,14-06-2025,15:50:04,14-06-2025,15:50:19,14-06-2025,15:52:52,COMPLETED,0,1
79KWH,8,2,FULL,14-06-2025,15:50:07,14-06-2025,15:50:17,14-06-2025,15:52:36,COMPLETED,0,1
79KWH,8,1,FULL,14-06-2025,15:51:42,14-06-2025,15:51:55,14-06-2025,15:54:13,COMPLETED,0,1
79KWH,8,3,FULL,14-06-2025,15:53:03,14-06-2025,15:53:14,14-06-2025,15:55:51,COMPLETED,0,1
79KWH,8,2,FULL,14-06-2025,15:53:13,14-06-2025,15:53:19,14-06-2025,15:54:35,COMPLETED,0,1
79KWH,8,1,FULL,14-06-2025,15:54:40,14-06-2025,15:54:59,14-06-2025,15:56:34,COMPLETED,0,1
79KWH,8,3,FULL,14-06-2025,15:56:06,14-06-2025,15:56:14,14-06-2025,15:58:47,COMPLETED,0,1
79KWH,8,2,FULL,14-06-2025,15:56:08,14-06-2025,15:56:15,14-06-2025,15:57:35,COMPLETED,0,1
79KWH,8,1,FULL,14-06-2025,15:57:43,14-06-2025,15:58:46,14-06-2025,16:01:07,COMPLETED,0,1
79KWH,8,3,FULL,14-06-2025,15:59:02,14-06-2025,15:59:11,14-06-2025,16:01:41,COMPLETED,0,1
79KWH,8,2,FULL,14-06-2025,15:59:15,14-06-2025,15:59:27,14-06-2025,16:00:44,COMPLETED,0,1
79KWH,8,1,FULL,14-06-2025,16:01:12,14-06-2025,16:03:26,14-06-2025,16:05:43,COMPLETED,0,1
79KWH,8,3,FULL,14-06-2025,16:02:04,14-06-2025,16:02:26,14-06-2025,16:05:06,COMPLETED,0,1
79KWH,8,2,FULL,14-06-2025,16:02:12,14-06-2025,16:02:23,14-06-2025,16:03:42,COMPLETED,0,1
79KWH,8,2,FULL,14-06-2025,16:05:15,14-06-2025,16:05:21,14-06-2025,16:06:38,COMPLETED,0,1
79KWH,8,3,FULL,14-06-2025,16:05:17,14-06-2025,16:05:29,14-06-2025,16:08:00,COMPLETED,0,1
79KWH,8,1,FULL,14-06-2025,16:05:47,14-06-2025,16:07:57,14-06-2025,16:10:18,COMPLETED,0,1
79KWH,8,2,FULL,14-06-2025,16:08:11,14-06-2025,16:08:16,14-06-2025,16:09:37,COMPLETED,0,1
79KWH,8,3,FULL,14-06-2025,16:08:12,14-06-2025,16:08:23,14-06-2025,16:10:58,COMPLETED,0,1
79KWH,8,1,FULL,14-06-2025,16:10:23,14-06-2025,16:12:36,14-06-2025,16:14:53,COMPLETED,0,1
79KWH,8,3,FULL,14-06-2025,16:11:11,14-06-2025,16:11:22,14-06-2025,16:14:01,COMPLETED,0,1
79KWH,8,2,FULL,14-06-2025,16:11:14,14-06-2025,16:11:16,14-06-2025,16:12:32,COMPLETED,0,1
79KWH,8,2,FULL,14-06-2025,16:13:17,14-06-2025,16:13:28,14-06-2025,16:14:49,COMPLETED,0,1
79KWH,8,3,FULL,14-06-2025,16:14:12,14-06-2025,16:14:24,14-06-2025,16:17:09,COMPLETED,0,1
79KWH,8,1,FULL,14-06-2025,16:14:58,14-06-2025,16:17:05,14-06-2025,16:19:26,COMPLETED,0,1
79KWH,8,2,FULL,14-06-2025,16:15:18,14-06-2025,16:15:31,14-06-2025,16:16:48,COMPLETED,0,1
79KWH,8,2,FULL,14-06-2025,16:17:16,14-06-2025,16:17:30,14-06-2025,16:18:51,COMPLETED,0,1
79KWH,8,3,FULL,14-06-2025,16:17:22,14-06-2025,16:17:32,14-06-2025,16:20:14,COMPLETED,0,1
79KWH,8,2,FULL,14-06-2025,16:19:19,14-06-2025,16:19:19,14-06-2025,16:20:36,COMPLETED,0,1
79KWH,8,3,FULL,14-06-2025,16:20:26,14-06-2025,16:20:37,14-06-2025,16:23:17,COMPLETED,0,1
79KWH,8,2,FULL,14-06-2025,16:21:23,14-06-2025,16:21:32,14-06-2025,16:22:52,COMPLETED,0,1
79KWH,8,2,FULL,14-06-2025,16:23:20,14-06-2025,16:23:34,14-06-2025,16:24:50,COMPLETED,0,1
79KWH,8,3,FULL,14-06-2025,16:23:29,14-06-2025,16:23:40,14-06-2025,16:26:20,COMPLETED,0,1
79KWH,8,2,FULL,14-06-2025,16:25:18,14-06-2025,16:25:18,14-06-2025,16:26:39,COMPLETED,0,1
79KWH,8,3,FULL,14-06-2025,16:26:32,14-06-2025,16:26:44,14-06-2025,16:29:23,COMPLETED,0,1
79KWH,8,2,FULL,14-06-2025,16:27:18,14-06-2025,16:27:21,14-06-2025,16:28:38,COMPLETED,0,1
79KWH,8,2,FULL,14-06-2025,16:29:19,14-06-2025,16:29:20,14-06-2025,16:30:41,COMPLETED,0,1
79KWH,8,3,FULL,14-06-2025,16:29:34,14-06-2025,16:29:46,14-06-2025,16:32:27,COMPLETED,0,1
79KWH,8,2,FULL,14-06-2025,16:31:20,14-06-2025,16:31:23,14-06-2025,16:33:51,COMPLETED,0,1
79KWH,8,3,FULL,14-06-2025,16:32:38,14-06-2025,16:32:51,14-06-2025,16:35:36,COMPLETED,0,1
79KWH,8,2,FULL,14-06-2025,16:33:57,14-06-2025,16:34:04,14-06-2025,16:35:25,COMPLETED,0,1
79KWH,8,2,FULL,14-06-2025,16:35:31,14-06-2025,16:35:39,14-06-2025,16:36:56,COMPLETED,0,1
79KWH,8,3,FULL,14-06-2025,16:35:49,14-06-2025,16:35:59,14-06-2025,16:38:52,COMPLETED,0,1
79KWH,8,2,FULL,14-06-2025,16:37:23,14-06-2025,16:37:24,14-06-2025,16:38:45,COMPLETED,0,1
79KWH,8,2,FULL,14-06-2025,16:38:50,14-06-2025,16:38:59,14-06-2025,16:40:15,COMPLETED,0,1
79KWH,8,3,FULL,14-06-2025,16:39:04,14-06-2025,16:39:15,14-06-2025,16:42:01,COMPLETED,0,1
79KWH,8,2,FULL,14-06-2025,16:40:22,14-06-2025,16:40:30,14-06-2025,16:41:51,COMPLETED,0,1
79KWH,8,2,FULL,14-06-2025,16:41:58,14-06-2025,16:42:05,14-06-2025,16:43:22,COMPLETED,0,1
79KWH,8,3,FULL,14-06-2025,16:42:12,14-06-2025,16:42:24,14-06-2025,16:45:08,COMPLETED,0,1
79KWH,8,2,FULL,14-06-2025,16:43:28,14-06-2025,16:43:36,14-06-2025,16:44:56,COMPLETED,0,1
79KWH,8,2,FULL,14-06-2025,16:45:01,14-06-2025,16:45:10,14-06-2025,16:46:26,COMPLETED,0,1
79KWH,8,3,FULL,14-06-2025,16:45:20,14-06-2025,16:45:30,14-06-2025,16:48:25,COMPLETED,0,1
79KWH,8,2,FULL,14-06-2025,16:46:32,14-06-2025,16:46:40,14-06-2025,16:48:02,COMPLETED,0,1
79KWH,8,2,FULL,14-06-2025,16:48:07,14-06-2025,16:48:16,14-06-2025,16:49:32,COMPLETED,0,1
79KWH,8,3,FULL,14-06-2025,16:48:36,14-06-2025,16:48:47,14-06-2025,16:51:21,COMPLETED,0,1
79KWH,8,2,FULL,14-06-2025,16:49:37,14-06-2025,16:49:45,14-06-2025,16:53:02,COMPLETED,0,1
79KWH,8,3,FULL,14-06-2025,16:51:33,14-06-2025,16:51:44,14-06-2025,16:54:29,COMPLETED,0,1
79KWH,8,2,FULL,14-06-2025,16:53:08,14-06-2025,16:53:16,14-06-2025,16:54:34,COMPLETED,0,1
79KWH,8,2,FULL,14-06-2025,16:54:40,14-06-2025,16:54:48,14-06-2025,16:56:09,COMPLETED,0,1
79KWH,8,3,FULL,14-06-2025,16:54:40,14-06-2025,16:54:52,14-06-2025,16:57:25,COMPLETED,0,1
79KWH,8,2,FULL,14-06-2025,16:56:14,14-06-2025,16:56:22,14-06-2025,16:57:38,COMPLETED,0,1
79KWH,8,3,FULL,14-06-2025,16:57:37,14-06-2025,16:57:48,14-06-2025,17:00:26,COMPLETED,0,1
79KWH,8,2,FULL,14-06-2025,16:57:45,14-06-2025,16:57:53,14-06-2025,16:59:14,COMPLETED,0,1
79KWH,8,2,FULL,14-06-2025,16:59:20,14-06-2025,16:59:28,14-06-2025,17:00:45,COMPLETED,0,1
79KWH,8,3,FULL,14-06-2025,17:00:37,14-06-2025,17:00:49,14-06-2025,17:03:28,COMPLETED,0,1
79KWH,8,2,FULL,14-06-2025,17:00:52,14-06-2025,17:00:59,14-06-2025,17:02:22,COMPLETED,0,1
79KWH,8,2,FULL,14-06-2025,17:02:29,14-06-2025,17:02:36,14-06-2025,17:03:55,COMPLETED,0,1
79KWH,8,3,FULL,14-06-2025,17:03:40,14-06-2025,17:03:51,14-06-2025,17:06:30,COMPLETED,0,1
79KWH,8,2,FULL,14-06-2025,17:04:02,14-06-2025,17:04:09,14-06-2025,17:05:34,COMPLETED,0,1
79KWH,8,2,FULL,14-06-2025,17:05:40,14-06-2025,17:05:48,14-06-2025,17:07:08,COMPLETED,0,1
79KWH,8,3,FULL,14-06-2025,17:06:42,14-06-2025,17:06:53,14-06-2025,17:09:25,COMPLETED,0,1
79KWH,8,2,FULL,14-06-2025,17:07:13,14-06-2025,17:07:22,14-06-2025,17:08:47,COMPLETED,0,1
79KWH,8,2,FULL,14-06-2025,17:08:53,14-06-2025,17:09:00,14-06-2025,17:10:21,COMPLETED,0,1
79KWH,8,3,FULL,14-06-2025,17:09:36,14-06-2025,17:09:48,14-06-2025,17:12:36,COMPLETED,0,1
79KWH,8,2,FULL,14-06-2025,17:10:28,14-06-2025,17:10:35,14-06-2025,17:12:01,COMPLETED,0,1
79KWH,8,3,FULL,14-06-2025,17:12:48,14-06-2025,17:12:58,14-06-2025,17:15:36,COMPLETED,0,1
79KWH,8,3,FULL,14-06-2025,17:15:47,14-06-2025,17:15:59,14-06-2025,17:18:41,COMPLETED,0,1
79KWH,8,3,FULL,14-06-2025,17:18:54,14-06-2025,17:19:04,14-06-2025,17:21:35,COMPLETED,0,1
79KWH,8,3,FULL,14-06-2025,17:21:46,14-06-2025,17:21:58,14-06-2025,17:24:40,COMPLETED,0,1
79KWH,8,3,FULL,14-06-2025,17:24:52,14-06-2025,17:25:03,14-06-2025,17:27:41,COMPLETED,0,1
79KWH,8,2,FULL,14-06-2025,17:51:15,14-06-2025,17:51:23,14-06-2025,17:52:46,COMPLETED,0,1
79KWH,8,3,FULL,14-06-2025,17:52:45,14-06-2025,17:53:06,14-06-2025,17:55:45,COMPLETED,0,1
79KWH,8,2,FULL,14-06-2025,17:52:51,14-06-2025,17:53:00,14-06-2025,17:54:27,COMPLETED,0,1
79KWH,8,2,FULL,14-06-2025,17:54:32,14-06-2025,17:54:41,14-06-2025,17:56:04,COMPLETED,0,1
79KWH,8,3,FULL,14-06-2025,17:55:58,14-06-2025,17:56:08,14-06-2025,17:58:43,COMPLETED,0,1
79KWH,8,2,FULL,14-06-2025,17:56:16,14-06-2025,17:56:19,14-06-2025,17:57:47,COMPLETED,0,1
79KWH,8,2,FULL,14-06-2025,17:58:16,14-06-2025,17:58:29,14-06-2025,17:59:52,COMPLETED,0,1
79KWH,8,3,FULL,14-06-2025,17:58:55,14-06-2025,17:59:06,14-06-2025,18:01:48,COMPLETED,0,1
79KWH,8,2,FULL,14-06-2025,18:00:14,14-06-2025,18:00:20,14-06-2025,18:01:50,COMPLETED,0,1
79KWH,8,3,FULL,14-06-2025,18:02:00,14-06-2025,18:02:11,14-06-2025,18:04:49,COMPLETED,0,1
79KWH,8,2,FULL,14-06-2025,18:02:16,14-06-2025,18:02:19,14-06-2025,18:03:46,COMPLETED,0,1
79KWH,8,2,FULL,14-06-2025,18:04:18,14-06-2025,18:04:28,14-06-2025,18:05:56,COMPLETED,0,1
79KWH,8,3,FULL,14-06-2025,18:04:59,14-06-2025,18:05:12,14-06-2025,18:07:54,COMPLETED,0,1
79KWH,8,3,FULL,14-06-2025,18:08:06,14-06-2025,18:08:17,14-06-2025,18:10:57,COMPLETED,0,1
79KWH,8,3,FULL,14-06-2025,18:11:07,14-06-2025,18:11:20,14-06-2025,18:14:02,COMPLETED,0,1
79KWH,8,3,FULL,14-06-2025,18:44:53,14-06-2025,18:45:12,14-06-2025,18:47:52,COMPLETED,0,1
79KWH,8,2,FULL,14-06-2025,18:44:56,14-06-2025,18:45:02,14-06-2025,18:46:29,COMPLETED,0,1
79KWH,8,2,FULL,14-06-2025,18:46:57,14-06-2025,18:46:58,14-06-2025,18:48:30,COMPLETED,0,1
79KWH,8,3,FULL,14-06-2025,18:48:04,14-06-2025,18:48:15,14-06-2025,18:50:59,COMPLETED,0,1
79KWH,8,2,FULL,14-06-2025,18:48:57,14-06-2025,18:48:58,14-06-2025,18:50:25,COMPLETED,0,1
79KWH,8,2,FULL,14-06-2025,18:50:59,14-06-2025,18:51:07,14-06-2025,18:52:40,COMPLETED,0,1
79KWH,8,3,FULL,14-06-2025,18:51:11,14-06-2025,18:51:23,14-06-2025,18:54:04,COMPLETED,0,1
79KWH,8,3,FULL,14-06-2025,18:54:17,14-06-2025,18:54:27,14-06-2025,18:57:16,COMPLETED,0,1
79KWH,8,2,FULL,14-06-2025,19:22:58,14-06-2025,19:23:05,14-06-2025,19:25:23,COMPLETED,0,1
79KWH,8,3,FULL,14-06-2025,19:23:12,14-06-2025,19:23:26,14-06-2025,19:26:20,COMPLETED,0,1
79KWH,8,2,FULL,14-06-2025,19:26:26,14-06-2025,19:26:35,14-06-2025,19:28:08,COMPLETED,0,1
79KWH,8,3,FULL,14-06-2025,19:26:31,14-06-2025,19:26:43,14-06-2025,19:29:33,COMPLETED,0,1
79KWH,8,2,FULL,14-06-2025,19:28:28,14-06-2025,19:28:36,14-06-2025,19:30:05,COMPLETED,0,1
79KWH,8,3,FULL,14-06-2025,19:29:45,14-06-2025,19:32:27,14-06-2025,19:35:29,COMPLETED,0,1
79KWH,8,2,FULL,14-06-2025,19:30:29,14-06-2025,19:32:04,14-06-2025,19:34:22,COMPLETED,0,1
79KWH,8,2,FULL,14-06-2025,19:34:27,14-06-2025,19:36:17,14-06-2025,19:38:32,COMPLETED,0,1
79KWH,8,3,FULL,14-06-2025,19:35:40,14-06-2025,19:38:36,14-06-2025,19:41:39,COMPLETED,0,1
79KWH,8,2,FULL,14-06-2025,19:38:39,14-06-2025,19:38:46,14-06-2025,19:40:22,COMPLETED,0,1
79KWH,8,2,FULL,14-06-2025,19:40:27,14-06-2025,19:40:36,14-06-2025,19:42:09,COMPLETED,0,1
79KWH,8,3,FULL,14-06-2025,19:41:52,14-06-2025,22:13:22,14-06-2025,22:16:24,COMPLETED,0,1
79KWH,8,2,FULL,14-06-2025,19:42:15,14-06-2025,19:42:23,14-06-2025,19:44:00,COMPLETED,0,1
79KWH,8,2,FULL,14-06-2025,19:44:05,14-06-2025,19:44:14,14-06-2025,19:45:48,COMPLETED,0,1
79KWH,8,2,FULL,14-06-2025,19:45:56,14-06-2025,19:46:04,14-06-2025,19:47:45,COMPLETED,0,1
79KWH,8,2,FULL,14-06-2025,19:47:51,14-06-2025,19:47:59,14-06-2025,19:49:33,COMPLETED,0,1
79KWH,8,2,FULL,14-06-2025,19:49:40,14-06-2025,19:49:47,14-06-2025,19:51:27,COMPLETED,0,1
79KWH,8,2,FULL,14-06-2025,19:51:32,14-06-2025,19:51:41,14-06-2025,19:53:18,COMPLETED,0,1
79KWH,8,2,FULL,14-06-2025,19:53:23,14-06-2025,19:53:32,14-06-2025,19:55:12,COMPLETED,0,1
79KWH,8,2,FULL,14-06-2025,19:55:17,14-06-2025,19:55:26,14-06-2025,19:57:03,COMPLETED,0,1
79KWH,8,2,FULL,14-06-2025,19:57:09,14-06-2025,19:57:16,14-06-2025,19:58:58,COMPLETED,0,1
79KWH,8,2,FULL,14-06-2025,19:59:05,14-06-2025,19:59:12,14-06-2025,20:00:50,COMPLETED,0,1
79KWH,8,2,FULL,14-06-2025,20:00:56,14-06-2025,20:01:04,14-06-2025,20:02:48,COMPLETED,0,1
79KWH,8,2,FULL,14-06-2025,20:02:53,14-06-2025,20:03:02,14-06-2025,20:04:41,COMPLETED,0,1
79KWH,8,2,FULL,14-06-2025,20:04:47,14-06-2025,20:04:54,14-06-2025,20:06:38,COMPLETED,0,1
79KWH,8,2,FULL,14-06-2025,20:06:44,14-06-2025,20:06:52,14-06-2025,20:08:32,COMPLETED,0,1
79KWH,8,2,FULL,14-06-2025,20:08:39,14-06-2025,20:08:46,14-06-2025,20:10:29,COMPLETED,0,1
79KWH,8,2,FULL,14-06-2025,20:10:36,14-06-2025,20:10:43,14-06-2025,20:12:24,COMPLETED,0,1
79KWH,8,2,FULL,14-06-2025,20:12:30,14-06-2025,20:12:38,14-06-2025,20:14:51,COMPLETED,0,1
79KWH,8,2,FULL,14-06-2025,20:14:56,14-06-2025,20:16:46,14-06-2025,20:19:07,COMPLETED,0,1
79KWH,8,2,FULL,14-06-2025,20:19:13,14-06-2025,20:19:20,14-06-2025,20:21:08,COMPLETED,0,1
79KWH,8,2,FULL,14-06-2025,20:21:13,14-06-2025,20:22:58,14-06-2025,20:25:17,COMPLETED,0,1
79KWH,8,2,FULL,14-06-2025,20:25:22,14-06-2025,20:27:21,14-06-2025,20:29:46,COMPLETED,0,1
79KWH,8,2,FULL,14-06-2025,20:29:51,14-06-2025,20:31:34,14-06-2025,20:33:56,COMPLETED,0,1
79KWH,8,2,FULL,14-06-2025,20:34:02,14-06-2025,20:35:48,14-06-2025,20:38:13,COMPLETED,0,1
79KWH,8,2,FULL,14-06-2025,20:51:10,14-06-2025,20:51:13,14-06-2025,20:53:34,COMPLETED,0,1
79KWH,8,2,FULL,14-06-2025,20:53:41,14-06-2025,20:53:48,14-06-2025,20:55:52,COMPLETED,0,1
79KWH,8,2,FULL,14-06-2025,20:55:59,14-06-2025,20:56:07,14-06-2025,20:57:53,COMPLETED,0,1
79KWH,8,2,FULL,14-06-2025,20:58:00,14-06-2025,20:58:08,14-06-2025,21:00:00,COMPLETED,0,1
79KWH,8,2,FULL,14-06-2025,21:00:06,14-06-2025,21:00:14,14-06-2025,21:02:00,COMPLETED,0,1
79KWH,8,1,FULL,14-06-2025,21:01:33,14-06-2025,21:01:42,14-06-2025,21:03:59,COMPLETED,0,1
79KWH,8,2,FULL,14-06-2025,21:02:07,14-06-2025,21:02:14,14-06-2025,21:04:09,COMPLETED,0,1
79KWH,8,1,FULL,14-06-2025,21:04:04,14-06-2025,21:04:24,14-06-2025,21:06:08,COMPLETED,0,1
79KWH,8,2,FULL,14-06-2025,21:04:15,14-06-2025,21:04:23,14-06-2025,21:06:12,COMPLETED,0,1
79KWH,8,1,FULL,14-06-2025,21:06:13,14-06-2025,21:06:31,14-06-2025,21:08:09,COMPLETED,0,1
79KWH,8,2,FULL,14-06-2025,21:06:18,14-06-2025,21:06:26,14-06-2025,21:08:20,COMPLETED,0,1
79KWH,8,1,FULL,14-06-2025,21:08:14,14-06-2025,21:08:32,14-06-2025,21:10:14,COMPLETED,0,1
79KWH,8,2,FULL,14-06-2025,21:08:25,14-06-2025,21:08:33,14-06-2025,21:10:24,COMPLETED,0,1
79KWH,8,1,FULL,14-06-2025,21:10:19,14-06-2025,21:10:38,14-06-2025,21:12:18,COMPLETED,0,1
79KWH,8,2,FULL,14-06-2025,21:10:29,14-06-2025,21:10:37,14-06-2025,21:12:32,COMPLETED,0,1
79KWH,8,1,FULL,14-06-2025,21:12:23,14-06-2025,21:14:45,14-06-2025,21:17:16,COMPLETED,0,1
79KWH,8,2,FULL,14-06-2025,21:12:37,14-06-2025,21:12:45,14-06-2025,21:14:37,COMPLETED,0,1
79KWH,8,2,FULL,14-06-2025,21:14:43,14-06-2025,21:14:50,14-06-2025,21:16:45,COMPLETED,0,1
79KWH,8,2,FULL,14-06-2025,21:16:50,14-06-2025,21:16:58,14-06-2025,21:19:06,COMPLETED,0,1
79KWH,8,1,FULL,14-06-2025,21:17:21,14-06-2025,21:19:37,14-06-2025,21:21:56,COMPLETED,0,1
79KWH,8,2,FULL,14-06-2025,21:19:12,14-06-2025,21:19:20,14-06-2025,21:21:16,COMPLETED,0,1
79KWH,8,2,FULL,14-06-2025,21:21:23,14-06-2025,21:21:30,14-06-2025,21:23:24,COMPLETED,0,1
79KWH,8,1,FULL,14-06-2025,21:22:05,14-06-2025,21:24:21,14-06-2025,21:26:39,COMPLETED,0,1
79KWH,8,2,FULL,14-06-2025,21:23:30,14-06-2025,21:23:39,14-06-2025,21:25:36,COMPLETED,0,1
79KWH,8,2,FULL,14-06-2025,21:25:42,14-06-2025,21:25:51,14-06-2025,21:27:46,COMPLETED,0,1
79KWH,8,1,FULL,14-06-2025,21:26:44,14-06-2025,21:27:02,14-06-2025,21:28:48,COMPLETED,0,1
79KWH,8,2,FULL,14-06-2025,21:27:52,14-06-2025,21:28:02,14-06-2025,21:29:59,COMPLETED,0,1
79KWH,8,1,FULL,14-06-2025,21:28:52,14-06-2025,21:29:11,14-06-2025,21:30:54,COMPLETED,0,1
79KWH,8,2,FULL,14-06-2025,21:30:04,14-06-2025,21:30:14,14-06-2025,21:32:09,COMPLETED,0,1
79KWH,8,1,FULL,14-06-2025,21:30:59,14-06-2025,21:31:17,14-06-2025,21:33:06,COMPLETED,0,1
79KWH,8,2,FULL,14-06-2025,21:32:16,14-06-2025,21:32:24,14-06-2025,21:34:24,COMPLETED,0,1
79KWH,8,1,FULL,14-06-2025,21:33:11,14-06-2025,21:33:28,14-06-2025,21:35:13,COMPLETED,0,1
79KWH,8,2,FULL,14-06-2025,21:34:30,14-06-2025,21:34:38,14-06-2025,21:36:36,COMPLETED,0,1
79KWH,8,1,FULL,14-06-2025,21:35:18,14-06-2025,21:37:35,14-06-2025,21:40:00,COMPLETED,0,1
79KWH,8,2,FULL,14-06-2025,21:36:43,14-06-2025,21:36:50,14-06-2025,21:39:07,COMPLETED,0,1
79KWH,8,2,FULL,14-06-2025,21:39:13,14-06-2025,21:39:21,14-06-2025,21:41:20,COMPLETED,0,1
79KWH,8,1,FULL,14-06-2025,21:40:05,14-06-2025,21:42:27,14-06-2025,21:44:49,COMPLETED,0,1
79KWH,8,2,FULL,14-06-2025,21:41:27,14-06-2025,21:41:34,14-06-2025,21:43:38,COMPLETED,0,1
79KWH,8,2,FULL,14-06-2025,21:43:43,14-06-2025,21:43:52,14-06-2025,21:49:28,COMPLETED,0,1
79KWH,8,1,FULL,14-06-2025,21:44:54,14-06-2025,21:47:19,14-06-2025,21:49:46,COMPLETED,0,1
79KWH,8,2,FULL,14-06-2025,21:49:34,14-06-2025,21:49:42,14-06-2025,21:51:46,COMPLETED,0,1
79KWH,8,1,FULL,14-06-2025,21:49:50,14-06-2025,21:52:21,14-06-2025,21:54:42,COMPLETED,0,1
79KWH,8,2,FULL,14-06-2025,21:51:53,14-06-2025,21:52:00,14-06-2025,21:54:02,COMPLETED,0,1
79KWH,8,2,FULL,14-06-2025,21:54:07,14-06-2025,21:54:16,14-06-2025,21:56:21,COMPLETED,0,1
79KWH,8,1,FULL,14-06-2025,21:54:47,14-06-2025,21:57:03,14-06-2025,21:59:30,COMPLETED,0,1
79KWH,8,2,FULL,14-06-2025,21:56:26,14-06-2025,21:56:35,14-06-2025,21:58:36,COMPLETED,0,1
79KWH,8,2,FULL,14-06-2025,21:58:42,14-06-2025,21:58:50,14-06-2025,22:00:56,COMPLETED,0,1
79KWH,8,1,FULL,14-06-2025,21:59:36,14-06-2025,22:01:57,14-06-2025,22:04:18,COMPLETED,0,1
79KWH,8,2,FULL,14-06-2025,22:01:02,14-06-2025,22:01:10,14-06-2025,22:03:12,COMPLETED,0,1
79KWH,8,2,FULL,14-06-2025,22:03:18,14-06-2025,22:03:26,14-06-2025,22:05:34,COMPLETED,0,1
79KWH,8,1,FULL,14-06-2025,22:04:23,14-06-2025,22:06:36,14-06-2025,22:09:04,COMPLETED,0,1
79KWH,8,2,FULL,14-06-2025,22:05:40,14-06-2025,22:05:48,14-06-2025,22:07:52,COMPLETED,0,1
79KWH,8,2,FULL,14-06-2025,22:07:58,14-06-2025,22:08:06,14-06-2025,22:10:15,COMPLETED,0,1
79KWH,8,1,FULL,14-06-2025,22:09:09,14-06-2025,22:11:29,14-06-2025,22:13:52,COMPLETED,0,1
79KWH,8,2,FULL,14-06-2025,22:10:21,14-06-2025,22:10:29,14-06-2025,22:12:33,COMPLETED,0,1
79KWH,8,2,FULL,14-06-2025,22:12:40,14-06-2025,22:12:48,14-06-2025,22:14:56,COMPLETED,0,1
79KWH,8,1,FULL,14-06-2025,22:13:57,14-06-2025,22:16:11,14-06-2025,22:18:38,COMPLETED,0,1
79KWH,8,3,FULL,14-06-2025,22:16:31,14-06-2025,22:19:17,14-06-2025,22:22:31,COMPLETED,0,1
79KWH,8,1,FULL,14-06-2025,22:18:43,14-06-2025,22:21:03,14-06-2025,22:23:26,COMPLETED,0,1
79KWH,8,3,FULL,14-06-2025,22:22:37,14-06-2025,22:25:46,14-06-2025,22:28:56,COMPLETED,0,1
79KWH,8,1,FULL,14-06-2025,22:23:31,14-06-2025,22:25:45,14-06-2025,22:28:14,COMPLETED,0,1
79KWH,8,1,FULL,14-06-2025,22:28:19,14-06-2025,22:30:38,14-06-2025,22:33:01,COMPLETED,0,1
79KWH,8,3,FULL,14-06-2025,22:29:07,14-06-2025,22:32:00,14-06-2025,22:35:07,COMPLETED,0,1
79KWH,8,2,FULL,14-06-2025,22:32:32,14-06-2025,22:32:41,14-06-2025,22:34:46,COMPLETED,0,1
79KWH,8,1,FULL,14-06-2025,22:33:06,14-06-2025,22:35:18,14-06-2025,22:37:47,COMPLETED,0,1
79KWH,8,2,FULL,14-06-2025,22:34:51,14-06-2025,22:35:00,14-06-2025,22:37:12,COMPLETED,0,1
79KWH,8,3,FULL,14-06-2025,22:35:17,14-06-2025,22:38:23,14-06-2025,22:41:29,COMPLETED,0,1
79KWH,8,2,FULL,14-06-2025,22:37:17,14-06-2025,22:37:26,14-06-2025,22:39:33,COMPLETED,0,1
79KWH,8,1,FULL,14-06-2025,22:37:52,14-06-2025,22:38:11,14-06-2025,22:40:03,COMPLETED,0,1
79KWH,8,2,FULL,14-06-2025,22:39:39,14-06-2025,22:39:47,14-06-2025,22:41:59,COMPLETED,0,1
79KWH,8,1,FULL,14-06-2025,22:40:07,14-06-2025,22:40:27,14-06-2025,22:42:23,COMPLETED,0,1
79KWH,8,3,FULL,14-06-2025,22:41:40,14-06-2025,22:44:19,14-06-2025,22:47:26,COMPLETED,0,1
79KWH,8,2,FULL,14-06-2025,22:42:23,14-06-2025,22:42:27,14-06-2025,22:44:35,COMPLETED,0,1
79KWH,8,1,FULL,14-06-2025,22:42:29,14-06-2025,22:42:48,14-06-2025,22:44:40,COMPLETED,0,1
79KWH,8,2,FULL,14-06-2025,22:44:43,14-06-2025,22:44:48,14-06-2025,22:47:01,COMPLETED,0,1
79KWH,8,1,FULL,14-06-2025,22:44:45,14-06-2025,22:45:03,14-06-2025,22:47:00,COMPLETED,0,1
79KWH,8,1,FULL,14-06-2025,22:47:05,14-06-2025,22:47:24,14-06-2025,22:49:17,COMPLETED,0,1
79KWH,8,2,FULL,14-06-2025,22:47:07,14-06-2025,22:47:15,14-06-2025,22:49:26,COMPLETED,0,1
79KWH,8,3,FULL,14-06-2025,22:47:33,14-06-2025,22:50:23,14-06-2025,23:31:51,COMPLETED,0,1
79KWH,8,1,FULL,14-06-2025,22:49:22,14-06-2025,22:51:41,14-06-2025,22:54:12,COMPLETED,0,1
79KWH,8,3,FULL,14-06-2025,23:31:59,14-06-2025,23:34:55,14-06-2025,23:38:02,COMPLETED,0,1
79KWH,8,3,FULL,14-06-2025,23:38:08,14-06-2025,23:40:59,14-06-2025,23:44:16,COMPLETED,0,1
79KWH,8,3,FULL,14-06-2025,23:44:22,14-06-2025,23:47:10,14-06-2025,23:50:11,COMPLETED,0,1
79KWH,8,3,FULL,14-06-2025,23:50:18,14-06-2025,23:53:20,14-06-2025,23:56:30,COMPLETED,0,1
79KWH,8,1,FULL,17-06-2025,16:27:59,17-06-2025,16:28:22,17-06-2025,16:29:52,COMPLETED,0,1
79KWH,8,1,FULL,19-06-2025,09:06:40,19-06-2025,09:07:01,19-06-2025,09:09:26,COMPLETED,0,1
79KWH,8,3,FULL,19-06-2025,09:07:31,19-06-2025,09:08:14,19-06-2025,09:11:15,COMPLETED,0,1
79KWH,8,2,FULL,19-06-2025,09:07:35,19-06-2025,09:07:38,19-06-2025,09:10:15,COMPLETED,0,1
79KWH,8,1,FULL,19-06-2025,09:09:30,19-06-2025,09:09:49,19-06-2025,09:11:50,COMPLETED,0,1
79KWH,8,2,FULL,19-06-2025,09:10:41,19-06-2025,09:10:42,19-06-2025,09:12:51,COMPLETED,0,1
79KWH,8,3,FULL,19-06-2025,09:11:22,19-06-2025,09:13:04,19-06-2025,09:15:59,COMPLETED,0,1
79KWH,8,1,FULL,19-06-2025,09:25:07,19-06-2025,09:25:19,19-06-2025,09:27:17,COMPLETED,0,1
79KWH,8,3,FULL,19-06-2025,09:26:20,19-06-2025,09:26:23,19-06-2025,09:29:22,COMPLETED,0,1
79KWH,8,1,FULL,19-06-2025,09:27:21,19-06-2025,09:27:40,19-06-2025,09:29:41,COMPLETED,0,1
79KWH,8,3,FULL,19-06-2025,09:29:30,19-06-2025,09:29:45,19-06-2025,09:32:31,COMPLETED,0,1
79KWH,8,1,FULL,19-06-2025,09:29:49,19-06-2025,09:30:04,19-06-2025,09:32:02,COMPLETED,0,1
79KWH,8,1,FULL,19-06-2025,09:32:07,19-06-2025,09:32:26,19-06-2025,09:34:28,COMPLETED,0,1
79KWH,8,3,FULL,19-06-2025,09:32:37,19-06-2025,09:45:17,19-06-2025,09:48:18,COMPLETED,0,1
79KWH,8,1,FULL,19-06-2025,09:34:32,19-06-2025,09:34:51,19-06-2025,09:36:50,COMPLETED,0,1
79KWH,8,1,FULL,19-06-2025,09:36:55,19-06-2025,09:37:14,19-06-2025,09:39:18,COMPLETED,0,1
79KWH,8,1,FULL,19-06-2025,09:39:24,19-06-2025,09:39:41,19-06-2025,09:41:40,COMPLETED,0,1
79KWH,8,1,FULL,19-06-2025,09:41:45,19-06-2025,09:42:03,19-06-2025,09:44:08,COMPLETED,0,1
79KWH,8,1,FULL,19-06-2025,09:44:12,19-06-2025,09:44:31,19-06-2025,09:46:32,COMPLETED,0,1
79KWH,8,1,FULL,19-06-2025,09:46:37,19-06-2025,09:46:55,19-06-2025,09:49:01,COMPLETED,0,1
79KWH,8,2,FULL,19-06-2025,09:47:51,19-06-2025,09:47:51,19-06-2025,09:50:22,COMPLETED,0,1
79KWH,8,3,FULL,19-06-2025,09:48:24,19-06-2025,09:48:41,19-06-2025,09:51:27,COMPLETED,0,1
79KWH,8,1,FULL,19-06-2025,09:49:06,19-06-2025,09:49:23,19-06-2025,09:51:26,COMPLETED,0,1
79KWH,8,2,FULL,19-06-2025,09:50:28,19-06-2025,09:50:36,19-06-2025,09:52:45,COMPLETED,0,1
79KWH,8,1,FULL,19-06-2025,09:51:31,19-06-2025,09:51:49,19-06-2025,09:53:56,COMPLETED,0,1
79KWH,8,3,FULL,19-06-2025,09:51:34,19-06-2025,09:53:18,19-06-2025,09:56:21,COMPLETED,0,1
79KWH,8,2,FULL,19-06-2025,09:52:51,19-06-2025,09:53:00,19-06-2025,09:55:23,COMPLETED,0,1
79KWH,8,1,FULL,19-06-2025,09:54:01,19-06-2025,09:54:19,19-06-2025,09:56:23,COMPLETED,0,1
79KWH,8,2,FULL,19-06-2025,09:55:29,19-06-2025,09:55:37,19-06-2025,09:57:55,COMPLETED,0,1
79KWH,8,3,FULL,19-06-2025,09:56:27,19-06-2025,09:58:08,19-06-2025,10:01:06,COMPLETED,0,1
79KWH,8,1,FULL,19-06-2025,09:56:28,19-06-2025,09:56:47,19-06-2025,09:58:55,COMPLETED,0,1
79KWH,8,2,FULL,19-06-2025,09:58:01,19-06-2025,09:58:10,19-06-2025,10:00:42,COMPLETED,0,1
79KWH,8,1,FULL,19-06-2025,09:58:59,19-06-2025,09:59:17,19-06-2025,10:01:23,COMPLETED,0,1
79KWH,8,2,FULL,19-06-2025,10:00:48,19-06-2025,10:00:56,19-06-2025,10:03:12,COMPLETED,0,1
79KWH,8,3,FULL,19-06-2025,10:01:13,19-06-2025,10:05:16,19-06-2025,10:08:09,COMPLETED,0,1
79KWH,8,1,FULL,19-06-2025,10:01:28,19-06-2025,10:01:45,19-06-2025,10:03:53,COMPLETED,0,1
79KWH,8,2,FULL,19-06-2025,10:03:18,19-06-2025,10:03:26,19-06-2025,10:05:46,COMPLETED,0,1
79KWH,8,1,FULL,19-06-2025,10:03:59,19-06-2025,10:04:17,19-06-2025,10:06:21,COMPLETED,0,1
79KWH,8,2,FULL,19-06-2025,10:05:52,19-06-2025,10:06:00,19-06-2025,10:08:21,COMPLETED,0,1
79KWH,8,1,FULL,19-06-2025,10:06:26,19-06-2025,10:06:44,19-06-2025,10:08:54,COMPLETED,0,1
79KWH,8,3,FULL,19-06-2025,10:08:16,19-06-2025,10:10:00,19-06-2025,10:12:59,COMPLETED,0,1
79KWH,8,2,FULL,19-06-2025,10:08:26,19-06-2025,10:08:35,19-06-2025,10:10:56,COMPLETED,0,1
79KWH,8,1,FULL,19-06-2025,10:08:59,19-06-2025,10:09:17,19-06-2025,10:11:25,COMPLETED,0,1
79KWH,8,2,FULL,19-06-2025,10:11:02,19-06-2025,10:11:10,19-06-2025,10:13:26,COMPLETED,0,1
79KWH,8,1,FULL,19-06-2025,10:11:30,19-06-2025,10:11:49,19-06-2025,10:14:03,COMPLETED,0,1
79KWH,8,2,FULL,19-06-2025,10:13:32,19-06-2025,10:13:40,19-06-2025,10:16:01,COMPLETED,0,1
79KWH,8,1,FULL,19-06-2025,10:14:07,19-06-2025,10:14:25,19-06-2025,10:16:33,COMPLETED,0,1
79KWH,8,2,FULL,19-06-2025,10:16:07,19-06-2025,10:16:15,19-06-2025,10:18:32,COMPLETED,0,1
79KWH,8,1,FULL,19-06-2025,10:16:39,19-06-2025,10:16:56,19-06-2025,10:19:08,COMPLETED,0,1
79KWH,8,1,FULL,19-06-2025,10:19:14,19-06-2025,10:19:31,19-06-2025,10:21:40,COMPLETED,0,1
79KWH,8,1,FULL,19-06-2025,10:21:45,19-06-2025,10:22:02,19-06-2025,10:24:16,COMPLETED,0,1
79KWH,8,2,FULL,19-06-2025,10:24:09,19-06-2025,10:24:10,19-06-2025,10:26:30,COMPLETED,0,1
79KWH,8,1,FULL,19-06-2025,10:24:20,19-06-2025,10:24:39,19-06-2025,10:26:49,COMPLETED,0,1
79KWH,8,2,FULL,19-06-2025,10:26:35,19-06-2025,10:26:45,19-06-2025,10:29:04,COMPLETED,0,1
79KWH,8,1,FULL,19-06-2025,10:26:53,19-06-2025,10:27:11,19-06-2025,10:29:29,COMPLETED,0,1
79KWH,8,2,FULL,19-06-2025,10:29:10,19-06-2025,10:29:18,19-06-2025,10:32:40,COMPLETED,0,1
79KWH,8,1,FULL,19-06-2025,10:29:34,19-06-2025,10:29:52,19-06-2025,10:32:08,COMPLETED,0,1
79KWH,8,1,FULL,19-06-2025,10:32:14,19-06-2025,10:32:31,19-06-2025,10:34:48,COMPLETED,0,1
79KWH,8,2,FULL,19-06-2025,10:32:46,19-06-2025,10:32:54,19-06-2025,10:38:30,COMPLETED,0,1
79KWH,8,1,FULL,19-06-2025,10:34:53,19-06-2025,10:35:11,19-06-2025,10:37:24,COMPLETED,0,1
79KWH,8,1,FULL,19-06-2025,10:37:28,19-06-2025,10:37:47,19-06-2025,10:40:04,COMPLETED,0,1
79KWH,8,2,FULL,19-06-2025,10:38:36,19-06-2025,10:38:43,19-06-2025,10:41:07,COMPLETED,0,1
79KWH,8,1,FULL,19-06-2025,10:40:10,19-06-2025,10:40:27,19-06-2025,10:42:41,COMPLETED,0,1
79KWH,8,2,FULL,19-06-2025,10:41:13,19-06-2025,10:41:21,19-06-2025,10:43:40,COMPLETED,0,1
79KWH,8,1,FULL,19-06-2025,10:42:47,19-06-2025,10:43:06,19-06-2025,10:45:23,COMPLETED,0,1
79KWH,8,2,FULL,19-06-2025,10:43:46,19-06-2025,10:43:55,19-06-2025,10:46:19,COMPLETED,0,1
79KWH,8,1,FULL,19-06-2025,10:45:28,19-06-2025,10:45:45,19-06-2025,10:47:59,COMPLETED,0,1
79KWH,8,2,FULL,19-06-2025,10:46:25,19-06-2025,10:46:33,19-06-2025,10:48:54,COMPLETED,0,1
79KWH,8,1,FULL,19-06-2025,10:48:05,19-06-2025,10:48:22,19-06-2025,10:50:40,COMPLETED,0,1
79KWH,8,2,FULL,19-06-2025,10:49:01,19-06-2025,10:49:08,19-06-2025,10:51:34,COMPLETED,0,1
79KWH,8,1,FULL,19-06-2025,10:50:45,19-06-2025,10:51:03,19-06-2025,10:53:19,COMPLETED,0,1
79KWH,8,2,FULL,19-06-2025,10:51:41,19-06-2025,10:51:49,19-06-2025,10:54:10,COMPLETED,0,1
79KWH,8,1,FULL,19-06-2025,10:53:24,19-06-2025,10:53:42,19-06-2025,10:56:03,COMPLETED,0,1
79KWH,8,2,FULL,19-06-2025,10:54:19,19-06-2025,10:54:24,19-06-2025,10:56:50,COMPLETED,0,1
79KWH,8,1,FULL,19-06-2025,10:56:09,19-06-2025,10:56:26,19-06-2025,10:58:42,COMPLETED,0,1
79KWH,8,2,FULL,19-06-2025,10:56:55,19-06-2025,10:57:05,19-06-2025,10:59:28,COMPLETED,0,1
79KWH,8,1,FULL,19-06-2025,10:58:46,19-06-2025,10:59:05,19-06-2025,11:01:28,COMPLETED,0,1
79KWH,8,3,FULL,19-06-2025,10:59:20,19-06-2025,10:59:22,19-06-2025,11:02:24,COMPLETED,0,1
79KWH,8,2,FULL,19-06-2025,10:59:35,19-06-2025,10:59:42,19-06-2025,11:02:09,COMPLETED,0,1
79KWH,8,1,FULL,19-06-2025,11:01:33,19-06-2025,11:01:51,19-06-2025,11:04:10,COMPLETED,0,1
79KWH,8,2,FULL,19-06-2025,11:02:14,19-06-2025,11:02:22,19-06-2025,11:06:28,COMPLETED,0,1
79KWH,8,3,FULL,19-06-2025,11:02:30,19-06-2025,11:02:47,19-06-2025,11:05:36,COMPLETED,0,1
79KWH,8,1,FULL,19-06-2025,11:04:15,19-06-2025,11:04:33,19-06-2025,11:06:56,COMPLETED,0,1
79KWH,8,3,FULL,19-06-2025,11:05:42,19-06-2025,11:05:59,19-06-2025,11:08:55,COMPLETED,0,1
79KWH,8,2,FULL,19-06-2025,11:06:35,19-06-2025,11:06:42,19-06-2025,11:11:57,COMPLETED,0,1
79KWH,8,1,FULL,19-06-2025,11:07:00,19-06-2025,11:07:18,19-06-2025,11:09:37,COMPLETED,0,1
79KWH,8,3,FULL,19-06-2025,11:09:01,19-06-2025,11:09:17,19-06-2025,11:12:08,COMPLETED,0,1
79KWH,8,1,FULL,19-06-2025,11:09:41,19-06-2025,11:09:59,19-06-2025,11:12:23,COMPLETED,0,1
79KWH,8,2,FULL,19-06-2025,11:12:04,19-06-2025,11:12:39,19-06-2025,11:12:39,COMPLETED,0,1
79KWH,8,3,FULL,19-06-2025,11:12:16,19-06-2025,11:12:32,19-06-2025,11:15:26,COMPLETED,0,1
79KWH,8,1,FULL,19-06-2025,11:12:29,19-06-2025,11:12:46,19-06-2025,11:15:06,COMPLETED,0,1
79KWH,8,1,FULL,19-06-2025,11:15:11,19-06-2025,11:15:29,19-06-2025,11:17:54,COMPLETED,0,1
79KWH,8,3,FULL,19-06-2025,11:15:33,19-06-2025,11:15:49,19-06-2025,11:18:42,COMPLETED,0,1
79KWH,8,1,FULL,19-06-2025,11:17:59,19-06-2025,11:18:17,19-06-2025,11:20:38,COMPLETED,0,1
79KWH,8,3,FULL,19-06-2025,11:18:47,19-06-2025,11:20:20,19-06-2025,11:23:25,COMPLETED,0,1
79KWH,8,1,FULL,19-06-2025,11:20:43,19-06-2025,11:21:01,19-06-2025,11:23:27,COMPLETED,0,1
79KWH,8,1,FULL,19-06-2025,11:23:31,19-06-2025,11:23:49,19-06-2025,11:26:11,COMPLETED,0,1
79KWH,8,3,FULL,19-06-2025,11:23:32,19-06-2025,11:25:08,19-06-2025,11:28:08,COMPLETED,0,1
79KWH,8,1,FULL,19-06-2025,11:26:16,19-06-2025,11:26:34,19-06-2025,11:29:01,COMPLETED,0,1
79KWH,8,3,FULL,19-06-2025,11:28:15,19-06-2025,11:49:45,19-06-2025,11:51:49,COMPLETED,0,1
79KWH,8,1,FULL,19-06-2025,11:29:07,19-06-2025,11:29:25,19-06-2025,11:31:47,COMPLETED,0,1
79KWH,8,1,FULL,19-06-2025,11:31:52,19-06-2025,11:32:11,19-06-2025,11:34:39,COMPLETED,0,1
79KWH,8,1,FULL,19-06-2025,11:34:44,19-06-2025,11:35:02,19-06-2025,11:37:28,COMPLETED,0,1
79KWH,8,1,FULL,19-06-2025,11:37:33,19-06-2025,11:37:51,19-06-2025,11:40:20,COMPLETED,0,1
79KWH,8,1,FULL,19-06-2025,11:40:25,19-06-2025,11:40:43,19-06-2025,11:43:08,COMPLETED,0,1
79KWH,8,1,FULL,19-06-2025,11:43:13,19-06-2025,11:43:31,19-06-2025,11:46:03,COMPLETED,0,1
79KWH,8,1,FULL,19-06-2025,11:46:08,19-06-2025,11:46:25,19-06-2025,11:48:52,COMPLETED,0,1
79KWH,8,3,FULL,19-06-2025,11:51:55,19-06-2025,11:53:26,19-06-2025,11:56:27,COMPLETED,0,1
79KWH,8,2,FULL,19-06-2025,12:28:45,19-06-2025,12:45:24,19-06-2025,12:47:10,COMPLETED,0,1
79KWH,8,1,FULL,19-06-2025,12:38:18,19-06-2025,12:38:39,19-06-2025,12:41:12,COMPLETED,0,1
79KWH,8,1,FULL,19-06-2025,12:41:17,19-06-2025,12:41:35,19-06-2025,12:44:04,COMPLETED,0,1
79KWH,8,1,FULL,19-06-2025,12:44:09,19-06-2025,12:44:27,19-06-2025,12:47:02,COMPLETED,0,1
79KWH,8,1,FULL,19-06-2025,12:47:06,19-06-2025,12:47:25,19-06-2025,12:49:55,COMPLETED,0,1
79KWH,8,2,FULL,19-06-2025,12:47:15,19-06-2025,12:47:23,19-06-2025,12:49:51,COMPLETED,0,1
79KWH,8,2,FULL,19-06-2025,12:49:57,19-06-2025,12:50:04,19-06-2025,12:52:36,COMPLETED,0,1
79KWH,8,1,FULL,19-06-2025,12:50:00,19-06-2025,12:50:18,19-06-2025,12:52:53,COMPLETED,0,1
79KWH,8,2,FULL,19-06-2025,12:52:44,19-06-2025,12:52:51,19-06-2025,12:55:20,COMPLETED,0,1
79KWH,8,1,FULL,19-06-2025,12:52:58,19-06-2025,12:53:16,19-06-2025,12:55:46,COMPLETED,0,1
79KWH,8,2,FULL,19-06-2025,12:55:26,19-06-2025,12:55:34,19-06-2025,13:01:32,COMPLETED,0,1
79KWH,8,1,FULL,19-06-2025,12:55:52,19-06-2025,12:56:09,19-06-2025,12:58:45,COMPLETED,0,1
79KWH,8,1,FULL,19-06-2025,12:58:49,19-06-2025,12:59:08,19-06-2025,13:01:40,COMPLETED,0,1
79KWH,8,2,FULL,19-06-2025,13:01:37,19-06-2025,13:01:46,19-06-2025,13:04:15,COMPLETED,0,1
79KWH,8,1,FULL,19-06-2025,13:01:45,19-06-2025,13:02:03,19-06-2025,13:04:46,COMPLETED,0,1
79KWH,8,2,FULL,19-06-2025,13:04:21,19-06-2025,13:04:29,19-06-2025,13:07:03,COMPLETED,0,1
79KWH,8,1,FULL,19-06-2025,13:04:51,19-06-2025,13:05:09,19-06-2025,13:07:40,COMPLETED,0,1
79KWH,8,2,FULL,19-06-2025,13:07:09,19-06-2025,13:07:17,19-06-2025,13:09:47,COMPLETED,0,1
79KWH,8,1,FULL,19-06-2025,13:07:45,19-06-2025,13:08:03,19-06-2025,13:10:41,COMPLETED,0,1
79KWH,8,2,FULL,19-06-2025,13:09:52,19-06-2025,13:10:01,19-06-2025,13:12:36,COMPLETED,0,1
79KWH,8,1,FULL,19-06-2025,13:10:46,19-06-2025,13:11:04,19-06-2025,13:13:38,COMPLETED,0,1
79KWH,8,2,FULL,19-06-2025,13:12:42,19-06-2025,13:13:59,19-06-2025,13:16:30,COMPLETED,0,1
79KWH,8,1,FULL,19-06-2025,13:13:43,19-06-2025,13:14:01,19-06-2025,13:16:43,COMPLETED,0,1
79KWH,8,2,FULL,19-06-2025,13:16:36,19-06-2025,13:16:44,19-06-2025,13:41:56,COMPLETED,0,1
79KWH,8,1,FULL,19-06-2025,13:16:49,19-06-2025,13:17:07,19-06-2025,13:19:43,COMPLETED,0,1
79KWH,8,1,FULL,19-06-2025,13:19:48,19-06-2025,13:20:06,19-06-2025,13:22:48,COMPLETED,0,1
79KWH,8,1,FULL,19-06-2025,13:22:53,19-06-2025,13:23:11,19-06-2025,13:25:52,COMPLETED,0,1
79KWH,8,1,FULL,19-06-2025,13:25:57,19-06-2025,13:26:15,19-06-2025,13:29:00,COMPLETED,0,1
79KWH,8,1,FULL,19-06-2025,13:29:06,19-06-2025,13:29:23,19-06-2025,13:32:04,COMPLETED,0,1
79KWH,8,1,FULL,19-06-2025,13:32:08,19-06-2025,13:32:26,19-06-2025,13:35:11,COMPLETED,0,1
79KWH,8,1,FULL,19-06-2025,13:35:16,19-06-2025,13:35:34,19-06-2025,13:38:13,COMPLETED,0,1
79KWH,8,1,FULL,19-06-2025,13:38:19,19-06-2025,13:38:36,19-06-2025,13:41:23,COMPLETED,0,1
79KWH,8,1,FULL,19-06-2025,13:41:28,19-06-2025,13:41:47,19-06-2025,13:44:29,COMPLETED,0,1
79KWH,8,2,FULL,19-06-2025,13:42:03,19-06-2025,13:42:10,19-06-2025,13:44:36,COMPLETED,0,1
79KWH,8,1,FULL,19-06-2025,13:44:34,19-06-2025,13:44:52,19-06-2025,13:47:41,COMPLETED,0,1
79KWH,8,2,FULL,19-06-2025,13:44:43,19-06-2025,13:44:51,19-06-2025,13:47:18,COMPLETED,0,1
79KWH,8,2,FULL,19-06-2025,13:47:24,19-06-2025,13:47:32,19-06-2025,13:50:08,COMPLETED,0,1
79KWH,8,1,FULL,19-06-2025,13:47:46,19-06-2025,13:48:04,19-06-2025,13:50:47,COMPLETED,0,1
79KWH,8,2,FULL,19-06-2025,13:50:15,19-06-2025,13:50:22,19-06-2025,13:52:54,COMPLETED,0,1
79KWH,8,1,FULL,19-06-2025,13:50:52,19-06-2025,13:51:10,19-06-2025,13:53:55,COMPLETED,0,1
79KWH,8,2,FULL,19-06-2025,13:52:59,19-06-2025,13:53:07,19-06-2025,13:55:46,COMPLETED,0,1
79KWH,8,1,FULL,19-06-2025,13:54:01,19-06-2025,13:54:19,19-06-2025,13:57:00,COMPLETED,0,1
79KWH,8,2,FULL,19-06-2025,13:55:53,19-06-2025,13:56:00,19-06-2025,13:58:39,COMPLETED,0,1
79KWH,8,1,FULL,19-06-2025,13:57:06,19-06-2025,13:57:23,19-06-2025,14:00:10,COMPLETED,0,1
79KWH,8,2,FULL,19-06-2025,13:58:45,19-06-2025,13:58:53,19-06-2025,14:01:32,COMPLETED,0,1
79KWH,8,1,FULL,19-06-2025,14:00:15,19-06-2025,14:00:33,19-06-2025,14:03:16,COMPLETED,0,1
79KWH,8,2,FULL,19-06-2025,14:01:39,19-06-2025,14:01:46,19-06-2025,14:04:22,COMPLETED,0,1
79KWH,8,1,FULL,19-06-2025,14:03:20,19-06-2025,14:03:39,19-06-2025,14:06:25,COMPLETED,0,1
79KWH,8,2,FULL,19-06-2025,14:04:29,19-06-2025,14:04:36,19-06-2025,14:07:21,COMPLETED,0,1
79KWH,8,1,FULL,19-06-2025,14:06:31,19-06-2025,14:06:48,19-06-2025,14:09:33,COMPLETED,0,1
79KWH,8,2,FULL,19-06-2025,14:07:26,19-06-2025,14:07:34,19-06-2025,14:10:14,COMPLETED,0,1
79KWH,8,1,FULL,19-06-2025,14:09:38,19-06-2025,14:09:55,19-06-2025,14:12:45,COMPLETED,0,1
79KWH,8,2,FULL,19-06-2025,14:10:21,19-06-2025,14:10:32,19-06-2025,14:13:13,COMPLETED,0,1
79KWH,8,1,FULL,19-06-2025,14:12:50,19-06-2025,14:13:08,19-06-2025,14:15:53,COMPLETED,0,1
79KWH,8,3,FULL,19-06-2025,14:13:03,19-06-2025,14:13:24,19-06-2025,14:16:29,COMPLETED,0,1
79KWH,8,2,FULL,19-06-2025,14:13:19,19-06-2025,14:13:26,19-06-2025,14:16:05,COMPLETED,0,1
79KWH,8,1,FULL,19-06-2025,14:15:58,19-06-2025,14:16:17,19-06-2025,14:19:06,COMPLETED,0,1
79KWH,8,2,FULL,19-06-2025,14:16:10,19-06-2025,14:16:19,19-06-2025,14:19:05,COMPLETED,0,1
79KWH,8,3,FULL,19-06-2025,14:16:35,19-06-2025,14:16:52,19-06-2025,14:19:48,COMPLETED,0,1
79KWH,8,1,FULL,19-06-2025,14:19:11,19-06-2025,14:19:29,19-06-2025,14:22:15,COMPLETED,0,1
79KWH,8,3,FULL,19-06-2025,14:19:55,19-06-2025,14:20:11,19-06-2025,14:23:12,COMPLETED,0,1
79KWH,8,1,FULL,19-06-2025,14:22:20,19-06-2025,14:22:37,19-06-2025,14:25:27,COMPLETED,0,1
79KWH,8,3,FULL,19-06-2025,14:23:18,19-06-2025,14:23:34,19-06-2025,14:26:31,COMPLETED,0,1
79KWH,8,1,FULL,19-06-2025,14:25:32,19-06-2025,14:25:50,19-06-2025,14:28:38,COMPLETED,0,1
79KWH,8,2,FULL,19-06-2025,14:34:04,19-06-2025,14:34:10,19-06-2025,14:36:53,COMPLETED,0,1
79KWH,8,1,FULL,19-06-2025,14:35:29,19-06-2025,14:35:36,19-06-2025,14:38:28,COMPLETED,0,1
79KWH,8,2,FULL,19-06-2025,14:36:58,19-06-2025,14:37:07,19-06-2025,14:39:50,COMPLETED,0,1
79KWH,8,1,FULL,19-06-2025,15:41:06,19-06-2025,15:41:16,19-06-2025,15:44:07,COMPLETED,0,1
79KWH,8,2,FULL,19-06-2025,15:41:13,19-06-2025,15:41:26,19-06-2025,15:44:12,COMPLETED,0,1
79KWH,8,1,FULL,19-06-2025,15:44:12,19-06-2025,15:44:30,19-06-2025,15:47:22,COMPLETED,0,1
79KWH,8,2,FULL,19-06-2025,15:44:18,19-06-2025,15:44:27,19-06-2025,15:47:13,COMPLETED,0,1
79KWH,8,3,FULL,19-06-2025,15:45:25,19-06-2025,15:46:29,19-06-2025,15:49:36,COMPLETED,0,1
79KWH,8,2,FULL,19-06-2025,15:47:18,19-06-2025,15:47:27,19-06-2025,15:50:08,COMPLETED,0,1
79KWH,8,1,FULL,19-06-2025,15:47:27,19-06-2025,15:47:46,19-06-2025,15:50:47,COMPLETED,0,1
79KWH,8,3,FULL,19-06-2025,15:49:42,19-06-2025,15:49:59,19-06-2025,15:52:56,COMPLETED,0,1
79KWH,8,2,FULL,19-06-2025,15:50:14,19-06-2025,15:50:22,19-06-2025,15:53:08,COMPLETED,0,1
79KWH,8,1,FULL,19-06-2025,15:50:52,19-06-2025,15:51:10,19-06-2025,15:54:07,COMPLETED,0,1
79KWH,8,3,FULL,19-06-2025,15:53:03,19-06-2025,15:53:19,19-06-2025,15:56:21,COMPLETED,0,1
79KWH,8,2,FULL,19-06-2025,15:53:14,19-06-2025,15:53:22,19-06-2025,15:56:05,COMPLETED,0,1
79KWH,8,1,FULL,19-06-2025,15:54:12,19-06-2025,15:54:30,19-06-2025,15:57:20,COMPLETED,0,1
79KWH,8,2,FULL,19-06-2025,15:56:12,19-06-2025,15:56:19,19-06-2025,15:59:11,COMPLETED,0,1
79KWH,8,3,FULL,19-06-2025,15:56:28,19-06-2025,16:14:10,19-06-2025,16:17:08,COMPLETED,0,1
79KWH,8,1,FULL,19-06-2025,15:57:25,19-06-2025,15:57:43,19-06-2025,16:00:39,COMPLETED,0,1
79KWH,8,2,FULL,19-06-2025,15:59:16,19-06-2025,15:59:25,19-06-2025,16:02:08,COMPLETED,0,1
79KWH,8,1,FULL,19-06-2025,16:00:44,19-06-2025,16:01:02,19-06-2025,16:03:53,COMPLETED,0,1
79KWH,8,1,FULL,19-06-2025,16:14:56,19-06-2025,16:15:08,19-06-2025,16:18:07,COMPLETED,0,1
79KWH,8,3,FULL,19-06-2025,16:17:15,19-06-2025,16:18:36,19-06-2025,16:21:45,COMPLETED,0,1
79KWH,8,2,FULL,19-06-2025,16:18:13,19-06-2025,16:18:28,19-06-2025,16:21:21,COMPLETED,0,1
79KWH,8,1,FULL,19-06-2025,16:19:21,19-06-2025,16:19:43,19-06-2025,16:22:36,COMPLETED,0,1
79KWH,8,2,FULL,19-06-2025,16:21:26,19-06-2025,16:23:34,19-06-2025,16:26:28,COMPLETED,0,1
79KWH,8,3,FULL,19-06-2025,16:21:51,19-06-2025,16:23:18,19-06-2025,16:26:20,COMPLETED,0,1
79KWH,8,1,FULL,19-06-2025,16:22:41,19-06-2025,16:24:13,19-06-2025,16:27:13,COMPLETED,0,1
79KWH,8,3,FULL,19-06-2025,16:26:27,19-06-2025,16:39:26,19-06-2025,16:42:34,COMPLETED,0,1
79KWH,8,2,FULL,19-06-2025,16:26:34,19-06-2025,16:28:05,19-06-2025,16:30:32,COMPLETED,0,1
79KWH,8,1,FULL,19-06-2025,16:27:18,19-06-2025,16:28:47,19-06-2025,16:31:41,COMPLETED,0,1
79KWH,8,2,FULL,19-06-2025,16:30:38,19-06-2025,16:32:43,19-06-2025,16:35:39,COMPLETED,0,1
79KWH,8,1,FULL,19-06-2025,16:31:46,19-06-2025,16:33:20,19-06-2025,16:36:21,COMPLETED,0,1
79KWH,8,2,FULL,19-06-2025,16:35:46,19-06-2025,16:37:42,19-06-2025,16:40:39,COMPLETED,0,1
79KWH,8,1,FULL,19-06-2025,16:36:25,19-06-2025,16:36:43,19-06-2025,16:39:37,COMPLETED,0,1
79KWH,8,1,FULL,19-06-2025,16:39:42,19-06-2025,16:40:00,19-06-2025,16:42:12,COMPLETED,0,1
79KWH,8,2,FULL,19-06-2025,16:40:44,19-06-2025,16:40:52,19-06-2025,16:43:38,COMPLETED,0,1
79KWH,8,1,FULL,19-06-2025,16:42:17,19-06-2025,16:42:35,19-06-2025,16:43:53,COMPLETED,0,1
79KWH,8,3,FULL,19-06-2025,16:42:41,19-06-2025,16:46:03,19-06-2025,16:49:08,COMPLETED,0,1
79KWH,8,2,FULL,19-06-2025,16:43:44,19-06-2025,16:45:44,19-06-2025,16:48:40,COMPLETED,0,1
79KWH,8,1,FULL,19-06-2025,16:44:01,19-06-2025,16:44:18,19-06-2025,16:45:42,COMPLETED,0,1
79KWH,8,1,FULL,19-06-2025,16:45:47,19-06-2025,16:46:06,19-06-2025,16:47:25,COMPLETED,0,1
79KWH,8,1,FULL,19-06-2025,16:47:30,19-06-2025,16:47:49,19-06-2025,16:49:12,COMPLETED,0,1
79KWH,8,2,FULL,19-06-2025,16:48:45,19-06-2025,16:48:54,19-06-2025,16:51:44,COMPLETED,0,1
79KWH,8,3,FULL,19-06-2025,16:49:16,19-06-2025,16:52:34,19-06-2025,16:55:43,COMPLETED,0,1
79KWH,8,1,FULL,19-06-2025,16:49:17,19-06-2025,16:49:35,19-06-2025,16:50:54,COMPLETED,0,1
79KWH,8,1,FULL,19-06-2025,16:50:58,19-06-2025,16:51:17,19-06-2025,16:52:40,COMPLETED,0,1
79KWH,8,2,FULL,19-06-2025,16:51:50,19-06-2025,16:51:58,19-06-2025,16:54:49,COMPLETED,0,1
79KWH,8,1,FULL,19-06-2025,16:52:45,19-06-2025,16:53:03,19-06-2025,16:54:26,COMPLETED,0,1
79KWH,8,1,FULL,19-06-2025,16:54:31,19-06-2025,16:54:49,19-06-2025,16:56:13,COMPLETED,0,1
79KWH,8,2,FULL,19-06-2025,16:54:55,19-06-2025,16:55:02,19-06-2025,16:57:52,COMPLETED,0,1
79KWH,8,3,FULL,19-06-2025,16:55:49,19-06-2025,16:58:54,19-06-2025,17:02:01,COMPLETED,0,1
79KWH,8,1,FULL,19-06-2025,16:56:19,19-06-2025,16:56:35,19-06-2025,16:57:55,COMPLETED,0,1
79KWH,8,2,FULL,19-06-2025,16:57:58,19-06-2025,16:58:06,19-06-2025,17:01:04,COMPLETED,0,1
79KWH,8,1,FULL,19-06-2025,16:58:00,19-06-2025,16:58:18,19-06-2025,16:59:43,COMPLETED,0,1
79KWH,8,1,FULL,19-06-2025,16:59:49,19-06-2025,17:00:06,19-06-2025,17:01:26,COMPLETED,0,1
79KWH,8,2,FULL,19-06-2025,17:01:10,19-06-2025,17:01:18,19-06-2025,17:04:08,COMPLETED,0,1
79KWH,8,1,FULL,19-06-2025,17:01:31,19-06-2025,17:01:49,19-06-2025,17:03:13,COMPLETED,0,1
79KWH,8,3,FULL,19-06-2025,17:02:06,19-06-2025,17:05:17,19-06-2025,17:08:25,COMPLETED,0,1
79KWH,8,1,FULL,19-06-2025,17:03:18,19-06-2025,17:03:36,19-06-2025,17:04:56,COMPLETED,0,1
79KWH,8,2,FULL,19-06-2025,17:04:14,19-06-2025,17:04:22,19-06-2025,17:07:17,COMPLETED,0,1
79KWH,8,1,FULL,19-06-2025,17:05:01,19-06-2025,17:05:19,19-06-2025,17:06:42,COMPLETED,0,1
79KWH,8,1,FULL,19-06-2025,17:06:46,19-06-2025,17:07:04,19-06-2025,17:08:23,COMPLETED,0,1
79KWH,8,2,FULL,19-06-2025,17:07:22,19-06-2025,17:07:31,19-06-2025,17:10:26,COMPLETED,0,1
79KWH,8,1,FULL,19-06-2025,17:08:27,19-06-2025,17:08:46,19-06-2025,17:10:14,COMPLETED,0,1
79KWH,8,3,FULL,19-06-2025,17:08:33,19-06-2025,17:08:48,19-06-2025,17:11:49,COMPLETED,0,1
79KWH,8,1,FULL,19-06-2025,17:10:20,19-06-2025,17:10:37,19-06-2025,17:11:58,COMPLETED,0,1
79KWH,8,3,FULL,19-06-2025,17:11:56,19-06-2025,17:12:12,19-06-2025,17:15:19,COMPLETED,0,1
79KWH,8,1,FULL,19-06-2025,17:12:03,19-06-2025,17:12:21,19-06-2025,17:13:45,COMPLETED,0,1
79KWH,8,1,FULL,19-06-2025,17:13:50,19-06-2025,17:14:07,19-06-2025,17:15:26,COMPLETED,0,1
79KWH,8,3,FULL,19-06-2025,17:15:25,19-06-2025,17:15:42,19-06-2025,17:18:55,COMPLETED,0,1
79KWH,8,1,FULL,19-06-2025,17:15:31,19-06-2025,17:15:49,19-06-2025,17:17:12,COMPLETED,0,1
79KWH,8,1,FULL,19-06-2025,17:17:18,19-06-2025,17:17:35,19-06-2025,17:18:56,COMPLETED,0,1
79KWH,8,1,FULL,19-06-2025,17:19:01,19-06-2025,17:19:19,19-06-2025,17:20:43,COMPLETED,0,1
79KWH,8,3,FULL,19-06-2025,17:19:01,19-06-2025,17:19:17,19-06-2025,17:22:27,COMPLETED,0,1
79KWH,8,1,FULL,19-06-2025,17:20:47,19-06-2025,17:21:06,19-06-2025,17:22:26,COMPLETED,0,1
79KWH,8,1,FULL,19-06-2025,17:22:31,19-06-2025,17:22:48,19-06-2025,17:24:13,COMPLETED,0,1
79KWH,8,3,FULL,19-06-2025,17:22:33,19-06-2025,17:22:50,19-06-2025,17:25:55,COMPLETED,0,1
79KWH,8,1,FULL,19-06-2025,17:24:18,19-06-2025,17:24:35,19-06-2025,17:25:55,COMPLETED,0,1
79KWH,8,1,FULL,19-06-2025,17:26:00,19-06-2025,17:28:08,19-06-2025,17:30:19,COMPLETED,0,1
79KWH,8,3,FULL,19-06-2025,17:26:03,19-06-2025,17:29:07,19-06-2025,17:32:18,COMPLETED,0,1
79KWH,8,1,FULL,19-06-2025,17:30:24,19-06-2025,17:32:36,19-06-2025,17:34:43,COMPLETED,0,1
79KWH,8,3,FULL,19-06-2025,17:32:26,19-06-2025,17:32:41,19-06-2025,17:35:46,COMPLETED,0,1
79KWH,8,1,FULL,19-06-2025,17:34:48,19-06-2025,17:36:55,19-06-2025,17:39:07,COMPLETED,0,1
79KWH,8,3,FULL,19-06-2025,17:35:53,19-06-2025,17:36:08,19-06-2025,17:38:20,COMPLETED,0,1
79KWH,8,3,FULL,19-06-2025,17:38:26,19-06-2025,17:38:43,19-06-2025,17:39:57,COMPLETED,0,1
79KWH,8,1,FULL,19-06-2025,17:39:12,19-06-2025,17:41:22,19-06-2025,17:43:30,COMPLETED,0,1
79KWH,8,3,FULL,19-06-2025,17:40:04,19-06-2025,17:40:20,19-06-2025,17:41:37,COMPLETED,0,1
79KWH,8,3,FULL,19-06-2025,17:41:44,19-06-2025,17:42:00,19-06-2025,17:43:17,COMPLETED,0,1
79KWH,8,3,FULL,19-06-2025,17:43:23,19-06-2025,17:43:41,19-06-2025,17:45:01,COMPLETED,0,1
79KWH,8,1,FULL,19-06-2025,17:43:35,19-06-2025,17:43:53,19-06-2025,17:45:15,COMPLETED,0,1
79KWH,8,3,FULL,19-06-2025,17:45:08,19-06-2025,17:45:24,19-06-2025,17:46:38,COMPLETED,0,1
79KWH,8,1,FULL,19-06-2025,17:45:21,19-06-2025,17:45:38,19-06-2025,17:46:57,COMPLETED,0,1
79KWH,8,3,FULL,19-06-2025,17:46:45,19-06-2025,17:47:01,19-06-2025,17:48:18,COMPLETED,0,1
79KWH,8,1,FULL,19-06-2025,17:47:02,19-06-2025,17:47:20,19-06-2025,17:48:44,COMPLETED,0,1
79KWH,8,1,FULL,19-06-2025,17:48:49,19-06-2025,17:49:07,19-06-2025,17:50:27,COMPLETED,0,1
79KWH,8,1,FULL,19-06-2025,17:50:33,19-06-2025,17:50:50,19-06-2025,17:52:14,COMPLETED,0,1
79KWH,8,1,FULL,19-06-2025,17:52:19,19-06-2025,17:52:36,19-06-2025,17:53:56,COMPLETED,0,1
79KWH,8,1,FULL,19-06-2025,17:54:02,19-06-2025,17:54:19,19-06-2025,17:55:45,COMPLETED,0,1
79KWH,8,1,FULL,19-06-2025,17:55:50,19-06-2025,17:57:52,19-06-2025,18:00:00,COMPLETED,0,1
79KWH,8,1,FULL,19-06-2025,18:00:05,19-06-2025,18:00:23,19-06-2025,18:01:49,COMPLETED,0,1
79KWH,8,1,FULL,19-06-2025,18:01:55,19-06-2025,18:02:13,19-06-2025,18:03:33,COMPLETED,0,1
79KWH,8,1,FULL,19-06-2025,18:03:39,19-06-2025,18:03:56,19-06-2025,18:05:23,COMPLETED,0,1
79KWH,8,1,FULL,19-06-2025,18:05:29,19-06-2025,18:05:47,19-06-2025,18:07:10,COMPLETED,0,1
79KWH,8,1,FULL,19-06-2025,18:07:15,19-06-2025,18:07:33,19-06-2025,18:09:01,COMPLETED,0,1
79KWH,8,1,FULL,19-06-2025,18:09:06,19-06-2025,18:09:24,19-06-2025,18:10:48,COMPLETED,0,1
79KWH,8,1,FULL,19-06-2025,18:10:53,19-06-2025,18:11:11,19-06-2025,18:12:40,COMPLETED,0,1
79KWH,8,1,FULL,19-06-2025,18:12:45,19-06-2025,18:13:03,19-06-2025,18:14:27,COMPLETED,0,1
79KWH,8,1,FULL,19-06-2025,18:14:34,19-06-2025,18:14:50,19-06-2025,18:16:21,COMPLETED,0,1
79KWH,8,1,FULL,19-06-2025,18:16:26,19-06-2025,18:16:44,19-06-2025,18:18:10,COMPLETED,0,1
79KWH,8,1,FULL,19-06-2025,18:18:15,19-06-2025,18:18:33,19-06-2025,18:20:03,COMPLETED,0,1
79KWH,8,1,FULL,19-06-2025,18:20:07,19-06-2025,18:20:26,19-06-2025,18:21:57,COMPLETED,0,1
79KWH,8,1,FULL,19-06-2025,18:22:03,19-06-2025,18:22:21,19-06-2025,18:23:53,COMPLETED,0,1
79KWH,8,1,FULL,19-06-2025,18:23:58,19-06-2025,18:24:16,19-06-2025,18:25:45,COMPLETED,0,1
79KWH,8,1,FULL,19-06-2025,18:25:50,19-06-2025,18:26:09,19-06-2025,18:27:41,COMPLETED,0,1
79KWH,8,1,FULL,19-06-2025,18:27:47,19-06-2025,18:28:04,19-06-2025,18:29:34,COMPLETED,0,1
79KWH,8,1,FULL,19-06-2025,18:29:39,19-06-2025,18:29:58,19-06-2025,18:31:32,COMPLETED,0,1
79KWH,8,1,FULL,19-06-2025,18:31:36,19-06-2025,18:31:55,19-06-2025,18:33:25,COMPLETED,0,1
79KWH,8,1,FULL,19-06-2025,18:33:30,19-06-2025,18:35:32,19-06-2025,18:37:51,COMPLETED,0,1
79KWH,8,1,FULL,19-06-2025,18:37:56,19-06-2025,18:39:54,19-06-2025,18:42:09,COMPLETED,0,1
79KWH,8,1,FULL,19-06-2025,18:42:16,19-06-2025,18:44:16,19-06-2025,18:46:35,COMPLETED,0,1
79KWH,8,1,FULL,19-06-2025,18:46:40,19-06-2025,18:46:58,19-06-2025,18:48:32,COMPLETED,0,1
79KWH,8,1,FULL,19-06-2025,18:48:37,19-06-2025,18:51:09,19-06-2025,18:53:29,COMPLETED,0,1
79KWH,8,1,FULL,19-06-2025,18:53:34,19-06-2025,18:56:02,19-06-2025,18:58:18,COMPLETED,0,1
79KWH,8,1,FULL,19-06-2025,18:58:23,19-06-2025,18:58:41,19-06-2025,19:00:20,COMPLETED,0,1
79KWH,8,1,FULL,19-06-2025,19:00:25,19-06-2025,19:00:43,19-06-2025,19:02:17,COMPLETED,0,1
79KWH,8,1,FULL,19-06-2025,19:02:22,19-06-2025,19:02:40,19-06-2025,19:04:20,COMPLETED,0,1
79KWH,8,1,FULL,19-06-2025,19:04:26,19-06-2025,19:04:43,19-06-2025,19:06:18,COMPLETED,0,1
79KWH,8,1,FULL,19-06-2025,19:06:23,19-06-2025,19:06:41,19-06-2025,19:08:22,COMPLETED,0,1
79KWH,8,1,FULL,19-06-2025,19:08:27,19-06-2025,19:11:02,19-06-2025,19:13:18,COMPLETED,0,1
79KWH,8,1,FULL,19-06-2025,19:13:23,19-06-2025,19:13:41,19-06-2025,19:15:24,COMPLETED,0,1
79KWH,8,1,FULL,19-06-2025,19:15:28,19-06-2025,19:16:57,19-06-2025,19:18:29,COMPLETED,0,1
79KWH,8,1,FULL,19-06-2025,19:18:33,19-06-2025,19:20:47,19-06-2025,19:23:09,COMPLETED,0,1
79KWH,8,1,FULL,19-06-2025,19:23:14,19-06-2025,19:23:32,19-06-2025,19:25:11,COMPLETED,0,1
79KWH,8,1,FULL,19-06-2025,19:25:15,19-06-2025,19:25:33,19-06-2025,19:27:17,COMPLETED,0,1
79KWH,8,1,FULL,19-06-2025,19:27:22,19-06-2025,19:27:40,19-06-2025,19:29:21,COMPLETED,0,1
79KWH,8,1,FULL,19-06-2025,19:29:27,19-06-2025,19:29:44,19-06-2025,19:31:29,COMPLETED,0,1
79KWH,8,1,FULL,19-06-2025,19:31:33,19-06-2025,19:31:52,19-06-2025,19:33:33,COMPLETED,0,1
79KWH,8,1,FULL,19-06-2025,19:33:38,19-06-2025,19:33:56,19-06-2025,19:35:42,COMPLETED,0,1
79KWH,8,1,FULL,19-06-2025,19:35:47,19-06-2025,19:36:05,19-06-2025,19:37:48,COMPLETED,0,1
79KWH,8,1,FULL,19-06-2025,19:37:53,19-06-2025,19:38:11,19-06-2025,19:39:57,COMPLETED,0,1
79KWH,8,1,FULL,19-06-2025,19:40:02,19-06-2025,19:40:22,19-06-2025,19:42:05,COMPLETED,0,1
79KWH,8,1,FULL,19-06-2025,19:42:09,19-06-2025,19:42:28,19-06-2025,19:44:17,COMPLETED,0,1
79KWH,8,1,FULL,19-06-2025,19:44:22,19-06-2025,19:44:39,19-06-2025,19:46:24,COMPLETED,0,1
79KWH,8,1,FULL,19-06-2025,19:46:30,19-06-2025,19:46:47,19-06-2025,19:48:35,COMPLETED,0,1
79KWH,8,1,FULL,19-06-2025,19:48:41,19-06-2025,19:48:58,19-06-2025,19:50:43,COMPLETED,0,1
79KWH,8,1,FULL,19-06-2025,19:50:49,19-06-2025,19:51:06,19-06-2025,19:52:57,COMPLETED,0,1
79KWH,8,1,FULL,19-06-2025,19:53:01,19-06-2025,19:54:56,19-06-2025,19:57:17,COMPLETED,0,1
79KWH,8,1,FULL,19-06-2025,19:57:23,19-06-2025,19:57:41,19-06-2025,19:59:32,COMPLETED,0,1
79KWH,8,1,FULL,19-06-2025,19:59:37,19-06-2025,19:59:55,19-06-2025,20:01:43,COMPLETED,0,1
79KWH,8,1,FULL,19-06-2025,20:01:47,19-06-2025,20:02:06,19-06-2025,20:03:59,COMPLETED,0,1
79KWH,8,1,FULL,19-06-2025,20:04:04,19-06-2025,20:04:22,19-06-2025,20:06:12,COMPLETED,0,1
79KWH,8,1,FULL,19-06-2025,20:06:18,19-06-2025,20:06:37,19-06-2025,20:08:30,COMPLETED,0,1
79KWH,8,1,FULL,19-06-2025,20:08:34,19-06-2025,20:08:53,19-06-2025,20:10:44,COMPLETED,0,1
79KWH,8,1,FULL,19-06-2025,20:10:49,19-06-2025,20:12:46,19-06-2025,20:15:14,COMPLETED,0,1
79KWH,8,1,FULL,19-06-2025,20:15:19,19-06-2025,20:17:12,19-06-2025,20:19:34,COMPLETED,0,1
79KWH,8,1,FULL,19-06-2025,20:19:40,19-06-2025,20:19:58,19-06-2025,20:21:53,COMPLETED,0,1
79KWH,8,1,FULL,19-06-2025,20:21:58,19-06-2025,20:22:16,19-06-2025,20:24:08,COMPLETED,0,1
79KWH,8,1,FULL,19-06-2025,20:24:12,19-06-2025,20:24:31,19-06-2025,20:26:27,COMPLETED,0,1
79KWH,8,1,FULL,19-06-2025,20:51:28,19-06-2025,20:51:40,19-06-2025,20:54:05,COMPLETED,0,1
79KWH,8,1,FULL,19-06-2025,20:54:10,19-06-2025,20:54:29,19-06-2025,20:56:26,COMPLETED,0,1
79KWH,8,1,FULL,19-06-2025,20:56:32,19-06-2025,20:56:49,19-06-2025,20:58:43,COMPLETED,0,1
79KWH,8,1,FULL,19-06-2025,20:58:48,19-06-2025,20:59:06,19-06-2025,21:01:04,COMPLETED,0,1
79KWH,8,1,FULL,19-06-2025,21:01:09,19-06-2025,21:03:05,19-06-2025,21:05:30,COMPLETED,0,1
79KWH,8,1,FULL,19-06-2025,21:05:35,19-06-2025,21:05:53,19-06-2025,21:07:53,COMPLETED,0,1
79KWH,8,1,FULL,19-06-2025,21:07:58,19-06-2025,21:08:16,19-06-2025,21:10:12,COMPLETED,0,1
79KWH,8,3,FULL,19-06-2025,21:09:32,19-06-2025,21:09:34,19-06-2025,21:10:47,COMPLETED,0,1
79KWH,8,1,FULL,19-06-2025,21:10:17,19-06-2025,21:10:36,19-06-2025,21:12:38,COMPLETED,0,1
79KWH,8,3,FULL,19-06-2025,21:10:55,19-06-2025,21:11:10,19-06-2025,21:12:32,COMPLETED,0,1
79KWH,8,3,FULL,19-06-2025,21:12:39,19-06-2025,21:12:54,19-06-2025,21:14:09,COMPLETED,0,1
79KWH,8,1,FULL,19-06-2025,21:12:42,19-06-2025,21:13:00,19-06-2025,21:14:57,COMPLETED,0,1
79KWH,8,2,FULL,19-06-2025,21:13:00,19-06-2025,21:13:07,19-06-2025,21:16:08,COMPLETED,0,1
79KWH,8,3,FULL,19-06-2025,21:14:14,19-06-2025,21:14:31,19-06-2025,21:15:49,COMPLETED,0,1
79KWH,8,1,FULL,19-06-2025,21:15:03,19-06-2025,21:15:20,19-06-2025,21:17:21,COMPLETED,0,1
79KWH,8,3,FULL,19-06-2025,21:15:56,19-06-2025,21:16:12,19-06-2025,21:17:27,COMPLETED,0,1
79KWH,8,1,FULL,19-06-2025,21:17:26,19-06-2025,21:17:44,19-06-2025,21:19:43,COMPLETED,0,1
79KWH,8,3,FULL,19-06-2025,21:17:33,19-06-2025,21:17:50,19-06-2025,21:19:11,COMPLETED,0,1
79KWH,8,3,FULL,19-06-2025,21:19:18,19-06-2025,21:19:35,19-06-2025,21:20:47,COMPLETED,0,1
79KWH,8,1,FULL,19-06-2025,21:19:48,19-06-2025,21:20:06,19-06-2025,21:22:09,COMPLETED,0,1
79KWH,8,3,FULL,19-06-2025,21:20:53,19-06-2025,21:21:10,19-06-2025,21:22:32,COMPLETED,0,1
79KWH,8,3,FULL,19-06-2025,21:22:39,19-06-2025,21:22:55,19-06-2025,21:24:13,COMPLETED,0,1
79KWH,8,3,FULL,19-06-2025,21:24:19,19-06-2025,21:24:35,19-06-2025,21:25:57,COMPLETED,0,1
79KWH,8,3,FULL,19-06-2025,21:26:04,19-06-2025,21:39:59,19-06-2025,21:41:13,COMPLETED,0,1
79KWH,8,2,FULL,19-06-2025,21:30:38,19-06-2025,21:30:40,19-06-2025,21:33:37,COMPLETED,0,1
79KWH,8,1,FULL,19-06-2025,21:32:54,19-06-2025,21:33:01,19-06-2025,21:35:01,COMPLETED,0,1
79KWH,8,2,FULL,19-06-2025,21:33:42,19-06-2025,21:33:51,19-06-2025,21:36:52,COMPLETED,0,1
79KWH,8,1,FULL,19-06-2025,21:35:06,19-06-2025,21:35:23,19-06-2025,21:37:26,COMPLETED,0,1
79KWH,8,1,FULL,19-06-2025,21:37:31,19-06-2025,21:39:21,19-06-2025,21:41:50,COMPLETED,0,1
79KWH,8,2,FULL,19-06-2025,21:40:42,19-06-2025,21:43:27,19-06-2025,21:46:25,COMPLETED,0,1
79KWH,8,3,FULL,19-06-2025,21:41:19,19-06-2025,21:41:36,19-06-2025,21:42:54,COMPLETED,0,1
79KWH,8,1,FULL,19-06-2025,21:41:55,19-06-2025,21:43:50,19-06-2025,21:46:26,COMPLETED,0,1
79KWH,8,3,FULL,19-06-2025,21:43:02,19-06-2025,21:43:16,19-06-2025,21:44:30,COMPLETED,0,1
79KWH,8,3,FULL,19-06-2025,21:44:38,19-06-2025,21:44:53,19-06-2025,21:46:15,COMPLETED,0,1
79KWH,8,3,FULL,19-06-2025,21:46:23,19-06-2025,21:46:38,19-06-2025,21:47:53,COMPLETED,0,1
79KWH,8,2,FULL,19-06-2025,21:46:32,19-06-2025,21:49:23,19-06-2025,21:51:31,COMPLETED,0,1
79KWH,8,1,FULL,19-06-2025,21:46:33,19-06-2025,21:46:49,19-06-2025,21:48:51,COMPLETED,0,1
79KWH,8,3,FULL,19-06-2025,21:47:59,19-06-2025,21:48:16,19-06-2025,21:49:34,COMPLETED,0,1
79KWH,8,1,FULL,19-06-2025,21:48:55,19-06-2025,21:49:14,19-06-2025,21:51:20,COMPLETED,0,1
79KWH,8,3,FULL,19-06-2025,21:49:42,19-06-2025,21:49:58,19-06-2025,21:51:11,COMPLETED,0,1
79KWH,8,3,FULL,19-06-2025,21:51:18,19-06-2025,21:51:34,19-06-2025,21:52:56,COMPLETED,0,1
79KWH,8,1,FULL,19-06-2025,21:51:24,19-06-2025,21:51:42,19-06-2025,21:53:45,COMPLETED,0,1
79KWH,8,2,FULL,19-06-2025,21:51:37,19-06-2025,21:51:45,19-06-2025,21:53:00,COMPLETED,0,1
79KWH,8,3,FULL,19-06-2025,21:53:03,19-06-2025,21:53:19,19-06-2025,21:54:34,COMPLETED,0,1
79KWH,8,2,FULL,19-06-2025,21:53:07,19-06-2025,21:53:14,19-06-2025,21:54:36,COMPLETED,0,1
79KWH,8,1,FULL,19-06-2025,21:53:49,19-06-2025,21:54:08,19-06-2025,21:56:16,COMPLETED,0,1
79KWH,8,3,FULL,19-06-2025,21:54:41,19-06-2025,21:54:57,19-06-2025,21:56:15,COMPLETED,0,1
79KWH,8,2,FULL,19-06-2025,21:56:05,19-06-2025,21:56:15,19-06-2025,21:57:31,COMPLETED,0,1
79KWH,8,3,FULL,19-06-2025,21:56:21,19-06-2025,21:56:38,19-06-2025,21:58:00,COMPLETED,0,1
79KWH,8,1,FULL,19-06-2025,21:56:21,19-06-2025,21:56:39,19-06-2025,21:58:44,COMPLETED,0,1
79KWH,8,3,FULL,19-06-2025,21:58:05,19-06-2025,21:58:24,19-06-2025,21:59:48,COMPLETED,0,1
79KWH,8,1,FULL,19-06-2025,21:58:48,19-06-2025,21:59:07,19-06-2025,22:01:15,COMPLETED,0,1
79KWH,8,2,FULL,19-06-2025,21:59:10,19-06-2025,21:59:14,19-06-2025,22:00:33,COMPLETED,0,1
79KWH,8,3,FULL,19-06-2025,21:59:54,19-06-2025,22:00:10,19-06-2025,22:01:34,COMPLETED,0,1
79KWH,8,1,FULL,19-06-2025,22:01:20,19-06-2025,22:01:38,19-06-2025,22:03:43,COMPLETED,0,1
79KWH,8,3,FULL,19-06-2025,22:01:57,19-06-2025,22:02:20,19-06-2025,22:03:41,COMPLETED,0,1
79KWH,8,2,FULL,19-06-2025,22:02:09,19-06-2025,22:02:11,19-06-2025,22:03:27,COMPLETED,0,1
79KWH,8,1,FULL,19-06-2025,22:03:48,19-06-2025,22:04:06,19-06-2025,22:06:15,COMPLETED,0,1
79KWH,8,3,FULL,19-06-2025,22:04:54,19-06-2025,22:05:13,19-06-2025,22:06:30,COMPLETED,0,1
79KWH,8,2,FULL,19-06-2025,22:05:13,19-06-2025,22:05:22,19-06-2025,22:06:42,COMPLETED,0,1
79KWH,8,1,FULL,19-06-2025,22:06:20,19-06-2025,22:06:38,19-06-2025,22:08:44,COMPLETED,0,1
79KWH,8,3,FULL,19-06-2025,22:07:59,19-06-2025,22:08:02,19-06-2025,22:09:27,COMPLETED,0,1
79KWH,8,2,FULL,19-06-2025,22:08:10,19-06-2025,22:08:20,19-06-2025,22:09:37,COMPLETED,0,1
79KWH,8,1,FULL,19-06-2025,22:08:49,19-06-2025,22:09:07,19-06-2025,22:11:18,COMPLETED,0,1
79KWH,8,3,FULL,19-06-2025,22:10:54,19-06-2025,22:10:59,19-06-2025,22:12:18,COMPLETED,0,1
79KWH,8,2,FULL,19-06-2025,22:11:11,19-06-2025,22:11:16,19-06-2025,22:12:36,COMPLETED,0,1
79KWH,8,1,FULL,19-06-2025,22:11:23,19-06-2025,22:11:42,19-06-2025,22:13:49,COMPLETED,0,1
79KWH,8,1,FULL,19-06-2025,22:13:55,19-06-2025,22:14:12,19-06-2025,22:16:24,COMPLETED,0,1
79KWH,8,3,FULL,19-06-2025,22:14:00,19-06-2025,22:14:15,19-06-2025,22:15:38,COMPLETED,0,1
79KWH,8,2,FULL,19-06-2025,22:14:10,19-06-2025,22:14:15,19-06-2025,22:15:31,COMPLETED,0,1
79KWH,8,1,FULL,19-06-2025,22:16:30,19-06-2025,22:16:46,19-06-2025,22:18:56,COMPLETED,0,1
79KWH,8,3,FULL,19-06-2025,22:16:57,19-06-2025,22:17:10,19-06-2025,22:18:30,COMPLETED,0,1
79KWH,8,2,FULL,19-06-2025,22:17:16,19-06-2025,22:17:26,19-06-2025,22:18:45,COMPLETED,0,1
79KWH,8,1,FULL,19-06-2025,22:19:04,19-06-2025,22:19:19,19-06-2025,22:21:32,COMPLETED,0,1
79KWH,8,3,FULL,19-06-2025,22:20:02,19-06-2025,22:20:03,19-06-2025,22:21:31,COMPLETED,0,1
79KWH,8,2,FULL,19-06-2025,22:20:12,19-06-2025,22:20:26,19-06-2025,22:21:43,COMPLETED,0,1
79KWH,8,1,FULL,19-06-2025,22:21:38,19-06-2025,22:23:28,19-06-2025,22:26:01,COMPLETED,0,1
79KWH,8,3,FULL,19-06-2025,22:23:00,19-06-2025,22:23:03,19-06-2025,22:24:25,COMPLETED,0,1
79KWH,8,1,FULL,19-06-2025,22:26:06,19-06-2025,22:28:03,19-06-2025,22:30:41,COMPLETED,0,1
79KWH,8,2,FULL,19-06-2025,22:41:00,20-06-2025,05:47:22,20-06-2025,05:49:32,COMPLETED,0,1
79KWH,8,1,FULL,19-06-2025,22:42:27,19-06-2025,22:42:40,19-06-2025,22:44:50,COMPLETED,0,1
79KWH,8,3,FULL,19-06-2025,22:43:46,19-06-2025,22:44:04,19-06-2025,22:45:33,COMPLETED,0,1
79KWH,8,1,FULL,19-06-2025,22:45:31,19-06-2025,22:45:36,19-06-2025,22:47:51,COMPLETED,0,1
79KWH,8,3,FULL,19-06-2025,22:46:43,19-06-2025,22:47:06,19-06-2025,22:48:28,COMPLETED,0,1
79KWH,8,1,FULL,19-06-2025,22:47:56,19-06-2025,22:48:15,19-06-2025,22:50:27,COMPLETED,0,1
79KWH,8,3,FULL,19-06-2025,22:48:45,19-06-2025,22:48:50,19-06-2025,22:50:21,COMPLETED,0,1
79KWH,8,1,FULL,19-06-2025,22:50:32,19-06-2025,22:50:50,19-06-2025,22:53:08,COMPLETED,0,1
79KWH,8,3,FULL,19-06-2025,22:50:46,19-06-2025,22:51:07,19-06-2025,22:52:29,COMPLETED,0,1
79KWH,8,3,FULL,19-06-2025,22:52:45,19-06-2025,22:52:52,19-06-2025,22:54:20,COMPLETED,0,1
79KWH,8,1,FULL,19-06-2025,22:53:13,19-06-2025,22:53:30,19-06-2025,22:55:44,COMPLETED,0,1
79KWH,8,3,FULL,19-06-2025,22:54:46,19-06-2025,22:55:06,19-06-2025,22:56:29,COMPLETED,0,1
79KWH,8,1,FULL,19-06-2025,22:55:48,19-06-2025,22:56:07,19-06-2025,22:58:24,COMPLETED,0,1
79KWH,8,3,FULL,19-06-2025,22:56:48,19-06-2025,22:56:53,19-06-2025,22:58:24,COMPLETED,0,1
79KWH,8,1,FULL,19-06-2025,22:58:30,19-06-2025,22:58:47,19-06-2025,23:01:00,COMPLETED,0,1
79KWH,8,3,FULL,19-06-2025,22:58:49,19-06-2025,22:59:10,19-06-2025,23:00:35,COMPLETED,0,1
79KWH,8,3,FULL,19-06-2025,23:00:49,19-06-2025,23:00:59,19-06-2025,23:02:30,COMPLETED,0,1
79KWH,8,1,FULL,19-06-2025,23:01:05,19-06-2025,23:01:24,19-06-2025,23:03:42,COMPLETED,0,1
79KWH,8,3,FULL,19-06-2025,23:02:48,19-06-2025,23:02:53,19-06-2025,23:04:23,COMPLETED,0,1
79KWH,8,1,FULL,19-06-2025,23:03:46,19-06-2025,23:04:04,19-06-2025,23:06:18,COMPLETED,0,1
79KWH,8,3,FULL,19-06-2025,23:04:49,19-06-2025,23:05:09,19-06-2025,23:06:45,COMPLETED,0,1
79KWH,8,1,FULL,19-06-2025,23:06:23,19-06-2025,23:06:41,19-06-2025,23:09:01,COMPLETED,0,1
79KWH,8,3,FULL,19-06-2025,23:06:51,19-06-2025,23:07:08,19-06-2025,23:08:40,COMPLETED,0,1
79KWH,8,3,FULL,19-06-2025,23:08:50,19-06-2025,23:09:03,19-06-2025,23:10:35,COMPLETED,0,1
79KWH,8,1,FULL,19-06-2025,23:09:06,19-06-2025,23:10:58,19-06-2025,23:13:33,COMPLETED,0,1
79KWH,8,3,FULL,19-06-2025,23:10:52,19-06-2025,23:10:58,19-06-2025,23:12:25,COMPLETED,0,1
79KWH,8,3,FULL,19-06-2025,23:12:51,19-06-2025,23:13:11,19-06-2025,23:14:47,COMPLETED,0,1
79KWH,8,1,FULL,19-06-2025,23:13:39,19-06-2025,23:13:56,19-06-2025,23:16:15,COMPLETED,0,1
79KWH,8,3,FULL,19-06-2025,23:14:53,19-06-2025,23:15:11,19-06-2025,23:16:40,COMPLETED,0,1
79KWH,8,1,FULL,19-06-2025,23:16:20,19-06-2025,23:16:37,19-06-2025,23:18:54,COMPLETED,0,1
79KWH,8,3,FULL,19-06-2025,23:16:46,19-06-2025,23:17:03,19-06-2025,23:18:37,COMPLETED,0,1
79KWH,8,3,FULL,19-06-2025,23:18:44,19-06-2025,23:19:00,19-06-2025,23:20:29,COMPLETED,0,1
79KWH,8,1,FULL,19-06-2025,23:18:59,19-06-2025,23:19:17,19-06-2025,23:21:38,COMPLETED,0,1
79KWH,8,3,FULL,19-06-2025,23:20:37,19-06-2025,23:20:53,19-06-2025,23:22:34,COMPLETED,0,1
79KWH,8,1,FULL,19-06-2025,23:21:43,19-06-2025,23:22:02,19-06-2025,23:24:20,COMPLETED,0,1
79KWH,8,3,FULL,19-06-2025,23:22:41,19-06-2025,23:22:57,19-06-2025,23:24:37,COMPLETED,0,1
79KWH,8,1,FULL,19-06-2025,23:24:25,19-06-2025,23:24:43,19-06-2025,23:27:05,COMPLETED,0,1
79KWH,8,3,FULL,19-06-2025,23:24:44,19-06-2025,23:25:00,19-06-2025,23:26:38,COMPLETED,0,1
79KWH,8,3,FULL,19-06-2025,23:26:44,19-06-2025,23:27:01,19-06-2025,23:28:37,COMPLETED,0,1
79KWH,8,1,FULL,19-06-2025,23:27:11,19-06-2025,23:27:28,19-06-2025,23:29:47,COMPLETED,0,1
79KWH,8,3,FULL,19-06-2025,23:28:44,19-06-2025,23:29:00,19-06-2025,23:30:49,COMPLETED,0,1
79KWH,8,1,FULL,19-06-2025,23:29:52,19-06-2025,23:30:10,19-06-2025,23:32:32,COMPLETED,0,1
79KWH,8,3,FULL,19-06-2025,23:30:55,19-06-2025,23:31:11,19-06-2025,23:32:46,COMPLETED,0,1
79KWH,8,1,FULL,19-06-2025,23:32:37,19-06-2025,23:32:56,19-06-2025,23:35:17,COMPLETED,0,1
79KWH,8,3,FULL,19-06-2025,23:32:53,19-06-2025,23:33:09,19-06-2025,23:34:51,COMPLETED,0,1
79KWH,8,3,FULL,19-06-2025,23:34:57,19-06-2025,23:35:14,19-06-2025,23:36:50,COMPLETED,0,1
79KWH,8,1,FULL,19-06-2025,23:35:21,19-06-2025,23:35:40,19-06-2025,23:38:04,COMPLETED,0,1
79KWH,8,3,FULL,19-06-2025,23:36:56,19-06-2025,23:37:12,19-06-2025,23:39:04,COMPLETED,0,1
79KWH,8,1,FULL,19-06-2025,23:38:09,19-06-2025,23:38:28,19-06-2025,23:40:49,COMPLETED,0,1
79KWH,8,3,FULL,19-06-2025,23:39:11,19-06-2025,23:39:27,19-06-2025,23:41:03,COMPLETED,0,1
79KWH,8,1,FULL,19-06-2025,23:40:55,19-06-2025,23:41:12,19-06-2025,23:43:38,COMPLETED,0,1
79KWH,8,3,FULL,19-06-2025,23:41:09,19-06-2025,23:41:27,19-06-2025,23:43:07,COMPLETED,0,1
79KWH,8,3,FULL,19-06-2025,23:43:14,19-06-2025,23:43:30,19-06-2025,23:45:06,COMPLETED,0,1
79KWH,8,1,FULL,19-06-2025,23:43:44,19-06-2025,23:44:02,19-06-2025,23:46:24,COMPLETED,0,1
79KWH,8,3,FULL,19-06-2025,23:45:14,19-06-2025,23:45:29,19-06-2025,23:47:13,COMPLETED,0,1
79KWH,8,1,FULL,19-06-2025,23:46:29,19-06-2025,23:46:47,19-06-2025,23:49:14,COMPLETED,0,1
79KWH,8,3,FULL,19-06-2025,23:47:20,19-06-2025,23:47:36,19-06-2025,23:49:14,COMPLETED,0,1
79KWH,8,1,FULL,19-06-2025,23:49:19,19-06-2025,23:49:36,19-06-2025,23:51:59,COMPLETED,0,1
79KWH,8,3,FULL,19-06-2025,23:49:20,19-06-2025,23:49:37,19-06-2025,23:51:19,COMPLETED,0,1
79KWH,8,3,FULL,19-06-2025,23:51:27,19-06-2025,23:51:42,19-06-2025,23:53:24,COMPLETED,0,1
79KWH,8,1,FULL,19-06-2025,23:52:05,19-06-2025,23:52:22,19-06-2025,23:54:51,COMPLETED,0,1
79KWH,8,3,FULL,19-06-2025,23:53:31,19-06-2025,23:53:47,19-06-2025,23:55:35,COMPLETED,0,1
79KWH,8,1,FULL,19-06-2025,23:54:57,19-06-2025,23:55:14,19-06-2025,23:57:40,COMPLETED,0,1
79KWH,8,3,FULL,19-06-2025,23:55:41,19-06-2025,23:55:58,19-06-2025,23:57:40,COMPLETED,0,1
79KWH,8,1,FULL,19-06-2025,23:57:44,19-06-2025,23:58:02,20-06-2025,00:00:33,COMPLETED,0,1
79KWH,8,3,FULL,19-06-2025,23:57:46,19-06-2025,23:58:03,19-06-2025,23:59:52,COMPLETED,0,1
79KWH,8,3,FULL,19-06-2025,23:59:59,20-06-2025,00:00:15,20-06-2025,00:02:01,COMPLETED,0,1
79KWH,8,1,FULL,20-06-2025,00:00:38,20-06-2025,00:00:57,20-06-2025,00:03:24,COMPLETED,0,1
79KWH,8,3,FULL,20-06-2025,00:02:07,20-06-2025,00:02:24,20-06-2025,00:04:14,COMPLETED,0,1
79KWH,8,1,FULL,20-06-2025,00:03:30,20-06-2025,00:03:48,20-06-2025,00:06:20,COMPLETED,0,1
79KWH,8,3,FULL,20-06-2025,00:04:20,20-06-2025,00:04:37,20-06-2025,00:06:26,COMPLETED,0,1
79KWH,8,1,FULL,20-06-2025,00:06:26,20-06-2025,00:06:43,20-06-2025,00:09:11,COMPLETED,0,1
79KWH,8,3,FULL,20-06-2025,00:06:33,20-06-2025,00:06:49,20-06-2025,00:08:35,COMPLETED,0,1
79KWH,8,2,FULL,20-06-2025,05:49:37,20-06-2025,05:51:45,20-06-2025,05:53:51,COMPLETED,0,1
79KWH,8,3,FULL,20-06-2025,07:29:00,20-06-2025,07:29:01,20-06-2025,07:30:44,COMPLETED,0,1
79KWH,8,2,FULL,20-06-2025,07:29:09,20-06-2025,07:29:13,20-06-2025,07:30:36,COMPLETED,0,1
79KWH,8,1,FULL,20-06-2025,07:30:45,20-06-2025,07:30:57,20-06-2025,07:33:42,COMPLETED,0,1
79KWH,8,3,FULL,20-06-2025,07:31:56,20-06-2025,07:32:16,20-06-2025,07:34:07,COMPLETED,0,1
79KWH,8,2,FULL,20-06-2025,07:32:15,20-06-2025,07:32:29,20-06-2025,07:33:44,COMPLETED,0,1
79KWH,8,1,FULL,20-06-2025,07:33:48,20-06-2025,07:34:06,20-06-2025,07:36:34,COMPLETED,0,1
79KWH,8,3,FULL,20-06-2025,07:35:01,20-06-2025,07:35:16,20-06-2025,07:37:00,COMPLETED,0,1
79KWH,8,2,FULL,20-06-2025,07:35:11,20-06-2025,07:35:24,20-06-2025,07:39:22,COMPLETED,0,1
79KWH,8,1,FULL,20-06-2025,07:36:46,20-06-2025,07:36:57,20-06-2025,07:39:31,COMPLETED,0,1
79KWH,8,3,FULL,20-06-2025,07:38:00,20-06-2025,07:38:08,20-06-2025,07:40:11,COMPLETED,0,1
79KWH,8,2,FULL,20-06-2025,07:39:27,20-06-2025,07:39:35,20-06-2025,07:40:51,COMPLETED,0,1
79KWH,8,1,FULL,20-06-2025,07:39:43,20-06-2025,07:39:54,20-06-2025,07:42:26,COMPLETED,0,1
79KWH,8,3,FULL,20-06-2025,07:41:03,20-06-2025,07:41:20,20-06-2025,07:43:09,COMPLETED,0,1
79KWH,8,2,FULL,20-06-2025,07:41:15,20-06-2025,07:41:19,20-06-2025,07:42:39,COMPLETED,0,1
79KWH,8,1,FULL,20-06-2025,07:42:47,20-06-2025,07:42:49,20-06-2025,07:45:23,COMPLETED,0,1
79KWH,8,3,FULL,20-06-2025,07:44:03,20-06-2025,07:44:19,20-06-2025,07:46:14,COMPLETED,0,1
79KWH,8,2,FULL,20-06-2025,07:44:20,20-06-2025,07:44:32,20-06-2025,07:45:48,COMPLETED,0,1
79KWH,8,1,FULL,20-06-2025,07:45:46,20-06-2025,07:45:47,20-06-2025,07:48:18,COMPLETED,0,1
79KWH,8,3,FULL,20-06-2025,07:47:06,20-06-2025,07:47:23,20-06-2025,07:49:11,COMPLETED,0,1
79KWH,8,2,FULL,20-06-2025,07:47:17,20-06-2025,07:47:27,20-06-2025,07:48:47,COMPLETED,0,1
79KWH,8,1,FULL,20-06-2025,07:48:51,20-06-2025,07:49:05,20-06-2025,07:51:46,COMPLETED,0,1
79KWH,8,3,FULL,20-06-2025,07:50:05,20-06-2025,07:50:20,20-06-2025,07:52:11,COMPLETED,0,1
79KWH,8,2,FULL,20-06-2025,07:50:20,20-06-2025,07:50:26,20-06-2025,07:51:42,COMPLETED,0,1
79KWH,8,1,FULL,20-06-2025,07:51:52,20-06-2025,07:52:09,20-06-2025,07:54:41,COMPLETED,0,1
79KWH,8,3,FULL,20-06-2025,07:53:06,20-06-2025,07:53:21,20-06-2025,07:55:12,COMPLETED,0,1
79KWH,8,2,FULL,20-06-2025,07:53:17,20-06-2025,07:53:21,20-06-2025,07:54:41,COMPLETED,0,1
79KWH,8,1,FULL,20-06-2025,07:54:52,20-06-2025,07:55:04,20-06-2025,07:57:40,COMPLETED,0,1
79KWH,8,3,FULL,20-06-2025,07:56:03,20-06-2025,07:56:22,20-06-2025,07:58:27,COMPLETED,0,1
79KWH,8,2,FULL,20-06-2025,07:56:20,20-06-2025,07:56:34,20-06-2025,07:57:51,COMPLETED,0,1
79KWH,8,1,FULL,20-06-2025,07:57:49,20-06-2025,07:58:02,20-06-2025,08:00:41,COMPLETED,0,1
79KWH,8,3,FULL,20-06-2025,07:59:09,20-06-2025,07:59:13,20-06-2025,08:01:09,COMPLETED,0,1
79KWH,8,2,FULL,20-06-2025,07:59:18,20-06-2025,07:59:31,20-06-2025,08:00:50,COMPLETED,0,1
79KWH,8,1,FULL,20-06-2025,08:00:53,20-06-2025,08:01:04,20-06-2025,08:03:41,COMPLETED,0,1
79KWH,8,3,FULL,20-06-2025,08:02:09,20-06-2025,08:02:18,20-06-2025,08:04:22,COMPLETED,0,1
79KWH,8,2,FULL,20-06-2025,08:02:23,20-06-2025,08:02:30,20-06-2025,08:03:46,COMPLETED,0,1
79KWH,8,1,FULL,20-06-2025,08:03:52,20-06-2025,08:04:04,20-06-2025,08:06:46,COMPLETED,0,1
79KWH,8,3,FULL,20-06-2025,08:05:10,20-06-2025,08:05:32,20-06-2025,08:07:33,COMPLETED,0,1
79KWH,8,2,FULL,20-06-2025,08:05:23,20-06-2025,08:05:25,20-06-2025,08:06:45,COMPLETED,0,1
79KWH,8,1,FULL,20-06-2025,08:06:55,20-06-2025,08:07:09,20-06-2025,08:09:57,COMPLETED,0,1
79KWH,8,3,FULL,20-06-2025,08:08:10,20-06-2025,08:08:20,20-06-2025,08:10:17,COMPLETED,0,1
79KWH,8,2,FULL,20-06-2025,08:08:25,20-06-2025,08:08:38,20-06-2025,08:09:54,COMPLETED,0,1
79KWH,8,1,FULL,20-06-2025,08:10:02,20-06-2025,08:10:20,20-06-2025,08:12:59,COMPLETED,0,1
79KWH,8,3,FULL,20-06-2025,08:11:13,20-06-2025,09:19:15,20-06-2025,09:20:52,COMPLETED,0,1
79KWH,8,2,FULL,20-06-2025,08:11:25,20-06-2025,08:11:35,20-06-2025,08:12:56,COMPLETED,0,1
79KWH,8,1,FULL,20-06-2025,08:13:04,20-06-2025,08:13:22,20-06-2025,08:16:06,COMPLETED,0,1
79KWH,8,2,FULL,20-06-2025,08:14:29,20-06-2025,08:14:36,20-06-2025,08:15:52,COMPLETED,0,1
79KWH,8,1,FULL,20-06-2025,08:16:11,20-06-2025,08:16:30,20-06-2025,08:19:06,COMPLETED,0,1
79KWH,8,2,FULL,20-06-2025,08:17:27,20-06-2025,08:17:30,20-06-2025,08:18:51,COMPLETED,0,1
79KWH,8,1,FULL,20-06-2025,08:19:11,20-06-2025,08:19:29,20-06-2025,08:22:13,COMPLETED,0,1
79KWH,8,2,FULL,20-06-2025,08:20:31,20-06-2025,08:20:44,20-06-2025,08:22:01,COMPLETED,0,1
79KWH,8,1,FULL,20-06-2025,08:22:18,20-06-2025,08:24:06,20-06-2025,08:26:56,COMPLETED,0,1
79KWH,8,2,FULL,20-06-2025,08:23:29,20-06-2025,08:24:11,20-06-2025,08:26:21,COMPLETED,0,1
79KWH,8,2,FULL,20-06-2025,08:26:31,20-06-2025,08:28:23,20-06-2025,08:30:30,COMPLETED,0,1
79KWH,8,1,FULL,20-06-2025,08:27:00,20-06-2025,08:28:45,20-06-2025,08:31:42,COMPLETED,0,1
79KWH,8,2,FULL,20-06-2025,08:30:35,20-06-2025,08:32:36,20-06-2025,08:34:47,COMPLETED,0,1
79KWH,8,1,FULL,20-06-2025,08:31:47,20-06-2025,08:32:04,20-06-2025,08:34:46,COMPLETED,0,1
79KWH,8,1,FULL,20-06-2025,08:34:51,20-06-2025,08:35:08,20-06-2025,08:37:54,COMPLETED,0,1
79KWH,8,2,FULL,20-06-2025,08:34:52,20-06-2025,08:35:01,20-06-2025,08:36:21,COMPLETED,0,1
79KWH,8,2,FULL,20-06-2025,08:36:27,20-06-2025,08:36:35,20-06-2025,08:37:59,COMPLETED,0,1
79KWH,8,1,FULL,20-06-2025,08:37:59,20-06-2025,08:38:18,20-06-2025,08:41:01,COMPLETED,0,1
79KWH,8,2,FULL,20-06-2025,08:38:05,20-06-2025,08:38:12,20-06-2025,08:39:32,COMPLETED,0,1
79KWH,8,2,FULL,20-06-2025,08:39:39,20-06-2025,08:39:46,20-06-2025,08:41:10,COMPLETED,0,1
79KWH,8,1,FULL,20-06-2025,08:41:06,20-06-2025,08:42:55,20-06-2025,08:45:50,COMPLETED,0,1
79KWH,8,2,FULL,20-06-2025,08:41:16,20-06-2025,08:43:11,20-06-2025,08:45:21,COMPLETED,0,1
79KWH,8,2,FULL,20-06-2025,08:45:27,20-06-2025,08:47:27,20-06-2025,08:49:39,COMPLETED,0,1
79KWH,8,1,FULL,20-06-2025,08:45:58,20-06-2025,08:47:42,20-06-2025,08:50:31,COMPLETED,0,1
79KWH,8,2,FULL,20-06-2025,08:49:45,20-06-2025,08:51:39,20-06-2025,08:53:49,COMPLETED,0,1
79KWH,8,1,FULL,20-06-2025,08:50:36,20-06-2025,08:50:54,20-06-2025,08:53:40,COMPLETED,0,1
79KWH,8,1,FULL,20-06-2025,08:53:46,20-06-2025,08:54:04,20-06-2025,08:56:47,COMPLETED,0,1
79KWH,8,2,FULL,20-06-2025,08:53:55,20-06-2025,08:54:02,20-06-2025,08:55:28,COMPLETED,0,1
79KWH,8,2,FULL,20-06-2025,08:55:35,20-06-2025,08:55:42,20-06-2025,08:57:05,COMPLETED,0,1
79KWH,8,1,FULL,20-06-2025,08:56:52,20-06-2025,08:57:10,20-06-2025,09:00:02,COMPLETED,0,1
79KWH,8,2,FULL,20-06-2025,08:57:11,20-06-2025,08:57:19,20-06-2025,08:58:47,COMPLETED,0,1
79KWH,8,2,FULL,20-06-2025,08:58:53,20-06-2025,08:59:00,20-06-2025,09:00:24,COMPLETED,0,1
79KWH,8,1,FULL,20-06-2025,09:00:07,20-06-2025,09:00:25,20-06-2025,09:03:07,COMPLETED,0,1
79KWH,8,2,FULL,20-06-2025,09:00:29,20-06-2025,09:00:39,20-06-2025,09:02:09,COMPLETED,0,1
79KWH,8,2,FULL,20-06-2025,09:02:14,20-06-2025,09:04:13,20-06-2025,09:06:24,COMPLETED,0,1
79KWH,8,1,FULL,20-06-2025,09:03:12,20-06-2025,09:04:59,20-06-2025,09:07:52,COMPLETED,0,1
79KWH,8,2,FULL,20-06-2025,09:06:30,20-06-2025,09:08:24,20-06-2025,09:10:39,COMPLETED,0,1
79KWH,8,1,FULL,20-06-2025,09:07:57,20-06-2025,09:08:14,20-06-2025,09:10:59,COMPLETED,0,1
79KWH,8,1,FULL,20-06-2025,09:11:04,20-06-2025,09:11:22,20-06-2025,09:14:11,COMPLETED,0,1
79KWH,8,1,FULL,20-06-2025,09:14:16,20-06-2025,09:14:35,20-06-2025,09:17:21,COMPLETED,0,1
79KWH,8,3,FULL,20-06-2025,09:20:59,20-06-2025,09:21:15,20-06-2025,09:23:19,COMPLETED,0,1
79KWH,8,3,FULL,20-06-2025,09:23:26,20-06-2025,09:23:42,20-06-2025,09:25:35,COMPLETED,0,1
79KWH,8,3,FULL,20-06-2025,09:25:41,20-06-2025,09:25:57,20-06-2025,09:27:58,COMPLETED,0,1
79KWH,8,3,FULL,20-06-2025,09:28:04,20-06-2025,09:28:21,20-06-2025,09:30:19,COMPLETED,0,1
79KWH,8,3,FULL,20-06-2025,09:30:25,20-06-2025,09:30:42,20-06-2025,09:32:41,COMPLETED,0,1
79KWH,8,1,FULL,20-06-2025,09:32:00,20-06-2025,09:32:20,20-06-2025,09:35:15,COMPLETED,0,1
79KWH,8,2,FULL,20-06-2025,09:33:00,20-06-2025,09:33:26,20-06-2025,09:35:36,COMPLETED,0,1
79KWH,8,3,FULL,20-06-2025,09:33:09,20-06-2025,09:33:27,20-06-2025,09:35:26,COMPLETED,0,1
79KWH,8,1,FULL,20-06-2025,09:35:21,20-06-2025,09:35:37,20-06-2025,09:38:23,COMPLETED,0,1
79KWH,8,3,FULL,20-06-2025,09:35:31,20-06-2025,09:35:49,20-06-2025,09:37:51,COMPLETED,0,1
79KWH,8,2,FULL,20-06-2025,09:35:45,20-06-2025,09:37:40,20-06-2025,09:46:16,COMPLETED,0,1
79KWH,8,3,FULL,20-06-2025,09:38:20,20-06-2025,09:38:37,20-06-2025,09:40:37,COMPLETED,0,1
79KWH,8,1,FULL,20-06-2025,09:38:28,20-06-2025,09:38:46,20-06-2025,09:41:36,COMPLETED,0,1
79KWH,8,3,FULL,20-06-2025,09:41:18,20-06-2025,09:41:22,20-06-2025,09:43:27,COMPLETED,0,1
79KWH,8,1,FULL,20-06-2025,09:41:42,20-06-2025,09:41:59,20-06-2025,09:44:47,COMPLETED,0,1
79KWH,8,3,FULL,20-06-2025,09:44:22,20-06-2025,09:44:37,20-06-2025,09:46:39,COMPLETED,0,1
79KWH,8,1,FULL,20-06-2025,09:44:52,20-06-2025,09:45:10,20-06-2025,09:48:01,COMPLETED,0,1
79KWH,8,2,FULL,20-06-2025,09:46:23,20-06-2025,09:46:29,20-06-2025,09:47:59,COMPLETED,0,1
79KWH,8,3,FULL,20-06-2025,09:46:45,20-06-2025,09:47:02,20-06-2025,09:49:09,COMPLETED,0,1
79KWH,8,2,FULL,20-06-2025,09:48:04,20-06-2025,09:48:14,20-06-2025,09:49:48,COMPLETED,0,1
79KWH,8,1,FULL,20-06-2025,09:48:07,20-06-2025,09:48:24,20-06-2025,09:51:12,COMPLETED,0,1
79KWH,8,3,FULL,20-06-2025,09:49:15,20-06-2025,09:49:31,20-06-2025,09:51:35,COMPLETED,0,1
79KWH,8,2,FULL,20-06-2025,09:49:54,20-06-2025,09:50:02,20-06-2025,09:51:32,COMPLETED,0,1
79KWH,8,1,FULL,20-06-2025,09:51:17,20-06-2025,09:51:35,20-06-2025,09:54:27,COMPLETED,0,1
79KWH,8,2,FULL,20-06-2025,09:51:40,20-06-2025,09:51:46,20-06-2025,09:53:21,COMPLETED,0,1
79KWH,8,3,FULL,20-06-2025,09:51:42,20-06-2025,09:51:58,20-06-2025,09:54:13,COMPLETED,0,1
79KWH,8,3,FULL,20-06-2025,09:54:26,20-06-2025,09:54:36,20-06-2025,09:56:36,COMPLETED,0,1
79KWH,8,1,FULL,20-06-2025,09:54:31,20-06-2025,09:54:50,20-06-2025,09:57:39,COMPLETED,0,1
79KWH,8,2,FULL,20-06-2025,09:54:35,20-06-2025,09:54:47,20-06-2025,09:56:19,COMPLETED,0,1
79KWH,8,3,FULL,20-06-2025,09:57:23,20-06-2025,09:57:45,20-06-2025,09:59:54,COMPLETED,0,1
79KWH,8,2,FULL,20-06-2025,09:57:39,20-06-2025,09:57:44,20-06-2025,09:59:21,COMPLETED,0,1
79KWH,8,1,FULL,20-06-2025,09:57:44,20-06-2025,09:58:03,20-06-2025,10:01:01,COMPLETED,0,1
79KWH,8,3,FULL,20-06-2025,10:00:25,20-06-2025,10:00:40,20-06-2025,10:02:44,COMPLETED,0,1
79KWH,8,2,FULL,20-06-2025,10:00:39,20-06-2025,10:00:48,20-06-2025,10:02:20,COMPLETED,0,1
79KWH,8,1,FULL,20-06-2025,10:01:05,20-06-2025,10:02:49,20-06-2025,10:05:46,COMPLETED,0,1
79KWH,8,3,FULL,20-06-2025,10:03:25,20-06-2025,10:03:29,20-06-2025,10:05:38,COMPLETED,0,1
79KWH,8,2,FULL,20-06-2025,10:03:44,20-06-2025,10:04:18,20-06-2025,10:06:36,COMPLETED,0,1
79KWH,8,1,FULL,20-06-2025,10:05:52,20-06-2025,10:14:24,20-06-2025,10:17:31,COMPLETED,0,1
79KWH,8,3,FULL,20-06-2025,10:06:30,20-06-2025,10:06:49,20-06-2025,10:08:56,COMPLETED,0,1
79KWH,8,3,FULL,20-06-2025,10:09:27,20-06-2025,10:09:42,20-06-2025,10:11:49,COMPLETED,0,1
79KWH,8,3,FULL,20-06-2025,10:11:58,20-06-2025,10:12:12,20-06-2025,10:14:27,COMPLETED,0,1
79KWH,8,1,FULL,20-06-2025,10:17:37,20-06-2025,10:17:55,20-06-2025,10:20:47,COMPLETED,0,1
79KWH,8,1,FULL,20-06-2025,10:20:52,20-06-2025,10:21:09,20-06-2025,10:24:06,COMPLETED,0,1
79KWH,8,2,FULL,20-06-2025,10:22:10,20-06-2025,10:22:11,20-06-2025,10:24:26,COMPLETED,0,1
79KWH,8,3,FULL,20-06-2025,10:22:24,20-06-2025,10:22:31,20-06-2025,10:24:50,COMPLETED,0,1
79KWH,8,1,FULL,20-06-2025,10:24:11,20-06-2025,10:24:29,20-06-2025,10:27:21,COMPLETED,0,1
79KWH,8,3,FULL,20-06-2025,10:24:57,20-06-2025,10:25:13,20-06-2025,10:27:22,COMPLETED,0,1
79KWH,8,2,FULL,20-06-2025,10:25:02,20-06-2025,10:25:08,20-06-2025,10:26:45,COMPLETED,0,1
79KWH,8,1,FULL,20-06-2025,10:27:25,20-06-2025,10:27:43,20-06-2025,10:30:40,COMPLETED,0,1
79KWH,8,3,FULL,20-06-2025,10:27:49,20-06-2025,10:28:08,20-06-2025,10:30:16,COMPLETED,0,1
79KWH,8,2,FULL,20-06-2025,10:28:00,20-06-2025,10:28:09,20-06-2025,10:29:43,COMPLETED,0,1
79KWH,8,1,FULL,20-06-2025,10:30:45,20-06-2025,10:31:03,20-06-2025,10:33:57,COMPLETED,0,1
79KWH,8,3,FULL,20-06-2025,10:30:47,20-06-2025,10:31:02,20-06-2025,10:33:10,COMPLETED,0,1
79KWH,8,2,FULL,20-06-2025,10:31:05,20-06-2025,10:31:07,20-06-2025,10:32:46,COMPLETED,0,1
79KWH,8,2,FULL,20-06-2025,10:33:06,20-06-2025,10:33:14,20-06-2025,10:34:48,COMPLETED,0,1
79KWH,8,3,FULL,20-06-2025,10:33:18,20-06-2025,10:33:33,20-06-2025,10:35:45,COMPLETED,0,1
79KWH,8,1,FULL,20-06-2025,10:34:02,20-06-2025,10:34:20,20-06-2025,10:37:20,COMPLETED,0,1
79KWH,8,2,FULL,20-06-2025,10:35:04,20-06-2025,10:36:46,20-06-2025,10:39:08,COMPLETED,0,1
79KWH,8,3,FULL,20-06-2025,10:35:51,20-06-2025,10:36:07,20-06-2025,10:38:15,COMPLETED,0,1
79KWH,8,1,FULL,20-06-2025,10:37:24,20-06-2025,10:39:12,20-06-2025,10:42:11,COMPLETED,0,1
79KWH,8,3,FULL,20-06-2025,10:38:21,20-06-2025,10:38:38,20-06-2025,10:40:52,COMPLETED,0,1
79KWH,8,2,FULL,20-06-2025,10:39:14,20-06-2025,10:41:12,20-06-2025,10:43:31,COMPLETED,0,1
79KWH,8,3,FULL,20-06-2025,10:40:58,20-06-2025,10:41:15,20-06-2025,10:43:26,COMPLETED,0,1
79KWH,8,3,FULL,20-06-2025,10:43:33,20-06-2025,10:43:49,20-06-2025,10:46:05,COMPLETED,0,1
79KWH,8,2,FULL,20-06-2025,10:43:36,20-06-2025,10:44:55,20-06-2025,10:46:41,COMPLETED,0,1
79KWH,8,3,FULL,20-06-2025,10:46:11,20-06-2025,10:46:28,20-06-2025,10:48:42,COMPLETED,0,1
79KWH,8,2,FULL,20-06-2025,10:46:47,20-06-2025,10:48:41,20-06-2025,10:51:01,COMPLETED,0,1
79KWH,8,3,FULL,20-06-2025,10:48:48,20-06-2025,10:49:04,20-06-2025,10:51:30,COMPLETED,0,1
79KWH,8,2,FULL,20-06-2025,10:51:06,20-06-2025,10:52:58,20-06-2025,10:55:22,COMPLETED,0,1
79KWH,8,3,FULL,20-06-2025,10:51:36,20-06-2025,10:51:52,20-06-2025,10:54:06,COMPLETED,0,1
79KWH,8,3,FULL,20-06-2025,10:54:13,20-06-2025,10:54:29,20-06-2025,10:56:45,COMPLETED,0,1
79KWH,8,2,FULL,20-06-2025,10:55:27,20-06-2025,10:55:36,20-06-2025,10:57:17,COMPLETED,0,1
79KWH,8,3,FULL,20-06-2025,10:56:52,20-06-2025,10:57:08,20-06-2025,10:59:21,COMPLETED,0,1
79KWH,8,2,FULL,20-06-2025,10:57:22,20-06-2025,10:57:30,20-06-2025,10:59:16,COMPLETED,0,1
79KWH,8,2,FULL,20-06-2025,10:59:21,20-06-2025,11:01:19,20-06-2025,11:03:38,COMPLETED,0,1
79KWH,8,3,FULL,20-06-2025,10:59:27,20-06-2025,10:59:44,20-06-2025,11:02:03,COMPLETED,0,1
79KWH,8,3,FULL,20-06-2025,11:02:11,20-06-2025,11:02:26,20-06-2025,11:04:42,COMPLETED,0,1
79KWH,8,2,FULL,20-06-2025,11:03:44,20-06-2025,11:05:37,20-06-2025,11:08:02,COMPLETED,0,1
79KWH,8,3,FULL,20-06-2025,11:04:48,20-06-2025,11:05:04,20-06-2025,11:07:25,COMPLETED,0,1
79KWH,8,3,FULL,20-06-2025,11:07:31,20-06-2025,11:07:47,20-06-2025,11:10:03,COMPLETED,0,1
79KWH,8,2,FULL,20-06-2025,11:08:08,20-06-2025,11:10:05,20-06-2025,11:12:25,COMPLETED,0,1
79KWH,8,3,FULL,20-06-2025,11:10:09,20-06-2025,11:10:26,20-06-2025,11:12:50,COMPLETED,0,1
79KWH,8,2,FULL,20-06-2025,11:26:03,20-06-2025,11:26:06,20-06-2025,11:27:55,COMPLETED,0,1
79KWH,8,3,FULL,20-06-2025,11:27:16,20-06-2025,11:27:17,20-06-2025,11:29:55,COMPLETED,0,1
79KWH,8,2,FULL,20-06-2025,11:28:01,20-06-2025,11:28:09,20-06-2025,11:29:53,COMPLETED,0,1
79KWH,8,2,FULL,20-06-2025,11:29:59,20-06-2025,11:30:07,20-06-2025,11:31:56,COMPLETED,0,1
79KWH,8,3,FULL,20-06-2025,11:30:02,20-06-2025,11:30:18,20-06-2025,11:32:39,COMPLETED,0,1
79KWH,8,2,FULL,20-06-2025,11:32:03,20-06-2025,11:32:10,20-06-2025,11:33:56,COMPLETED,0,1
79KWH,8,3,FULL,20-06-2025,11:32:46,20-06-2025,11:33:03,20-06-2025,11:35:22,COMPLETED,0,1
79KWH,8,2,FULL,20-06-2025,11:34:03,20-06-2025,11:34:10,20-06-2025,11:36:00,COMPLETED,0,1
79KWH,8,3,FULL,20-06-2025,11:35:29,20-06-2025,11:35:44,20-06-2025,11:38:16,COMPLETED,0,1
79KWH,8,2,FULL,20-06-2025,11:36:07,20-06-2025,11:36:15,20-06-2025,11:38:02,COMPLETED,0,1
79KWH,8,2,FULL,20-06-2025,11:38:07,20-06-2025,11:38:17,20-06-2025,11:40:06,COMPLETED,0,1
79KWH,8,3,FULL,20-06-2025,11:38:23,20-06-2025,11:38:40,20-06-2025,11:40:58,COMPLETED,0,1
79KWH,8,2,FULL,20-06-2025,11:40:12,20-06-2025,11:40:21,20-06-2025,11:42:08,COMPLETED,0,1
79KWH,8,3,FULL,20-06-2025,11:41:05,20-06-2025,11:43:49,20-06-2025,11:46:41,COMPLETED,0,1
79KWH,8,2,FULL,20-06-2025,11:42:14,20-06-2025,11:42:22,20-06-2025,11:44:14,COMPLETED,0,1
79KWH,8,2,FULL,20-06-2025,11:44:21,20-06-2025,11:44:29,20-06-2025,11:46:17,COMPLETED,0,1
79KWH,8,3,FULL,20-06-2025,11:46:48,20-06-2025,11:49:38,20-06-2025,11:52:19,COMPLETED,0,1
79KWH,8,3,FULL,20-06-2025,11:52:27,20-06-2025,11:52:42,20-06-2025,11:55:07,COMPLETED,0,1
79KWH,8,3,FULL,20-06-2025,11:55:15,20-06-2025,11:57:59,20-06-2025,12:00:40,COMPLETED,0,1
79KWH,8,3,FULL,20-06-2025,12:00:46,20-06-2025,12:01:02,20-06-2025,12:03:28,COMPLETED,0,1
79KWH,8,3,FULL,20-06-2025,12:03:34,20-06-2025,12:06:24,20-06-2025,12:09:05,COMPLETED,0,1
79KWH,8,2,FULL,20-06-2025,13:23:35,20-06-2025,13:23:43,20-06-2025,13:26:13,COMPLETED,0,1
79KWH,8,3,FULL,20-06-2025,13:23:42,20-06-2025,13:23:59,20-06-2025,13:26:53,COMPLETED,0,1
79KWH,8,2,FULL,20-06-2025,13:26:19,20-06-2025,13:26:27,20-06-2025,13:28:15,COMPLETED,0,1
79KWH,8,3,FULL,20-06-2025,13:27:01,20-06-2025,13:27:17,20-06-2025,13:29:48,COMPLETED,0,1
79KWH,8,2,FULL,20-06-2025,13:28:22,20-06-2025,13:28:29,20-06-2025,13:30:23,COMPLETED,0,1
79KWH,8,3,FULL,20-06-2025,13:29:54,20-06-2025,13:30:10,20-06-2025,13:32:39,COMPLETED,0,1
79KWH,8,2,FULL,20-06-2025,13:30:28,20-06-2025,13:30:36,20-06-2025,13:32:27,COMPLETED,0,1
79KWH,8,2,FULL,20-06-2025,13:32:34,20-06-2025,13:32:41,20-06-2025,13:34:36,COMPLETED,0,1
79KWH,8,3,FULL,20-06-2025,13:32:46,20-06-2025,13:33:02,20-06-2025,13:35:24,COMPLETED,0,1
79KWH,8,2,FULL,20-06-2025,13:34:43,20-06-2025,13:34:50,20-06-2025,13:36:41,COMPLETED,0,1
79KWH,8,3,FULL,20-06-2025,13:35:29,20-06-2025,13:35:47,20-06-2025,13:38:14,COMPLETED,0,1
79KWH,8,2,FULL,20-06-2025,13:36:48,20-06-2025,13:36:55,20-06-2025,13:38:50,COMPLETED,0,1
79KWH,8,3,FULL,20-06-2025,13:38:20,20-06-2025,13:38:37,20-06-2025,13:41:02,COMPLETED,0,1
79KWH,8,2,FULL,20-06-2025,13:38:57,20-06-2025,13:39:05,20-06-2025,13:40:55,COMPLETED,0,1
79KWH,8,2,FULL,20-06-2025,13:41:01,20-06-2025,13:41:09,20-06-2025,13:43:05,COMPLETED,0,1
79KWH,8,3,FULL,20-06-2025,13:41:09,20-06-2025,13:41:25,20-06-2025,13:43:56,COMPLETED,0,1
79KWH,8,2,FULL,20-06-2025,13:43:11,20-06-2025,13:43:19,20-06-2025,13:45:13,COMPLETED,0,1
79KWH,8,3,FULL,20-06-2025,13:44:04,20-06-2025,13:44:19,20-06-2025,13:46:47,COMPLETED,0,1
79KWH,8,2,FULL,20-06-2025,13:45:19,20-06-2025,13:47:08,20-06-2025,13:49:39,COMPLETED,0,1
79KWH,8,3,FULL,20-06-2025,13:46:54,20-06-2025,13:47:10,20-06-2025,13:49:48,COMPLETED,0,1
79KWH,8,2,FULL,20-06-2025,13:49:45,20-06-2025,13:49:53,20-06-2025,13:51:49,COMPLETED,0,1
79KWH,8,3,FULL,20-06-2025,13:49:54,20-06-2025,13:50:11,20-06-2025,13:52:38,COMPLETED,0,1
79KWH,8,3,FULL,20-06-2025,13:52:44,20-06-2025,13:53:01,20-06-2025,13:55:34,COMPLETED,0,1
79KWH,8,2,FULL,20-06-2025,13:55:28,20-06-2025,13:55:35,20-06-2025,13:57:35,COMPLETED,0,1
79KWH,8,3,FULL,20-06-2025,13:55:40,20-06-2025,13:55:57,20-06-2025,13:58:25,COMPLETED,0,1
79KWH,8,2,FULL,20-06-2025,13:57:41,20-06-2025,13:57:49,20-06-2025,13:59:45,COMPLETED,0,1
79KWH,8,3,FULL,20-06-2025,13:58:33,20-06-2025,13:58:48,20-06-2025,14:01:23,COMPLETED,0,1
79KWH,8,2,FULL,20-06-2025,13:59:50,20-06-2025,13:59:59,20-06-2025,14:02:00,COMPLETED,0,1
79KWH,8,3,FULL,20-06-2025,14:01:29,20-06-2025,14:01:46,20-06-2025,14:04:17,COMPLETED,0,1
79KWH,8,2,FULL,20-06-2025,14:02:06,20-06-2025,14:02:14,20-06-2025,14:04:13,COMPLETED,0,1
79KWH,8,2,FULL,20-06-2025,14:04:19,20-06-2025,14:04:26,20-06-2025,14:06:29,COMPLETED,0,1
79KWH,8,3,FULL,20-06-2025,14:04:24,20-06-2025,14:04:39,20-06-2025,14:07:14,COMPLETED,0,1
79KWH,8,2,FULL,20-06-2025,14:06:35,20-06-2025,14:06:43,20-06-2025,14:08:41,COMPLETED,0,1
79KWH,8,3,FULL,20-06-2025,14:07:20,20-06-2025,14:07:37,20-06-2025,14:10:08,COMPLETED,0,1
79KWH,8,2,FULL,20-06-2025,14:08:48,20-06-2025,14:08:56,20-06-2025,14:10:58,COMPLETED,0,1
79KWH,8,3,FULL,20-06-2025,14:10:15,20-06-2025,14:10:32,20-06-2025,14:13:08,COMPLETED,0,1
79KWH,8,2,FULL,20-06-2025,14:11:05,20-06-2025,14:11:12,20-06-2025,14:13:11,COMPLETED,0,1
79KWH,8,3,FULL,20-06-2025,14:13:16,20-06-2025,14:16:09,20-06-2025,14:18:55,COMPLETED,0,1
79KWH,8,2,FULL,20-06-2025,14:13:19,20-06-2025,14:13:25,20-06-2025,14:15:29,COMPLETED,0,1
79KWH,8,2,FULL,20-06-2025,14:15:35,20-06-2025,14:15:43,20-06-2025,14:17:43,COMPLETED,0,1
79KWH,8,3,FULL,20-06-2025,14:19:01,20-06-2025,14:22:01,20-06-2025,14:24:52,COMPLETED,0,1
79KWH,8,3,FULL,20-06-2025,14:24:58,20-06-2025,14:25:14,20-06-2025,14:27:54,COMPLETED,0,1
79KWH,8,3,FULL,20-06-2025,14:28:01,20-06-2025,14:28:17,20-06-2025,14:30:56,COMPLETED,0,1
79KWH,8,3,FULL,20-06-2025,14:31:03,20-06-2025,14:31:19,20-06-2025,14:33:52,COMPLETED,0,1
79KWH,8,2,FULL,20-06-2025,14:31:50,20-06-2025,14:31:53,20-06-2025,14:34:01,COMPLETED,0,1
79KWH,8,3,FULL,20-06-2025,14:33:59,20-06-2025,14:34:15,20-06-2025,14:36:55,COMPLETED,0,1
79KWH,8,2,FULL,20-06-2025,14:34:07,20-06-2025,14:36:02,20-06-2025,14:38:31,COMPLETED,0,1
79KWH,8,3,FULL,20-06-2025,14:37:02,20-06-2025,14:37:17,20-06-2025,14:39:54,COMPLETED,0,1
79KWH,8,2,FULL,20-06-2025,14:38:37,20-06-2025,14:40:27,20-06-2025,14:43:03,COMPLETED,0,1
79KWH,8,3,FULL,20-06-2025,14:40:01,20-06-2025,14:40:17,20-06-2025,14:42:57,COMPLETED,0,1
79KWH,8,3,FULL,20-06-2025,14:43:05,20-06-2025,14:43:20,20-06-2025,14:45:56,COMPLETED,0,1
79KWH,8,2,FULL,20-06-2025,14:43:10,20-06-2025,14:43:18,20-06-2025,14:45:21,COMPLETED,0,1
79KWH,8,2,FULL,20-06-2025,14:45:27,20-06-2025,14:45:35,20-06-2025,14:47:42,COMPLETED,0,1
79KWH,8,3,FULL,20-06-2025,14:46:02,20-06-2025,14:46:19,20-06-2025,14:49:00,COMPLETED,0,1
79KWH,8,2,FULL,20-06-2025,14:47:49,20-06-2025,14:47:57,20-06-2025,14:50:00,COMPLETED,0,1
79KWH,8,3,FULL,20-06-2025,14:49:07,20-06-2025,14:49:23,20-06-2025,14:52:01,COMPLETED,0,1
79KWH,8,3,FULL,20-06-2025,14:52:08,20-06-2025,14:52:24,20-06-2025,14:55:07,COMPLETED,0,1
79KWH,8,3,FULL,20-06-2025,14:55:13,20-06-2025,14:55:30,20-06-2025,14:58:10,COMPLETED,0,1
79KWH,8,3,FULL,20-06-2025,14:58:17,20-06-2025,14:58:33,20-06-2025,15:01:17,COMPLETED,0,1
79KWH,8,3,FULL,20-06-2025,15:01:22,20-06-2025,15:01:40,20-06-2025,15:04:20,COMPLETED,0,1
79KWH,8,1,FULL,20-06-2025,15:02:25,20-06-2025,15:02:26,20-06-2025,15:04:40,COMPLETED,0,1
79KWH,8,3,FULL,20-06-2025,15:04:28,20-06-2025,15:04:43,20-06-2025,15:07:28,COMPLETED,0,1
79KWH,8,1,FULL,20-06-2025,15:04:45,20-06-2025,15:05:03,20-06-2025,15:07:14,COMPLETED,0,1
79KWH,8,1,FULL,20-06-2025,15:07:19,20-06-2025,15:07:36,20-06-2025,15:09:52,COMPLETED,0,1
79KWH,8,3,FULL,20-06-2025,15:07:35,20-06-2025,15:07:51,20-06-2025,15:10:39,COMPLETED,0,1
79KWH,8,1,FULL,20-06-2025,15:09:58,20-06-2025,15:10:16,20-06-2025,15:12:27,COMPLETED,0,1
79KWH,8,3,FULL,20-06-2025,15:10:45,20-06-2025,15:11:02,20-06-2025,15:13:48,COMPLETED,0,1
79KWH,8,1,FULL,20-06-2025,15:12:33,20-06-2025,15:14:20,20-06-2025,15:16:59,COMPLETED,0,1
79KWH,8,3,FULL,20-06-2025,15:13:55,20-06-2025,15:16:55,20-06-2025,15:19:55,COMPLETED,0,1
79KWH,8,1,FULL,20-06-2025,15:17:04,20-06-2025,15:17:22,20-06-2025,15:19:36,COMPLETED,0,1
79KWH,8,1,FULL,20-06-2025,15:19:40,20-06-2025,15:19:58,20-06-2025,15:22:16,COMPLETED,0,1
79KWH,8,3,FULL,20-06-2025,15:20:02,20-06-2025,15:23:07,20-06-2025,15:26:03,COMPLETED,0,1
79KWH,8,3,FULL,20-06-2025,15:26:10,20-06-2025,15:26:26,20-06-2025,15:29:09,COMPLETED,0,1
79KWH,8,3,FULL,20-06-2025,15:29:16,20-06-2025,15:29:31,20-06-2025,15:32:20,COMPLETED,0,1
79KWH,8,3,FULL,20-06-2025,15:32:26,20-06-2025,15:32:44,20-06-2025,15:35:38,COMPLETED,0,1
79KWH,8,3,FULL,20-06-2025,15:35:45,20-06-2025,15:36:02,20-06-2025,15:38:59,COMPLETED,0,1
79KWH,8,1,FULL,20-06-2025,15:54:05,20-06-2025,15:54:29,20-06-2025,15:57:05,COMPLETED,0,1
79KWH,8,3,FULL,20-06-2025,15:55:10,20-06-2025,15:55:31,20-06-2025,15:58:16,COMPLETED,0,1
79KWH,8,1,FULL,20-06-2025,15:57:11,20-06-2025,15:57:29,20-06-2025,15:59:48,COMPLETED,0,1
79KWH,8,3,FULL,20-06-2025,15:58:24,20-06-2025,15:58:39,20-06-2025,16:01:37,COMPLETED,0,1
79KWH,8,1,FULL,20-06-2025,15:59:53,20-06-2025,16:00:12,20-06-2025,16:02:27,COMPLETED,0,1
79KWH,8,3,FULL,20-06-2025,16:01:45,20-06-2025,16:02:01,20-06-2025,16:04:48,COMPLETED,0,1
79KWH,8,1,FULL,20-06-2025,16:02:32,20-06-2025,16:02:50,20-06-2025,16:05:10,COMPLETED,0,1
79KWH,8,3,FULL,20-06-2025,16:04:55,20-06-2025,16:05:10,20-06-2025,16:08:09,COMPLETED,0,1
79KWH,8,1,FULL,20-06-2025,16:05:15,20-06-2025,16:05:33,20-06-2025,16:07:48,COMPLETED,0,1
79KWH,8,1,FULL,20-06-2025,16:07:53,20-06-2025,16:08:10,20-06-2025,16:10:31,COMPLETED,0,1
79KWH,8,3,FULL,20-06-2025,16:08:16,20-06-2025,16:08:32,20-06-2025,16:11:26,COMPLETED,0,1
79KWH,8,3,FULL,20-06-2025,16:11:33,20-06-2025,16:11:49,20-06-2025,16:14:42,COMPLETED,0,1
79KWH,8,1,FULL,20-06-2025,16:34:25,20-06-2025,16:34:35,20-06-2025,16:37:13,COMPLETED,0,1
79KWH,8,1,FULL,20-06-2025,16:37:18,20-06-2025,16:37:36,20-06-2025,16:39:58,COMPLETED,0,1
79KWH,8,3,FULL,20-06-2025,16:38:40,20-06-2025,16:38:41,20-06-2025,16:41:35,COMPLETED,0,1
79KWH,8,1,FULL,20-06-2025,16:40:02,20-06-2025,16:40:21,20-06-2025,16:42:38,COMPLETED,0,1
79KWH,8,3,FULL,20-06-2025,16:41:41,20-06-2025,16:41:57,20-06-2025,16:44:52,COMPLETED,0,1
79KWH,8,3,FULL,20-06-2025,16:44:58,20-06-2025,16:45:15,20-06-2025,16:48:05,COMPLETED,0,1
79KWH,8,3,FULL,20-06-2025,16:48:13,20-06-2025,16:48:29,20-06-2025,16:51:32,COMPLETED,0,1
79KWH,8,3,FULL,20-06-2025,16:51:38,20-06-2025,16:51:54,20-06-2025,16:54:46,COMPLETED,0,1
79KWH,8,3,FULL,20-06-2025,16:54:52,20-06-2025,16:55:09,20-06-2025,16:58:04,COMPLETED,0,1
79KWH,8,3,FULL,20-06-2025,16:58:10,20-06-2025,16:58:27,20-06-2025,17:01:19,COMPLETED,0,1
79KWH,8,3,FULL,20-06-2025,17:01:25,20-06-2025,17:01:42,20-06-2025,17:04:40,COMPLETED,0,1
79KWH,8,3,FULL,20-06-2025,17:04:46,20-06-2025,17:05:03,20-06-2025,17:07:57,COMPLETED,0,1
79KWH,8,3,FULL,20-06-2025,17:08:03,20-06-2025,17:08:20,20-06-2025,17:11:17,COMPLETED,0,1
79KWH,8,3,FULL,20-06-2025,17:11:23,20-06-2025,17:11:40,20-06-2025,17:14:34,COMPLETED,0,1
79KWH,8,3,FULL,20-06-2025,17:14:40,20-06-2025,17:17:50,20-06-2025,17:20:51,COMPLETED,0,1
79KWH,8,3,FULL,20-06-2025,17:20:59,20-06-2025,17:47:54,20-06-2025,17:51:02,COMPLETED,0,1
79KWH,8,3,FULL,20-06-2025,19:13:33,20-06-2025,19:13:51,20-06-2025,19:17:09,COMPLETED,0,1
79KWH,8,3,FULL,20-06-2025,22:44:21,20-06-2025,22:45:10,20-06-2025,22:48:52,COMPLETED,0,1
79KWH,8,3,FULL,20-06-2025,22:48:59,20-06-2025,22:52:23,20-06-2025,22:55:32,COMPLETED,0,1
79KWH,8,3,FULL,20-06-2025,22:55:40,20-06-2025,22:55:55,20-06-2025,22:59:03,COMPLETED,0,1
79KWH,8,3,FULL,20-06-2025,22:59:09,20-06-2025,22:59:26,20-06-2025,23:01:49,COMPLETED,0,1
79KWH,8,3,FULL,20-06-2025,23:01:54,20-06-2025,23:02:12,20-06-2025,23:03:29,COMPLETED,0,1
79KWH,8,3,FULL,20-06-2025,23:03:35,20-06-2025,23:03:52,20-06-2025,23:05:13,COMPLETED,0,1
79KWH,8,3,FULL,20-06-2025,23:05:19,20-06-2025,23:05:35,20-06-2025,23:06:55,COMPLETED,0,1
79KWH,8,3,FULL,20-06-2025,23:07:01,20-06-2025,23:07:19,20-06-2025,23:08:44,COMPLETED,0,1
79KWH,8,3,FULL,20-06-2025,23:10:52,20-06-2025,23:11:03,20-06-2025,23:12:22,COMPLETED,0,1
79KWH,8,3,FULL,20-06-2025,23:12:29,20-06-2025,23:12:45,20-06-2025,23:14:06,COMPLETED,0,1
79KWH,8,3,FULL,20-06-2025,23:14:13,20-06-2025,23:14:29,20-06-2025,23:15:52,COMPLETED,0,1
79KWH,8,3,FULL,20-06-2025,23:24:33,20-06-2025,23:25:48,20-06-2025,23:28:03,COMPLETED,0,1
79KWH,8,3,FULL,20-06-2025,23:28:09,20-06-2025,23:30:30,20-06-2025,23:32:22,COMPLETED,0,1
79KWH,8,3,FULL,20-06-2025,23:32:29,20-06-2025,23:32:45,20-06-2025,23:34:06,COMPLETED,0,1
79KWH,8,3,FULL,20-06-2025,23:34:13,20-06-2025,23:34:29,20-06-2025,23:35:48,COMPLETED,0,1
79KWH,8,3,FULL,20-06-2025,23:35:55,20-06-2025,23:36:12,20-06-2025,23:37:38,COMPLETED,0,1
79KWH,8,3,FULL,20-06-2025,23:37:44,20-06-2025,23:40:09,20-06-2025,23:42:19,COMPLETED,0,1
79KWH,8,3,FULL,20-06-2025,23:42:27,20-06-2025,23:42:42,20-06-2025,23:44:03,COMPLETED,0,1
79KWH,8,3,FULL,20-06-2025,23:44:09,20-06-2025,23:44:26,20-06-2025,23:45:44,COMPLETED,0,1
79KWH,8,3,FULL,20-06-2025,23:45:51,20-06-2025,23:46:07,20-06-2025,23:47:31,COMPLETED,0,1
79KWH,8,3,FULL,20-06-2025,23:47:38,20-06-2025,23:47:54,20-06-2025,23:49:10,COMPLETED,0,1
79KWH,8,3,FULL,20-06-2025,23:49:18,20-06-2025,23:49:34,20-06-2025,23:50:53,COMPLETED,0,1
79KWH,8,3,FULL,20-06-2025,23:51:00,20-06-2025,23:51:16,20-06-2025,23:52:36,COMPLETED,0,1
79KWH,8,3,FULL,20-06-2025,23:52:42,20-06-2025,23:52:58,20-06-2025,23:54:23,COMPLETED,0,1
79KWH,8,3,FULL,20-06-2025,23:54:31,20-06-2025,23:54:46,20-06-2025,23:56:05,COMPLETED,0,1
79KWH,8,3,FULL,20-06-2025,23:56:11,20-06-2025,23:56:28,20-06-2025,23:57:47,COMPLETED,0,1
79KWH,8,3,FULL,20-06-2025,23:57:53,20-06-2025,23:58:10,20-06-2025,23:59:32,COMPLETED,0,1
79KWH,8,3,FULL,20-06-2025,23:59:37,20-06-2025,23:59:55,21-06-2025,00:01:19,COMPLETED,0,1
79KWH,8,3,FULL,21-06-2025,00:01:25,21-06-2025,00:01:43,21-06-2025,00:02:59,COMPLETED,0,1
79KWH,8,3,FULL,21-06-2025,00:03:05,21-06-2025,00:03:22,21-06-2025,00:04:44,COMPLETED,0,1
79KWH,8,3,FULL,21-06-2025,00:04:50,21-06-2025,00:05:08,21-06-2025,00:06:29,COMPLETED,0,1
79KWH,8,2,FULL,21-06-2025,09:01:04,21-06-2025,09:01:14,21-06-2025,09:03:39,COMPLETED,0,1
79KWH,8,2,FULL,21-06-2025,09:03:45,21-06-2025,09:03:53,21-06-2025,09:05:30,COMPLETED,0,1
79KWH,8,3,FULL,21-06-2025,09:03:52,21-06-2025,09:04:13,21-06-2025,09:06:37,COMPLETED,0,1
79KWH,8,2,FULL,21-06-2025,09:07:10,21-06-2025,09:09:27,21-06-2025,09:11:46,COMPLETED,0,1
79KWH,8,3,FULL,21-06-2025,09:08:50,21-06-2025,09:09:18,21-06-2025,09:11:27,COMPLETED,0,1
79KWH,8,3,FULL,21-06-2025,09:11:34,21-06-2025,09:11:50,21-06-2025,09:13:13,COMPLETED,0,1
79KWH,8,2,FULL,21-06-2025,09:11:54,21-06-2025,09:12:01,21-06-2025,09:13:33,COMPLETED,0,1
79KWH,8,3,FULL,21-06-2025,09:13:20,21-06-2025,09:15:26,21-06-2025,09:17:35,COMPLETED,0,1
79KWH,8,2,FULL,21-06-2025,09:13:40,21-06-2025,09:13:47,21-06-2025,09:15:26,COMPLETED,0,1
79KWH,8,2,FULL,21-06-2025,09:15:33,21-06-2025,09:15:39,21-06-2025,09:17:12,COMPLETED,0,1
79KWH,8,2,FULL,21-06-2025,09:17:19,21-06-2025,09:17:26,21-06-2025,09:19:08,COMPLETED,0,1
79KWH,8,3,FULL,21-06-2025,09:17:42,21-06-2025,09:17:57,21-06-2025,09:19:25,COMPLETED,0,1
79KWH,8,2,FULL,21-06-2025,09:19:15,21-06-2025,09:19:22,21-06-2025,09:20:59,COMPLETED,0,1
79KWH,8,3,FULL,21-06-2025,09:19:32,21-06-2025,09:19:48,21-06-2025,09:21:10,COMPLETED,0,1
79KWH,8,2,FULL,21-06-2025,09:21:04,21-06-2025,09:21:13,21-06-2025,09:22:51,COMPLETED,0,1
79KWH,8,3,FULL,21-06-2025,09:21:17,21-06-2025,09:21:33,21-06-2025,09:23:00,COMPLETED,0,1
79KWH,8,1,FULL,21-06-2025,09:21:39,21-06-2025,09:21:48,21-06-2025,09:24:31,COMPLETED,0,1
79KWH,8,2,FULL,21-06-2025,09:22:56,21-06-2025,09:23:05,21-06-2025,09:24:39,COMPLETED,0,1
79KWH,8,3,FULL,21-06-2025,09:23:07,21-06-2025,09:23:23,21-06-2025,09:24:44,COMPLETED,0,1
79KWH,8,3,FULL,21-06-2025,09:24:51,21-06-2025,09:25:07,21-06-2025,09:26:37,COMPLETED,0,1
79KWH,8,3,FULL,21-06-2025,09:26:44,21-06-2025,09:27:00,21-06-2025,09:28:27,COMPLETED,0,1
79KWH,8,3,FULL,21-06-2025,09:28:35,21-06-2025,09:28:51,21-06-2025,09:30:17,COMPLETED,0,1
79KWH,8,3,FULL,21-06-2025,09:30:34,21-06-2025,09:30:40,21-06-2025,09:32:07,COMPLETED,0,1
79KWH,8,2,FULL,21-06-2025,09:30:49,21-06-2025,09:31:01,21-06-2025,09:32:40,COMPLETED,0,1
79KWH,8,1,FULL,21-06-2025,09:31:23,21-06-2025,09:31:27,21-06-2025,09:33:45,COMPLETED,0,1
79KWH,8,2,FULL,21-06-2025,09:32:46,21-06-2025,09:32:53,21-06-2025,09:34:26,COMPLETED,0,1
79KWH,8,1,FULL,21-06-2025,09:34:19,21-06-2025,09:34:31,21-06-2025,09:37:05,COMPLETED,0,1
79KWH,8,2,FULL,21-06-2025,09:34:32,21-06-2025,09:34:40,21-06-2025,09:36:17,COMPLETED,0,1
79KWH,8,2,FULL,21-06-2025,09:36:23,21-06-2025,09:36:31,21-06-2025,09:38:06,COMPLETED,0,1
79KWH,8,1,FULL,21-06-2025,09:37:10,21-06-2025,09:37:28,21-06-2025,09:39:49,COMPLETED,0,1
79KWH,8,2,FULL,21-06-2025,09:38:12,21-06-2025,09:38:20,21-06-2025,09:39:58,COMPLETED,0,1
79KWH,8,3,FULL,21-06-2025,09:41:13,21-06-2025,09:41:21,21-06-2025,09:42:56,COMPLETED,0,1
79KWH,8,2,FULL,21-06-2025,09:41:56,21-06-2025,09:42:58,21-06-2025,09:45:14,COMPLETED,0,1
79KWH,8,3,FULL,21-06-2025,09:44:17,21-06-2025,09:45:13,21-06-2025,09:47:24,COMPLETED,0,1
79KWH,8,1,FULL,21-06-2025,09:44:49,21-06-2025,09:45:50,21-06-2025,09:48:35,COMPLETED,0,1
79KWH,8,2,FULL,21-06-2025,09:45:20,21-06-2025,09:47:35,21-06-2025,09:49:54,COMPLETED,0,1
79KWH,8,3,FULL,21-06-2025,09:47:31,21-06-2025,09:47:47,21-06-2025,09:49:17,COMPLETED,0,1
79KWH,8,1,FULL,21-06-2025,09:48:41,21-06-2025,09:48:59,21-06-2025,09:51:20,COMPLETED,0,1
79KWH,8,3,FULL,21-06-2025,09:49:24,21-06-2025,09:49:40,21-06-2025,09:51:05,COMPLETED,0,1
79KWH,8,2,FULL,21-06-2025,09:50:00,21-06-2025,09:50:08,21-06-2025,09:51:41,COMPLETED,0,1
79KWH,8,3,FULL,21-06-2025,09:51:11,21-06-2025,09:51:28,21-06-2025,09:53:04,COMPLETED,0,1
79KWH,8,1,FULL,21-06-2025,09:51:26,21-06-2025,09:51:43,21-06-2025,09:54:08,COMPLETED,0,1
79KWH,8,2,FULL,21-06-2025,09:51:47,21-06-2025,09:51:55,21-06-2025,09:53:33,COMPLETED,0,1
79KWH,8,3,FULL,21-06-2025,09:53:43,21-06-2025,09:53:50,21-06-2025,09:55:18,COMPLETED,0,1
79KWH,8,2,FULL,21-06-2025,09:53:54,21-06-2025,09:54:01,21-06-2025,09:55:36,COMPLETED,0,1
79KWH,8,1,FULL,21-06-2025,09:54:13,21-06-2025,09:54:31,21-06-2025,09:56:53,COMPLETED,0,1
79KWH,8,3,FULL,21-06-2025,09:56:41,21-06-2025,09:56:50,21-06-2025,09:58:22,COMPLETED,0,1
79KWH,8,2,FULL,21-06-2025,09:56:56,21-06-2025,09:57:01,21-06-2025,09:58:40,COMPLETED,0,1
79KWH,8,1,FULL,21-06-2025,09:56:59,21-06-2025,09:57:17,21-06-2025,09:59:43,COMPLETED,0,1
79KWH,8,3,FULL,21-06-2025,09:59:45,21-06-2025,09:59:55,21-06-2025,10:01:27,COMPLETED,0,1
79KWH,8,1,FULL,21-06-2025,09:59:48,21-06-2025,10:00:07,21-06-2025,10:02:40,COMPLETED,0,1
79KWH,8,2,FULL,21-06-2025,09:59:56,21-06-2025,10:00:04,21-06-2025,10:01:37,COMPLETED,0,1
79KWH,8,3,FULL,21-06-2025,10:02:43,21-06-2025,10:02:59,21-06-2025,10:04:35,COMPLETED,0,1
79KWH,8,1,FULL,21-06-2025,10:02:45,21-06-2025,10:03:03,21-06-2025,10:05:31,COMPLETED,0,1
79KWH,8,2,FULL,21-06-2025,10:03:00,21-06-2025,10:03:01,21-06-2025,10:04:38,COMPLETED,0,1
79KWH,8,1,FULL,21-06-2025,10:05:36,21-06-2025,10:05:53,21-06-2025,10:08:18,COMPLETED,0,1
79KWH,8,3,FULL,21-06-2025,10:05:48,21-06-2025,10:06:08,21-06-2025,10:07:40,COMPLETED,0,1
79KWH,8,2,FULL,21-06-2025,10:05:57,21-06-2025,10:06:02,21-06-2025,10:07:35,COMPLETED,0,1
79KWH,8,1,FULL,21-06-2025,10:08:23,21-06-2025,10:11:12,21-06-2025,10:13:58,COMPLETED,0,1
79KWH,8,3,FULL,21-06-2025,10:08:45,21-06-2025,10:09:56,21-06-2025,10:12:20,COMPLETED,0,1
79KWH,8,2,FULL,21-06-2025,10:09:00,21-06-2025,10:10:35,21-06-2025,10:12:56,COMPLETED,0,1
79KWH,8,3,FULL,21-06-2025,10:12:27,21-06-2025,10:14:40,21-06-2025,10:16:57,COMPLETED,0,1
79KWH,8,2,FULL,21-06-2025,10:13:01,21-06-2025,10:13:09,21-06-2025,10:14:44,COMPLETED,0,1
79KWH,8,1,FULL,21-06-2025,10:14:03,21-06-2025,10:16:47,21-06-2025,10:19:29,COMPLETED,0,1
79KWH,8,2,FULL,21-06-2025,10:15:03,21-06-2025,10:15:12,21-06-2025,10:16:50,COMPLETED,0,1
79KWH,8,1,FULL,21-06-2025,10:19:34,21-06-2025,10:19:51,21-06-2025,10:22:22,COMPLETED,0,1
79KWH,8,1,FULL,21-06-2025,10:22:27,21-06-2025,10:22:44,21-06-2025,10:25:19,COMPLETED,0,1
79KWH,8,1,FULL,21-06-2025,10:25:25,21-06-2025,10:25:42,21-06-2025,10:28:18,COMPLETED,0,1
79KWH,8,1,FULL,21-06-2025,10:28:23,21-06-2025,10:28:41,21-06-2025,10:31:12,COMPLETED,0,1
79KWH,8,1,FULL,21-06-2025,10:31:17,21-06-2025,10:31:35,21-06-2025,10:34:08,COMPLETED,0,1
79KWH,8,1,FULL,21-06-2025,10:34:13,21-06-2025,10:34:31,21-06-2025,10:37:00,COMPLETED,0,1
79KWH,8,1,FULL,21-06-2025,10:37:04,21-06-2025,10:37:22,21-06-2025,10:39:59,COMPLETED,0,1
79KWH,8,1,FULL,21-06-2025,11:09:30,21-06-2025,11:09:31,21-06-2025,11:27:44,COMPLETED,0,1
79KWH,8,1,FULL,21-06-2025,11:28:39,21-06-2025,11:30:34,21-06-2025,11:33:24,COMPLETED,0,1
79KWH,8,2,FULL,21-06-2025,11:30:26,21-06-2025,11:30:26,21-06-2025,11:32:40,COMPLETED,0,1
79KWH,8,2,FULL,21-06-2025,11:32:46,21-06-2025,11:32:54,21-06-2025,11:34:33,COMPLETED,0,1
79KWH,8,1,FULL,21-06-2025,11:33:29,21-06-2025,11:36:18,21-06-2025,11:39:03,COMPLETED,0,1
79KWH,8,2,FULL,21-06-2025,11:34:38,21-06-2025,11:34:47,21-06-2025,11:36:21,COMPLETED,0,1
79KWH,8,2,FULL,21-06-2025,11:36:28,21-06-2025,11:36:35,21-06-2025,11:38:14,COMPLETED,0,1
79KWH,8,3,FULL,21-06-2025,11:37:11,21-06-2025,11:37:27,21-06-2025,11:39:48,COMPLETED,0,1
79KWH,8,2,FULL,21-06-2025,11:38:20,21-06-2025,11:38:28,21-06-2025,11:40:02,COMPLETED,0,1
79KWH,8,1,FULL,21-06-2025,11:39:08,21-06-2025,11:39:26,21-06-2025,11:42:06,COMPLETED,0,1
79KWH,8,3,FULL,21-06-2025,11:39:54,21-06-2025,11:40:11,21-06-2025,11:41:47,COMPLETED,0,1
79KWH,8,2,FULL,21-06-2025,11:40:08,21-06-2025,11:42:18,21-06-2025,11:44:36,COMPLETED,0,1
79KWH,8,3,FULL,21-06-2025,11:41:54,21-06-2025,11:43:59,21-06-2025,11:46:24,COMPLETED,0,1
79KWH,8,1,FULL,21-06-2025,11:42:11,21-06-2025,11:44:56,21-06-2025,11:47:42,COMPLETED,0,1
79KWH,8,2,FULL,21-06-2025,11:45:10,21-06-2025,11:46:57,21-06-2025,11:49:11,COMPLETED,0,1
79KWH,8,3,FULL,21-06-2025,11:46:31,21-06-2025,11:46:47,21-06-2025,11:48:25,COMPLETED,0,1
79KWH,8,1,FULL,21-06-2025,11:47:48,21-06-2025,11:50:38,21-06-2025,11:53:28,COMPLETED,0,1
79KWH,8,3,FULL,21-06-2025,11:48:31,21-06-2025,11:48:48,21-06-2025,11:50:32,COMPLETED,0,1
79KWH,8,2,FULL,21-06-2025,11:49:17,21-06-2025,11:49:25,21-06-2025,11:51:04,COMPLETED,0,1
79KWH,8,2,FULL,21-06-2025,11:51:10,21-06-2025,11:51:18,21-06-2025,11:52:51,COMPLETED,0,1
79KWH,8,3,FULL,21-06-2025,11:52:28,21-06-2025,11:52:51,21-06-2025,11:54:30,COMPLETED,0,1
79KWH,8,2,FULL,21-06-2025,11:52:56,21-06-2025,11:53:05,21-06-2025,11:54:42,COMPLETED,0,1
79KWH,8,1,FULL,21-06-2025,11:53:32,21-06-2025,11:53:51,21-06-2025,11:56:24,COMPLETED,0,1
79KWH,8,3,FULL,21-06-2025,11:54:36,21-06-2025,11:54:54,21-06-2025,11:56:36,COMPLETED,0,1
79KWH,8,2,FULL,21-06-2025,11:54:48,21-06-2025,11:54:56,21-06-2025,11:56:29,COMPLETED,0,1
79KWH,8,1,FULL,21-06-2025,11:56:29,21-06-2025,11:56:47,21-06-2025,11:59:32,COMPLETED,0,1
79KWH,8,2,FULL,21-06-2025,11:56:35,21-06-2025,11:56:42,21-06-2025,11:58:21,COMPLETED,0,1
79KWH,8,3,FULL,21-06-2025,11:58:26,21-06-2025,11:58:32,21-06-2025,12:00:11,COMPLETED,0,1
79KWH,8,2,FULL,21-06-2025,11:58:28,21-06-2025,11:58:35,21-06-2025,12:00:07,COMPLETED,0,1
79KWH,8,1,FULL,21-06-2025,11:59:38,21-06-2025,11:59:55,21-06-2025,12:02:34,COMPLETED,0,1
79KWH,8,3,FULL,21-06-2025,12:00:27,21-06-2025,12:02:31,21-06-2025,12:04:55,COMPLETED,0,1
79KWH,8,2,FULL,21-06-2025,12:00:44,21-06-2025,12:02:36,21-06-2025,12:04:55,COMPLETED,0,1
79KWH,8,1,FULL,21-06-2025,12:02:39,21-06-2025,12:05:24,21-06-2025,12:08:20,COMPLETED,0,1
79KWH,8,2,FULL,21-06-2025,12:05:00,21-06-2025,12:07:13,21-06-2025,12:09:27,COMPLETED,0,1
79KWH,8,3,FULL,21-06-2025,12:05:01,21-06-2025,12:07:10,21-06-2025,12:09:31,COMPLETED,0,1
79KWH,8,1,FULL,21-06-2025,12:08:25,21-06-2025,12:08:43,21-06-2025,12:11:18,COMPLETED,0,1
79KWH,8,2,FULL,21-06-2025,12:09:34,21-06-2025,12:09:41,21-06-2025,12:11:19,COMPLETED,0,1
79KWH,8,3,FULL,21-06-2025,12:09:38,21-06-2025,12:09:54,21-06-2025,12:11:40,COMPLETED,0,1
79KWH,8,1,FULL,21-06-2025,12:11:23,21-06-2025,12:11:40,21-06-2025,12:14:31,COMPLETED,0,1
79KWH,8,2,FULL,21-06-2025,12:11:25,21-06-2025,12:11:33,21-06-2025,12:13:05,COMPLETED,0,1
79KWH,8,3,FULL,21-06-2025,12:11:47,21-06-2025,12:12:03,21-06-2025,12:13:43,COMPLETED,0,1
79KWH,8,2,FULL,21-06-2025,12:13:11,21-06-2025,12:13:19,21-06-2025,12:14:56,COMPLETED,0,1
79KWH,8,3,FULL,21-06-2025,12:13:49,21-06-2025,12:14:06,21-06-2025,12:15:50,COMPLETED,0,1
79KWH,8,1,FULL,21-06-2025,12:14:36,21-06-2025,12:14:54,21-06-2025,12:17:33,COMPLETED,0,1
79KWH,8,2,FULL,21-06-2025,12:15:46,21-06-2025,12:15:52,21-06-2025,12:17:24,COMPLETED,0,1
79KWH,8,3,FULL,21-06-2025,12:15:57,21-06-2025,12:16:13,21-06-2025,12:17:52,COMPLETED,0,1
79KWH,8,1,FULL,21-06-2025,12:17:38,21-06-2025,12:17:56,21-06-2025,12:20:58,COMPLETED,0,1
79KWH,8,2,FULL,21-06-2025,12:17:47,21-06-2025,12:17:52,21-06-2025,12:19:29,COMPLETED,0,1
79KWH,8,3,FULL,21-06-2025,12:17:58,21-06-2025,12:18:15,21-06-2025,12:20:04,COMPLETED,0,1
79KWH,8,2,FULL,21-06-2025,12:19:46,21-06-2025,12:19:58,21-06-2025,12:21:30,COMPLETED,0,1
79KWH,8,3,FULL,21-06-2025,12:20:09,21-06-2025,12:20:27,21-06-2025,12:22:11,COMPLETED,0,1
79KWH,8,1,FULL,21-06-2025,12:21:03,21-06-2025,12:21:22,21-06-2025,12:24:08,COMPLETED,0,1
79KWH,8,3,FULL,21-06-2025,12:22:17,21-06-2025,12:22:34,21-06-2025,12:24:20,COMPLETED,0,1
79KWH,8,2,FULL,21-06-2025,12:22:49,21-06-2025,12:22:55,21-06-2025,12:24:32,COMPLETED,0,1
79KWH,8,1,FULL,21-06-2025,12:24:13,21-06-2025,12:24:32,21-06-2025,12:27:19,COMPLETED,0,1
79KWH,8,3,FULL,21-06-2025,12:24:26,21-06-2025,12:24:42,21-06-2025,12:26:27,COMPLETED,0,1
79KWH,8,2,FULL,21-06-2025,12:25:49,21-06-2025,12:25:57,21-06-2025,12:27:30,COMPLETED,0,1
79KWH,8,3,FULL,21-06-2025,12:26:34,21-06-2025,12:26:50,21-06-2025,12:28:40,COMPLETED,0,1
79KWH,8,1,FULL,21-06-2025,12:27:24,21-06-2025,12:30:21,21-06-2025,12:33:30,COMPLETED,0,1
79KWH,8,2,FULL,21-06-2025,12:27:50,21-06-2025,12:27:59,21-06-2025,12:29:36,COMPLETED,0,1
79KWH,8,3,FULL,21-06-2025,12:28:47,21-06-2025,12:31:02,21-06-2025,12:33:26,COMPLETED,0,1
79KWH,8,2,FULL,21-06-2025,12:30:54,21-06-2025,12:31:49,21-06-2025,12:34:04,COMPLETED,0,1
79KWH,8,3,FULL,21-06-2025,12:33:33,21-06-2025,12:35:50,21-06-2025,12:38:24,COMPLETED,0,1
79KWH,8,1,FULL,21-06-2025,12:33:35,21-06-2025,12:36:20,21-06-2025,12:39:17,COMPLETED,0,1
79KWH,8,2,FULL,21-06-2025,12:34:09,21-06-2025,12:34:17,21-06-2025,12:35:56,COMPLETED,0,1
79KWH,8,2,FULL,21-06-2025,12:36:57,21-06-2025,12:37:07,21-06-2025,12:38:41,COMPLETED,0,1
79KWH,8,3,FULL,21-06-2025,12:38:30,21-06-2025,12:38:47,21-06-2025,12:40:35,COMPLETED,0,1
79KWH,8,1,FULL,21-06-2025,12:39:21,21-06-2025,12:39:40,21-06-2025,12:42:24,COMPLETED,0,1
79KWH,8,2,FULL,21-06-2025,12:39:54,21-06-2025,12:40:05,21-06-2025,12:41:44,COMPLETED,0,1
79KWH,8,3,FULL,21-06-2025,12:40:40,21-06-2025,12:40:58,21-06-2025,12:42:51,COMPLETED,0,1
79KWH,8,2,FULL,21-06-2025,12:41:58,21-06-2025,12:42:13,21-06-2025,12:43:45,COMPLETED,0,1
79KWH,8,1,FULL,21-06-2025,12:42:29,21-06-2025,12:42:47,21-06-2025,12:45:31,COMPLETED,0,1
79KWH,8,3,FULL,21-06-2025,12:42:58,21-06-2025,12:43:14,21-06-2025,12:44:58,COMPLETED,0,1
79KWH,8,2,FULL,21-06-2025,12:43:52,21-06-2025,12:43:59,21-06-2025,12:45:38,COMPLETED,0,1
79KWH,8,1,FULL,21-06-2025,12:45:36,21-06-2025,12:45:54,21-06-2025,12:48:41,COMPLETED,0,1
79KWH,8,2,FULL,21-06-2025,12:45:44,21-06-2025,12:45:52,21-06-2025,12:47:26,COMPLETED,0,1
79KWH,8,2,FULL,21-06-2025,12:47:33,21-06-2025,12:47:39,21-06-2025,12:49:18,COMPLETED,0,1
79KWH,8,3,FULL,21-06-2025,12:47:46,21-06-2025,12:48:04,21-06-2025,12:49:52,COMPLETED,0,1
79KWH,8,1,FULL,21-06-2025,12:48:45,21-06-2025,12:49:03,21-06-2025,12:51:53,COMPLETED,0,1
79KWH,8,3,FULL,21-06-2025,12:50:00,21-06-2025,12:50:15,21-06-2025,12:52:05,COMPLETED,0,1
79KWH,8,1,FULL,21-06-2025,12:51:57,21-06-2025,12:54:50,21-06-2025,12:57:44,COMPLETED,0,1
79KWH,8,3,FULL,21-06-2025,12:52:13,21-06-2025,12:52:28,21-06-2025,12:54:22,COMPLETED,0,1
79KWH,8,2,FULL,21-06-2025,12:53:04,21-06-2025,12:54:00,21-06-2025,12:56:16,COMPLETED,0,1
79KWH,8,3,FULL,21-06-2025,12:55:05,21-06-2025,12:56:51,21-06-2025,12:59:17,COMPLETED,0,1
79KWH,8,2,FULL,21-06-2025,12:56:22,21-06-2025,12:56:30,21-06-2025,12:58:08,COMPLETED,0,1
79KWH,8,1,FULL,21-06-2025,12:57:50,21-06-2025,13:00:42,21-06-2025,13:03:42,COMPLETED,0,1
79KWH,8,3,FULL,21-06-2025,12:59:23,21-06-2025,12:59:39,21-06-2025,13:01:36,COMPLETED,0,1
79KWH,8,2,FULL,21-06-2025,13:01:32,21-06-2025,13:01:46,21-06-2025,13:04:02,COMPLETED,0,1
79KWH,8,3,FULL,21-06-2025,13:01:42,21-06-2025,13:01:59,21-06-2025,13:03:58,COMPLETED,0,1
79KWH,8,1,FULL,21-06-2025,13:03:47,21-06-2025,13:04:06,21-06-2025,13:08:15,COMPLETED,0,1
79KWH,8,3,FULL,21-06-2025,13:04:04,21-06-2025,13:04:22,21-06-2025,13:06:19,COMPLETED,0,1
79KWH,8,3,FULL,21-06-2025,13:06:27,21-06-2025,13:06:43,21-06-2025,13:08:40,COMPLETED,0,1
79KWH,8,2,FULL,21-06-2025,13:06:36,21-06-2025,13:06:39,21-06-2025,13:08:20,COMPLETED,0,1
79KWH,8,1,FULL,21-06-2025,13:08:20,21-06-2025,13:08:38,21-06-2025,13:11:30,COMPLETED,0,1
79KWH,8,3,FULL,21-06-2025,13:08:45,21-06-2025,13:09:03,21-06-2025,13:10:56,COMPLETED,0,1
79KWH,8,2,FULL,21-06-2025,13:09:36,21-06-2025,13:09:45,21-06-2025,13:11:23,COMPLETED,0,1
79KWH,8,3,FULL,21-06-2025,13:11:03,21-06-2025,13:11:20,21-06-2025,13:13:12,COMPLETED,0,1
79KWH,8,1,FULL,21-06-2025,13:11:35,21-06-2025,13:11:54,21-06-2025,13:19:21,COMPLETED,0,1
79KWH,8,2,FULL,21-06-2025,13:11:35,21-06-2025,13:11:36,21-06-2025,13:13:18,COMPLETED,0,1
79KWH,8,3,FULL,21-06-2025,13:13:17,21-06-2025,13:13:35,21-06-2025,13:15:33,COMPLETED,0,1
79KWH,8,2,FULL,21-06-2025,13:14:40,21-06-2025,13:14:44,21-06-2025,13:16:22,COMPLETED,0,1
79KWH,8,3,FULL,21-06-2025,13:15:39,21-06-2025,13:15:57,21-06-2025,13:18:00,COMPLETED,0,1
79KWH,8,3,FULL,21-06-2025,13:18:07,21-06-2025,13:18:23,21-06-2025,13:20:31,COMPLETED,0,1
79KWH,8,1,FULL,21-06-2025,13:19:26,21-06-2025,13:19:44,21-06-2025,13:22:35,COMPLETED,0,1
79KWH,8,2,FULL,21-06-2025,13:19:46,21-06-2025,13:19:54,21-06-2025,13:21:36,COMPLETED,0,1
79KWH,8,3,FULL,21-06-2025,13:20:39,21-06-2025,13:20:54,21-06-2025,13:22:59,COMPLETED,0,1
79KWH,8,2,FULL,21-06-2025,13:21:42,21-06-2025,13:21:50,21-06-2025,13:23:29,COMPLETED,0,1
79KWH,8,1,FULL,21-06-2025,13:22:41,21-06-2025,13:22:58,21-06-2025,13:25:46,COMPLETED,0,1
79KWH,8,3,FULL,21-06-2025,13:23:04,21-06-2025,13:23:21,21-06-2025,13:25:30,COMPLETED,0,1
79KWH,8,2,FULL,21-06-2025,13:23:35,21-06-2025,13:23:43,21-06-2025,13:25:26,COMPLETED,0,1
79KWH,8,3,FULL,21-06-2025,13:25:36,21-06-2025,13:25:53,21-06-2025,13:27:47,COMPLETED,0,1
79KWH,8,1,FULL,21-06-2025,13:25:51,21-06-2025,13:26:08,21-06-2025,13:28:58,COMPLETED,0,1
79KWH,8,2,FULL,21-06-2025,13:26:07,21-06-2025,13:26:08,21-06-2025,13:27:47,COMPLETED,0,1
79KWH,8,3,FULL,21-06-2025,13:27:53,21-06-2025,13:28:10,21-06-2025,13:30:16,COMPLETED,0,1
79KWH,8,1,FULL,21-06-2025,13:29:03,21-06-2025,13:29:21,21-06-2025,13:32:12,COMPLETED,0,1
79KWH,8,2,FULL,21-06-2025,13:29:08,21-06-2025,13:29:12,21-06-2025,13:30:56,COMPLETED,0,1
79KWH,8,3,FULL,21-06-2025,13:30:23,21-06-2025,13:30:39,21-06-2025,13:32:38,COMPLETED,0,1
79KWH,8,2,FULL,21-06-2025,13:32:15,21-06-2025,13:32:20,21-06-2025,13:34:00,COMPLETED,0,1
79KWH,8,1,FULL,21-06-2025,13:32:18,21-06-2025,13:32:35,21-06-2025,13:35:29,COMPLETED,0,1
79KWH,8,3,FULL,21-06-2025,13:32:44,21-06-2025,13:33:01,21-06-2025,13:35:11,COMPLETED,0,1
79KWH,8,1,FULL,21-06-2025,13:35:34,21-06-2025,13:35:52,21-06-2025,13:38:42,COMPLETED,0,1
79KWH,8,2,FULL,21-06-2025,13:38:13,21-06-2025,13:38:15,21-06-2025,13:40:01,COMPLETED,0,1
79KWH,8,3,FULL,21-06-2025,13:38:23,21-06-2025,13:38:39,21-06-2025,13:40:39,COMPLETED,0,1
79KWH,8,1,FULL,21-06-2025,13:38:47,21-06-2025,13:39:05,21-06-2025,13:42:01,COMPLETED,0,1
79KWH,8,2,FULL,21-06-2025,13:40:36,21-06-2025,13:40:44,21-06-2025,13:42:26,COMPLETED,0,1
79KWH,8,3,FULL,21-06-2025,13:40:46,21-06-2025,13:41:02,21-06-2025,13:43:03,COMPLETED,0,1
79KWH,8,1,FULL,21-06-2025,13:42:06,21-06-2025,13:42:24,21-06-2025,13:45:14,COMPLETED,0,1
79KWH,8,3,FULL,21-06-2025,13:43:24,21-06-2025,13:43:25,21-06-2025,13:45:35,COMPLETED,0,1
79KWH,8,2,FULL,21-06-2025,13:43:32,21-06-2025,13:43:37,21-06-2025,13:45:24,COMPLETED,0,1
79KWH,8,1,FULL,21-06-2025,13:45:18,21-06-2025,13:48:20,21-06-2025,13:51:24,COMPLETED,0,1
79KWH,8,3,FULL,21-06-2025,13:46:23,21-06-2025,13:48:00,21-06-2025,13:50:36,COMPLETED,0,1
79KWH,8,2,FULL,21-06-2025,13:46:39,21-06-2025,13:47:41,21-06-2025,13:50:02,COMPLETED,0,1
79KWH,8,2,FULL,21-06-2025,13:50:08,21-06-2025,13:52:14,21-06-2025,13:54:40,COMPLETED,0,1
79KWH,8,3,FULL,21-06-2025,13:50:43,21-06-2025,13:53:10,21-06-2025,13:55:43,COMPLETED,0,1
79KWH,8,1,FULL,21-06-2025,13:51:29,21-06-2025,13:53:34,21-06-2025,13:55:44,COMPLETED,0,1
79KWH,8,2,FULL,21-06-2025,13:54:48,21-06-2025,13:54:54,21-06-2025,13:56:38,COMPLETED,0,1
79KWH,8,1,FULL,21-06-2025,13:55:49,21-06-2025,13:56:07,21-06-2025,13:59:01,COMPLETED,0,1
79KWH,8,3,FULL,21-06-2025,13:55:50,21-06-2025,13:56:06,21-06-2025,13:58:10,COMPLETED,0,1
79KWH,8,2,FULL,21-06-2025,13:56:43,21-06-2025,13:56:52,21-06-2025,13:58:40,COMPLETED,0,1
79KWH,8,3,FULL,21-06-2025,13:58:16,21-06-2025,13:58:32,21-06-2025,14:00:36,COMPLETED,0,1
79KWH,8,2,FULL,21-06-2025,13:58:45,21-06-2025,13:58:54,21-06-2025,14:00:39,COMPLETED,0,1
79KWH,8,1,FULL,21-06-2025,13:59:06,21-06-2025,13:59:24,21-06-2025,14:15:51,COMPLETED,0,1
79KWH,8,3,FULL,21-06-2025,14:00:43,21-06-2025,14:00:59,21-06-2025,14:03:06,COMPLETED,0,1
79KWH,8,2,FULL,21-06-2025,14:01:41,21-06-2025,14:01:50,21-06-2025,14:03:38,COMPLETED,0,1
79KWH,8,3,FULL,21-06-2025,14:03:12,21-06-2025,14:03:29,21-06-2025,14:05:35,COMPLETED,0,1
79KWH,8,2,FULL,21-06-2025,14:04:45,21-06-2025,14:04:48,21-06-2025,14:06:33,COMPLETED,0,1
79KWH,8,3,FULL,21-06-2025,14:05:42,21-06-2025,14:05:58,21-06-2025,14:08:03,COMPLETED,0,1
79KWH,8,2,FULL,21-06-2025,14:06:45,21-06-2025,14:06:47,21-06-2025,14:08:37,COMPLETED,0,1
79KWH,8,3,FULL,21-06-2025,14:08:09,21-06-2025,14:08:26,21-06-2025,14:10:30,COMPLETED,0,1
79KWH,8,2,FULL,21-06-2025,14:08:47,21-06-2025,14:08:51,21-06-2025,14:10:38,COMPLETED,0,1
79KWH,8,3,FULL,21-06-2025,14:10:37,21-06-2025,14:10:54,21-06-2025,14:13:13,COMPLETED,0,1
79KWH,8,2,FULL,21-06-2025,14:10:46,21-06-2025,14:10:52,21-06-2025,14:12:45,COMPLETED,0,1
79KWH,8,2,FULL,21-06-2025,14:12:51,21-06-2025,14:13:00,21-06-2025,14:14:49,COMPLETED,0,1
79KWH,8,3,FULL,21-06-2025,14:13:18,21-06-2025,14:13:36,21-06-2025,14:15:39,COMPLETED,0,1
79KWH,8,2,FULL,21-06-2025,14:14:55,21-06-2025,14:15:03,21-06-2025,14:16:55,COMPLETED,0,1
79KWH,8,3,FULL,21-06-2025,14:15:46,21-06-2025,14:16:02,21-06-2025,14:18:13,COMPLETED,0,1
79KWH,8,1,FULL,21-06-2025,14:15:57,21-06-2025,14:16:15,21-06-2025,14:19:11,COMPLETED,0,1
79KWH,8,2,FULL,21-06-2025,14:17:02,21-06-2025,14:17:09,21-06-2025,14:18:58,COMPLETED,0,1
79KWH,8,3,FULL,21-06-2025,14:18:19,21-06-2025,14:18:36,21-06-2025,14:20:42,COMPLETED,0,1
79KWH,8,1,FULL,21-06-2025,14:19:17,21-06-2025,14:19:34,21-06-2025,14:22:26,COMPLETED,0,1
79KWH,8,3,FULL,21-06-2025,14:20:50,21-06-2025,14:21:05,21-06-2025,14:23:17,COMPLETED,0,1
79KWH,8,1,FULL,21-06-2025,14:22:31,21-06-2025,14:25:26,21-06-2025,14:28:26,COMPLETED,0,1
79KWH,8,3,FULL,21-06-2025,14:23:23,21-06-2025,16:03:37,21-06-2025,16:05:19,COMPLETED,0,1
79KWH,8,2,FULL,21-06-2025,14:25:14,21-06-2025,14:25:44,21-06-2025,14:28:14,COMPLETED,0,1
79KWH,8,2,FULL,21-06-2025,14:28:20,21-06-2025,14:28:28,21-06-2025,14:30:21,COMPLETED,0,1
79KWH,8,1,FULL,21-06-2025,14:28:32,21-06-2025,14:28:49,21-06-2025,14:31:41,COMPLETED,0,1
79KWH,8,2,FULL,21-06-2025,14:31:22,21-06-2025,14:31:32,21-06-2025,14:33:32,COMPLETED,0,1
79KWH,8,1,FULL,21-06-2025,14:31:47,21-06-2025,14:32:05,21-06-2025,14:35:02,COMPLETED,0,1
79KWH,8,2,FULL,21-06-2025,14:34:17,21-06-2025,14:34:28,21-06-2025,14:36:19,COMPLETED,0,1
79KWH,8,1,FULL,21-06-2025,14:35:06,21-06-2025,14:35:25,21-06-2025,14:38:17,COMPLETED,0,1
79KWH,8,2,FULL,21-06-2025,14:37:21,21-06-2025,14:37:30,21-06-2025,14:39:26,COMPLETED,0,1
79KWH,8,1,FULL,21-06-2025,14:38:23,21-06-2025,14:38:40,21-06-2025,14:41:40,COMPLETED,0,1
79KWH,8,2,FULL,21-06-2025,14:39:48,21-06-2025,14:39:54,21-06-2025,14:41:46,COMPLETED,0,1
79KWH,8,1,FULL,21-06-2025,14:41:45,21-06-2025,14:42:04,21-06-2025,14:45:01,COMPLETED,0,1
79KWH,8,1,FULL,21-06-2025,14:45:05,21-06-2025,14:45:23,21-06-2025,14:48:24,COMPLETED,0,1
79KWH,8,2,FULL,21-06-2025,14:46:19,21-06-2025,14:46:30,21-06-2025,14:48:28,COMPLETED,0,1
79KWH,8,1,FULL,21-06-2025,14:48:29,21-06-2025,14:48:47,21-06-2025,14:51:43,COMPLETED,0,1
79KWH,8,2,FULL,21-06-2025,14:48:34,21-06-2025,14:48:42,21-06-2025,14:50:39,COMPLETED,0,1
79KWH,8,2,FULL,21-06-2025,14:50:44,21-06-2025,14:50:54,21-06-2025,14:52:54,COMPLETED,0,1
79KWH,8,1,FULL,21-06-2025,14:51:48,21-06-2025,14:52:06,21-06-2025,14:54:15,COMPLETED,0,1
79KWH,8,2,FULL,21-06-2025,14:53:01,21-06-2025,14:53:08,21-06-2025,14:55:04,COMPLETED,0,1
79KWH,8,1,FULL,21-06-2025,14:54:20,21-06-2025,14:54:38,21-06-2025,14:55:52,COMPLETED,0,1
79KWH,8,2,FULL,21-06-2025,14:55:10,21-06-2025,14:55:18,21-06-2025,14:57:18,COMPLETED,0,1
79KWH,8,1,FULL,21-06-2025,14:55:56,21-06-2025,14:56:17,21-06-2025,14:57:35,COMPLETED,0,1
79KWH,8,2,FULL,21-06-2025,14:57:24,21-06-2025,14:57:32,21-06-2025,14:59:28,COMPLETED,0,1
79KWH,8,1,FULL,21-06-2025,14:57:39,21-06-2025,14:57:57,21-06-2025,14:59:11,COMPLETED,0,1
79KWH,8,1,FULL,21-06-2025,14:59:16,21-06-2025,14:59:33,21-06-2025,15:00:50,COMPLETED,0,1
79KWH,8,2,FULL,21-06-2025,14:59:34,21-06-2025,14:59:42,21-06-2025,15:01:43,COMPLETED,0,1
79KWH,8,1,FULL,21-06-2025,15:00:54,21-06-2025,15:01:12,21-06-2025,15:02:25,COMPLETED,0,1
79KWH,8,2,FULL,21-06-2025,15:01:51,21-06-2025,15:01:57,21-06-2025,15:03:53,COMPLETED,0,1
79KWH,8,1,FULL,21-06-2025,15:02:29,21-06-2025,15:02:48,21-06-2025,15:04:11,COMPLETED,0,1
79KWH,8,2,FULL,21-06-2025,15:03:58,21-06-2025,15:04:07,21-06-2025,15:06:10,COMPLETED,0,1
79KWH,8,1,FULL,21-06-2025,15:04:17,21-06-2025,15:04:34,21-06-2025,15:05:46,COMPLETED,0,1
79KWH,8,1,FULL,21-06-2025,15:05:51,21-06-2025,15:06:09,21-06-2025,15:07:26,COMPLETED,0,1
79KWH,8,2,FULL,21-06-2025,15:06:16,21-06-2025,15:06:23,21-06-2025,15:08:23,COMPLETED,0,1
79KWH,8,1,FULL,21-06-2025,15:07:31,21-06-2025,15:07:49,21-06-2025,15:09:03,COMPLETED,0,1
79KWH,8,2,FULL,21-06-2025,15:08:30,21-06-2025,15:08:37,21-06-2025,15:10:42,COMPLETED,0,1
79KWH,8,1,FULL,21-06-2025,15:09:09,21-06-2025,15:09:27,21-06-2025,15:10:54,COMPLETED,0,1
79KWH,8,2,FULL,21-06-2025,15:10:48,21-06-2025,15:10:55,21-06-2025,15:12:57,COMPLETED,0,1
79KWH,8,1,FULL,21-06-2025,15:10:59,21-06-2025,15:11:17,21-06-2025,15:12:33,COMPLETED,0,1
79KWH,8,1,FULL,21-06-2025,15:12:38,21-06-2025,15:12:56,21-06-2025,15:14:13,COMPLETED,0,1
79KWH,8,2,FULL,21-06-2025,15:13:04,21-06-2025,15:13:11,21-06-2025,15:15:16,COMPLETED,0,1
79KWH,8,1,FULL,21-06-2025,15:14:19,21-06-2025,15:14:35,21-06-2025,15:15:49,COMPLETED,0,1
79KWH,8,2,FULL,21-06-2025,15:15:22,21-06-2025,15:15:30,21-06-2025,15:17:34,COMPLETED,0,1
79KWH,8,1,FULL,21-06-2025,15:15:53,21-06-2025,15:16:11,21-06-2025,15:17:35,COMPLETED,0,1
79KWH,8,1,FULL,21-06-2025,15:17:40,21-06-2025,15:17:58,21-06-2025,15:19:10,COMPLETED,0,1
79KWH,8,2,FULL,21-06-2025,15:17:41,21-06-2025,15:17:49,21-06-2025,15:19:57,COMPLETED,0,1
79KWH,8,1,FULL,21-06-2025,15:19:15,21-06-2025,15:19:33,21-06-2025,15:20:51,COMPLETED,0,1
79KWH,8,2,FULL,21-06-2025,15:20:03,21-06-2025,15:20:11,21-06-2025,15:22:12,COMPLETED,0,1
79KWH,8,1,FULL,21-06-2025,15:20:56,21-06-2025,15:21:13,21-06-2025,15:22:27,COMPLETED,0,1
79KWH,8,2,FULL,21-06-2025,15:22:17,21-06-2025,15:22:26,21-06-2025,15:24:33,COMPLETED,0,1
79KWH,8,1,FULL,21-06-2025,15:22:32,21-06-2025,15:22:49,21-06-2025,15:24:07,COMPLETED,0,1
79KWH,8,1,FULL,21-06-2025,15:24:13,21-06-2025,15:24:31,21-06-2025,15:25:44,COMPLETED,0,1
79KWH,8,2,FULL,21-06-2025,15:24:40,21-06-2025,15:24:47,21-06-2025,15:26:49,COMPLETED,0,1
79KWH,8,1,FULL,21-06-2025,15:25:50,21-06-2025,15:26:08,21-06-2025,15:27:27,COMPLETED,0,1
79KWH,8,2,FULL,21-06-2025,15:26:55,21-06-2025,15:27:04,21-06-2025,15:29:16,COMPLETED,0,1
79KWH,8,1,FULL,21-06-2025,15:27:31,21-06-2025,15:27:50,21-06-2025,15:29:04,COMPLETED,0,1
79KWH,8,2,FULL,21-06-2025,15:36:39,21-06-2025,15:36:49,21-06-2025,15:38:55,COMPLETED,0,1
79KWH,8,1,FULL,21-06-2025,15:37:51,21-06-2025,15:37:57,21-06-2025,15:39:16,COMPLETED,0,1
79KWH,8,2,FULL,21-06-2025,15:41:01,21-06-2025,15:41:03,21-06-2025,15:43:11,COMPLETED,0,1
79KWH,8,2,FULL,21-06-2025,15:43:18,21-06-2025,15:43:25,21-06-2025,15:45:31,COMPLETED,0,1
79KWH,8,1,FULL,21-06-2025,15:47:54,21-06-2025,15:48:08,21-06-2025,15:49:23,COMPLETED,0,1
79KWH,8,2,FULL,21-06-2025,15:48:33,21-06-2025,15:48:35,21-06-2025,15:50:46,COMPLETED,0,1
79KWH,8,2,FULL,21-06-2025,15:50:52,21-06-2025,15:51:00,21-06-2025,15:53:08,COMPLETED,0,1
79KWH,8,2,FULL,21-06-2025,15:53:14,21-06-2025,15:53:21,21-06-2025,15:55:33,COMPLETED,0,1
79KWH,8,1,FULL,21-06-2025,15:53:57,21-06-2025,15:54:01,21-06-2025,15:55:20,COMPLETED,0,1
79KWH,8,1,FULL,21-06-2025,15:55:25,21-06-2025,15:55:43,21-06-2025,15:57:00,COMPLETED,0,1
79KWH,8,2,FULL,21-06-2025,15:55:40,21-06-2025,15:55:47,21-06-2025,15:57:55,COMPLETED,0,1
79KWH,8,1,FULL,21-06-2025,15:57:05,21-06-2025,15:57:23,21-06-2025,15:58:45,COMPLETED,0,1
79KWH,8,2,FULL,21-06-2025,15:58:00,21-06-2025,15:58:09,21-06-2025,16:00:23,COMPLETED,0,1
79KWH,8,1,FULL,21-06-2025,15:58:50,21-06-2025,15:59:08,21-06-2025,16:00:26,COMPLETED,0,1
79KWH,8,1,FULL,21-06-2025,16:02:11,21-06-2025,16:02:21,21-06-2025,16:03:44,COMPLETED,0,1
79KWH,8,2,FULL,21-06-2025,16:02:48,21-06-2025,16:02:58,21-06-2025,16:05:09,COMPLETED,0,1
79KWH,8,1,FULL,21-06-2025,16:03:49,21-06-2025,16:04:07,21-06-2025,16:05:25,COMPLETED,0,1
79KWH,8,2,FULL,21-06-2025,16:05:14,21-06-2025,16:07:24,21-06-2025,16:10:01,COMPLETED,0,1
79KWH,8,3,FULL,21-06-2025,16:05:25,21-06-2025,18:22:50,21-06-2025,18:24:35,COMPLETED,0,1
79KWH,8,1,FULL,21-06-2025,16:05:30,21-06-2025,16:05:49,21-06-2025,16:07:13,COMPLETED,0,1
79KWH,8,1,FULL,21-06-2025,16:07:17,21-06-2025,16:07:35,21-06-2025,16:08:55,COMPLETED,0,1
79KWH,8,1,FULL,21-06-2025,16:09:00,21-06-2025,16:09:18,21-06-2025,16:10:43,COMPLETED,0,1
79KWH,8,2,FULL,21-06-2025,16:10:07,21-06-2025,16:12:22,21-06-2025,16:14:55,COMPLETED,0,1
79KWH,8,1,FULL,21-06-2025,16:10:48,21-06-2025,16:11:06,21-06-2025,16:12:26,COMPLETED,0,1
79KWH,8,1,FULL,21-06-2025,16:12:31,21-06-2025,16:12:49,21-06-2025,16:14:15,COMPLETED,0,1
79KWH,8,1,FULL,21-06-2025,16:14:20,21-06-2025,16:14:38,21-06-2025,16:15:59,COMPLETED,0,1
79KWH,8,2,FULL,21-06-2025,16:15:01,21-06-2025,16:17:11,21-06-2025,16:19:48,COMPLETED,0,1
79KWH,8,1,FULL,21-06-2025,16:16:05,21-06-2025,16:16:22,21-06-2025,16:17:49,COMPLETED,0,1
79KWH,8,1,FULL,21-06-2025,16:17:54,21-06-2025,16:18:12,21-06-2025,16:19:35,COMPLETED,0,1
79KWH,8,1,FULL,21-06-2025,16:19:41,21-06-2025,16:19:58,21-06-2025,16:21:28,COMPLETED,0,1
79KWH,8,2,FULL,21-06-2025,16:19:54,21-06-2025,16:22:06,21-06-2025,16:24:39,COMPLETED,0,1
79KWH,8,1,FULL,21-06-2025,16:21:33,21-06-2025,16:21:51,21-06-2025,16:23:15,COMPLETED,0,1
79KWH,8,1,FULL,21-06-2025,16:23:21,21-06-2025,16:23:38,21-06-2025,16:25:07,COMPLETED,0,1
79KWH,8,2,FULL,21-06-2025,16:24:46,21-06-2025,16:24:53,21-06-2025,16:27:09,COMPLETED,0,1
79KWH,8,1,FULL,21-06-2025,16:25:12,21-06-2025,16:25:30,21-06-2025,16:26:56,COMPLETED,0,1
79KWH,8,1,FULL,21-06-2025,16:27:00,21-06-2025,16:27:19,21-06-2025,16:28:48,COMPLETED,0,1
79KWH,8,2,FULL,21-06-2025,16:27:15,21-06-2025,16:29:24,21-06-2025,16:31:59,COMPLETED,0,1
79KWH,8,1,FULL,21-06-2025,16:28:54,21-06-2025,16:29:12,21-06-2025,16:30:38,COMPLETED,0,1
79KWH,8,1,FULL,21-06-2025,16:30:43,21-06-2025,16:31:00,21-06-2025,16:32:32,COMPLETED,0,1
79KWH,8,2,FULL,21-06-2025,16:32:05,21-06-2025,16:32:14,21-06-2025,16:34:34,COMPLETED,0,1
79KWH,8,1,FULL,21-06-2025,16:32:36,21-06-2025,16:38:58,21-06-2025,16:40:10,COMPLETED,0,1
79KWH,8,2,FULL,21-06-2025,16:34:40,21-06-2025,16:36:51,21-06-2025,16:39:25,COMPLETED,0,1
79KWH,8,2,FULL,21-06-2025,16:39:30,21-06-2025,16:39:39,21-06-2025,16:41:57,COMPLETED,0,1
79KWH,8,1,FULL,21-06-2025,16:40:16,21-06-2025,16:40:32,21-06-2025,16:42:09,COMPLETED,0,1
79KWH,8,2,FULL,21-06-2025,16:42:04,21-06-2025,16:42:11,21-06-2025,16:44:29,COMPLETED,0,1
79KWH,8,1,FULL,21-06-2025,16:42:15,21-06-2025,16:42:33,21-06-2025,16:44:00,COMPLETED,0,1
79KWH,8,1,FULL,21-06-2025,16:44:05,21-06-2025,16:44:24,21-06-2025,16:45:56,COMPLETED,0,1
79KWH,8,2,FULL,21-06-2025,16:44:36,21-06-2025,16:44:43,21-06-2025,16:47:07,COMPLETED,0,1
79KWH,8,1,FULL,21-06-2025,16:46:01,21-06-2025,16:46:20,21-06-2025,16:47:50,COMPLETED,0,1
79KWH,8,2,FULL,21-06-2025,16:47:12,21-06-2025,16:47:21,21-06-2025,16:49:37,COMPLETED,0,1
79KWH,8,1,FULL,21-06-2025,16:47:55,21-06-2025,16:48:13,21-06-2025,16:49:54,COMPLETED,0,1
79KWH,8,2,FULL,21-06-2025,16:49:43,21-06-2025,16:49:51,21-06-2025,16:52:11,COMPLETED,0,1
79KWH,8,1,FULL,21-06-2025,16:49:59,21-06-2025,16:50:18,21-06-2025,16:51:49,COMPLETED,0,1
79KWH,8,1,FULL,21-06-2025,16:51:55,21-06-2025,16:52:12,21-06-2025,16:53:48,COMPLETED,0,1
79KWH,8,2,FULL,21-06-2025,16:52:18,21-06-2025,16:52:25,21-06-2025,16:54:43,COMPLETED,0,1
79KWH,8,1,FULL,21-06-2025,16:53:53,21-06-2025,16:54:11,21-06-2025,16:55:43,COMPLETED,0,1
79KWH,8,2,FULL,21-06-2025,16:54:49,21-06-2025,16:54:57,21-06-2025,16:57:19,COMPLETED,0,1
79KWH,8,1,FULL,21-06-2025,16:55:47,21-06-2025,16:56:05,21-06-2025,16:57:42,COMPLETED,0,1
79KWH,8,2,FULL,21-06-2025,16:57:24,21-06-2025,16:57:33,21-06-2025,16:59:52,COMPLETED,0,1
79KWH,8,1,FULL,21-06-2025,16:57:46,21-06-2025,16:58:04,21-06-2025,16:59:39,COMPLETED,0,1
79KWH,8,1,FULL,21-06-2025,16:59:44,21-06-2025,17:00:02,21-06-2025,17:01:46,COMPLETED,0,1
79KWH,8,2,FULL,21-06-2025,16:59:58,21-06-2025,17:00:06,21-06-2025,17:02:30,COMPLETED,0,1
79KWH,8,1,FULL,21-06-2025,17:01:51,21-06-2025,17:02:09,21-06-2025,17:03:44,COMPLETED,0,1
79KWH,8,2,FULL,21-06-2025,17:02:36,21-06-2025,17:02:44,21-06-2025,17:05:02,COMPLETED,0,1
79KWH,8,1,FULL,21-06-2025,17:03:49,21-06-2025,17:04:07,21-06-2025,17:05:47,COMPLETED,0,1
79KWH,8,2,FULL,21-06-2025,17:05:07,21-06-2025,17:05:15,21-06-2025,17:07:38,COMPLETED,0,1
79KWH,8,1,FULL,21-06-2025,17:05:52,21-06-2025,17:06:10,21-06-2025,17:07:48,COMPLETED,0,1
79KWH,8,2,FULL,21-06-2025,17:07:43,21-06-2025,17:07:52,21-06-2025,17:10:13,COMPLETED,0,1
79KWH,8,1,FULL,21-06-2025,17:07:53,21-06-2025,17:08:11,21-06-2025,17:09:52,COMPLETED,0,1
79KWH,8,1,FULL,21-06-2025,17:09:57,21-06-2025,17:10:15,21-06-2025,17:11:52,COMPLETED,0,1
79KWH,8,2,FULL,21-06-2025,17:10:19,21-06-2025,17:10:27,21-06-2025,17:12:52,COMPLETED,0,1
79KWH,8,1,FULL,21-06-2025,17:11:57,21-06-2025,17:12:15,21-06-2025,17:13:57,COMPLETED,0,1
79KWH,8,1,FULL,21-06-2025,17:14:01,21-06-2025,17:14:20,21-06-2025,17:15:56,COMPLETED,0,1
79KWH,8,2,FULL,21-06-2025,17:49:21,21-06-2025,17:49:34,21-06-2025,17:51:56,COMPLETED,0,1
79KWH,8,1,FULL,21-06-2025,17:50:00,21-06-2025,17:50:15,21-06-2025,17:52:00,COMPLETED,0,1
79KWH,8,2,FULL,21-06-2025,17:52:03,21-06-2025,17:52:10,21-06-2025,17:54:36,COMPLETED,0,1
79KWH,8,1,FULL,21-06-2025,17:54:06,21-06-2025,17:54:18,21-06-2025,17:55:58,COMPLETED,0,1
79KWH,8,2,FULL,21-06-2025,17:54:41,21-06-2025,17:54:51,21-06-2025,17:57:11,COMPLETED,0,1
79KWH,8,1,FULL,21-06-2025,17:56:04,21-06-2025,17:56:22,21-06-2025,17:58:05,COMPLETED,0,1
79KWH,8,1,FULL,21-06-2025,17:58:10,21-06-2025,17:58:28,21-06-2025,18:00:08,COMPLETED,0,1
79KWH,8,1,FULL,21-06-2025,18:00:13,21-06-2025,18:00:31,21-06-2025,18:02:17,COMPLETED,0,1
79KWH,8,1,FULL,21-06-2025,18:02:22,21-06-2025,18:02:40,21-06-2025,18:04:21,COMPLETED,0,1
79KWH,8,1,FULL,21-06-2025,18:04:27,21-06-2025,18:04:44,21-06-2025,18:06:31,COMPLETED,0,1
79KWH,8,1,FULL,21-06-2025,18:06:36,21-06-2025,18:06:54,21-06-2025,18:08:35,COMPLETED,0,1
79KWH,8,1,FULL,21-06-2025,18:08:40,21-06-2025,18:08:58,21-06-2025,18:10:45,COMPLETED,0,1
79KWH,8,1,FULL,21-06-2025,18:10:51,21-06-2025,18:11:31,21-06-2025,18:13:14,COMPLETED,0,1
79KWH,8,1,FULL,21-06-2025,18:13:19,21-06-2025,18:13:37,21-06-2025,18:15:25,COMPLETED,0,1
79KWH,8,1,FULL,21-06-2025,18:15:30,21-06-2025,18:15:47,21-06-2025,18:17:33,COMPLETED,0,1
79KWH,8,1,FULL,21-06-2025,18:17:38,21-06-2025,18:17:56,21-06-2025,18:19:44,COMPLETED,0,1
79KWH,8,1,FULL,21-06-2025,18:19:50,21-06-2025,18:20:07,21-06-2025,18:21:54,COMPLETED,0,1
79KWH,8,1,FULL,21-06-2025,18:21:59,21-06-2025,18:22:17,21-06-2025,18:24:08,COMPLETED,0,1
79KWH,8,1,FULL,21-06-2025,18:24:13,21-06-2025,18:24:34,21-06-2025,18:26:21,COMPLETED,0,1
79KWH,8,1,FULL,21-06-2025,18:26:26,21-06-2025,18:26:45,21-06-2025,18:28:36,COMPLETED,0,1
79KWH,8,1,FULL,21-06-2025,18:28:41,21-06-2025,18:28:59,21-06-2025,18:30:46,COMPLETED,0,1
79KWH,8,1,FULL,21-06-2025,18:30:51,21-06-2025,18:31:10,21-06-2025,18:33:04,COMPLETED,0,1
79KWH,8,2,FULL,21-06-2025,18:31:47,21-06-2025,18:31:51,21-06-2025,18:34:36,COMPLETED,0,1
79KWH,8,1,FULL,21-06-2025,18:33:09,21-06-2025,18:33:26,21-06-2025,18:35:15,COMPLETED,0,1
79KWH,8,2,FULL,21-06-2025,18:34:43,21-06-2025,18:34:50,21-06-2025,18:37:13,COMPLETED,0,1
79KWH,8,1,FULL,21-06-2025,18:35:20,21-06-2025,18:35:38,21-06-2025,18:37:37,COMPLETED,0,1
79KWH,8,2,FULL,21-06-2025,18:37:18,21-06-2025,18:37:27,21-06-2025,18:39:55,COMPLETED,0,1
79KWH,8,1,FULL,21-06-2025,18:37:42,21-06-2025,18:38:00,21-06-2025,18:39:48,COMPLETED,0,1
79KWH,8,1,FULL,21-06-2025,18:39:53,21-06-2025,18:40:11,21-06-2025,18:42:07,COMPLETED,0,1
79KWH,8,2,FULL,21-06-2025,18:40:00,21-06-2025,18:40:09,21-06-2025,18:42:32,COMPLETED,0,1
79KWH,8,1,FULL,21-06-2025,18:42:12,21-06-2025,18:42:30,21-06-2025,18:44:21,COMPLETED,0,1
79KWH,8,2,FULL,21-06-2025,18:42:38,21-06-2025,18:42:47,21-06-2025,18:45:14,COMPLETED,0,1
79KWH,8,1,FULL,21-06-2025,18:44:27,21-06-2025,18:44:44,21-06-2025,18:46:41,COMPLETED,0,1
79KWH,8,2,FULL,21-06-2025,18:45:21,21-06-2025,18:45:28,21-06-2025,18:47:52,COMPLETED,0,1
79KWH,8,1,FULL,21-06-2025,18:46:46,21-06-2025,18:47:04,21-06-2025,18:48:56,COMPLETED,0,1
79KWH,8,2,FULL,21-06-2025,18:47:57,21-06-2025,18:48:06,21-06-2025,18:50:37,COMPLETED,0,1
79KWH,8,1,FULL,21-06-2025,18:49:01,21-06-2025,18:49:19,21-06-2025,18:51:15,COMPLETED,0,1
79KWH,8,2,FULL,21-06-2025,18:50:43,21-06-2025,18:50:51,21-06-2025,18:53:18,COMPLETED,0,1
79KWH,8,1,FULL,21-06-2025,18:51:20,21-06-2025,18:51:39,21-06-2025,18:53:37,COMPLETED,0,1
79KWH,8,2,FULL,21-06-2025,18:53:24,21-06-2025,18:53:32,21-06-2025,18:56:04,COMPLETED,0,1
79KWH,8,1,FULL,21-06-2025,18:53:42,21-06-2025,18:54:00,21-06-2025,18:55:58,COMPLETED,0,1
79KWH,8,1,FULL,21-06-2025,18:56:02,21-06-2025,18:56:20,21-06-2025,18:58:14,COMPLETED,0,1
79KWH,8,2,FULL,21-06-2025,18:56:09,21-06-2025,18:56:18,21-06-2025,18:58:45,COMPLETED,0,1
79KWH,8,1,FULL,21-06-2025,18:58:21,21-06-2025,18:58:37,21-06-2025,19:00:37,COMPLETED,0,1
79KWH,8,2,FULL,21-06-2025,18:58:51,21-06-2025,18:58:59,21-06-2025,19:01:32,COMPLETED,0,1
79KWH,8,1,FULL,21-06-2025,19:00:42,21-06-2025,19:00:59,21-06-2025,19:02:54,COMPLETED,0,1
79KWH,8,2,FULL,21-06-2025,19:01:38,21-06-2025,19:01:45,21-06-2025,19:04:17,COMPLETED,0,1
79KWH,8,1,FULL,21-06-2025,19:03:00,21-06-2025,19:03:17,21-06-2025,19:05:16,COMPLETED,0,1
79KWH,8,2,FULL,21-06-2025,19:04:23,21-06-2025,19:04:31,21-06-2025,19:07:05,COMPLETED,0,1
79KWH,8,1,FULL,21-06-2025,19:05:21,21-06-2025,19:05:39,21-06-2025,19:07:34,COMPLETED,0,1
79KWH,8,2,FULL,21-06-2025,19:07:12,21-06-2025,19:07:20,21-06-2025,19:09:48,COMPLETED,0,1
79KWH,8,1,FULL,21-06-2025,19:07:39,21-06-2025,19:07:59,21-06-2025,19:10:04,COMPLETED,0,1
79KWH,8,2,FULL,21-06-2025,19:09:54,21-06-2025,19:10:02,21-06-2025,19:12:42,COMPLETED,0,1
79KWH,8,1,FULL,21-06-2025,19:10:09,21-06-2025,19:10:26,21-06-2025,19:12:24,COMPLETED,0,1
79KWH,8,1,FULL,21-06-2025,19:12:29,21-06-2025,19:12:47,21-06-2025,19:14:48,COMPLETED,0,1
79KWH,8,2,FULL,21-06-2025,19:12:48,21-06-2025,19:12:57,21-06-2025,19:15:32,COMPLETED,0,1
79KWH,8,1,FULL,21-06-2025,19:14:54,21-06-2025,19:15:11,21-06-2025,19:17:11,COMPLETED,0,1
79KWH,8,2,FULL,21-06-2025,19:15:37,21-06-2025,19:15:46,21-06-2025,19:18:22,COMPLETED,0,1
79KWH,8,1,FULL,21-06-2025,19:17:16,21-06-2025,19:17:34,21-06-2025,19:19:38,COMPLETED,0,1
79KWH,8,2,FULL,21-06-2025,19:18:28,21-06-2025,19:18:36,21-06-2025,19:21:08,COMPLETED,0,1
79KWH,8,1,FULL,21-06-2025,19:19:43,21-06-2025,19:20:01,21-06-2025,19:22:01,COMPLETED,0,1
79KWH,8,2,FULL,21-06-2025,19:21:15,21-06-2025,19:21:22,21-06-2025,19:24:03,COMPLETED,0,1
79KWH,8,1,FULL,21-06-2025,19:22:07,21-06-2025,19:22:24,21-06-2025,19:24:28,COMPLETED,0,1
79KWH,8,2,FULL,21-06-2025,19:24:10,21-06-2025,19:24:16,21-06-2025,19:26:48,COMPLETED,0,1
79KWH,8,1,FULL,21-06-2025,19:24:33,21-06-2025,19:24:50,21-06-2025,19:26:57,COMPLETED,0,1
79KWH,8,2,FULL,21-06-2025,19:26:55,21-06-2025,19:27:02,21-06-2025,19:29:41,COMPLETED,0,1
79KWH,8,1,FULL,21-06-2025,19:27:02,21-06-2025,19:27:19,21-06-2025,19:29:25,COMPLETED,0,1
79KWH,8,1,FULL,21-06-2025,19:29:30,21-06-2025,19:29:48,21-06-2025,19:31:50,COMPLETED,0,1
79KWH,8,2,FULL,21-06-2025,19:29:47,21-06-2025,19:29:54,21-06-2025,19:32:29,COMPLETED,0,1
79KWH,8,1,FULL,21-06-2025,19:31:55,21-06-2025,19:32:13,21-06-2025,19:34:19,COMPLETED,0,1
79KWH,8,2,FULL,21-06-2025,19:32:34,21-06-2025,19:32:43,21-06-2025,19:35:23,COMPLETED,0,1
79KWH,8,1,FULL,21-06-2025,19:34:23,21-06-2025,19:34:41,21-06-2025,19:36:43,COMPLETED,0,1
79KWH,8,3,FULL,21-06-2025,20:55:07,21-06-2025,20:55:09,21-06-2025,20:57:45,COMPLETED,0,1
79KWH,8,1,FULL,21-06-2025,20:56:15,21-06-2025,20:56:31,21-06-2025,20:58:39,COMPLETED,0,1
79KWH,8,3,FULL,21-06-2025,20:57:53,21-06-2025,20:59:48,21-06-2025,21:02:29,COMPLETED,0,1
79KWH,8,2,FULL,21-06-2025,20:57:54,21-06-2025,20:58:06,21-06-2025,21:00:42,COMPLETED,0,1
79KWH,8,1,FULL,21-06-2025,20:58:44,21-06-2025,21:00:13,21-06-2025,21:02:17,COMPLETED,0,1
79KWH,8,2,FULL,21-06-2025,21:00:48,21-06-2025,21:00:56,21-06-2025,21:03:35,COMPLETED,0,1
79KWH,8,3,FULL,21-06-2025,21:02:36,21-06-2025,21:04:34,21-06-2025,21:07:10,COMPLETED,0,1
79KWH,8,2,FULL,21-06-2025,21:03:42,21-06-2025,21:03:49,21-06-2025,21:06:24,COMPLETED,0,1
79KWH,8,2,FULL,21-06-2025,21:06:30,21-06-2025,21:06:37,21-06-2025,21:09:21,COMPLETED,0,1
79KWH,8,3,FULL,21-06-2025,21:07:17,21-06-2025,21:09:20,21-06-2025,21:11:58,COMPLETED,0,1
79KWH,8,1,FULL,21-06-2025,21:08:30,21-06-2025,21:08:51,21-06-2025,21:10:59,COMPLETED,0,1
79KWH,8,2,FULL,21-06-2025,21:09:26,21-06-2025,21:09:35,21-06-2025,21:12:15,COMPLETED,0,1
79KWH,8,1,FULL,21-06-2025,21:11:04,21-06-2025,21:11:22,21-06-2025,21:13:27,COMPLETED,0,1
79KWH,8,3,FULL,21-06-2025,21:12:05,21-06-2025,21:13:59,21-06-2025,21:16:36,COMPLETED,0,1
79KWH,8,2,FULL,21-06-2025,21:12:21,21-06-2025,21:12:29,21-06-2025,21:15:10,COMPLETED,0,1
79KWH,8,1,FULL,21-06-2025,21:13:32,21-06-2025,21:13:50,21-06-2025,21:16:00,COMPLETED,0,1
79KWH,8,2,FULL,21-06-2025,21:15:15,21-06-2025,21:15:24,21-06-2025,21:18:01,COMPLETED,0,1
79KWH,8,1,FULL,21-06-2025,21:16:05,21-06-2025,21:16:23,21-06-2025,21:18:30,COMPLETED,0,1
79KWH,8,3,FULL,21-06-2025,21:16:43,21-06-2025,21:18:44,21-06-2025,21:21:34,COMPLETED,0,1
79KWH,8,2,FULL,21-06-2025,21:18:07,21-06-2025,21:18:16,21-06-2025,21:20:58,COMPLETED,0,1
79KWH,8,1,FULL,21-06-2025,21:18:34,21-06-2025,21:18:52,21-06-2025,21:21:09,COMPLETED,0,1
79KWH,8,2,FULL,21-06-2025,21:21:04,21-06-2025,21:21:12,21-06-2025,21:23:54,COMPLETED,0,1
79KWH,8,1,FULL,21-06-2025,21:21:14,21-06-2025,21:21:32,21-06-2025,21:23:40,COMPLETED,0,1
79KWH,8,3,FULL,21-06-2025,21:21:41,21-06-2025,21:21:57,21-06-2025,21:24:18,COMPLETED,0,1
79KWH,8,1,FULL,21-06-2025,21:23:44,21-06-2025,21:24:03,21-06-2025,21:26:15,COMPLETED,0,1
79KWH,8,2,FULL,21-06-2025,21:24:00,21-06-2025,21:24:08,21-06-2025,21:26:52,COMPLETED,0,1
79KWH,8,3,FULL,21-06-2025,21:24:25,21-06-2025,21:24:41,21-06-2025,21:26:56,COMPLETED,0,1
79KWH,8,1,FULL,21-06-2025,21:26:20,21-06-2025,21:26:38,21-06-2025,21:28:45,COMPLETED,0,1
79KWH,8,2,FULL,21-06-2025,21:26:57,21-06-2025,21:27:06,21-06-2025,21:29:47,COMPLETED,0,1
79KWH,8,3,FULL,21-06-2025,21:27:02,21-06-2025,21:28:53,21-06-2025,21:31:31,COMPLETED,0,1
79KWH,8,1,FULL,21-06-2025,21:28:50,21-06-2025,21:29:08,21-06-2025,21:31:22,COMPLETED,0,1
79KWH,8,3,FULL,21-06-2025,21:31:37,21-06-2025,21:33:34,21-06-2025,21:36:18,COMPLETED,0,1
79KWH,8,3,FULL,21-06-2025,21:36:24,21-06-2025,21:38:20,21-06-2025,21:40:55,COMPLETED,0,1
79KWH,8,1,FULL,21-06-2025,21:40:18,21-06-2025,21:40:38,21-06-2025,21:42:46,COMPLETED,0,1
79KWH,8,2,FULL,21-06-2025,21:40:34,21-06-2025,21:40:36,21-06-2025,21:43:22,COMPLETED,0,1
79KWH,8,3,FULL,21-06-2025,21:41:02,21-06-2025,21:43:01,21-06-2025,21:45:46,COMPLETED,0,1
79KWH,8,1,FULL,21-06-2025,21:42:51,21-06-2025,21:43:09,21-06-2025,21:45:24,COMPLETED,0,1
79KWH,8,2,FULL,21-06-2025,21:43:29,21-06-2025,21:43:37,21-06-2025,21:46:22,COMPLETED,0,1
79KWH,8,1,FULL,21-06-2025,21:45:29,21-06-2025,21:45:46,21-06-2025,21:47:57,COMPLETED,0,1
79KWH,8,3,FULL,21-06-2025,21:45:52,21-06-2025,21:47:48,21-06-2025,21:50:27,COMPLETED,0,1
79KWH,8,2,FULL,21-06-2025,21:46:27,21-06-2025,21:46:35,21-06-2025,21:49:21,COMPLETED,0,1
79KWH,8,1,FULL,21-06-2025,21:48:02,21-06-2025,21:48:20,21-06-2025,21:50:35,COMPLETED,0,1
79KWH,8,2,FULL,21-06-2025,21:49:28,21-06-2025,21:49:35,21-06-2025,21:52:17,COMPLETED,0,1
79KWH,8,3,FULL,21-06-2025,21:50:33,21-06-2025,21:50:50,21-06-2025,21:53:11,COMPLETED,0,1
79KWH,8,1,FULL,21-06-2025,21:50:40,21-06-2025,23:25:30,21-06-2025,23:27:41,COMPLETED,0,1
79KWH,8,2,FULL,21-06-2025,21:52:23,21-06-2025,21:52:31,21-06-2025,21:55:20,COMPLETED,0,1
79KWH,8,3,FULL,21-06-2025,21:53:19,21-06-2025,00:00:00,21-06-2025,00:00:00,ABORT,0,1
79KWH,8,2,FULL,21-06-2025,21:55:26,21-06-2025,21:55:34,21-06-2025,21:58:17,COMPLETED,0,1
79KWH,8,2,FULL,21-06-2025,21:58:23,21-06-2025,21:58:31,21-06-2025,22:01:21,COMPLETED,0,1
79KWH,8,2,FULL,21-06-2025,22:01:27,21-06-2025,22:01:35,21-06-2025,22:04:19,COMPLETED,0,1
79KWH,8,2,FULL,21-06-2025,22:04:25,21-06-2025,22:04:33,21-06-2025,22:07:22,COMPLETED,0,1
79KWH,8,2,FULL,21-06-2025,22:07:28,21-06-2025,22:07:36,21-06-2025,22:10:23,COMPLETED,0,1
79KWH,8,2,FULL,21-06-2025,22:10:29,21-06-2025,22:10:38,21-06-2025,22:13:28,COMPLETED,0,1
79KWH,8,2,FULL,21-06-2025,22:13:34,21-06-2025,22:13:42,21-06-2025,22:16:28,COMPLETED,0,1
79KWH,8,2,FULL,21-06-2025,22:16:33,21-06-2025,22:16:42,21-06-2025,22:19:35,COMPLETED,0,1
79KWH,8,2,FULL,21-06-2025,22:19:42,21-06-2025,22:19:50,21-06-2025,22:22:38,COMPLETED,0,1
79KWH,8,2,FULL,21-06-2025,22:22:45,21-06-2025,22:22:52,21-06-2025,22:25:45,COMPLETED,0,1
79KWH,8,2,FULL,21-06-2025,22:25:51,21-06-2025,22:25:59,21-06-2025,22:28:48,COMPLETED,0,1
79KWH,8,2,FULL,21-06-2025,22:28:53,21-06-2025,22:29:02,21-06-2025,22:31:56,COMPLETED,0,1
79KWH,8,2,FULL,21-06-2025,22:32:02,21-06-2025,22:32:10,21-06-2025,22:35:00,COMPLETED,0,1
79KWH,8,2,FULL,21-06-2025,22:35:07,21-06-2025,22:35:14,21-06-2025,22:38:09,COMPLETED,0,1
79KWH,8,2,FULL,21-06-2025,22:38:14,21-06-2025,22:38:23,21-06-2025,22:41:13,COMPLETED,0,1
79KWH,8,2,FULL,21-06-2025,22:41:19,21-06-2025,22:41:28,21-06-2025,22:44:23,COMPLETED,0,1
79KWH,8,2,FULL,21-06-2025,22:44:30,21-06-2025,22:44:36,21-06-2025,22:47:27,COMPLETED,0,1
79KWH,8,2,FULL,21-06-2025,22:47:34,21-06-2025,22:47:41,21-06-2025,22:50:37,COMPLETED,0,1
79KWH,8,2,FULL,21-06-2025,22:50:42,21-06-2025,22:50:52,21-06-2025,22:53:44,COMPLETED,0,1
79KWH,8,2,FULL,21-06-2025,22:53:50,21-06-2025,22:53:58,21-06-2025,22:57:00,COMPLETED,0,1
79KWH,8,2,FULL,21-06-2025,22:57:08,21-06-2025,22:57:14,21-06-2025,23:00:13,COMPLETED,0,1
79KWH,8,2,FULL,21-06-2025,23:00:20,21-06-2025,23:00:26,21-06-2025,23:03:29,COMPLETED,0,1
79KWH,8,2,FULL,21-06-2025,23:03:36,21-06-2025,23:03:44,21-06-2025,23:06:44,COMPLETED,0,1
79KWH,8,2,FULL,21-06-2025,23:06:50,21-06-2025,23:06:57,21-06-2025,23:09:16,COMPLETED,0,1
79KWH,8,2,FULL,21-06-2025,23:09:22,21-06-2025,23:09:30,21-06-2025,23:11:07,COMPLETED,0,1
79KWH,8,2,FULL,21-06-2025,23:11:13,21-06-2025,23:11:21,21-06-2025,23:13:03,COMPLETED,0,1
79KWH,8,2,FULL,21-06-2025,23:13:09,21-06-2025,23:13:17,21-06-2025,23:14:53,COMPLETED,0,1
79KWH,8,2,FULL,21-06-2025,23:14:59,21-06-2025,23:15:06,21-06-2025,23:16:45,COMPLETED,0,1
79KWH,8,2,FULL,21-06-2025,23:16:50,21-06-2025,23:16:59,21-06-2025,23:18:33,COMPLETED,0,1
79KWH,8,2,FULL,21-06-2025,23:18:38,21-06-2025,23:18:47,21-06-2025,23:20:29,COMPLETED,0,1
79KWH,8,2,FULL,21-06-2025,23:20:35,21-06-2025,23:20:43,21-06-2025,23:22:20,COMPLETED,0,1
79KWH,8,2,FULL,21-06-2025,23:22:26,21-06-2025,23:22:34,21-06-2025,23:24:11,COMPLETED,0,1
79KWH,8,2,FULL,21-06-2025,23:24:17,21-06-2025,23:24:26,21-06-2025,23:25:58,COMPLETED,0,1
79KWH,8,2,FULL,21-06-2025,23:27:00,21-06-2025,23:27:09,21-06-2025,23:28:48,COMPLETED,0,1
79KWH,8,1,FULL,21-06-2025,23:27:46,21-06-2025,23:28:05,21-06-2025,23:30:21,COMPLETED,0,1
79KWH,8,2,FULL,21-06-2025,23:28:53,21-06-2025,23:29:01,21-06-2025,23:30:35,COMPLETED,0,1
79KWH,8,1,FULL,21-06-2025,23:30:27,21-06-2025,23:30:44,21-06-2025,23:32:56,COMPLETED,0,1
79KWH,8,2,FULL,21-06-2025,23:30:41,21-06-2025,23:30:49,21-06-2025,23:32:27,COMPLETED,0,1
79KWH,8,2,FULL,21-06-2025,23:32:32,21-06-2025,23:32:41,21-06-2025,23:34:14,COMPLETED,0,1
79KWH,8,1,FULL,21-06-2025,23:33:02,21-06-2025,23:33:19,21-06-2025,23:35:37,COMPLETED,0,1
79KWH,8,2,FULL,21-06-2025,23:34:20,21-06-2025,23:34:28,21-06-2025,23:36:06,COMPLETED,0,1
79KWH,8,1,FULL,21-06-2025,23:35:42,21-06-2025,23:35:59,21-06-2025,23:38:13,COMPLETED,0,1
79KWH,8,2,FULL,21-06-2025,23:36:11,21-06-2025,23:36:20,21-06-2025,23:37:53,COMPLETED,0,1
79KWH,8,2,FULL,21-06-2025,23:38:02,21-06-2025,23:38:07,21-06-2025,23:39:48,COMPLETED,0,1
79KWH,8,1,FULL,21-06-2025,23:38:18,21-06-2025,23:38:36,21-06-2025,23:40:56,COMPLETED,0,1
79KWH,8,2,FULL,21-06-2025,23:40:05,21-06-2025,23:40:16,21-06-2025,23:41:50,COMPLETED,0,1
79KWH,8,1,FULL,21-06-2025,23:41:01,21-06-2025,23:41:18,21-06-2025,23:43:35,COMPLETED,0,1
79KWH,8,2,FULL,21-06-2025,23:42:03,21-06-2025,23:42:17,21-06-2025,23:44:00,COMPLETED,0,1
79KWH,8,1,FULL,21-06-2025,23:43:40,21-06-2025,23:43:58,21-06-2025,23:46:18,COMPLETED,0,1
79KWH,8,2,FULL,21-06-2025,23:44:06,21-06-2025,23:44:13,21-06-2025,23:45:46,COMPLETED,0,1
79KWH,8,1,FULL,21-06-2025,23:46:23,21-06-2025,23:46:41,21-06-2025,23:48:57,COMPLETED,0,1
79KWH,8,1,FULL,21-06-2025,23:49:02,21-06-2025,23:49:21,21-06-2025,23:51:42,COMPLETED,0,1
79KWH,8,1,FULL,21-06-2025,23:51:47,21-06-2025,23:52:05,21-06-2025,23:54:21,COMPLETED,0,1
79KWH,8,1,FULL,21-06-2025,23:54:27,21-06-2025,23:54:44,21-06-2025,23:57:05,COMPLETED,0,1
79KWH,8,2,FULL,23-06-2025,06:59:47,23-06-2025,06:59:50,23-06-2025,07:01:03,COMPLETED,0,1
79KWH,8,2,FULL,23-06-2025,07:01:09,23-06-2025,07:01:17,23-06-2025,07:02:54,COMPLETED,0,1
79KWH,8,1,FULL,23-06-2025,07:02:21,23-06-2025,07:02:35,23-06-2025,07:04:13,COMPLETED,0,1
79KWH,8,2,FULL,23-06-2025,07:03:00,23-06-2025,07:03:07,23-06-2025,07:04:45,COMPLETED,0,1
79KWH,8,1,FULL,23-06-2025,07:04:17,23-06-2025,07:04:35,23-06-2025,07:06:59,COMPLETED,0,1
79KWH,8,2,FULL,23-06-2025,07:04:51,23-06-2025,07:04:59,23-06-2025,07:06:33,COMPLETED,0,1
79KWH,8,2,FULL,23-06-2025,07:06:39,23-06-2025,07:06:47,23-06-2025,07:08:24,COMPLETED,0,1
79KWH,8,1,FULL,23-06-2025,07:07:04,23-06-2025,07:07:22,23-06-2025,07:09:39,COMPLETED,0,1
79KWH,8,2,FULL,23-06-2025,07:08:29,23-06-2025,07:08:38,23-06-2025,07:10:11,COMPLETED,0,1
79KWH,8,1,FULL,23-06-2025,07:09:46,23-06-2025,07:10:02,23-06-2025,07:12:26,COMPLETED,0,1
79KWH,8,2,FULL,23-06-2025,07:10:18,23-06-2025,07:10:25,23-06-2025,07:12:03,COMPLETED,0,1
79KWH,8,2,FULL,23-06-2025,07:12:09,23-06-2025,07:12:17,23-06-2025,07:13:50,COMPLETED,0,1
79KWH,8,1,FULL,23-06-2025,07:12:31,23-06-2025,07:12:48,23-06-2025,07:15:13,COMPLETED,0,1
79KWH,8,2,FULL,23-06-2025,07:14:04,23-06-2025,07:14:19,23-06-2025,07:15:58,COMPLETED,0,1
79KWH,8,1,FULL,23-06-2025,07:15:18,23-06-2025,07:15:35,23-06-2025,07:18:01,COMPLETED,0,1
79KWH,8,2,FULL,23-06-2025,07:16:06,23-06-2025,07:16:11,23-06-2025,07:17:48,COMPLETED,0,1
79KWH,8,1,FULL,23-06-2025,07:18:06,23-06-2025,07:18:24,23-06-2025,07:20:45,COMPLETED,0,1
79KWH,8,2,FULL,23-06-2025,07:18:08,23-06-2025,07:18:16,23-06-2025,07:19:53,COMPLETED,0,1
79KWH,8,2,FULL,23-06-2025,07:20:08,23-06-2025,07:20:21,23-06-2025,07:21:58,COMPLETED,0,1
79KWH,8,1,FULL,23-06-2025,07:20:50,23-06-2025,07:21:08,23-06-2025,07:23:33,COMPLETED,0,1
79KWH,8,2,FULL,23-06-2025,07:22:07,23-06-2025,07:22:11,23-06-2025,07:23:48,COMPLETED,0,1
79KWH,8,1,FULL,23-06-2025,07:23:37,23-06-2025,07:23:56,23-06-2025,07:26:18,COMPLETED,0,1
79KWH,8,2,FULL,23-06-2025,07:24:07,23-06-2025,07:24:18,23-06-2025,07:25:51,COMPLETED,0,1
79KWH,8,2,FULL,23-06-2025,07:26:10,23-06-2025,07:26:19,23-06-2025,07:27:58,COMPLETED,0,1
79KWH,8,1,FULL,23-06-2025,07:26:23,23-06-2025,07:26:41,23-06-2025,07:29:09,COMPLETED,0,1
79KWH,8,2,FULL,23-06-2025,07:28:09,23-06-2025,07:28:12,23-06-2025,07:29:45,COMPLETED,0,1
79KWH,8,1,FULL,23-06-2025,07:29:14,23-06-2025,07:29:32,23-06-2025,07:31:54,COMPLETED,0,1
79KWH,8,2,FULL,23-06-2025,07:29:51,23-06-2025,07:29:58,23-06-2025,07:31:35,COMPLETED,0,1
79KWH,8,2,FULL,23-06-2025,07:31:42,23-06-2025,07:31:49,23-06-2025,07:33:21,COMPLETED,0,1
79KWH,8,1,FULL,23-06-2025,07:32:00,23-06-2025,07:32:17,23-06-2025,07:34:51,COMPLETED,0,1
79KWH,8,2,FULL,23-06-2025,07:33:28,23-06-2025,07:33:35,23-06-2025,07:35:13,COMPLETED,0,1
79KWH,8,1,FULL,23-06-2025,07:34:56,23-06-2025,07:35:14,23-06-2025,07:37:38,COMPLETED,0,1
79KWH,8,2,FULL,23-06-2025,07:35:18,23-06-2025,07:35:28,23-06-2025,07:37:01,COMPLETED,0,1
79KWH,8,1,FULL,23-06-2025,07:37:43,23-06-2025,07:38:01,23-06-2025,07:40:30,COMPLETED,0,1
79KWH,8,2,FULL,23-06-2025,07:40:28,23-06-2025,07:40:32,23-06-2025,07:42:13,COMPLETED,0,1
79KWH,8,1,FULL,23-06-2025,07:40:35,23-06-2025,07:40:52,23-06-2025,07:43:18,COMPLETED,0,1
79KWH,8,2,FULL,23-06-2025,07:42:19,23-06-2025,07:42:27,23-06-2025,07:44:02,COMPLETED,0,1
79KWH,8,1,FULL,23-06-2025,07:43:23,23-06-2025,07:43:41,23-06-2025,07:46:13,COMPLETED,0,1
79KWH,8,2,FULL,23-06-2025,07:44:08,23-06-2025,07:44:16,23-06-2025,07:45:56,COMPLETED,0,1
79KWH,8,2,FULL,23-06-2025,07:46:02,23-06-2025,07:46:10,23-06-2025,07:47:48,COMPLETED,0,1
79KWH,8,1,FULL,23-06-2025,07:46:18,23-06-2025,07:46:36,23-06-2025,07:49:09,COMPLETED,0,1
79KWH,8,2,FULL,23-06-2025,07:47:53,23-06-2025,07:48:02,23-06-2025,07:49:40,COMPLETED,0,1
79KWH,8,1,FULL,23-06-2025,07:49:14,23-06-2025,07:49:31,23-06-2025,07:52:05,COMPLETED,0,1
79KWH,8,2,FULL,23-06-2025,07:49:46,23-06-2025,07:49:54,23-06-2025,07:51:27,COMPLETED,0,1
79KWH,8,2,FULL,23-06-2025,07:51:34,23-06-2025,07:51:41,23-06-2025,07:53:18,COMPLETED,0,1
79KWH,8,1,FULL,23-06-2025,07:52:10,23-06-2025,07:52:28,23-06-2025,07:54:58,COMPLETED,0,1
79KWH,8,2,FULL,23-06-2025,07:53:25,23-06-2025,07:53:32,23-06-2025,07:55:08,COMPLETED,0,1
79KWH,8,1,FULL,23-06-2025,07:55:04,23-06-2025,07:55:21,23-06-2025,07:57:55,COMPLETED,0,1
79KWH,8,2,FULL,23-06-2025,07:55:13,23-06-2025,07:55:22,23-06-2025,07:57:00,COMPLETED,0,1
79KWH,8,2,FULL,23-06-2025,07:57:05,23-06-2025,07:57:14,23-06-2025,07:58:47,COMPLETED,0,1
79KWH,8,1,FULL,23-06-2025,07:58:00,23-06-2025,07:58:18,23-06-2025,08:00:48,COMPLETED,0,1
79KWH,8,2,FULL,23-06-2025,07:58:53,23-06-2025,07:59:01,23-06-2025,08:00:39,COMPLETED,0,1
79KWH,8,2,FULL,23-06-2025,08:00:46,23-06-2025,08:00:53,23-06-2025,08:02:26,COMPLETED,0,1
79KWH,8,1,FULL,23-06-2025,08:00:52,23-06-2025,08:01:11,23-06-2025,08:03:44,COMPLETED,0,1
79KWH,8,2,FULL,23-06-2025,08:02:32,23-06-2025,08:02:40,23-06-2025,08:04:21,COMPLETED,0,1
79KWH,8,1,FULL,23-06-2025,08:03:50,23-06-2025,08:04:07,23-06-2025,08:06:39,COMPLETED,0,1
79KWH,8,2,FULL,23-06-2025,08:04:28,23-06-2025,08:04:35,23-06-2025,08:06:08,COMPLETED,0,1
79KWH,8,2,FULL,23-06-2025,08:06:14,23-06-2025,08:06:22,23-06-2025,08:08:04,COMPLETED,0,1
79KWH,8,1,FULL,23-06-2025,08:06:43,23-06-2025,08:07:02,23-06-2025,08:09:37,COMPLETED,0,1
79KWH,8,2,FULL,23-06-2025,08:08:11,23-06-2025,08:08:18,23-06-2025,08:09:55,COMPLETED,0,1
79KWH,8,1,FULL,23-06-2025,08:09:41,23-06-2025,08:10:00,23-06-2025,08:12:38,COMPLETED,0,1
79KWH,8,2,FULL,23-06-2025,08:10:01,23-06-2025,08:10:08,23-06-2025,08:11:47,COMPLETED,0,1
79KWH,8,2,FULL,23-06-2025,08:11:54,23-06-2025,08:12:01,23-06-2025,08:13:38,COMPLETED,0,1
79KWH,8,1,FULL,23-06-2025,08:12:44,23-06-2025,08:13:01,23-06-2025,08:15:37,COMPLETED,0,1
79KWH,8,2,FULL,23-06-2025,08:13:44,23-06-2025,08:13:52,23-06-2025,08:15:35,COMPLETED,0,1
79KWH,8,2,FULL,23-06-2025,08:15:41,23-06-2025,08:15:49,23-06-2025,08:17:28,COMPLETED,0,1
79KWH,8,1,FULL,23-06-2025,08:15:42,23-06-2025,08:16:00,23-06-2025,08:18:32,COMPLETED,0,1
79KWH,8,2,FULL,23-06-2025,08:17:34,23-06-2025,08:17:43,23-06-2025,08:19:25,COMPLETED,0,1
79KWH,8,1,FULL,23-06-2025,08:18:38,23-06-2025,08:18:55,23-06-2025,08:21:32,COMPLETED,0,1
79KWH,8,2,FULL,23-06-2025,08:19:30,23-06-2025,08:19:40,23-06-2025,08:21:15,COMPLETED,0,1
79KWH,8,2,FULL,23-06-2025,08:21:21,23-06-2025,08:21:29,23-06-2025,08:23:10,COMPLETED,0,1
79KWH,8,1,FULL,23-06-2025,08:21:36,23-06-2025,08:21:55,23-06-2025,08:24:29,COMPLETED,0,1
79KWH,8,2,FULL,23-06-2025,08:23:16,23-06-2025,08:23:24,23-06-2025,08:25:00,COMPLETED,0,1
79KWH,8,1,FULL,23-06-2025,08:24:34,23-06-2025,08:24:52,23-06-2025,08:27:32,COMPLETED,0,1
79KWH,8,1,FULL,23-06-2025,08:27:37,23-06-2025,08:27:55,23-06-2025,08:30:29,COMPLETED,0,1
79KWH,8,1,FULL,23-06-2025,08:30:34,23-06-2025,08:30:52,23-06-2025,08:33:32,COMPLETED,0,1
79KWH,8,2,FULL,23-06-2025,08:30:46,23-06-2025,08:30:58,23-06-2025,08:32:45,COMPLETED,0,1
79KWH,8,2,FULL,23-06-2025,08:32:50,23-06-2025,08:32:58,23-06-2025,08:34:40,COMPLETED,0,1
79KWH,8,1,FULL,23-06-2025,08:33:37,23-06-2025,08:33:56,23-06-2025,08:36:31,COMPLETED,0,1
79KWH,8,2,FULL,23-06-2025,08:34:46,23-06-2025,08:34:54,23-06-2025,08:36:37,COMPLETED,0,1
79KWH,8,1,FULL,23-06-2025,08:36:36,23-06-2025,08:36:55,23-06-2025,08:39:41,COMPLETED,0,1
79KWH,8,2,FULL,23-06-2025,08:36:43,23-06-2025,08:36:51,23-06-2025,08:38:35,COMPLETED,0,1
79KWH,8,2,FULL,23-06-2025,08:38:41,23-06-2025,08:38:49,23-06-2025,08:40:34,COMPLETED,0,1
79KWH,8,1,FULL,23-06-2025,08:39:46,23-06-2025,08:40:04,23-06-2025,08:42:41,COMPLETED,0,1
79KWH,8,2,FULL,23-06-2025,08:40:41,23-06-2025,08:40:48,23-06-2025,08:42:29,COMPLETED,0,1
79KWH,8,2,FULL,23-06-2025,08:42:37,23-06-2025,08:44:45,23-06-2025,08:47:09,COMPLETED,0,1
79KWH,8,1,FULL,23-06-2025,08:42:46,23-06-2025,08:45:36,23-06-2025,08:48:33,COMPLETED,0,1
79KWH,8,2,FULL,23-06-2025,08:47:15,23-06-2025,08:49:19,23-06-2025,08:51:40,COMPLETED,0,1
79KWH,8,1,FULL,23-06-2025,08:48:38,23-06-2025,08:51:23,23-06-2025,08:54:15,COMPLETED,0,1
79KWH,8,2,FULL,23-06-2025,08:51:46,23-06-2025,08:51:54,23-06-2025,08:53:41,COMPLETED,0,1
79KWH,8,2,FULL,23-06-2025,08:53:47,23-06-2025,08:53:54,23-06-2025,08:55:36,COMPLETED,0,1
79KWH,8,1,FULL,23-06-2025,08:54:20,23-06-2025,08:54:38,23-06-2025,08:57:24,COMPLETED,0,1
79KWH,8,2,FULL,23-06-2025,08:55:43,23-06-2025,08:55:49,23-06-2025,08:57:41,COMPLETED,0,1
79KWH,8,1,FULL,23-06-2025,08:57:30,23-06-2025,08:57:47,23-06-2025,09:00:30,COMPLETED,0,1
79KWH,8,1,FULL,23-06-2025,09:00:35,23-06-2025,09:03:30,23-06-2025,09:06:27,COMPLETED,0,1
79KWH,8,2,FULL,23-06-2025,09:03:36,23-06-2025,09:06:06,23-06-2025,09:08:27,COMPLETED,0,1
79KWH,8,1,FULL,23-06-2025,09:06:31,23-06-2025,09:06:49,23-06-2025,09:09:32,COMPLETED,0,1
79KWH,8,2,FULL,23-06-2025,09:08:32,23-06-2025,09:08:41,23-06-2025,09:10:29,COMPLETED,0,1
79KWH,8,1,FULL,23-06-2025,09:09:37,23-06-2025,09:09:55,23-06-2025,09:12:43,COMPLETED,0,1
79KWH,8,2,FULL,23-06-2025,09:10:35,23-06-2025,09:10:42,23-06-2025,09:12:30,COMPLETED,0,1
79KWH,8,2,FULL,23-06-2025,09:12:36,23-06-2025,09:12:43,23-06-2025,09:14:33,COMPLETED,0,1
79KWH,8,1,FULL,23-06-2025,09:12:48,23-06-2025,09:13:06,23-06-2025,09:15:51,COMPLETED,0,1
79KWH,8,2,FULL,23-06-2025,09:14:39,23-06-2025,09:14:46,23-06-2025,09:16:31,COMPLETED,0,1
79KWH,8,1,FULL,23-06-2025,09:15:56,23-06-2025,09:16:14,23-06-2025,09:19:04,COMPLETED,0,1
79KWH,8,2,FULL,23-06-2025,09:16:37,23-06-2025,09:16:46,23-06-2025,09:18:36,COMPLETED,0,1
79KWH,8,2,FULL,23-06-2025,09:18:42,23-06-2025,09:18:50,23-06-2025,09:20:38,COMPLETED,0,1
79KWH,8,1,FULL,23-06-2025,09:19:09,23-06-2025,09:21:54,23-06-2025,09:24:44,COMPLETED,0,1
79KWH,8,2,FULL,23-06-2025,09:20:44,23-06-2025,09:22:51,23-06-2025,09:25:18,COMPLETED,0,1
79KWH,8,1,FULL,23-06-2025,09:24:50,23-06-2025,09:27:38,23-06-2025,09:30:34,COMPLETED,0,1
79KWH,8,2,FULL,23-06-2025,09:26:31,23-06-2025,09:26:43,23-06-2025,09:28:31,COMPLETED,0,1
79KWH,8,2,FULL,23-06-2025,09:28:37,23-06-2025,09:28:44,23-06-2025,09:30:43,COMPLETED,0,1
79KWH,8,1,FULL,23-06-2025,09:30:40,23-06-2025,09:30:57,23-06-2025,09:33:41,COMPLETED,0,1
79KWH,8,2,FULL,23-06-2025,09:31:29,23-06-2025,09:31:39,23-06-2025,09:33:33,COMPLETED,0,1
79KWH,8,1,FULL,23-06-2025,09:33:46,23-06-2025,09:36:31,23-06-2025,09:39:27,COMPLETED,0,1
79KWH,8,1,FULL,23-06-2025,09:39:37,23-06-2025,09:42:28,23-06-2025,09:45:24,COMPLETED,0,1
79KWH,8,2,FULL,23-06-2025,09:44:05,23-06-2025,09:44:14,23-06-2025,09:46:45,COMPLETED,0,1
79KWH,8,1,FULL,23-06-2025,09:45:28,23-06-2025,09:45:47,23-06-2025,09:48:38,COMPLETED,0,1
79KWH,8,2,FULL,23-06-2025,09:46:51,23-06-2025,09:46:58,23-06-2025,09:48:50,COMPLETED,0,1
79KWH,8,1,FULL,23-06-2025,09:48:42,23-06-2025,09:49:01,23-06-2025,09:51:49,COMPLETED,0,1
79KWH,8,2,FULL,23-06-2025,09:48:56,23-06-2025,09:49:04,23-06-2025,09:51:00,COMPLETED,0,1
79KWH,8,2,FULL,23-06-2025,09:51:07,23-06-2025,09:51:14,23-06-2025,09:53:06,COMPLETED,0,1
79KWH,8,1,FULL,23-06-2025,09:51:54,23-06-2025,09:52:12,23-06-2025,09:55:04,COMPLETED,0,1
79KWH,8,2,FULL,23-06-2025,09:53:13,23-06-2025,09:53:20,23-06-2025,09:55:16,COMPLETED,0,1
79KWH,8,1,FULL,23-06-2025,09:55:10,23-06-2025,09:55:27,23-06-2025,09:58:18,COMPLETED,0,1
79KWH,8,2,FULL,23-06-2025,09:55:22,23-06-2025,09:55:30,23-06-2025,09:57:24,COMPLETED,0,1
79KWH,8,2,FULL,23-06-2025,09:57:29,23-06-2025,09:57:38,23-06-2025,09:59:35,COMPLETED,0,1
79KWH,8,1,FULL,23-06-2025,09:58:23,23-06-2025,09:58:41,23-06-2025,10:01:33,COMPLETED,0,1
79KWH,8,2,FULL,23-06-2025,09:59:42,23-06-2025,09:59:49,23-06-2025,10:01:42,COMPLETED,0,1
79KWH,8,1,FULL,23-06-2025,10:01:37,23-06-2025,10:01:56,23-06-2025,10:04:48,COMPLETED,0,1
79KWH,8,2,FULL,23-06-2025,10:01:47,23-06-2025,10:01:55,23-06-2025,10:03:57,COMPLETED,0,1
79KWH,8,2,FULL,23-06-2025,10:04:02,23-06-2025,10:04:11,23-06-2025,10:06:08,COMPLETED,0,1
79KWH,8,1,FULL,23-06-2025,10:04:53,23-06-2025,10:09:44,23-06-2025,10:12:41,COMPLETED,0,1
79KWH,8,2,FULL,23-06-2025,10:06:15,23-06-2025,10:06:22,23-06-2025,10:08:23,COMPLETED,0,1
79KWH,8,2,FULL,23-06-2025,10:08:28,23-06-2025,10:09:18,23-06-2025,10:11:15,COMPLETED,0,1
79KWH,8,2,FULL,23-06-2025,10:11:22,23-06-2025,10:13:22,23-06-2025,10:15:55,COMPLETED,0,1
79KWH,8,1,FULL,23-06-2025,10:12:45,23-06-2025,10:15:31,23-06-2025,10:18:25,COMPLETED,0,1
79KWH,8,2,FULL,23-06-2025,10:16:02,23-06-2025,10:16:09,23-06-2025,10:18:07,COMPLETED,0,1
79KWH,8,2,FULL,23-06-2025,10:18:13,23-06-2025,10:18:20,23-06-2025,10:20:22,COMPLETED,0,1
79KWH,8,1,FULL,23-06-2025,10:18:30,23-06-2025,10:21:20,23-06-2025,10:24:19,COMPLETED,0,1
79KWH,8,2,FULL,23-06-2025,10:20:29,23-06-2025,10:20:36,23-06-2025,10:22:37,COMPLETED,0,1
79KWH,8,2,FULL,23-06-2025,10:22:43,23-06-2025,10:22:51,23-06-2025,10:24:55,COMPLETED,0,1
79KWH,8,3,FULL,23-06-2025,10:23:34,23-06-2025,10:23:46,23-06-2025,10:26:25,COMPLETED,0,1
79KWH,8,1,FULL,23-06-2025,10:24:24,23-06-2025,10:29:08,23-06-2025,10:32:36,COMPLETED,0,1
79KWH,8,2,FULL,23-06-2025,10:25:00,23-06-2025,10:25:09,23-06-2025,10:27:09,COMPLETED,0,1
79KWH,8,3,FULL,23-06-2025,10:26:31,23-06-2025,10:26:48,23-06-2025,10:29:11,COMPLETED,0,1
79KWH,8,2,FULL,23-06-2025,10:27:14,23-06-2025,10:27:24,23-06-2025,10:29:31,COMPLETED,0,1
79KWH,8,3,FULL,23-06-2025,10:29:17,23-06-2025,10:29:34,23-06-2025,10:31:51,COMPLETED,0,1
79KWH,8,2,FULL,23-06-2025,10:29:38,23-06-2025,10:29:45,23-06-2025,10:31:49,COMPLETED,0,1
79KWH,8,2,FULL,23-06-2025,10:31:55,23-06-2025,10:32:02,23-06-2025,10:34:08,COMPLETED,0,1
79KWH,8,3,FULL,23-06-2025,10:31:58,23-06-2025,10:32:14,23-06-2025,10:34:35,COMPLETED,0,1
79KWH,8,1,FULL,23-06-2025,10:32:41,23-06-2025,10:35:31,23-06-2025,10:38:30,COMPLETED,0,1
79KWH,8,3,FULL,23-06-2025,10:34:41,23-06-2025,10:36:30,23-06-2025,10:39:10,COMPLETED,0,1
79KWH,8,2,FULL,23-06-2025,10:36:48,23-06-2025,10:39:05,23-06-2025,10:41:35,COMPLETED,0,1
79KWH,8,1,FULL,23-06-2025,10:38:35,23-06-2025,10:38:53,23-06-2025,10:41:43,COMPLETED,0,1
79KWH,8,3,FULL,23-06-2025,10:39:17,23-06-2025,10:41:03,23-06-2025,10:43:49,COMPLETED,0,1
79KWH,8,2,FULL,23-06-2025,10:41:41,23-06-2025,10:41:49,23-06-2025,10:43:55,COMPLETED,0,1
79KWH,8,1,FULL,23-06-2025,10:41:49,23-06-2025,10:42:06,23-06-2025,10:45:02,COMPLETED,0,1
79KWH,8,3,FULL,23-06-2025,10:43:56,23-06-2025,10:44:12,23-06-2025,10:46:33,COMPLETED,0,1
79KWH,8,2,FULL,23-06-2025,10:44:00,23-06-2025,10:44:09,23-06-2025,10:46:10,COMPLETED,0,1
79KWH,8,1,FULL,23-06-2025,10:45:07,23-06-2025,10:45:26,23-06-2025,10:48:17,COMPLETED,0,1
79KWH,8,2,FULL,23-06-2025,10:46:17,23-06-2025,10:46:25,23-06-2025,10:48:32,COMPLETED,0,1
79KWH,8,3,FULL,23-06-2025,10:46:40,23-06-2025,10:46:56,23-06-2025,10:49:22,COMPLETED,0,1
79KWH,8,1,FULL,23-06-2025,10:48:22,23-06-2025,10:48:40,23-06-2025,10:51:38,COMPLETED,0,1
79KWH,8,2,FULL,23-06-2025,10:48:38,23-06-2025,10:48:45,23-06-2025,10:50:48,COMPLETED,0,1
79KWH,8,3,FULL,23-06-2025,10:49:29,23-06-2025,10:49:45,23-06-2025,10:52:07,COMPLETED,0,1
79KWH,8,1,FULL,23-06-2025,10:51:43,23-06-2025,10:52:01,23-06-2025,10:54:55,COMPLETED,0,1
79KWH,8,3,FULL,23-06-2025,10:52:14,23-06-2025,10:52:30,23-06-2025,10:55:04,COMPLETED,0,1
79KWH,8,2,FULL,23-06-2025,10:52:16,23-06-2025,10:52:26,23-06-2025,10:54:39,COMPLETED,0,1
79KWH,8,2,FULL,23-06-2025,10:54:44,23-06-2025,10:54:53,23-06-2025,10:57:01,COMPLETED,0,1
79KWH,8,1,FULL,23-06-2025,10:55:00,23-06-2025,10:55:18,23-06-2025,10:58:18,COMPLETED,0,1
79KWH,8,3,FULL,23-06-2025,10:55:11,23-06-2025,10:55:27,23-06-2025,10:58:12,COMPLETED,0,1
79KWH,8,2,FULL,23-06-2025,10:57:44,23-06-2025,10:59:13,23-06-2025,11:01:49,COMPLETED,0,1
79KWH,8,3,FULL,23-06-2025,10:58:20,23-06-2025,11:00:05,23-06-2025,11:03:02,COMPLETED,0,1
79KWH,8,1,FULL,23-06-2025,10:58:23,23-06-2025,11:01:08,23-06-2025,11:04:06,COMPLETED,0,1
79KWH,8,2,FULL,23-06-2025,11:01:54,23-06-2025,11:02:03,23-06-2025,11:04:08,COMPLETED,0,1
79KWH,8,3,FULL,23-06-2025,11:03:08,23-06-2025,11:04:38,23-06-2025,11:07:30,COMPLETED,0,1
79KWH,8,1,FULL,23-06-2025,11:04:11,23-06-2025,11:07:48,23-06-2025,11:10:50,COMPLETED,0,1
79KWH,8,2,FULL,23-06-2025,11:04:13,23-06-2025,11:04:22,23-06-2025,11:06:35,COMPLETED,0,1
79KWH,8,2,FULL,23-06-2025,11:06:41,23-06-2025,11:06:48,23-06-2025,11:08:54,COMPLETED,0,1
79KWH,8,3,FULL,23-06-2025,11:07:37,23-06-2025,11:07:52,23-06-2025,11:10:45,COMPLETED,0,1
79KWH,8,2,FULL,23-06-2025,11:08:59,23-06-2025,11:09:08,23-06-2025,11:11:21,COMPLETED,0,1
79KWH,8,3,FULL,23-06-2025,11:10:53,23-06-2025,11:11:08,23-06-2025,11:13:47,COMPLETED,0,1
79KWH,8,1,FULL,23-06-2025,11:10:55,23-06-2025,11:11:13,23-06-2025,11:14:09,COMPLETED,0,1
79KWH,8,2,FULL,23-06-2025,11:11:28,23-06-2025,11:11:35,23-06-2025,11:13:43,COMPLETED,0,1
79KWH,8,2,FULL,23-06-2025,11:13:50,23-06-2025,11:13:57,23-06-2025,11:16:10,COMPLETED,0,1
79KWH,8,3,FULL,23-06-2025,11:13:53,23-06-2025,11:14:10,23-06-2025,11:16:56,COMPLETED,0,1
79KWH,8,1,FULL,23-06-2025,11:14:14,23-06-2025,11:14:31,23-06-2025,11:17:33,COMPLETED,0,1
79KWH,8,2,FULL,23-06-2025,11:16:17,23-06-2025,11:16:24,23-06-2025,11:18:33,COMPLETED,0,1
79KWH,8,3,FULL,23-06-2025,11:17:03,23-06-2025,11:17:19,23-06-2025,11:20:05,COMPLETED,0,1
79KWH,8,1,FULL,23-06-2025,11:17:38,23-06-2025,11:17:56,23-06-2025,11:20:52,COMPLETED,0,1
79KWH,8,2,FULL,23-06-2025,11:18:40,23-06-2025,11:18:46,23-06-2025,11:21:03,COMPLETED,0,1
79KWH,8,3,FULL,23-06-2025,11:20:13,23-06-2025,11:20:28,23-06-2025,11:23:19,COMPLETED,0,1
79KWH,8,1,FULL,23-06-2025,11:20:58,23-06-2025,11:26:36,23-06-2025,11:46:39,COMPLETED,0,1
79KWH,8,2,FULL,23-06-2025,11:21:09,23-06-2025,11:21:17,23-06-2025,11:23:27,COMPLETED,0,1
79KWH,8,3,FULL,23-06-2025,11:23:25,23-06-2025,11:23:41,23-06-2025,11:26:27,COMPLETED,0,1
79KWH,8,2,FULL,23-06-2025,11:23:34,23-06-2025,11:23:41,23-06-2025,11:25:54,COMPLETED,0,1
79KWH,8,2,FULL,23-06-2025,11:26:00,23-06-2025,11:26:09,23-06-2025,11:28:19,COMPLETED,0,1
79KWH,8,3,FULL,23-06-2025,11:26:33,23-06-2025,11:26:50,23-06-2025,11:29:40,COMPLETED,0,1
79KWH,8,2,FULL,23-06-2025,11:28:24,23-06-2025,11:28:34,23-06-2025,11:30:49,COMPLETED,0,1
79KWH,8,3,FULL,23-06-2025,11:29:46,23-06-2025,11:30:02,23-06-2025,11:32:52,COMPLETED,0,1
79KWH,8,2,FULL,23-06-2025,11:30:55,23-06-2025,11:32:55,23-06-2025,11:35:29,COMPLETED,0,1
79KWH,8,3,FULL,23-06-2025,11:32:57,23-06-2025,11:34:45,23-06-2025,11:37:41,COMPLETED,0,1
79KWH,8,2,FULL,23-06-2025,11:35:36,23-06-2025,11:37:41,23-06-2025,11:40:21,COMPLETED,0,1
79KWH,8,3,FULL,23-06-2025,11:37:47,23-06-2025,11:38:05,23-06-2025,11:41:00,COMPLETED,0,1
79KWH,8,2,FULL,23-06-2025,11:40:27,23-06-2025,11:40:35,23-06-2025,11:42:50,COMPLETED,0,1
79KWH,8,3,FULL,23-06-2025,11:41:06,23-06-2025,11:41:23,23-06-2025,11:44:15,COMPLETED,0,1
79KWH,8,2,FULL,23-06-2025,11:42:56,23-06-2025,11:43:04,23-06-2025,11:45:22,COMPLETED,0,1
79KWH,8,3,FULL,23-06-2025,11:44:22,23-06-2025,11:44:39,23-06-2025,11:47:27,COMPLETED,0,1
79KWH,8,2,FULL,23-06-2025,11:45:27,23-06-2025,11:45:35,23-06-2025,11:47:53,COMPLETED,0,1
79KWH,8,1,FULL,23-06-2025,11:46:44,23-06-2025,11:48:54,23-06-2025,12:05:16,COMPLETED,0,1
79KWH,8,3,FULL,23-06-2025,11:47:34,23-06-2025,11:47:51,23-06-2025,11:50:46,COMPLETED,0,1
79KWH,8,2,FULL,23-06-2025,11:47:58,23-06-2025,11:48:06,23-06-2025,11:50:29,COMPLETED,0,1
79KWH,8,2,FULL,23-06-2025,11:50:34,23-06-2025,11:50:43,23-06-2025,11:53:00,COMPLETED,0,1
79KWH,8,3,FULL,23-06-2025,11:50:52,23-06-2025,11:51:09,23-06-2025,11:54:00,COMPLETED,0,1
79KWH,8,3,FULL,23-06-2025,11:54:06,23-06-2025,11:54:23,23-06-2025,11:57:18,COMPLETED,0,1
79KWH,8,3,FULL,23-06-2025,11:57:24,23-06-2025,11:57:40,23-06-2025,12:00:32,COMPLETED,0,1
79KWH,8,3,FULL,23-06-2025,12:00:40,23-06-2025,12:02:16,23-06-2025,12:05:18,COMPLETED,0,1
79KWH,8,3,FULL,23-06-2025,12:05:26,23-06-2025,12:08:37,23-06-2025,12:11:34,COMPLETED,0,1
79KWH,8,3,FULL,23-06-2025,12:32:27,23-06-2025,12:33:38,23-06-2025,12:36:49,COMPLETED,0,1
79KWH,8,2,FULL,23-06-2025,12:32:37,23-06-2025,12:34:20,23-06-2025,12:37:02,COMPLETED,0,1
79KWH,8,3,FULL,23-06-2025,12:36:55,23-06-2025,12:38:44,23-06-2025,12:41:41,COMPLETED,0,1
79KWH,8,2,FULL,23-06-2025,12:37:07,23-06-2025,12:37:16,23-06-2025,12:39:32,COMPLETED,0,1
79KWH,8,2,FULL,23-06-2025,12:39:38,23-06-2025,12:39:46,23-06-2025,12:42:11,COMPLETED,0,1
79KWH,8,3,FULL,23-06-2025,12:41:47,23-06-2025,12:42:04,23-06-2025,12:45:02,COMPLETED,0,1
79KWH,8,2,FULL,23-06-2025,12:42:18,23-06-2025,12:42:25,23-06-2025,12:44:46,COMPLETED,0,1
79KWH,8,2,FULL,23-06-2025,12:44:51,23-06-2025,12:44:59,23-06-2025,12:47:21,COMPLETED,0,1
79KWH,8,3,FULL,23-06-2025,12:45:10,23-06-2025,12:45:25,23-06-2025,12:48:21,COMPLETED,0,1
79KWH,8,2,FULL,23-06-2025,12:47:26,23-06-2025,12:47:34,23-06-2025,12:49:52,COMPLETED,0,1
79KWH,8,3,FULL,23-06-2025,12:48:27,23-06-2025,12:48:43,23-06-2025,12:51:44,COMPLETED,0,1
79KWH,8,2,FULL,23-06-2025,12:49:58,23-06-2025,12:50:06,23-06-2025,12:52:30,COMPLETED,0,1
79KWH,8,3,FULL,23-06-2025,12:51:54,23-06-2025,12:52:08,23-06-2025,12:55:03,COMPLETED,0,1
79KWH,8,2,FULL,23-06-2025,12:52:36,23-06-2025,12:52:43,23-06-2025,12:55:02,COMPLETED,0,1
79KWH,8,2,FULL,23-06-2025,12:55:08,23-06-2025,12:57:10,23-06-2025,12:59:53,COMPLETED,0,1
79KWH,8,3,FULL,23-06-2025,12:55:08,23-06-2025,12:56:53,23-06-2025,13:00:03,COMPLETED,0,1
79KWH,8,2,FULL,23-06-2025,13:00:00,23-06-2025,13:02:05,23-06-2025,13:04:44,COMPLETED,0,1
79KWH,8,3,FULL,23-06-2025,13:00:09,23-06-2025,13:02:03,23-06-2025,13:05:04,COMPLETED,0,1
79KWH,8,2,FULL,23-06-2025,13:04:50,23-06-2025,13:04:58,23-06-2025,13:07:25,COMPLETED,0,1
79KWH,8,3,FULL,23-06-2025,13:05:10,23-06-2025,13:06:59,23-06-2025,13:10:03,COMPLETED,0,1
79KWH,8,2,FULL,23-06-2025,13:07:31,23-06-2025,13:07:39,23-06-2025,13:10:03,COMPLETED,0,1
79KWH,8,2,FULL,23-06-2025,13:10:09,23-06-2025,13:10:17,23-06-2025,13:12:46,COMPLETED,0,1
79KWH,8,3,FULL,23-06-2025,13:10:10,23-06-2025,13:10:26,23-06-2025,13:13:22,COMPLETED,0,1
79KWH,8,2,FULL,23-06-2025,13:12:51,23-06-2025,13:12:59,23-06-2025,13:15:28,COMPLETED,0,1
79KWH,8,3,FULL,23-06-2025,13:13:33,23-06-2025,13:13:46,23-06-2025,13:16:49,COMPLETED,0,1
79KWH,8,2,FULL,23-06-2025,13:15:33,23-06-2025,13:17:36,23-06-2025,13:20:24,COMPLETED,0,1
79KWH,8,3,FULL,23-06-2025,13:16:56,23-06-2025,13:18:41,23-06-2025,13:21:41,COMPLETED,0,1
79KWH,8,2,FULL,23-06-2025,13:20:31,23-06-2025,13:22:36,23-06-2025,13:25:21,COMPLETED,0,1
79KWH,8,3,FULL,23-06-2025,13:21:48,23-06-2025,13:23:30,23-06-2025,13:26:35,COMPLETED,0,1
79KWH,8,2,FULL,23-06-2025,13:25:27,23-06-2025,13:25:35,23-06-2025,13:28:02,COMPLETED,0,1
79KWH,8,3,FULL,23-06-2025,13:26:42,23-06-2025,13:28:28,23-06-2025,13:31:30,COMPLETED,0,1
79KWH,8,2,FULL,23-06-2025,13:28:07,23-06-2025,13:28:16,23-06-2025,13:30:42,COMPLETED,0,1
79KWH,8,2,FULL,23-06-2025,13:30:48,23-06-2025,13:30:56,23-06-2025,13:33:27,COMPLETED,0,1
79KWH,8,3,FULL,23-06-2025,13:31:36,23-06-2025,13:31:52,23-06-2025,13:35:05,COMPLETED,0,1
79KWH,8,2,FULL,23-06-2025,13:33:34,23-06-2025,13:33:41,23-06-2025,13:36:07,COMPLETED,0,1
79KWH,8,3,FULL,23-06-2025,13:35:12,23-06-2025,13:35:27,23-06-2025,13:38:36,COMPLETED,0,1
79KWH,8,2,FULL,23-06-2025,13:36:13,23-06-2025,13:36:22,23-06-2025,13:38:57,COMPLETED,0,1
79KWH,8,3,FULL,23-06-2025,13:38:43,23-06-2025,13:38:58,23-06-2025,13:41:16,COMPLETED,0,1
79KWH,8,2,FULL,23-06-2025,13:39:03,23-06-2025,13:39:11,23-06-2025,13:41:43,COMPLETED,0,1
79KWH,8,3,FULL,23-06-2025,13:41:24,23-06-2025,13:43:52,23-06-2025,13:46:06,COMPLETED,0,1
79KWH,8,2,FULL,23-06-2025,13:41:50,23-06-2025,13:41:57,23-06-2025,13:44:30,COMPLETED,0,1
79KWH,8,2,FULL,23-06-2025,13:44:36,23-06-2025,13:46:40,23-06-2025,13:49:23,COMPLETED,0,1
79KWH,8,3,FULL,23-06-2025,13:46:13,23-06-2025,13:48:39,23-06-2025,13:50:57,COMPLETED,0,1
79KWH,8,2,FULL,23-06-2025,13:49:30,23-06-2025,13:51:38,23-06-2025,13:54:26,COMPLETED,0,1
79KWH,8,3,FULL,23-06-2025,13:51:03,23-06-2025,13:51:20,23-06-2025,14:02:40,COMPLETED,0,1
79KWH,8,2,FULL,23-06-2025,13:54:32,23-06-2025,13:54:39,23-06-2025,13:57:10,COMPLETED,0,1
79KWH,8,3,FULL,23-06-2025,14:02:47,23-06-2025,14:05:16,23-06-2025,14:07:31,COMPLETED,0,1
79KWH,8,3,FULL,23-06-2025,14:07:37,23-06-2025,14:10:12,23-06-2025,14:12:26,COMPLETED,0,1
79KWH,8,3,FULL,23-06-2025,14:12:33,23-06-2025,14:15:03,23-06-2025,14:17:22,COMPLETED,0,1
79KWH,8,3,FULL,23-06-2025,14:17:29,23-06-2025,14:20:02,23-06-2025,14:22:15,COMPLETED,0,1
79KWH,8,3,FULL,23-06-2025,14:22:21,23-06-2025,14:22:38,23-06-2025,14:24:05,COMPLETED,0,1
79KWH,8,3,FULL,23-06-2025,14:24:12,23-06-2025,14:24:28,23-06-2025,14:25:51,COMPLETED,0,1
79KWH,8,1,FULL,26-06-2025,10:02:09,26-06-2025,10:02:09,26-06-2025,10:02:09,COMPLETED,0,1
79KWH,8,1,FULL,23-06-2025,15:22:47,23-06-2025,15:24:27,23-06-2025,15:31:30,COMPLETED,0,1
79KWH,8,1,FULL,23-06-2025,15:37:36,23-06-2025,15:37:36,23-06-2025,15:38:36,COMPLETED,0,1
79KWH,8,1,FULL,23-06-2025,15:42:36,23-06-2025,15:42:37,23-06-2025,15:43:40,COMPLETED,0,1
79KWH,8,1,FULL,23-06-2025,15:46:09,23-06-2025,15:46:09,23-06-2025,15:47:11,COMPLETED,0,1
79KWH,8,1,FULL,23-06-2025,15:52:47,23-06-2025,15:52:47,23-06-2025,15:53:52,COMPLETED,0,1
79KWH,8,2,FULL,24-06-2025,07:28:48,24-06-2025,07:29:01,24-06-2025,07:31:49,COMPLETED,0,1
79KWH,8,3,FULL,24-06-2025,07:28:57,24-06-2025,07:28:59,24-06-2025,07:31:16,COMPLETED,0,1
79KWH,8,3,FULL,24-06-2025,07:31:22,24-06-2025,07:31:39,24-06-2025,07:33:04,COMPLETED,0,1
79KWH,8,2,FULL,24-06-2025,07:31:55,24-06-2025,07:32:03,24-06-2025,07:34:35,COMPLETED,0,1
79KWH,8,3,FULL,24-06-2025,07:33:11,24-06-2025,07:33:27,24-06-2025,07:34:54,COMPLETED,0,1
79KWH,8,2,FULL,24-06-2025,07:34:42,24-06-2025,07:34:49,24-06-2025,07:37:29,COMPLETED,0,1
79KWH,8,3,FULL,24-06-2025,07:35:01,24-06-2025,07:35:17,24-06-2025,07:36:40,COMPLETED,0,1
79KWH,8,3,FULL,24-06-2025,07:36:47,24-06-2025,07:37:02,24-06-2025,07:38:32,COMPLETED,0,1
79KWH,8,2,FULL,24-06-2025,07:37:36,24-06-2025,07:37:42,24-06-2025,07:40:18,COMPLETED,0,1
79KWH,8,3,FULL,24-06-2025,07:38:38,24-06-2025,07:38:55,24-06-2025,07:40:18,COMPLETED,0,1
79KWH,8,2,FULL,24-06-2025,07:40:23,24-06-2025,07:40:32,24-06-2025,07:43:08,COMPLETED,0,1
79KWH,8,3,FULL,24-06-2025,07:40:24,24-06-2025,07:40:40,24-06-2025,07:42:10,COMPLETED,0,1
79KWH,8,3,FULL,24-06-2025,07:42:17,24-06-2025,07:42:33,24-06-2025,07:43:55,COMPLETED,0,1
79KWH,8,2,FULL,24-06-2025,07:43:13,24-06-2025,07:43:22,24-06-2025,07:45:53,COMPLETED,0,1
79KWH,8,3,FULL,24-06-2025,07:44:00,24-06-2025,07:44:17,24-06-2025,07:45:43,COMPLETED,0,1
79KWH,8,3,FULL,24-06-2025,07:45:49,24-06-2025,07:46:06,24-06-2025,07:47:27,COMPLETED,0,1
79KWH,8,2,FULL,24-06-2025,07:45:59,24-06-2025,07:46:07,24-06-2025,07:48:45,COMPLETED,0,1
79KWH,8,3,FULL,24-06-2025,07:47:33,24-06-2025,07:47:50,24-06-2025,07:49:16,COMPLETED,0,1
79KWH,8,2,FULL,24-06-2025,07:48:51,24-06-2025,07:48:58,24-06-2025,07:51:34,COMPLETED,0,1
79KWH,8,3,FULL,24-06-2025,07:49:23,24-06-2025,07:49:39,24-06-2025,07:51:02,COMPLETED,0,1
79KWH,8,3,FULL,24-06-2025,07:51:10,24-06-2025,07:51:25,24-06-2025,07:52:52,COMPLETED,0,1
79KWH,8,2,FULL,24-06-2025,07:51:39,24-06-2025,07:51:47,24-06-2025,07:54:27,COMPLETED,0,1
79KWH,8,3,FULL,24-06-2025,07:52:59,24-06-2025,07:55:09,24-06-2025,07:57:22,COMPLETED,0,1
79KWH,8,2,FULL,24-06-2025,07:54:32,24-06-2025,07:57:22,24-06-2025,08:00:09,COMPLETED,0,1
79KWH,8,3,FULL,24-06-2025,07:57:29,24-06-2025,07:57:45,24-06-2025,07:59:14,COMPLETED,0,1
79KWH,8,3,FULL,24-06-2025,07:59:21,24-06-2025,08:01:26,24-06-2025,08:03:35,COMPLETED,0,1
79KWH,8,2,FULL,24-06-2025,08:00:15,24-06-2025,08:00:23,24-06-2025,08:03:07,COMPLETED,0,1
79KWH,8,2,FULL,24-06-2025,08:03:13,24-06-2025,08:03:21,24-06-2025,08:06:01,COMPLETED,0,1
79KWH,8,3,FULL,24-06-2025,08:03:42,24-06-2025,08:03:58,24-06-2025,08:05:25,COMPLETED,0,1
79KWH,8,3,FULL,24-06-2025,08:05:33,24-06-2025,08:05:48,24-06-2025,08:07:15,COMPLETED,0,1
79KWH,8,2,FULL,24-06-2025,08:06:07,24-06-2025,08:06:15,24-06-2025,08:08:55,COMPLETED,0,1
79KWH,8,3,FULL,24-06-2025,08:07:23,24-06-2025,08:07:38,24-06-2025,08:09:05,COMPLETED,0,1
79KWH,8,2,FULL,24-06-2025,08:09:02,24-06-2025,08:09:09,24-06-2025,08:11:45,COMPLETED,0,1
79KWH,8,3,FULL,24-06-2025,08:09:11,24-06-2025,08:09:29,24-06-2025,08:10:51,COMPLETED,0,1
79KWH,8,3,FULL,24-06-2025,08:10:57,24-06-2025,08:11:14,24-06-2025,08:12:41,COMPLETED,0,1
79KWH,8,2,FULL,24-06-2025,08:11:50,24-06-2025,08:11:58,24-06-2025,08:14:43,COMPLETED,0,1
79KWH,8,3,FULL,24-06-2025,08:12:47,24-06-2025,08:13:04,24-06-2025,08:14:27,COMPLETED,0,1
79KWH,8,3,FULL,24-06-2025,08:14:33,24-06-2025,08:14:50,24-06-2025,08:16:17,COMPLETED,0,1
79KWH,8,2,FULL,24-06-2025,08:14:50,24-06-2025,08:14:57,24-06-2025,08:17:36,COMPLETED,0,1
79KWH,8,3,FULL,24-06-2025,08:16:24,24-06-2025,08:16:40,24-06-2025,08:18:07,COMPLETED,0,1
79KWH,8,2,FULL,24-06-2025,08:17:43,24-06-2025,08:20:37,24-06-2025,08:23:31,COMPLETED,0,1
79KWH,8,3,FULL,24-06-2025,08:18:14,24-06-2025,08:20:28,24-06-2025,08:22:48,COMPLETED,0,1
79KWH,8,3,FULL,24-06-2025,08:22:55,24-06-2025,08:23:10,24-06-2025,08:24:40,COMPLETED,0,1
79KWH,8,2,FULL,24-06-2025,08:23:36,24-06-2025,08:26:26,24-06-2025,08:29:15,COMPLETED,0,1
79KWH,8,3,FULL,24-06-2025,08:24:47,24-06-2025,08:25:02,24-06-2025,08:26:36,COMPLETED,0,1
79KWH,8,3,FULL,24-06-2025,08:26:42,24-06-2025,08:26:59,24-06-2025,08:28:28,COMPLETED,0,1
79KWH,8,3,FULL,24-06-2025,08:28:35,24-06-2025,08:28:51,24-06-2025,08:30:25,COMPLETED,0,1
79KWH,8,2,FULL,24-06-2025,08:29:21,24-06-2025,08:29:29,24-06-2025,08:32:15,COMPLETED,0,1
79KWH,8,3,FULL,24-06-2025,08:30:32,24-06-2025,08:30:47,24-06-2025,08:32:19,COMPLETED,0,1
79KWH,8,2,FULL,24-06-2025,08:32:21,24-06-2025,08:32:28,24-06-2025,08:35:11,COMPLETED,0,1
79KWH,8,3,FULL,24-06-2025,08:32:26,24-06-2025,08:32:42,24-06-2025,08:34:13,COMPLETED,0,1
79KWH,8,3,FULL,24-06-2025,08:34:19,24-06-2025,08:34:37,24-06-2025,08:36:03,COMPLETED,0,1
79KWH,8,2,FULL,24-06-2025,08:35:18,24-06-2025,08:35:25,24-06-2025,08:38:10,COMPLETED,0,1
79KWH,8,3,FULL,24-06-2025,08:36:10,24-06-2025,08:36:26,24-06-2025,08:38:10,COMPLETED,0,1
79KWH,8,2,FULL,24-06-2025,08:38:17,24-06-2025,08:38:24,24-06-2025,08:41:05,COMPLETED,0,1
79KWH,8,3,FULL,24-06-2025,08:38:18,24-06-2025,08:38:33,24-06-2025,08:40:02,COMPLETED,0,1
79KWH,8,3,FULL,24-06-2025,08:40:08,24-06-2025,08:40:25,24-06-2025,08:42:03,COMPLETED,0,1
79KWH,8,2,FULL,24-06-2025,08:41:10,24-06-2025,08:41:19,24-06-2025,08:44:07,COMPLETED,0,1
79KWH,8,3,FULL,24-06-2025,08:42:09,24-06-2025,08:42:26,24-06-2025,08:44:01,COMPLETED,0,1
79KWH,8,3,FULL,24-06-2025,08:44:06,24-06-2025,08:46:20,24-06-2025,08:48:40,COMPLETED,0,1
79KWH,8,2,FULL,24-06-2025,08:44:12,24-06-2025,08:47:08,24-06-2025,08:49:59,COMPLETED,0,1
79KWH,8,3,FULL,24-06-2025,08:48:47,24-06-2025,08:51:06,24-06-2025,08:53:21,COMPLETED,0,1
79KWH,8,2,FULL,24-06-2025,08:50:06,24-06-2025,08:50:13,24-06-2025,08:53:02,COMPLETED,0,1
79KWH,8,2,FULL,24-06-2025,08:53:09,24-06-2025,08:53:15,24-06-2025,08:56:01,COMPLETED,0,1
79KWH,8,3,FULL,24-06-2025,08:53:28,24-06-2025,08:53:44,24-06-2025,08:55:24,COMPLETED,0,1
79KWH,8,3,FULL,24-06-2025,08:55:29,24-06-2025,08:55:47,24-06-2025,08:57:23,COMPLETED,0,1
79KWH,8,2,FULL,24-06-2025,08:56:06,24-06-2025,08:56:15,24-06-2025,08:59:04,COMPLETED,0,1
79KWH,8,3,FULL,24-06-2025,08:57:29,24-06-2025,08:57:46,24-06-2025,08:59:24,COMPLETED,0,1
79KWH,8,2,FULL,24-06-2025,08:59:10,24-06-2025,08:59:19,24-06-2025,09:02:05,COMPLETED,0,1
79KWH,8,3,FULL,24-06-2025,08:59:30,24-06-2025,08:59:47,24-06-2025,09:01:22,COMPLETED,0,1
79KWH,8,3,FULL,24-06-2025,09:01:30,24-06-2025,09:01:45,24-06-2025,09:04:05,COMPLETED,0,1
79KWH,8,2,FULL,24-06-2025,09:02:11,24-06-2025,09:02:18,24-06-2025,09:05:08,COMPLETED,0,1
79KWH,8,3,FULL,24-06-2025,09:04:12,24-06-2025,09:04:28,24-06-2025,09:06:08,COMPLETED,0,1
79KWH,8,2,FULL,24-06-2025,09:05:13,24-06-2025,09:05:22,24-06-2025,09:08:08,COMPLETED,0,1
79KWH,8,3,FULL,24-06-2025,09:06:14,24-06-2025,09:06:31,24-06-2025,09:08:14,COMPLETED,0,1
79KWH,8,2,FULL,24-06-2025,09:08:14,24-06-2025,09:08:22,24-06-2025,09:11:23,COMPLETED,0,1
79KWH,8,3,FULL,24-06-2025,09:08:21,24-06-2025,09:08:37,24-06-2025,09:10:17,COMPLETED,0,1
79KWH,8,3,FULL,24-06-2025,09:10:23,24-06-2025,09:10:40,24-06-2025,09:12:24,COMPLETED,0,1
79KWH,8,2,FULL,24-06-2025,09:11:29,24-06-2025,09:11:36,24-06-2025,09:14:24,COMPLETED,0,1
79KWH,8,3,FULL,24-06-2025,09:12:31,24-06-2025,09:12:46,24-06-2025,09:14:27,COMPLETED,0,1
79KWH,8,2,FULL,24-06-2025,09:14:31,24-06-2025,09:14:38,24-06-2025,09:17:31,COMPLETED,0,1
79KWH,8,3,FULL,24-06-2025,09:14:35,24-06-2025,09:14:50,24-06-2025,09:16:37,COMPLETED,0,1
79KWH,8,3,FULL,24-06-2025,09:16:43,24-06-2025,09:19:01,24-06-2025,09:21:23,COMPLETED,0,1
79KWH,8,3,FULL,24-06-2025,09:21:30,24-06-2025,09:23:51,24-06-2025,09:26:18,COMPLETED,0,1
79KWH,8,3,FULL,24-06-2025,09:27:29,24-06-2025,09:27:50,24-06-2025,09:29:33,COMPLETED,0,1
79KWH,8,2,FULL,24-06-2025,09:27:38,24-06-2025,09:27:52,24-06-2025,09:30:46,COMPLETED,0,1
79KWH,8,3,FULL,24-06-2025,09:29:40,24-06-2025,09:29:56,24-06-2025,09:31:44,COMPLETED,0,1
79KWH,8,2,FULL,24-06-2025,09:30:52,24-06-2025,09:31:00,24-06-2025,09:33:56,COMPLETED,0,1
79KWH,8,3,FULL,24-06-2025,09:31:51,24-06-2025,09:32:07,24-06-2025,09:33:51,COMPLETED,0,1
79KWH,8,3,FULL,24-06-2025,09:33:59,24-06-2025,09:34:14,24-06-2025,09:36:02,COMPLETED,0,1
79KWH,8,2,FULL,24-06-2025,09:34:03,24-06-2025,09:34:10,24-06-2025,09:37:04,COMPLETED,0,1
79KWH,8,3,FULL,24-06-2025,09:36:08,24-06-2025,09:36:24,24-06-2025,09:38:08,COMPLETED,0,1
79KWH,8,2,FULL,24-06-2025,09:37:09,24-06-2025,09:37:18,24-06-2025,09:40:17,COMPLETED,0,1
79KWH,8,3,FULL,24-06-2025,09:38:15,24-06-2025,09:38:32,24-06-2025,09:40:22,COMPLETED,0,1
79KWH,8,2,FULL,24-06-2025,09:40:24,24-06-2025,09:40:31,24-06-2025,09:43:26,COMPLETED,0,1
79KWH,8,3,FULL,24-06-2025,09:40:30,24-06-2025,09:40:46,24-06-2025,09:42:31,COMPLETED,0,1
79KWH,8,3,FULL,24-06-2025,09:42:38,24-06-2025,09:42:54,24-06-2025,09:44:46,COMPLETED,0,1
79KWH,8,2,FULL,24-06-2025,09:43:32,24-06-2025,09:43:40,24-06-2025,09:46:37,COMPLETED,0,1
79KWH,8,3,FULL,24-06-2025,09:44:53,24-06-2025,09:45:09,24-06-2025,09:46:57,COMPLETED,0,1
79KWH,8,2,FULL,24-06-2025,09:46:43,24-06-2025,09:46:51,24-06-2025,09:49:42,COMPLETED,0,1
79KWH,8,3,FULL,24-06-2025,09:47:04,24-06-2025,09:47:20,24-06-2025,09:49:08,COMPLETED,0,1
79KWH,8,3,FULL,24-06-2025,09:49:14,24-06-2025,09:49:30,24-06-2025,09:51:19,COMPLETED,0,1
79KWH,8,2,FULL,24-06-2025,09:49:48,24-06-2025,09:49:55,24-06-2025,09:52:54,COMPLETED,0,1
79KWH,8,3,FULL,24-06-2025,09:51:26,24-06-2025,09:51:42,24-06-2025,09:53:35,COMPLETED,0,1
79KWH,8,2,FULL,24-06-2025,09:52:59,24-06-2025,09:53:08,24-06-2025,09:56:01,COMPLETED,0,1
79KWH,8,3,FULL,24-06-2025,09:53:43,24-06-2025,09:53:58,24-06-2025,09:55:47,COMPLETED,0,1
79KWH,8,3,FULL,24-06-2025,09:55:53,24-06-2025,09:58:01,24-06-2025,10:00:31,COMPLETED,0,1
79KWH,8,2,FULL,24-06-2025,09:56:06,24-06-2025,09:59:02,24-06-2025,10:02:03,COMPLETED,0,1
79KWH,8,3,FULL,24-06-2025,10:00:36,24-06-2025,10:02:48,24-06-2025,10:05:15,COMPLETED,0,1
79KWH,8,2,FULL,24-06-2025,10:02:09,24-06-2025,10:02:16,24-06-2025,10:05:13,COMPLETED,0,1
79KWH,8,2,FULL,24-06-2025,10:05:19,24-06-2025,10:05:27,24-06-2025,10:08:26,COMPLETED,0,1
79KWH,8,3,FULL,24-06-2025,10:05:21,24-06-2025,10:05:37,24-06-2025,10:07:34,COMPLETED,0,1
79KWH,8,3,FULL,24-06-2025,10:07:40,24-06-2025,10:07:57,24-06-2025,10:09:49,COMPLETED,0,1
79KWH,8,2,FULL,24-06-2025,10:08:32,24-06-2025,10:08:39,24-06-2025,10:11:39,COMPLETED,0,1
79KWH,8,3,FULL,24-06-2025,10:09:54,24-06-2025,10:10:12,24-06-2025,10:12:10,COMPLETED,0,1
79KWH,8,2,FULL,24-06-2025,10:11:44,24-06-2025,10:11:53,24-06-2025,10:14:56,COMPLETED,0,1
79KWH,8,3,FULL,24-06-2025,10:12:16,24-06-2025,10:12:32,24-06-2025,10:14:21,COMPLETED,0,1
79KWH,8,3,FULL,24-06-2025,10:14:28,24-06-2025,10:14:44,24-06-2025,10:16:42,COMPLETED,0,1
79KWH,8,2,FULL,24-06-2025,10:15:01,24-06-2025,10:15:10,24-06-2025,10:18:11,COMPLETED,0,1
79KWH,8,3,FULL,24-06-2025,10:16:49,24-06-2025,10:17:05,24-06-2025,10:18:57,COMPLETED,0,1
79KWH,8,3,FULL,24-06-2025,10:19:03,24-06-2025,10:19:20,24-06-2025,10:21:20,COMPLETED,0,1
79KWH,8,3,FULL,24-06-2025,10:21:27,24-06-2025,10:23:56,24-06-2025,10:26:24,COMPLETED,0,1
79KWH,8,3,FULL,24-06-2025,10:26:32,24-06-2025,10:26:47,24-06-2025,10:28:48,COMPLETED,0,1
79KWH,8,3,FULL,24-06-2025,10:28:55,24-06-2025,10:29:11,24-06-2025,10:31:06,COMPLETED,0,1
79KWH,8,3,FULL,24-06-2025,10:31:13,24-06-2025,10:31:29,24-06-2025,10:33:29,COMPLETED,0,1
79KWH,8,3,FULL,24-06-2025,10:33:37,24-06-2025,10:33:52,24-06-2025,10:35:51,COMPLETED,0,1
79KWH,8,3,FULL,24-06-2025,10:35:59,24-06-2025,10:38:32,24-06-2025,10:41:05,COMPLETED,0,1
79KWH,8,3,FULL,24-06-2025,10:41:12,24-06-2025,10:41:28,24-06-2025,10:43:25,COMPLETED,0,1
79KWH,8,3,FULL,24-06-2025,10:43:32,24-06-2025,10:43:48,24-06-2025,10:46:00,COMPLETED,0,1
79KWH,8,3,FULL,24-06-2025,10:46:08,24-06-2025,10:46:23,24-06-2025,10:48:22,COMPLETED,0,1
79KWH,8,3,FULL,24-06-2025,10:48:30,24-06-2025,10:48:46,24-06-2025,10:50:50,COMPLETED,0,1
79KWH,8,3,FULL,24-06-2025,10:50:56,24-06-2025,10:51:13,24-06-2025,10:53:22,COMPLETED,0,1
79KWH,8,3,FULL,24-06-2025,10:53:28,24-06-2025,10:53:45,24-06-2025,10:55:49,COMPLETED,0,1
79KWH,8,3,FULL,24-06-2025,10:55:56,24-06-2025,10:56:12,24-06-2025,10:58:23,COMPLETED,0,1
79KWH,8,3,FULL,24-06-2025,10:58:29,24-06-2025,10:58:45,24-06-2025,11:00:59,COMPLETED,0,1
79KWH,8,3,FULL,24-06-2025,11:01:07,24-06-2025,11:01:22,24-06-2025,11:03:33,COMPLETED,0,1
79KWH,8,3,FULL,24-06-2025,11:03:39,24-06-2025,11:03:56,24-06-2025,11:06:11,COMPLETED,0,1
79KWH,8,3,FULL,24-06-2025,11:06:17,24-06-2025,11:06:34,24-06-2025,11:08:37,COMPLETED,0,1
79KWH,8,3,FULL,24-06-2025,11:08:43,24-06-2025,11:09:00,24-06-2025,11:11:08,COMPLETED,0,1
79KWH,8,3,FULL,24-06-2025,11:11:15,24-06-2025,11:11:31,24-06-2025,11:13:37,COMPLETED,0,1
79KWH,8,3,FULL,24-06-2025,11:13:44,24-06-2025,11:13:59,24-06-2025,11:16:09,COMPLETED,0,1
79KWH,8,3,FULL,24-06-2025,11:16:14,24-06-2025,11:16:32,24-06-2025,11:18:37,COMPLETED,0,1
79KWH,8,3,FULL,24-06-2025,11:18:43,24-06-2025,11:19:01,24-06-2025,11:21:19,COMPLETED,0,1
79KWH,8,3,FULL,24-06-2025,11:21:25,24-06-2025,11:21:42,24-06-2025,11:23:49,COMPLETED,0,1
79KWH,8,3,FULL,24-06-2025,11:23:55,24-06-2025,11:24:12,24-06-2025,11:26:27,COMPLETED,0,1
79KWH,8,3,FULL,24-06-2025,11:26:34,24-06-2025,11:26:49,24-06-2025,11:28:58,COMPLETED,0,1
79KWH,8,3,FULL,24-06-2025,11:29:03,24-06-2025,11:29:21,24-06-2025,11:31:33,COMPLETED,0,1
79KWH,8,3,FULL,24-06-2025,11:31:40,24-06-2025,11:31:57,24-06-2025,11:34:05,COMPLETED,0,1
79KWH,8,3,FULL,24-06-2025,11:34:12,24-06-2025,11:34:28,24-06-2025,11:36:42,COMPLETED,0,1
79KWH,8,3,FULL,24-06-2025,11:36:49,24-06-2025,11:37:05,24-06-2025,11:39:14,COMPLETED,0,1
79KWH,8,3,FULL,24-06-2025,11:39:20,24-06-2025,11:39:36,24-06-2025,11:41:52,COMPLETED,0,1
79KWH,8,3,FULL,24-06-2025,11:41:58,24-06-2025,11:42:14,24-06-2025,11:44:25,COMPLETED,0,1
79KWH,8,3,FULL,24-06-2025,11:44:33,24-06-2025,11:44:48,24-06-2025,11:47:13,COMPLETED,0,1
79KWH,8,3,FULL,24-06-2025,11:47:20,24-06-2025,11:47:36,24-06-2025,11:49:43,COMPLETED,0,1
79KWH,8,3,FULL,24-06-2025,12:44:23,24-06-2025,12:56:36,24-06-2025,12:59:41,COMPLETED,0,1
79KWH,8,3,FULL,24-06-2025,12:59:47,24-06-2025,13:00:04,24-06-2025,13:02:17,COMPLETED,0,1
79KWH,8,3,FULL,24-06-2025,13:02:24,24-06-2025,13:02:39,24-06-2025,13:04:56,COMPLETED,0,1
79KWH,8,3,FULL,24-06-2025,13:05:03,24-06-2025,13:05:19,24-06-2025,13:07:40,COMPLETED,0,1
79KWH,8,3,FULL,24-06-2025,13:07:46,24-06-2025,13:08:03,24-06-2025,13:10:22,COMPLETED,0,1
79KWH,8,3,FULL,24-06-2025,13:10:29,24-06-2025,13:10:45,24-06-2025,13:13:07,COMPLETED,0,1
79KWH,8,3,FULL,24-06-2025,13:13:13,24-06-2025,13:13:31,24-06-2025,13:15:51,COMPLETED,0,1
79KWH,8,3,FULL,24-06-2025,13:15:57,24-06-2025,13:16:14,24-06-2025,13:18:31,COMPLETED,0,1
79KWH,8,3,FULL,24-06-2025,13:18:38,24-06-2025,13:18:54,24-06-2025,13:21:23,COMPLETED,0,1
79KWH,8,3,FULL,24-06-2025,13:21:30,24-06-2025,13:21:46,24-06-2025,13:24:05,COMPLETED,0,1
79KWH,8,3,FULL,24-06-2025,13:24:11,24-06-2025,13:24:27,24-06-2025,13:26:50,COMPLETED,0,1
79KWH,8,3,FULL,24-06-2025,13:26:56,24-06-2025,13:27:13,24-06-2025,13:29:35,COMPLETED,0,1
79KWH,8,3,FULL,24-06-2025,13:29:42,24-06-2025,13:29:58,24-06-2025,13:32:22,COMPLETED,0,1
79KWH,8,3,FULL,24-06-2025,13:32:28,24-06-2025,13:32:44,24-06-2025,13:35:03,COMPLETED,0,1
79KWH,8,3,FULL,24-06-2025,13:35:09,24-06-2025,13:35:26,24-06-2025,13:37:52,COMPLETED,0,1
79KWH,8,3,FULL,24-06-2025,13:37:59,24-06-2025,13:38:15,24-06-2025,13:40:36,COMPLETED,0,1
79KWH,8,3,FULL,24-06-2025,13:40:43,24-06-2025,13:40:58,24-06-2025,13:43:24,COMPLETED,0,1
79KWH,8,3,FULL,24-06-2025,13:43:30,24-06-2025,13:43:47,24-06-2025,13:46:09,COMPLETED,0,1
79KWH,8,3,FULL,24-06-2025,13:46:16,24-06-2025,13:46:32,24-06-2025,13:48:58,COMPLETED,0,1
79KWH,8,3,FULL,24-06-2025,13:49:05,24-06-2025,13:49:20,24-06-2025,13:51:42,COMPLETED,0,1
79KWH,8,3,FULL,24-06-2025,13:51:48,24-06-2025,13:52:05,24-06-2025,13:54:32,COMPLETED,0,1
79KWH,8,3,FULL,24-06-2025,13:54:38,24-06-2025,13:54:55,24-06-2025,13:57:19,COMPLETED,0,1
79KWH,8,1,FULL,24-06-2025,13:55:04,24-06-2025,13:57:58,24-06-2025,14:00:48,COMPLETED,0,1
79KWH,8,3,FULL,24-06-2025,13:57:25,24-06-2025,13:57:42,24-06-2025,14:00:11,COMPLETED,0,1
79KWH,8,3,FULL,24-06-2025,14:00:17,24-06-2025,14:00:34,24-06-2025,14:02:59,COMPLETED,0,1
79KWH,8,1,FULL,24-06-2025,14:00:53,24-06-2025,14:03:45,24-06-2025,14:08:24,COMPLETED,0,1
79KWH,8,3,FULL,24-06-2025,14:03:05,24-06-2025,14:03:21,24-06-2025,14:05:59,COMPLETED,0,1
79KWH,8,3,FULL,24-06-2025,14:06:06,24-06-2025,14:06:22,24-06-2025,14:08:55,COMPLETED,0,1
79KWH,8,1,FULL,24-06-2025,14:08:29,24-06-2025,14:09:35,24-06-2025,14:10:39,COMPLETED,0,1
79KWH,8,3,FULL,24-06-2025,14:09:03,24-06-2025,14:09:19,24-06-2025,14:11:51,COMPLETED,0,1
79KWH,8,3,FULL,24-06-2025,14:11:59,24-06-2025,14:12:14,24-06-2025,14:14:50,COMPLETED,0,1
79KWH,8,3,FULL,24-06-2025,14:14:57,24-06-2025,14:15:13,24-06-2025,14:17:44,COMPLETED,0,1
79KWH,8,3,FULL,24-06-2025,14:17:51,24-06-2025,14:18:07,24-06-2025,14:20:35,COMPLETED,0,1
79KWH,8,3,FULL,24-06-2025,14:20:42,24-06-2025,14:20:59,24-06-2025,14:23:42,COMPLETED,0,1
79KWH,8,3,FULL,24-06-2025,14:23:49,24-06-2025,14:24:05,24-06-2025,14:26:34,COMPLETED,0,1
79KWH,8,3,FULL,24-06-2025,14:26:41,24-06-2025,14:26:57,24-06-2025,14:29:36,COMPLETED,0,1
79KWH,8,3,FULL,24-06-2025,14:29:42,24-06-2025,14:29:59,24-06-2025,14:32:31,COMPLETED,0,1
79KWH,8,3,FULL,24-06-2025,14:32:39,24-06-2025,14:32:55,24-06-2025,14:35:30,COMPLETED,0,1
79KWH,8,3,FULL,24-06-2025,14:35:36,24-06-2025,14:35:53,24-06-2025,14:38:25,COMPLETED,0,1
79KWH,8,3,FULL,24-06-2025,14:38:31,24-06-2025,14:38:47,24-06-2025,14:41:24,COMPLETED,0,1
79KWH,8,3,FULL,24-06-2025,14:41:32,24-06-2025,14:41:47,24-06-2025,14:44:21,COMPLETED,0,1
79KWH,8,3,FULL,24-06-2025,14:44:26,24-06-2025,14:44:44,24-06-2025,14:47:23,COMPLETED,0,1
79KWH,8,3,FULL,24-06-2025,14:47:29,24-06-2025,14:47:47,24-06-2025,14:50:22,COMPLETED,0,1
79KWH,8,3,FULL,24-06-2025,14:50:28,24-06-2025,14:50:44,24-06-2025,14:53:25,COMPLETED,0,1
79KWH,8,3,FULL,24-06-2025,14:53:31,24-06-2025,14:53:48,24-06-2025,14:56:32,COMPLETED,0,1
79KWH,8,3,FULL,24-06-2025,14:56:39,24-06-2025,14:56:55,24-06-2025,14:59:36,COMPLETED,0,1
79KWH,8,3,FULL,24-06-2025,14:59:43,24-06-2025,14:59:59,24-06-2025,15:02:36,COMPLETED,0,1
79KWH,8,3,FULL,24-06-2025,15:02:43,24-06-2025,15:02:59,24-06-2025,15:05:41,COMPLETED,0,1
79KWH,8,3,FULL,24-06-2025,15:05:48,24-06-2025,15:06:04,24-06-2025,15:08:43,COMPLETED,0,1
79KWH,8,3,FULL,24-06-2025,15:08:50,24-06-2025,15:11:40,24-06-2025,15:14:35,COMPLETED,0,1
79KWH,8,3,FULL,24-06-2025,15:14:42,24-06-2025,15:17:28,24-06-2025,15:20:19,COMPLETED,0,1
79KWH,8,3,FULL,24-06-2025,15:20:25,24-06-2025,15:23:39,24-06-2025,15:26:37,COMPLETED,0,1
79KWH,8,3,FULL,24-06-2025,15:26:43,24-06-2025,15:29:31,24-06-2025,15:32:30,COMPLETED,0,1
79KWH,8,3,FULL,24-06-2025,15:32:37,24-06-2025,15:35:19,24-06-2025,15:38:16,COMPLETED,0,1
79KWH,8,3,FULL,24-06-2025,15:38:22,24-06-2025,15:38:39,24-06-2025,15:41:29,COMPLETED,0,1
79KWH,8,3,FULL,24-06-2025,15:41:36,24-06-2025,15:41:51,24-06-2025,15:44:42,COMPLETED,0,1
79KWH,8,3,FULL,24-06-2025,15:44:48,24-06-2025,15:47:37,24-06-2025,15:50:33,COMPLETED,0,1
79KWH,8,3,FULL,24-06-2025,15:50:40,24-06-2025,15:50:56,24-06-2025,15:53:43,COMPLETED,0,1
79KWH,8,3,FULL,24-06-2025,15:53:50,24-06-2025,15:54:06,24-06-2025,15:56:50,COMPLETED,0,1
79KWH,8,3,FULL,24-06-2025,15:56:57,24-06-2025,15:59:25,24-06-2025,16:02:24,COMPLETED,0,1
79KWH,8,3,FULL,24-06-2025,16:02:31,24-06-2025,16:05:04,24-06-2025,16:07:58,COMPLETED,0,1
79KWH,8,3,FULL,24-06-2025,16:08:04,24-06-2025,16:10:55,24-06-2025,16:13:54,COMPLETED,0,1
79KWH,8,3,FULL,24-06-2025,16:14:01,24-06-2025,16:14:17,24-06-2025,16:17:03,COMPLETED,0,1
79KWH,8,3,FULL,24-06-2025,16:17:09,24-06-2025,16:17:26,24-06-2025,16:20:28,COMPLETED,0,1
79KWH,8,3,FULL,24-06-2025,16:20:33,24-06-2025,16:20:51,24-06-2025,16:23:38,COMPLETED,0,1
79KWH,8,3,FULL,24-06-2025,16:23:44,24-06-2025,16:24:01,24-06-2025,16:26:52,COMPLETED,0,1
79KWH,8,3,FULL,24-06-2025,16:26:58,24-06-2025,16:27:15,24-06-2025,16:30:05,COMPLETED,0,1
79KWH,8,3,FULL,24-06-2025,16:30:12,24-06-2025,16:30:28,24-06-2025,16:33:29,COMPLETED,0,1
79KWH,8,3,FULL,24-06-2025,16:33:35,24-06-2025,16:33:52,24-06-2025,16:36:40,COMPLETED,0,1
79KWH,8,3,FULL,24-06-2025,16:36:46,24-06-2025,16:37:02,24-06-2025,16:39:57,COMPLETED,0,1
79KWH,8,3,FULL,24-06-2025,16:40:04,24-06-2025,16:42:54,24-06-2025,16:45:51,COMPLETED,0,1
79KWH,8,3,FULL,24-06-2025,16:45:57,24-06-2025,16:48:40,24-06-2025,16:51:44,COMPLETED,0,1
79KWH,8,3,FULL,24-06-2025,16:51:49,24-06-2025,16:54:48,24-06-2025,16:57:45,COMPLETED,0,1
79KWH,8,3,FULL,24-06-2025,16:57:52,24-06-2025,16:58:08,24-06-2025,17:01:03,COMPLETED,0,1
79KWH,8,3,FULL,24-06-2025,17:01:10,24-06-2025,17:01:27,24-06-2025,17:04:21,COMPLETED,0,1
79KWH,8,3,FULL,24-06-2025,17:04:27,24-06-2025,17:07:21,24-06-2025,17:10:23,COMPLETED,0,1
79KWH,8,3,FULL,24-06-2025,17:10:30,24-06-2025,17:13:20,24-06-2025,17:16:18,COMPLETED,0,1
79KWH,8,3,FULL,24-06-2025,17:16:24,24-06-2025,17:19:10,24-06-2025,17:22:15,COMPLETED,0,1
79KWH,8,3,FULL,24-06-2025,17:22:22,24-06-2025,17:25:09,24-06-2025,17:28:07,COMPLETED,0,1
79KWH,8,3,FULL,24-06-2025,17:28:13,24-06-2025,17:28:29,24-06-2025,17:31:30,COMPLETED,0,1
79KWH,8,3,FULL,24-06-2025,17:31:36,24-06-2025,17:34:09,24-06-2025,17:37:10,COMPLETED,0,1
79KWH,8,3,FULL,24-06-2025,17:37:16,24-06-2025,17:39:54,24-06-2025,17:42:59,COMPLETED,0,1
79KWH,8,3,FULL,24-06-2025,17:43:05,24-06-2025,17:45:49,24-06-2025,17:48:52,COMPLETED,0,1
79KWH,8,3,FULL,24-06-2025,17:48:58,24-06-2025,17:51:47,24-06-2025,17:54:54,COMPLETED,0,1
79KWH,8,3,FULL,24-06-2025,17:55:00,24-06-2025,17:55:17,24-06-2025,17:58:22,COMPLETED,0,1
79KWH,8,3,FULL,24-06-2025,17:58:29,24-06-2025,17:58:45,24-06-2025,18:01:48,COMPLETED,0,1
79KWH,8,3,FULL,24-06-2025,18:01:56,24-06-2025,18:02:11,24-06-2025,18:05:11,COMPLETED,0,1
79KWH,8,3,FULL,24-06-2025,18:05:18,24-06-2025,18:05:34,24-06-2025,18:08:39,COMPLETED,0,1
79KWH,8,3,FULL,24-06-2025,18:08:45,24-06-2025,18:09:02,24-06-2025,18:12:01,COMPLETED,0,1
79KWH,8,3,FULL,24-06-2025,18:12:07,24-06-2025,18:12:24,24-06-2025,18:15:37,COMPLETED,0,1
79KWH,8,3,FULL,24-06-2025,18:15:43,24-06-2025,18:16:01,24-06-2025,18:19:02,COMPLETED,0,1
79KWH,8,3,FULL,24-06-2025,18:19:08,24-06-2025,18:19:25,24-06-2025,18:21:57,COMPLETED,0,1
79KWH,8,3,FULL,24-06-2025,18:22:04,24-06-2025,18:22:19,24-06-2025,18:23:56,COMPLETED,0,1
79KWH,8,3,FULL,24-06-2025,18:24:03,24-06-2025,18:26:19,24-06-2025,18:28:45,COMPLETED,0,1
79KWH,8,3,FULL,24-06-2025,18:28:51,24-06-2025,18:31:11,24-06-2025,18:33:33,COMPLETED,0,1
79KWH,8,3,FULL,24-06-2025,18:33:40,24-06-2025,18:33:56,24-06-2025,18:35:38,COMPLETED,0,1
79KWH,8,3,FULL,24-06-2025,18:35:44,24-06-2025,18:36:01,24-06-2025,18:37:39,COMPLETED,0,1
79KWH,8,3,FULL,24-06-2025,18:37:45,24-06-2025,18:38:02,24-06-2025,18:54:48,COMPLETED,0,1
79KWH,8,3,FULL,24-06-2025,18:54:55,24-06-2025,18:57:13,24-06-2025,19:12:15,COMPLETED,0,1
79KWH,8,3,FULL,24-06-2025,19:12:22,24-06-2025,19:14:48,24-06-2025,19:17:11,COMPLETED,0,1
79KWH,8,3,FULL,24-06-2025,19:17:18,24-06-2025,19:19:34,24-06-2025,19:21:53,COMPLETED,0,1
79KWH,8,3,FULL,24-06-2025,19:21:58,24-06-2025,19:22:15,24-06-2025,19:23:57,COMPLETED,0,1
79KWH,8,3,FULL,24-06-2025,19:24:04,24-06-2025,19:26:21,24-06-2025,19:28:41,COMPLETED,0,1
79KWH,8,3,FULL,24-06-2025,19:28:48,24-06-2025,19:29:04,24-06-2025,19:30:46,COMPLETED,0,1
79KWH,8,3,FULL,24-06-2025,19:30:54,24-06-2025,19:33:08,24-06-2025,19:35:28,COMPLETED,0,1
79KWH,8,3,FULL,24-06-2025,19:35:34,24-06-2025,19:35:51,24-06-2025,19:37:33,COMPLETED,0,1
79KWH,8,3,FULL,24-06-2025,19:37:40,24-06-2025,19:37:55,24-06-2025,19:39:33,COMPLETED,0,1
79KWH,8,3,FULL,24-06-2025,19:39:39,24-06-2025,19:42:01,24-06-2025,19:44:29,COMPLETED,0,1
79KWH,8,3,FULL,24-06-2025,19:44:34,24-06-2025,19:46:48,24-06-2025,19:49:08,COMPLETED,0,1
79KWH,8,3,FULL,24-06-2025,19:49:15,24-06-2025,19:49:31,24-06-2025,19:51:12,COMPLETED,0,1
79KWH,8,3,FULL,24-06-2025,19:51:19,24-06-2025,19:51:35,24-06-2025,19:53:09,COMPLETED,0,1
79KWH,8,3,FULL,24-06-2025,19:53:16,24-06-2025,19:53:32,24-06-2025,19:55:14,COMPLETED,0,1
79KWH,8,3,FULL,24-06-2025,19:55:21,24-06-2025,19:55:37,24-06-2025,19:57:15,COMPLETED,0,1
79KWH,8,3,FULL,24-06-2025,19:57:22,24-06-2025,19:57:38,24-06-2025,19:59:22,COMPLETED,0,1
79KWH,8,3,FULL,24-06-2025,19:59:28,24-06-2025,19:59:45,24-06-2025,20:01:22,COMPLETED,0,1
79KWH,8,3,FULL,24-06-2025,20:01:30,24-06-2025,20:01:45,24-06-2025,20:03:27,COMPLETED,0,1
79KWH,8,3,FULL,24-06-2025,20:03:33,24-06-2025,20:03:49,24-06-2025,20:05:28,COMPLETED,0,1
79KWH,8,3,FULL,24-06-2025,20:05:35,24-06-2025,20:05:51,24-06-2025,20:07:32,COMPLETED,0,1
79KWH,8,3,FULL,24-06-2025,20:07:39,24-06-2025,20:07:56,24-06-2025,20:09:33,COMPLETED,0,1
79KWH,8,3,FULL,24-06-2025,20:09:38,24-06-2025,20:09:56,24-06-2025,20:11:40,COMPLETED,0,1
79KWH,8,3,FULL,24-06-2025,20:11:46,24-06-2025,20:12:03,24-06-2025,20:13:42,COMPLETED,0,1
79KWH,8,3,FULL,24-06-2025,20:13:48,24-06-2025,20:16:06,24-06-2025,20:18:32,COMPLETED,0,1
79KWH,8,3,FULL,24-06-2025,20:18:39,24-06-2025,20:18:55,24-06-2025,20:20:32,COMPLETED,0,1
79KWH,8,3,FULL,24-06-2025,20:20:38,24-06-2025,20:20:55,24-06-2025,20:22:47,COMPLETED,0,1
79KWH,8,3,FULL,24-06-2025,20:22:54,24-06-2025,20:23:10,24-06-2025,20:24:47,COMPLETED,0,1
79KWH,8,3,FULL,24-06-2025,20:24:54,24-06-2025,20:25:10,24-06-2025,20:26:52,COMPLETED,0,1
79KWH,8,3,FULL,24-06-2025,20:26:58,24-06-2025,20:27:14,24-06-2025,20:28:54,COMPLETED,0,1
79KWH,8,3,FULL,24-06-2025,20:29:00,24-06-2025,20:29:17,24-06-2025,20:31:00,COMPLETED,0,1
79KWH,8,3,FULL,24-06-2025,20:31:06,24-06-2025,20:31:23,24-06-2025,20:33:01,COMPLETED,0,1
79KWH,8,3,FULL,24-06-2025,20:33:08,24-06-2025,20:33:24,24-06-2025,20:35:06,COMPLETED,0,1
79KWH,8,3,FULL,24-06-2025,20:35:12,24-06-2025,20:35:28,24-06-2025,20:37:07,COMPLETED,0,1
79KWH,8,3,FULL,24-06-2025,20:37:12,24-06-2025,20:37:30,24-06-2025,20:39:12,COMPLETED,0,1
79KWH,8,3,FULL,24-06-2025,21:01:24,24-06-2025,21:01:32,24-06-2025,21:03:10,COMPLETED,0,1
79KWH,8,3,FULL,24-06-2025,21:03:17,24-06-2025,21:03:33,24-06-2025,21:05:16,COMPLETED,0,1
79KWH,8,3,FULL,24-06-2025,21:05:23,24-06-2025,21:05:39,24-06-2025,21:07:17,COMPLETED,0,1
79KWH,8,3,FULL,24-06-2025,21:07:23,24-06-2025,21:07:39,24-06-2025,21:09:23,COMPLETED,0,1
79KWH,8,3,FULL,24-06-2025,21:09:31,24-06-2025,21:09:47,24-06-2025,21:11:25,COMPLETED,0,1
79KWH,8,3,FULL,24-06-2025,21:11:32,24-06-2025,21:11:48,24-06-2025,21:13:30,COMPLETED,0,1
79KWH,8,3,FULL,24-06-2025,21:13:36,24-06-2025,21:13:53,24-06-2025,21:15:29,COMPLETED,0,1
79KWH,8,3,FULL,24-06-2025,21:15:36,24-06-2025,21:15:52,24-06-2025,21:17:33,COMPLETED,0,1
79KWH,8,3,FULL,24-06-2025,21:17:40,24-06-2025,21:17:56,24-06-2025,21:19:34,COMPLETED,0,1
79KWH,8,3,FULL,24-06-2025,21:19:40,24-06-2025,21:19:57,24-06-2025,21:21:39,COMPLETED,0,1
79KWH,8,3,FULL,24-06-2025,21:21:46,24-06-2025,21:22:02,24-06-2025,21:23:40,COMPLETED,0,1
79KWH,8,3,FULL,24-06-2025,21:23:47,24-06-2025,21:24:03,24-06-2025,21:25:46,COMPLETED,0,1
79KWH,8,3,FULL,24-06-2025,21:25:51,24-06-2025,21:26:08,24-06-2025,21:27:53,COMPLETED,0,1
79KWH,8,3,FULL,24-06-2025,21:28:00,24-06-2025,21:28:17,24-06-2025,21:29:58,COMPLETED,0,1
79KWH,8,3,FULL,24-06-2025,21:30:06,24-06-2025,21:30:21,24-06-2025,21:32:05,COMPLETED,0,1
79KWH,8,3,FULL,24-06-2025,21:32:12,24-06-2025,21:32:28,24-06-2025,21:34:12,COMPLETED,0,1
79KWH,8,3,FULL,24-06-2025,21:34:18,24-06-2025,21:34:35,24-06-2025,21:36:20,COMPLETED,0,1
79KWH,8,3,FULL,24-06-2025,21:36:26,24-06-2025,21:36:43,24-06-2025,21:38:26,COMPLETED,0,1
79KWH,8,3,FULL,24-06-2025,21:38:33,24-06-2025,21:38:50,24-06-2025,21:40:29,COMPLETED,0,1
79KWH,8,3,FULL,24-06-2025,21:40:37,24-06-2025,21:40:52,24-06-2025,21:42:35,COMPLETED,0,1
79KWH,8,3,FULL,24-06-2025,21:42:41,24-06-2025,21:42:58,24-06-2025,21:44:38,COMPLETED,0,1
79KWH,8,3,FULL,24-06-2025,21:44:45,24-06-2025,21:45:00,24-06-2025,21:46:46,COMPLETED,0,1
79KWH,8,3,FULL,24-06-2025,21:46:54,24-06-2025,21:47:09,24-06-2025,21:48:50,COMPLETED,0,1
79KWH,8,3,FULL,24-06-2025,21:48:58,24-06-2025,21:49:13,24-06-2025,21:50:59,COMPLETED,0,1
79KWH,8,3,FULL,24-06-2025,21:51:06,24-06-2025,21:51:22,24-06-2025,21:53:06,COMPLETED,0,1
79KWH,8,3,FULL,24-06-2025,21:53:13,24-06-2025,21:53:29,24-06-2025,21:55:13,COMPLETED,0,1
79KWH,8,3,FULL,24-06-2025,21:55:18,24-06-2025,21:55:36,24-06-2025,21:57:20,COMPLETED,0,1
79KWH,8,3,FULL,24-06-2025,21:57:32,24-06-2025,21:57:43,24-06-2025,21:59:27,COMPLETED,0,1
79KWH,8,3,FULL,24-06-2025,21:59:33,24-06-2025,21:59:49,24-06-2025,22:01:40,COMPLETED,0,1
79KWH,8,3,FULL,24-06-2025,22:01:48,24-06-2025,22:02:04,24-06-2025,22:03:53,COMPLETED,0,1
79KWH,8,3,FULL,24-06-2025,22:04:01,24-06-2025,22:04:16,24-06-2025,22:06:06,COMPLETED,0,1
79KWH,8,3,FULL,24-06-2025,22:06:14,24-06-2025,22:06:29,24-06-2025,22:08:15,COMPLETED,0,1
79KWH,8,3,FULL,24-06-2025,22:08:22,24-06-2025,22:08:38,24-06-2025,22:10:29,COMPLETED,0,1
79KWH,8,3,FULL,24-06-2025,22:10:37,24-06-2025,22:10:52,24-06-2025,22:12:39,COMPLETED,0,1
79KWH,8,3,FULL,24-06-2025,22:12:47,24-06-2025,22:13:02,24-06-2025,22:14:55,COMPLETED,0,1
79KWH,8,3,FULL,24-06-2025,22:15:00,24-06-2025,22:15:20,24-06-2025,22:17:10,COMPLETED,0,1
79KWH,8,3,FULL,24-06-2025,22:17:15,24-06-2025,22:17:33,24-06-2025,22:19:35,COMPLETED,0,1
79KWH,8,3,FULL,24-06-2025,22:19:41,24-06-2025,22:19:58,24-06-2025,22:21:46,COMPLETED,0,1
79KWH,8,3,FULL,24-06-2025,22:21:53,24-06-2025,22:22:09,24-06-2025,22:24:13,COMPLETED,0,1
79KWH,8,3,FULL,24-06-2025,22:24:19,24-06-2025,22:24:36,24-06-2025,22:26:26,COMPLETED,0,1
79KWH,8,3,FULL,24-06-2025,22:26:32,24-06-2025,22:26:48,24-06-2025,22:28:44,COMPLETED,0,1
79KWH,8,3,FULL,24-06-2025,22:28:51,24-06-2025,22:29:07,24-06-2025,22:30:59,COMPLETED,0,1
79KWH,8,3,FULL,24-06-2025,22:31:06,24-06-2025,22:31:22,24-06-2025,22:33:31,COMPLETED,0,1
79KWH,8,3,FULL,24-06-2025,22:33:36,24-06-2025,22:33:53,24-06-2025,22:35:45,COMPLETED,0,1
79KWH,8,3,FULL,24-06-2025,22:35:53,24-06-2025,22:36:08,24-06-2025,22:38:16,COMPLETED,0,1
79KWH,8,3,FULL,24-06-2025,22:38:23,24-06-2025,22:38:38,24-06-2025,22:40:37,COMPLETED,0,1
79KWH,8,3,FULL,24-06-2025,22:40:45,24-06-2025,22:41:00,24-06-2025,22:43:05,COMPLETED,0,1
79KWH,8,3,FULL,24-06-2025,22:43:11,24-06-2025,22:43:28,24-06-2025,22:45:31,COMPLETED,0,1
79KWH,8,3,FULL,24-06-2025,22:45:39,24-06-2025,22:45:55,24-06-2025,22:48:11,COMPLETED,0,1
79KWH,8,3,FULL,24-06-2025,22:48:17,24-06-2025,22:48:34,24-06-2025,22:50:43,COMPLETED,0,1
79KWH,8,3,FULL,24-06-2025,22:50:50,24-06-2025,22:51:06,24-06-2025,22:53:17,COMPLETED,0,1
79KWH,8,3,FULL,24-06-2025,22:53:24,24-06-2025,22:53:39,24-06-2025,22:56:00,COMPLETED,0,1
79KWH,8,3,FULL,24-06-2025,22:56:06,24-06-2025,22:56:23,24-06-2025,22:58:44,COMPLETED,0,1
79KWH,8,3,FULL,24-06-2025,22:58:49,24-06-2025,22:59:06,24-06-2025,23:01:15,COMPLETED,0,1
79KWH,8,3,FULL,24-06-2025,23:01:22,24-06-2025,23:01:38,24-06-2025,23:03:56,COMPLETED,0,1
79KWH,8,3,FULL,24-06-2025,23:04:03,24-06-2025,23:04:19,24-06-2025,23:06:32,COMPLETED,0,1
79KWH,8,3,FULL,24-06-2025,23:06:40,24-06-2025,23:06:55,24-06-2025,23:09:10,COMPLETED,0,1
79KWH,8,3,FULL,24-06-2025,23:09:16,24-06-2025,23:09:33,24-06-2025,23:11:44,COMPLETED,0,1
79KWH,8,3,FULL,24-06-2025,23:11:51,24-06-2025,23:12:07,24-06-2025,23:14:20,COMPLETED,0,1
79KWH,8,3,FULL,24-06-2025,23:14:26,24-06-2025,23:14:42,24-06-2025,23:17:04,COMPLETED,0,1
79KWH,8,3,FULL,24-06-2025,23:17:10,24-06-2025,23:17:27,24-06-2025,23:19:45,COMPLETED,0,1
79KWH,8,3,FULL,24-06-2025,23:19:51,24-06-2025,23:20:07,24-06-2025,23:22:21,COMPLETED,0,1
79KWH,8,3,FULL,24-06-2025,23:22:26,24-06-2025,23:22:43,24-06-2025,23:25:01,COMPLETED,0,1
79KWH,8,3,FULL,24-06-2025,23:25:06,24-06-2025,23:25:24,24-06-2025,23:27:38,COMPLETED,0,1
79KWH,8,3,FULL,24-06-2025,23:27:45,24-06-2025,23:28:01,24-06-2025,23:30:20,COMPLETED,0,1
79KWH,8,3,FULL,24-06-2025,23:30:27,24-06-2025,23:30:42,24-06-2025,23:32:56,COMPLETED,0,1
79KWH,8,3,FULL,24-06-2025,23:33:02,24-06-2025,23:33:18,24-06-2025,23:35:39,COMPLETED,0,1
79KWH,8,3,FULL,24-06-2025,23:35:46,24-06-2025,23:36:02,24-06-2025,23:38:17,COMPLETED,0,1
79KWH,8,3,FULL,24-06-2025,23:38:23,24-06-2025,23:38:40,24-06-2025,23:41:01,COMPLETED,0,1
79KWH,8,3,FULL,25-06-2025,06:35:39,25-06-2025,06:35:57,25-06-2025,06:38:04,COMPLETED,0,1
79KWH,8,3,FULL,25-06-2025,06:38:11,25-06-2025,06:38:27,25-06-2025,06:40:54,COMPLETED,0,1
79KWH,8,3,FULL,25-06-2025,06:41:01,25-06-2025,06:41:17,25-06-2025,06:43:36,COMPLETED,0,1
79KWH,8,3,FULL,25-06-2025,06:43:42,25-06-2025,06:43:59,25-06-2025,06:46:22,COMPLETED,0,1
79KWH,8,3,FULL,25-06-2025,06:46:29,25-06-2025,06:46:45,25-06-2025,06:49:03,COMPLETED,0,1
79KWH,8,3,FULL,25-06-2025,06:49:10,25-06-2025,06:49:27,25-06-2025,06:51:59,COMPLETED,0,1
79KWH,8,3,FULL,25-06-2025,06:52:05,25-06-2025,06:52:22,25-06-2025,06:54:42,COMPLETED,0,1
79KWH,8,3,FULL,25-06-2025,06:54:49,25-06-2025,06:55:05,25-06-2025,06:57:29,COMPLETED,0,1
79KWH,8,3,FULL,25-06-2025,06:57:36,25-06-2025,06:57:52,25-06-2025,07:00:03,COMPLETED,0,1
79KWH,8,3,FULL,25-06-2025,07:00:10,25-06-2025,07:00:25,25-06-2025,07:02:54,COMPLETED,0,1
79KWH,8,3,FULL,25-06-2025,07:03:00,25-06-2025,07:03:17,25-06-2025,07:05:48,COMPLETED,0,1
79KWH,8,3,FULL,25-06-2025,07:05:55,25-06-2025,07:06:12,25-06-2025,07:08:47,COMPLETED,0,1
79KWH,8,3,FULL,25-06-2025,07:08:53,25-06-2025,07:09:10,25-06-2025,07:11:34,COMPLETED,0,1
79KWH,8,3,FULL,25-06-2025,07:11:41,25-06-2025,07:11:57,25-06-2025,07:14:45,COMPLETED,0,1
79KWH,8,3,FULL,25-06-2025,07:14:51,25-06-2025,07:15:08,25-06-2025,07:17:32,COMPLETED,0,1
79KWH,8,3,FULL,25-06-2025,07:17:38,25-06-2025,07:17:55,25-06-2025,07:20:22,COMPLETED,0,1
79KWH,8,3,FULL,25-06-2025,07:20:28,25-06-2025,07:20:45,25-06-2025,07:23:02,COMPLETED,0,1
79KWH,8,3,FULL,25-06-2025,07:23:09,25-06-2025,07:23:25,25-06-2025,07:25:53,COMPLETED,0,1
79KWH,8,3,FULL,25-06-2025,07:25:59,25-06-2025,07:26:16,25-06-2025,07:28:45,COMPLETED,0,1
79KWH,8,3,FULL,25-06-2025,07:28:51,25-06-2025,07:29:08,25-06-2025,07:31:39,COMPLETED,0,1
79KWH,8,3,FULL,25-06-2025,07:31:45,25-06-2025,07:32:02,25-06-2025,07:34:19,COMPLETED,0,1
79KWH,8,3,FULL,25-06-2025,07:34:24,25-06-2025,07:34:41,25-06-2025,07:37:15,COMPLETED,0,1
79KWH,8,3,FULL,25-06-2025,07:37:21,25-06-2025,07:37:37,25-06-2025,07:40:04,COMPLETED,0,1
79KWH,8,3,FULL,25-06-2025,07:40:11,25-06-2025,07:40:28,25-06-2025,07:43:01,COMPLETED,0,1
79KWH,8,3,FULL,25-06-2025,07:43:07,25-06-2025,07:43:23,25-06-2025,07:45:49,COMPLETED,0,1
79KWH,8,3,FULL,25-06-2025,07:45:57,25-06-2025,07:46:12,25-06-2025,07:48:45,COMPLETED,0,1
79KWH,8,3,FULL,25-06-2025,07:48:51,25-06-2025,07:49:09,25-06-2025,07:51:40,COMPLETED,0,1
79KWH,8,3,FULL,25-06-2025,07:51:47,25-06-2025,07:52:03,25-06-2025,07:54:39,COMPLETED,0,1
79KWH,8,3,FULL,25-06-2025,07:54:46,25-06-2025,07:55:02,25-06-2025,07:57:29,COMPLETED,0,1
79KWH,8,3,FULL,25-06-2025,07:57:36,25-06-2025,07:57:52,25-06-2025,08:00:32,COMPLETED,0,1
79KWH,8,3,FULL,25-06-2025,08:00:39,25-06-2025,08:00:55,25-06-2025,08:03:25,COMPLETED,0,1
79KWH,8,3,FULL,25-06-2025,08:03:30,25-06-2025,08:03:47,25-06-2025,08:06:23,COMPLETED,0,1
79KWH,8,3,FULL,25-06-2025,08:06:30,25-06-2025,08:06:46,25-06-2025,08:09:18,COMPLETED,0,1
79KWH,8,3,FULL,25-06-2025,08:09:23,25-06-2025,08:09:41,25-06-2025,08:12:20,COMPLETED,0,1
79KWH,8,3,FULL,25-06-2025,08:12:26,25-06-2025,08:12:43,25-06-2025,08:15:26,COMPLETED,0,1
79KWH,8,3,FULL,25-06-2025,08:15:34,25-06-2025,08:15:49,25-06-2025,08:18:29,COMPLETED,0,1
79KWH,8,3,FULL,25-06-2025,08:18:35,25-06-2025,08:18:51,25-06-2025,08:21:24,COMPLETED,0,1
79KWH,8,3,FULL,25-06-2025,08:21:31,25-06-2025,08:21:46,25-06-2025,08:24:34,COMPLETED,0,1
79KWH,8,3,FULL,25-06-2025,08:24:40,25-06-2025,08:24:57,25-06-2025,08:27:35,COMPLETED,0,1
79KWH,8,3,FULL,25-06-2025,08:27:41,25-06-2025,08:27:58,25-06-2025,08:30:40,COMPLETED,0,1
79KWH,8,3,FULL,25-06-2025,08:30:46,25-06-2025,08:31:03,25-06-2025,08:33:28,COMPLETED,0,1
79KWH,8,3,FULL,25-06-2025,08:33:33,25-06-2025,08:33:50,25-06-2025,08:36:34,COMPLETED,0,1
79KWH,8,3,FULL,25-06-2025,08:36:41,25-06-2025,08:36:58,25-06-2025,08:39:38,COMPLETED,0,1
79KWH,8,3,FULL,25-06-2025,08:39:43,25-06-2025,08:40:00,25-06-2025,08:42:45,COMPLETED,0,1
79KWH,8,3,FULL,25-06-2025,08:42:51,25-06-2025,08:43:07,25-06-2025,08:45:45,COMPLETED,0,1
79KWH,8,3,FULL,25-06-2025,08:45:52,25-06-2025,08:46:07,25-06-2025,08:48:54,COMPLETED,0,1
79KWH,8,3,FULL,25-06-2025,08:48:59,25-06-2025,08:49:17,25-06-2025,08:51:59,COMPLETED,0,1
79KWH,8,3,FULL,25-06-2025,08:52:06,25-06-2025,08:52:21,25-06-2025,08:55:08,COMPLETED,0,1
79KWH,8,3,FULL,25-06-2025,08:55:16,25-06-2025,08:55:32,25-06-2025,08:58:10,COMPLETED,0,1
79KWH,8,3,FULL,25-06-2025,08:58:16,25-06-2025,08:58:33,25-06-2025,09:01:20,COMPLETED,0,1
79KWH,8,3,FULL,25-06-2025,09:01:28,25-06-2025,09:01:43,25-06-2025,09:04:27,COMPLETED,0,1
79KWH,8,3,FULL,25-06-2025,09:04:33,25-06-2025,09:04:49,25-06-2025,09:07:48,COMPLETED,0,1
79KWH,8,3,FULL,25-06-2025,09:07:54,25-06-2025,09:08:11,25-06-2025,09:18:21,COMPLETED,0,1
79KWH,8,3,FULL,25-06-2025,09:18:28,25-06-2025,09:18:44,25-06-2025,09:21:40,COMPLETED,0,1
79KWH,8,3,FULL,25-06-2025,09:21:46,25-06-2025,09:22:03,25-06-2025,09:24:47,COMPLETED,0,1
79KWH,8,3,FULL,25-06-2025,09:24:54,25-06-2025,09:25:10,25-06-2025,09:28:04,COMPLETED,0,1
79KWH,8,3,FULL,25-06-2025,09:28:10,25-06-2025,09:28:27,25-06-2025,09:31:16,COMPLETED,0,1
79KWH,8,3,FULL,25-06-2025,09:31:22,25-06-2025,09:31:39,25-06-2025,09:34:32,COMPLETED,0,1
79KWH,8,3,FULL,25-06-2025,09:34:39,25-06-2025,09:34:55,25-06-2025,09:37:35,COMPLETED,0,1
79KWH,8,1,FULL,25-06-2025,09:36:25,25-06-2025,09:36:26,25-06-2025,09:38:22,COMPLETED,0,1
79KWH,8,3,FULL,25-06-2025,09:37:42,25-06-2025,09:37:58,25-06-2025,09:41:01,COMPLETED,0,1
79KWH,8,2,FULL,25-06-2025,09:37:42,25-06-2025,09:38:49,25-06-2025,09:41:45,COMPLETED,0,1
79KWH,8,1,FULL,25-06-2025,09:38:28,25-06-2025,09:38:33,25-06-2025,09:39:28,COMPLETED,0,1
79KWH,8,1,FULL,25-06-2025,09:39:33,25-06-2025,09:39:36,25-06-2025,09:40:41,COMPLETED,0,1
79KWH,8,1,FULL,25-06-2025,09:40:46,25-06-2025,09:40:52,25-06-2025,09:42:03,COMPLETED,0,1
79KWH,8,3,FULL,25-06-2025,09:41:07,25-06-2025,09:41:24,25-06-2025,09:44:13,COMPLETED,0,1
79KWH,8,2,FULL,25-06-2025,09:41:52,25-06-2025,09:44:49,25-06-2025,09:47:49,COMPLETED,0,1
79KWH,8,3,FULL,25-06-2025,09:44:19,25-06-2025,09:44:35,25-06-2025,09:47:35,COMPLETED,0,1
79KWH,8,1,FULL,25-06-2025,09:46:22,25-06-2025,09:46:23,25-06-2025,09:47:41,COMPLETED,0,1
79KWH,8,3,FULL,25-06-2025,09:47:41,25-06-2025,09:47:57,25-06-2025,09:50:47,COMPLETED,0,1
79KWH,8,1,FULL,25-06-2025,09:47:47,25-06-2025,09:47:52,25-06-2025,09:49:15,COMPLETED,0,1
79KWH,8,2,FULL,25-06-2025,09:47:55,25-06-2025,09:48:03,25-06-2025,09:50:52,COMPLETED,0,1
79KWH,8,1,FULL,25-06-2025,09:49:20,25-06-2025,09:49:24,25-06-2025,09:50:54,COMPLETED,0,1
79KWH,8,3,FULL,25-06-2025,09:50:55,25-06-2025,09:51:10,25-06-2025,09:54:05,COMPLETED,0,1
79KWH,8,2,FULL,25-06-2025,09:50:57,25-06-2025,09:51:06,25-06-2025,09:53:57,COMPLETED,0,1
79KWH,8,1,FULL,25-06-2025,09:51:07,25-06-2025,09:51:10,25-06-2025,09:52:42,COMPLETED,0,1
79KWH,8,2,FULL,25-06-2025,09:54:04,25-06-2025,09:54:11,25-06-2025,09:57:02,COMPLETED,0,1
79KWH,8,3,FULL,25-06-2025,09:54:11,25-06-2025,09:54:28,25-06-2025,09:57:19,COMPLETED,0,1
79KWH,8,2,FULL,25-06-2025,09:57:09,25-06-2025,09:57:16,25-06-2025,10:00:06,COMPLETED,0,1
79KWH,8,3,FULL,25-06-2025,09:57:26,25-06-2025,09:57:42,25-06-2025,10:00:37,COMPLETED,0,1
79KWH,8,3,FULL,25-06-2025,10:00:44,25-06-2025,10:01:00,25-06-2025,10:03:43,COMPLETED,0,1
79KWH,8,2,FULL,25-06-2025,10:02:50,25-06-2025,10:04:16,25-06-2025,10:07:09,COMPLETED,0,1
79KWH,8,1,FULL,25-06-2025,10:03:12,25-06-2025,10:03:13,25-06-2025,10:05:13,COMPLETED,0,1
79KWH,8,3,FULL,25-06-2025,10:03:50,25-06-2025,10:04:05,25-06-2025,10:07:02,COMPLETED,0,1
79KWH,8,1,FULL,25-06-2025,10:05:18,25-06-2025,10:05:24,25-06-2025,10:06:25,COMPLETED,0,1
79KWH,8,1,FULL,25-06-2025,10:06:29,25-06-2025,10:06:33,25-06-2025,10:07:39,COMPLETED,0,1
79KWH,8,3,FULL,25-06-2025,10:07:08,25-06-2025,10:07:25,25-06-2025,10:10:07,COMPLETED,0,1
79KWH,8,2,FULL,25-06-2025,10:07:14,25-06-2025,10:10:15,25-06-2025,10:13:16,COMPLETED,0,1
79KWH,8,1,FULL,25-06-2025,10:07:44,25-06-2025,10:07:50,25-06-2025,10:08:57,COMPLETED,0,1
79KWH,8,3,FULL,25-06-2025,10:10:14,25-06-2025,10:10:30,25-06-2025,10:13:28,COMPLETED,0,1
79KWH,8,1,FULL,25-06-2025,10:10:23,25-06-2025,10:11:04,25-06-2025,10:13:32,COMPLETED,0,1
79KWH,8,2,FULL,25-06-2025,10:13:22,25-06-2025,10:57:10,25-06-2025,11:00:03,COMPLETED,0,1
79KWH,8,3,FULL,25-06-2025,10:13:35,25-06-2025,10:13:51,25-06-2025,10:16:54,COMPLETED,0,1
79KWH,8,1,FULL,25-06-2025,10:13:37,25-06-2025,10:13:44,25-06-2025,10:15:44,COMPLETED,0,1
79KWH,8,3,FULL,25-06-2025,10:17:11,25-06-2025,10:17:28,25-06-2025,10:20:26,COMPLETED,0,1
79KWH,8,1,FULL,25-06-2025,10:17:52,25-06-2025,10:17:52,25-06-2025,10:19:38,COMPLETED,0,1
79KWH,8,1,FULL,25-06-2025,10:19:43,25-06-2025,10:19:46,25-06-2025,10:21:27,COMPLETED,0,1
79KWH,8,3,FULL,25-06-2025,10:20:32,25-06-2025,10:20:48,25-06-2025,10:23:42,COMPLETED,0,1
79KWH,8,1,FULL,25-06-2025,10:21:32,25-06-2025,10:21:37,25-06-2025,10:23:19,COMPLETED,0,1
79KWH,8,1,FULL,25-06-2025,10:23:24,25-06-2025,10:23:27,25-06-2025,10:25:24,COMPLETED,0,1
79KWH,8,3,FULL,25-06-2025,10:23:48,25-06-2025,10:24:05,25-06-2025,10:27:05,COMPLETED,0,1
79KWH,8,1,FULL,25-06-2025,10:25:29,25-06-2025,10:25:35,25-06-2025,10:27:41,COMPLETED,0,1
79KWH,8,3,FULL,25-06-2025,10:27:11,25-06-2025,10:27:28,25-06-2025,10:30:25,COMPLETED,0,1
79KWH,8,1,FULL,25-06-2025,10:27:47,25-06-2025,10:27:49,25-06-2025,10:29:41,COMPLETED,0,1
79KWH,8,1,FULL,25-06-2025,10:29:46,25-06-2025,10:31:41,25-06-2025,10:33:54,COMPLETED,0,1
79KWH,8,3,FULL,25-06-2025,10:30:32,25-06-2025,10:30:48,25-06-2025,10:33:58,COMPLETED,0,1
79KWH,8,1,FULL,25-06-2025,10:34:02,25-06-2025,10:35:49,25-06-2025,10:37:57,COMPLETED,0,1
79KWH,8,3,FULL,25-06-2025,10:34:06,25-06-2025,10:34:21,25-06-2025,10:37:23,COMPLETED,0,1
79KWH,8,3,FULL,25-06-2025,10:37:30,25-06-2025,10:37:46,25-06-2025,10:40:56,COMPLETED,0,1
79KWH,8,1,FULL,25-06-2025,10:38:03,25-06-2025,10:38:06,25-06-2025,10:39:47,COMPLETED,0,1
79KWH,8,1,FULL,25-06-2025,10:39:52,25-06-2025,10:39:58,25-06-2025,10:41:54,COMPLETED,0,1
79KWH,8,3,FULL,25-06-2025,10:41:02,25-06-2025,10:41:19,25-06-2025,10:44:18,COMPLETED,0,1
79KWH,8,3,FULL,25-06-2025,10:44:25,25-06-2025,10:44:41,25-06-2025,10:47:44,COMPLETED,0,1
79KWH,8,3,FULL,25-06-2025,10:47:51,25-06-2025,10:48:08,25-06-2025,10:51:06,COMPLETED,0,1
79KWH,8,3,FULL,25-06-2025,10:51:13,25-06-2025,10:51:29,25-06-2025,10:54:34,COMPLETED,0,1
79KWH,8,3,FULL,25-06-2025,10:54:41,25-06-2025,10:54:56,25-06-2025,10:58:03,COMPLETED,0,1
79KWH,8,3,FULL,25-06-2025,10:58:10,25-06-2025,10:58:25,25-06-2025,11:01:38,COMPLETED,0,1
79KWH,8,2,FULL,25-06-2025,11:00:09,25-06-2025,11:03:07,25-06-2025,11:06:10,COMPLETED,0,1
79KWH,8,3,FULL,25-06-2025,11:01:44,25-06-2025,11:02:01,25-06-2025,11:04:50,COMPLETED,0,1
79KWH,8,3,FULL,25-06-2025,11:04:56,25-06-2025,11:05:13,25-06-2025,11:08:28,COMPLETED,0,1
79KWH,8,2,FULL,25-06-2025,11:06:17,25-06-2025,11:06:23,25-06-2025,11:09:13,COMPLETED,0,1
79KWH,8,3,FULL,25-06-2025,11:08:35,25-06-2025,11:08:51,25-06-2025,11:12:02,COMPLETED,0,1
79KWH,8,2,FULL,25-06-2025,11:09:19,25-06-2025,11:12:10,25-06-2025,11:15:12,COMPLETED,0,1
79KWH,8,3,FULL,25-06-2025,11:12:09,25-06-2025,11:12:24,25-06-2025,11:15:46,COMPLETED,0,1
79KWH,8,2,FULL,25-06-2025,11:15:19,25-06-2025,11:18:19,25-06-2025,11:21:13,COMPLETED,0,1
79KWH,8,3,FULL,25-06-2025,11:15:54,25-06-2025,11:16:09,25-06-2025,11:19:15,COMPLETED,0,1
79KWH,8,3,FULL,25-06-2025,11:19:23,25-06-2025,11:19:38,25-06-2025,11:22:56,COMPLETED,0,1
79KWH,8,2,FULL,25-06-2025,11:21:18,25-06-2025,11:24:10,25-06-2025,11:27:10,COMPLETED,0,1
79KWH,8,3,FULL,25-06-2025,11:23:03,25-06-2025,11:23:18,25-06-2025,11:26:16,COMPLETED,0,1
79KWH,8,3,FULL,25-06-2025,11:26:24,25-06-2025,11:26:39,25-06-2025,11:30:03,COMPLETED,0,1
79KWH,8,2,FULL,25-06-2025,11:27:16,25-06-2025,11:30:17,25-06-2025,11:33:13,COMPLETED,0,1
79KWH,8,3,FULL,25-06-2025,11:30:11,25-06-2025,11:30:26,25-06-2025,11:33:36,COMPLETED,0,1
79KWH,8,2,FULL,25-06-2025,11:33:19,25-06-2025,11:36:09,25-06-2025,11:39:12,COMPLETED,0,1
79KWH,8,3,FULL,25-06-2025,11:33:43,25-06-2025,11:33:59,25-06-2025,11:37:20,COMPLETED,0,1
79KWH,8,3,FULL,25-06-2025,11:37:27,25-06-2025,11:37:42,25-06-2025,11:41:01,COMPLETED,0,1
79KWH,8,2,FULL,25-06-2025,11:39:18,25-06-2025,11:39:26,25-06-2025,11:42:23,COMPLETED,0,1
79KWH,8,3,FULL,25-06-2025,11:41:08,25-06-2025,11:41:24,25-06-2025,11:45:09,COMPLETED,0,1
79KWH,8,2,FULL,25-06-2025,11:42:29,25-06-2025,11:42:36,25-06-2025,11:45:37,COMPLETED,0,1
79KWH,8,3,FULL,25-06-2025,11:45:17,25-06-2025,11:45:32,25-06-2025,11:48:56,COMPLETED,0,1
79KWH,8,2,FULL,25-06-2025,11:45:43,25-06-2025,11:48:38,25-06-2025,11:51:38,COMPLETED,0,1
79KWH,8,3,FULL,25-06-2025,11:49:03,25-06-2025,11:49:18,25-06-2025,11:51:46,COMPLETED,0,1
79KWH,8,2,FULL,25-06-2025,11:51:45,25-06-2025,11:54:35,25-06-2025,11:57:41,COMPLETED,0,1
79KWH,8,3,FULL,25-06-2025,11:51:53,25-06-2025,11:52:09,25-06-2025,11:53:47,COMPLETED,0,1
79KWH,8,3,FULL,25-06-2025,11:53:55,25-06-2025,11:54:10,25-06-2025,11:55:52,COMPLETED,0,1
79KWH,8,3,FULL,25-06-2025,11:55:59,25-06-2025,11:56:15,25-06-2025,11:59:05,COMPLETED,0,1
79KWH,8,2,FULL,25-06-2025,11:57:47,25-06-2025,11:57:55,25-06-2025,12:00:55,COMPLETED,0,1
79KWH,8,3,FULL,25-06-2025,11:59:12,25-06-2025,11:59:28,25-06-2025,12:01:10,COMPLETED,0,1
79KWH,8,3,FULL,25-06-2025,12:01:16,25-06-2025,12:01:33,25-06-2025,12:03:11,COMPLETED,0,1
79KWH,8,3,FULL,25-06-2025,12:19:07,25-06-2025,12:19:21,25-06-2025,12:30:00,COMPLETED,0,1
79KWH,8,2,FULL,25-06-2025,12:19:18,25-06-2025,12:19:22,25-06-2025,12:22:28,COMPLETED,0,1
79KWH,8,2,FULL,25-06-2025,12:22:34,25-06-2025,12:22:42,25-06-2025,12:25:41,COMPLETED,0,1
79KWH,8,2,FULL,25-06-2025,12:25:48,25-06-2025,12:25:55,25-06-2025,12:28:58,COMPLETED,0,1
79KWH,8,2,FULL,25-06-2025,12:29:04,25-06-2025,12:31:51,25-06-2025,12:34:51,COMPLETED,0,1
79KWH,8,3,FULL,25-06-2025,12:30:05,25-06-2025,12:30:23,25-06-2025,12:31:56,COMPLETED,0,1
79KWH,8,3,FULL,25-06-2025,12:32:03,25-06-2025,12:32:19,25-06-2025,12:34:01,COMPLETED,0,1
79KWH,8,3,FULL,25-06-2025,12:34:08,25-06-2025,12:34:24,25-06-2025,12:36:02,COMPLETED,0,1
79KWH,8,2,FULL,25-06-2025,12:35:00,25-06-2025,12:37:47,25-06-2025,12:40:46,COMPLETED,0,1
79KWH,8,3,FULL,25-06-2025,12:36:08,25-06-2025,12:36:25,25-06-2025,12:38:06,COMPLETED,0,1
79KWH,8,3,FULL,25-06-2025,12:38:13,25-06-2025,12:38:29,25-06-2025,12:41:04,COMPLETED,0,1
79KWH,8,2,FULL,25-06-2025,12:40:53,25-06-2025,12:41:01,25-06-2025,12:44:05,COMPLETED,0,1
79KWH,8,3,FULL,25-06-2025,12:41:10,25-06-2025,12:41:27,25-06-2025,12:43:09,COMPLETED,0,1
79KWH,8,3,FULL,25-06-2025,12:43:17,25-06-2025,12:43:33,25-06-2025,12:45:10,COMPLETED,0,1
79KWH,8,2,FULL,25-06-2025,12:44:12,25-06-2025,12:44:19,25-06-2025,12:47:15,COMPLETED,0,1
79KWH,8,3,FULL,25-06-2025,12:45:18,25-06-2025,12:45:33,25-06-2025,12:47:13,COMPLETED,0,1
79KWH,8,3,FULL,25-06-2025,12:47:20,25-06-2025,12:47:36,25-06-2025,12:51:02,COMPLETED,0,1
79KWH,8,2,FULL,25-06-2025,12:47:24,25-06-2025,12:47:28,25-06-2025,12:49:40,COMPLETED,0,1
79KWH,8,2,FULL,25-06-2025,12:49:45,25-06-2025,12:51:55,25-06-2025,12:54:42,COMPLETED,0,1
79KWH,8,3,FULL,25-06-2025,12:51:09,25-06-2025,12:53:21,25-06-2025,12:55:46,COMPLETED,0,1
79KWH,8,2,FULL,25-06-2025,12:54:47,25-06-2025,12:57:25,25-06-2025,13:00:09,COMPLETED,0,1
79KWH,8,3,FULL,25-06-2025,12:55:52,25-06-2025,12:58:06,25-06-2025,13:00:25,COMPLETED,0,1
79KWH,8,2,FULL,25-06-2025,13:00:15,25-06-2025,13:02:47,25-06-2025,13:05:38,COMPLETED,0,1
79KWH,8,3,FULL,25-06-2025,13:00:31,25-06-2025,13:02:49,25-06-2025,13:05:12,COMPLETED,0,1
79KWH,8,3,FULL,25-06-2025,13:05:19,25-06-2025,13:07:38,25-06-2025,13:10:23,COMPLETED,0,1
79KWH,8,2,FULL,25-06-2025,13:05:44,25-06-2025,13:08:26,25-06-2025,13:11:14,COMPLETED,0,1
79KWH,8,3,FULL,25-06-2025,13:10:29,25-06-2025,13:12:45,25-06-2025,13:15:11,COMPLETED,0,1
79KWH,8,2,FULL,25-06-2025,13:11:21,25-06-2025,13:13:56,25-06-2025,13:16:50,COMPLETED,0,1
79KWH,8,3,FULL,25-06-2025,13:15:18,25-06-2025,13:17:32,25-06-2025,13:19:52,COMPLETED,0,1
79KWH,8,2,FULL,25-06-2025,13:16:56,25-06-2025,13:17:04,25-06-2025,13:19:42,COMPLETED,0,1
79KWH,8,2,FULL,25-06-2025,13:19:50,25-06-2025,13:19:57,25-06-2025,13:22:44,COMPLETED,0,1
79KWH,8,3,FULL,25-06-2025,13:20:00,25-06-2025,13:22:16,25-06-2025,13:24:40,COMPLETED,0,1
79KWH,8,2,FULL,25-06-2025,13:22:50,25-06-2025,13:22:58,25-06-2025,13:25:44,COMPLETED,0,1
79KWH,8,3,FULL,25-06-2025,13:24:47,25-06-2025,13:27:07,25-06-2025,13:29:25,COMPLETED,0,1
79KWH,8,2,FULL,25-06-2025,13:26:04,25-06-2025,13:28:33,25-06-2025,13:31:10,COMPLETED,0,1
79KWH,8,3,FULL,25-06-2025,13:29:33,25-06-2025,13:29:48,25-06-2025,13:31:30,COMPLETED,0,1
79KWH,8,2,FULL,25-06-2025,13:31:16,25-06-2025,13:33:35,25-06-2025,13:36:09,COMPLETED,0,1
79KWH,8,3,FULL,25-06-2025,13:31:37,25-06-2025,13:33:47,25-06-2025,13:36:06,COMPLETED,0,1
79KWH,8,3,FULL,25-06-2025,13:36:13,25-06-2025,13:38:34,25-06-2025,13:40:54,COMPLETED,0,1
79KWH,8,2,FULL,25-06-2025,13:36:16,25-06-2025,13:36:23,25-06-2025,13:38:35,COMPLETED,0,1
79KWH,8,2,FULL,25-06-2025,13:38:42,25-06-2025,13:38:49,25-06-2025,13:40:58,COMPLETED,0,1
79KWH,8,3,FULL,25-06-2025,13:41:01,25-06-2025,13:41:16,25-06-2025,13:56:16,COMPLETED,0,1
79KWH,8,2,FULL,25-06-2025,13:41:03,25-06-2025,13:43:28,25-06-2025,13:46:06,COMPLETED,0,1
79KWH,8,2,FULL,25-06-2025,13:46:11,25-06-2025,13:47:48,25-06-2025,13:49:36,COMPLETED,0,1
79KWH,8,2,FULL,25-06-2025,13:49:43,25-06-2025,13:49:51,25-06-2025,13:52:05,COMPLETED,0,1
79KWH,8,2,FULL,25-06-2025,13:52:11,25-06-2025,13:52:19,25-06-2025,13:54:30,COMPLETED,0,1
79KWH,8,2,FULL,25-06-2025,13:54:35,25-06-2025,13:54:44,25-06-2025,13:56:59,COMPLETED,0,1
79KWH,8,3,FULL,25-06-2025,13:56:22,25-06-2025,13:58:32,25-06-2025,14:03:47,COMPLETED,0,1
79KWH,8,2,FULL,25-06-2025,13:57:04,25-06-2025,13:57:13,25-06-2025,13:59:24,COMPLETED,0,1
79KWH,8,2,FULL,25-06-2025,13:59:29,25-06-2025,13:59:38,25-06-2025,14:01:55,COMPLETED,0,1
79KWH,8,2,FULL,25-06-2025,14:02:01,25-06-2025,14:02:08,25-06-2025,14:04:21,COMPLETED,0,1
79KWH,8,1,FULL,25-06-2025,14:03:17,25-06-2025,14:03:17,25-06-2025,14:05:28,COMPLETED,0,1
79KWH,8,3,FULL,25-06-2025,14:03:52,25-06-2025,14:06:08,25-06-2025,14:08:28,COMPLETED,0,1
79KWH,8,2,FULL,25-06-2025,14:04:28,25-06-2025,14:04:36,25-06-2025,14:06:53,COMPLETED,0,1
79KWH,8,1,FULL,25-06-2025,14:05:33,25-06-2025,14:05:36,25-06-2025,14:07:06,COMPLETED,0,1
79KWH,8,3,FULL,25-06-2025,14:08:35,25-06-2025,14:08:50,25-06-2025,14:13:14,COMPLETED,0,1
79KWH,8,1,FULL,25-06-2025,14:09:29,25-06-2025,14:09:29,25-06-2025,14:11:03,COMPLETED,0,1
79KWH,8,1,FULL,25-06-2025,14:11:08,25-06-2025,14:11:11,25-06-2025,14:14:34,COMPLETED,0,1
79KWH,8,3,FULL,25-06-2025,14:13:20,25-06-2025,14:15:31,25-06-2025,14:18:42,COMPLETED,0,1
79KWH,8,1,FULL,25-06-2025,14:14:38,25-06-2025,14:14:44,25-06-2025,16:31:43,COMPLETED,0,1
79KWH,8,3,FULL,25-06-2025,14:18:49,25-06-2025,14:19:06,25-06-2025,14:20:48,COMPLETED,0,1
79KWH,8,3,FULL,25-06-2025,14:20:55,25-06-2025,14:21:10,25-06-2025,14:22:49,COMPLETED,0,1
79KWH,8,2,FULL,25-06-2025,14:26:02,25-06-2025,14:26:07,25-06-2025,14:28:41,COMPLETED,0,1
79KWH,8,3,FULL,25-06-2025,14:26:08,25-06-2025,14:26:17,25-06-2025,14:28:00,COMPLETED,0,1
79KWH,8,2,FULL,25-06-2025,14:41:06,25-06-2025,14:41:11,25-06-2025,14:43:28,COMPLETED,0,1
79KWH,8,3,FULL,25-06-2025,14:41:14,25-06-2025,14:42:59,25-06-2025,14:45:15,COMPLETED,0,1
79KWH,8,2,FULL,25-06-2025,14:47:01,25-06-2025,14:47:15,25-06-2025,14:49:30,COMPLETED,0,1
79KWH,8,3,FULL,25-06-2025,14:47:09,25-06-2025,14:47:11,25-06-2025,14:48:53,COMPLETED,0,1
79KWH,8,3,FULL,25-06-2025,14:49:04,25-06-2025,14:49:16,25-06-2025,14:50:58,COMPLETED,0,1
79KWH,8,2,FULL,25-06-2025,14:49:36,25-06-2025,14:49:45,25-06-2025,14:52:04,COMPLETED,0,1
79KWH,8,3,FULL,25-06-2025,14:51:07,25-06-2025,14:53:19,25-06-2025,14:56:59,COMPLETED,0,1
79KWH,8,2,FULL,25-06-2025,14:52:10,25-06-2025,14:52:18,25-06-2025,14:54:33,COMPLETED,0,1
79KWH,8,2,FULL,25-06-2025,14:54:39,25-06-2025,14:54:47,25-06-2025,14:57:07,COMPLETED,0,1
79KWH,8,3,FULL,25-06-2025,14:57:05,25-06-2025,14:59:16,25-06-2025,15:01:35,COMPLETED,0,1
79KWH,8,2,FULL,25-06-2025,14:57:13,25-06-2025,14:57:21,25-06-2025,14:59:39,COMPLETED,0,1
79KWH,8,2,FULL,25-06-2025,14:59:45,25-06-2025,14:59:53,25-06-2025,15:02:16,COMPLETED,0,1
79KWH,8,3,FULL,25-06-2025,15:01:41,25-06-2025,15:01:57,25-06-2025,15:03:39,COMPLETED,0,1
79KWH,8,2,FULL,25-06-2025,15:02:23,25-06-2025,15:02:31,25-06-2025,15:04:48,COMPLETED,0,1
79KWH,8,3,FULL,25-06-2025,15:03:45,25-06-2025,15:05:57,25-06-2025,15:08:16,COMPLETED,0,1
79KWH,8,2,FULL,25-06-2025,15:04:55,25-06-2025,15:05:03,25-06-2025,15:07:25,COMPLETED,0,1
79KWH,8,2,FULL,25-06-2025,15:07:31,25-06-2025,15:07:40,25-06-2025,15:09:58,COMPLETED,0,1
79KWH,8,3,FULL,25-06-2025,15:08:24,25-06-2025,15:10:28,25-06-2025,15:12:53,COMPLETED,0,1
79KWH,8,2,FULL,25-06-2025,15:10:04,25-06-2025,15:10:12,25-06-2025,15:12:36,COMPLETED,0,1
79KWH,8,3,FULL,25-06-2025,15:13:03,25-06-2025,15:15:08,25-06-2025,15:17:24,COMPLETED,0,1
79KWH,8,3,FULL,25-06-2025,15:17:30,25-06-2025,15:17:47,25-06-2025,15:19:29,COMPLETED,0,1
79KWH,8,3,FULL,25-06-2025,15:19:35,25-06-2025,15:21:44,25-06-2025,15:24:03,COMPLETED,0,1
79KWH,8,3,FULL,25-06-2025,15:24:09,25-06-2025,15:26:22,25-06-2025,15:28:48,COMPLETED,0,1
79KWH,8,2,FULL,25-06-2025,15:28:12,25-06-2025,15:28:24,25-06-2025,15:30:43,COMPLETED,0,1
79KWH,8,3,FULL,25-06-2025,15:28:56,25-06-2025,15:31:04,25-06-2025,15:33:27,COMPLETED,0,1
79KWH,8,2,FULL,25-06-2025,15:30:50,25-06-2025,15:30:57,25-06-2025,15:33:22,COMPLETED,0,1
79KWH,8,2,FULL,25-06-2025,15:33:28,25-06-2025,15:33:35,25-06-2025,15:35:58,COMPLETED,0,1
79KWH,8,3,FULL,25-06-2025,15:33:34,25-06-2025,15:35:46,25-06-2025,15:38:10,COMPLETED,0,1
79KWH,8,2,FULL,25-06-2025,15:36:04,25-06-2025,15:36:13,25-06-2025,15:38:41,COMPLETED,0,1
79KWH,8,3,FULL,25-06-2025,15:38:17,25-06-2025,15:40:20,25-06-2025,15:42:39,COMPLETED,0,1
79KWH,8,2,FULL,25-06-2025,15:38:48,25-06-2025,15:38:55,25-06-2025,15:41:18,COMPLETED,0,1
79KWH,8,2,FULL,25-06-2025,15:41:24,25-06-2025,15:41:32,25-06-2025,15:43:59,COMPLETED,0,1
79KWH,8,3,FULL,25-06-2025,15:42:47,25-06-2025,15:45:05,25-06-2025,15:47:30,COMPLETED,0,1
79KWH,8,2,FULL,25-06-2025,15:44:05,25-06-2025,15:44:13,25-06-2025,15:46:37,COMPLETED,0,1
79KWH,8,2,FULL,25-06-2025,15:46:42,25-06-2025,15:46:51,25-06-2025,15:49:19,COMPLETED,0,1
79KWH,8,3,FULL,25-06-2025,15:47:36,25-06-2025,15:49:38,25-06-2025,15:52:04,COMPLETED,0,1
79KWH,8,2,FULL,25-06-2025,15:49:24,25-06-2025,15:49:33,25-06-2025,15:51:58,COMPLETED,0,1
79KWH,8,2,FULL,25-06-2025,15:52:03,25-06-2025,15:52:11,25-06-2025,15:54:41,COMPLETED,0,1
79KWH,8,3,FULL,25-06-2025,15:52:10,25-06-2025,15:54:15,25-06-2025,15:56:36,COMPLETED,0,1
79KWH,8,2,FULL,25-06-2025,15:54:48,25-06-2025,15:54:55,25-06-2025,15:57:21,COMPLETED,0,1
79KWH,8,3,FULL,25-06-2025,15:56:43,25-06-2025,15:58:45,25-06-2025,16:18:40,COMPLETED,0,1
79KWH,8,2,FULL,25-06-2025,15:57:27,25-06-2025,15:57:35,25-06-2025,16:00:04,COMPLETED,0,1
79KWH,8,2,FULL,25-06-2025,16:00:10,25-06-2025,16:00:17,25-06-2025,16:02:44,COMPLETED,0,1
79KWH,8,2,FULL,25-06-2025,16:02:50,25-06-2025,16:02:58,25-06-2025,16:05:31,COMPLETED,0,1
79KWH,8,2,FULL,25-06-2025,16:05:38,25-06-2025,16:05:45,25-06-2025,16:08:13,COMPLETED,0,1
79KWH,8,3,FULL,25-06-2025,16:18:46,25-06-2025,16:21:02,25-06-2025,16:23:27,COMPLETED,0,1
79KWH,8,2,FULL,25-06-2025,16:27:42,25-06-2025,17:02:40,25-06-2025,17:05:55,COMPLETED,0,1
79KWH,8,3,FULL,25-06-2025,16:43:12,25-06-2025,16:45:16,25-06-2025,16:47:35,COMPLETED,0,1
79KWH,8,3,FULL,25-06-2025,16:47:42,25-06-2025,16:49:46,25-06-2025,16:52:14,COMPLETED,0,1
79KWH,8,3,FULL,25-06-2025,16:52:20,25-06-2025,16:54:24,25-06-2025,16:57:12,COMPLETED,0,1
79KWH,8,3,FULL,25-06-2025,16:57:19,25-06-2025,16:59:22,25-06-2025,17:01:53,COMPLETED,0,1
79KWH,8,3,FULL,25-06-2025,17:02:00,25-06-2025,17:17:42,25-06-2025,17:19:10,COMPLETED,0,1
79KWH,8,2,FULL,25-06-2025,17:06:00,25-06-2025,17:06:08,25-06-2025,17:08:36,COMPLETED,0,1
79KWH,8,2,FULL,25-06-2025,17:08:41,25-06-2025,17:08:50,25-06-2025,17:11:25,COMPLETED,0,1
79KWH,8,2,FULL,25-06-2025,17:11:32,25-06-2025,17:11:38,25-06-2025,17:14:09,COMPLETED,0,1
79KWH,8,2,FULL,25-06-2025,17:14:14,25-06-2025,17:14:25,25-06-2025,17:16:59,COMPLETED,0,1
79KWH,8,2,FULL,25-06-2025,17:17:05,25-06-2025,17:17:12,25-06-2025,17:19:43,COMPLETED,0,1
79KWH,8,3,FULL,25-06-2025,17:19:16,25-06-2025,17:21:30,25-06-2025,17:23:54,COMPLETED,0,1
79KWH,8,2,FULL,25-06-2025,17:19:50,25-06-2025,17:19:57,25-06-2025,17:22:32,COMPLETED,0,1
79KWH,8,2,FULL,25-06-2025,17:22:40,25-06-2025,17:22:47,25-06-2025,17:25:19,COMPLETED,0,1
79KWH,8,3,FULL,25-06-2025,17:24:00,25-06-2025,17:26:08,25-06-2025,17:28:49,COMPLETED,0,1
79KWH,8,2,FULL,25-06-2025,17:25:24,25-06-2025,17:25:33,25-06-2025,17:28:09,COMPLETED,0,1
79KWH,8,2,FULL,25-06-2025,17:28:15,25-06-2025,17:28:23,25-06-2025,17:30:55,COMPLETED,0,1
79KWH,8,3,FULL,25-06-2025,17:28:54,25-06-2025,17:30:57,25-06-2025,17:33:31,COMPLETED,0,1
79KWH,8,2,FULL,25-06-2025,17:31:00,25-06-2025,17:31:08,25-06-2025,17:33:46,COMPLETED,0,1
79KWH,8,3,FULL,25-06-2025,17:33:38,25-06-2025,17:35:48,25-06-2025,17:38:11,COMPLETED,0,1
79KWH,8,2,FULL,25-06-2025,17:33:53,25-06-2025,17:34:00,25-06-2025,17:36:37,COMPLETED,0,1
79KWH,8,2,FULL,25-06-2025,17:36:42,25-06-2025,17:36:51,25-06-2025,17:39:31,COMPLETED,0,1
79KWH,8,3,FULL,25-06-2025,17:38:19,25-06-2025,17:40:16,25-06-2025,17:42:43,COMPLETED,0,1
79KWH,8,2,FULL,25-06-2025,17:39:37,25-06-2025,17:39:45,25-06-2025,17:42:22,COMPLETED,0,1
79KWH,8,2,FULL,25-06-2025,17:42:29,25-06-2025,17:42:36,25-06-2025,17:45:17,COMPLETED,0,1
79KWH,8,3,FULL,25-06-2025,17:42:51,25-06-2025,17:44:59,25-06-2025,17:47:19,COMPLETED,0,1
79KWH,8,2,FULL,25-06-2025,17:45:22,25-06-2025,17:45:31,25-06-2025,17:48:06,COMPLETED,0,1
79KWH,8,3,FULL,25-06-2025,17:47:26,25-06-2025,17:49:34,25-06-2025,17:52:09,COMPLETED,0,1
79KWH,8,2,FULL,25-06-2025,17:48:11,25-06-2025,17:48:20,25-06-2025,17:51:01,COMPLETED,0,1
79KWH,8,2,FULL,25-06-2025,17:51:06,25-06-2025,17:51:15,25-06-2025,17:53:52,COMPLETED,0,1
79KWH,8,3,FULL,25-06-2025,17:52:15,25-06-2025,17:54:30,25-06-2025,17:56:54,COMPLETED,0,1
79KWH,8,2,FULL,25-06-2025,17:53:59,25-06-2025,17:54:05,25-06-2025,17:56:53,COMPLETED,0,1
79KWH,8,2,FULL,25-06-2025,17:56:59,25-06-2025,17:57:07,25-06-2025,17:59:45,COMPLETED,0,1
79KWH,8,3,FULL,25-06-2025,17:57:01,25-06-2025,17:59:01,25-06-2025,18:01:32,COMPLETED,0,1
79KWH,8,2,FULL,25-06-2025,17:59:50,25-06-2025,17:59:59,25-06-2025,18:02:43,COMPLETED,0,1
79KWH,8,3,FULL,25-06-2025,18:01:38,25-06-2025,18:03:43,25-06-2025,18:06:34,COMPLETED,0,1
79KWH,8,2,FULL,25-06-2025,18:02:48,25-06-2025,18:02:57,25-06-2025,18:05:38,COMPLETED,0,1
79KWH,8,2,FULL,25-06-2025,18:05:43,25-06-2025,18:05:52,25-06-2025,18:08:37,COMPLETED,0,1
79KWH,8,3,FULL,25-06-2025,18:06:41,25-06-2025,18:08:42,25-06-2025,18:11:11,COMPLETED,0,1
79KWH,8,2,FULL,25-06-2025,18:08:44,25-06-2025,18:08:51,25-06-2025,18:11:31,COMPLETED,0,1
79KWH,8,3,FULL,25-06-2025,18:11:19,25-06-2025,18:13:24,25-06-2025,18:15:47,COMPLETED,0,1
79KWH,8,2,FULL,25-06-2025,18:11:38,25-06-2025,18:11:46,25-06-2025,18:14:34,COMPLETED,0,1
79KWH,8,2,FULL,25-06-2025,18:14:39,25-06-2025,18:14:48,25-06-2025,18:17:34,COMPLETED,0,1
79KWH,8,3,FULL,25-06-2025,18:15:54,25-06-2025,18:18:09,25-06-2025,18:21:17,COMPLETED,0,1
79KWH,8,2,FULL,25-06-2025,18:17:39,25-06-2025,18:17:47,25-06-2025,18:20:19,COMPLETED,0,1
79KWH,8,2,FULL,25-06-2025,18:20:25,25-06-2025,18:20:32,25-06-2025,18:22:40,COMPLETED,0,1
79KWH,8,3,FULL,25-06-2025,18:21:26,25-06-2025,18:23:24,25-06-2025,18:25:59,COMPLETED,0,1
79KWH,8,2,FULL,25-06-2025,18:22:46,25-06-2025,18:22:54,25-06-2025,18:25:05,COMPLETED,0,1
79KWH,8,2,FULL,25-06-2025,18:25:10,25-06-2025,18:25:19,25-06-2025,18:27:27,COMPLETED,0,1
79KWH,8,3,FULL,25-06-2025,18:26:06,25-06-2025,18:26:22,25-06-2025,18:28:21,COMPLETED,0,1
79KWH,8,3,FULL,25-06-2025,18:28:27,25-06-2025,18:28:43,25-06-2025,18:30:48,COMPLETED,0,1
79KWH,8,3,FULL,25-06-2025,18:30:54,25-06-2025,18:32:53,25-06-2025,18:35:37,COMPLETED,0,1
79KWH,8,3,FULL,25-06-2025,18:35:44,25-06-2025,18:37:52,25-06-2025,18:40:40,COMPLETED,0,1
79KWH,8,3,FULL,25-06-2025,18:40:48,25-06-2025,18:42:44,25-06-2025,18:45:25,COMPLETED,0,1
79KWH,8,2,FULL,25-06-2025,18:41:20,25-06-2025,18:41:32,25-06-2025,18:43:48,COMPLETED,0,1
79KWH,8,2,FULL,25-06-2025,18:43:55,25-06-2025,18:44:02,25-06-2025,18:46:19,COMPLETED,0,1
79KWH,8,3,FULL,25-06-2025,18:45:32,25-06-2025,18:45:48,25-06-2025,18:47:39,COMPLETED,0,1
79KWH,8,2,FULL,25-06-2025,18:46:25,25-06-2025,18:46:33,25-06-2025,18:48:53,COMPLETED,0,1
79KWH,8,3,FULL,25-06-2025,18:47:45,25-06-2025,18:49:47,25-06-2025,18:52:54,COMPLETED,0,1
79KWH,8,2,FULL,25-06-2025,18:48:59,25-06-2025,18:49:07,25-06-2025,18:51:25,COMPLETED,0,1
79KWH,8,2,FULL,25-06-2025,18:51:31,25-06-2025,18:51:39,25-06-2025,18:54:06,COMPLETED,0,1
79KWH,8,3,FULL,25-06-2025,18:53:00,25-06-2025,18:54:58,25-06-2025,18:57:34,COMPLETED,0,1
79KWH,8,2,FULL,25-06-2025,18:54:12,25-06-2025,18:54:20,25-06-2025,18:56:46,COMPLETED,0,1
79KWH,8,3,FULL,25-06-2025,18:57:39,25-06-2025,18:59:42,25-06-2025,19:02:20,COMPLETED,0,1
79KWH,8,3,FULL,25-06-2025,19:02:26,25-06-2025,19:02:43,25-06-2025,19:04:49,COMPLETED,0,1
79KWH,8,3,FULL,25-06-2025,19:04:55,25-06-2025,19:05:11,25-06-2025,19:07:11,COMPLETED,0,1
79KWH,8,3,FULL,25-06-2025,19:07:18,25-06-2025,19:07:34,25-06-2025,19:09:38,COMPLETED,0,1
79KWH,8,3,FULL,25-06-2025,19:09:45,25-06-2025,19:11:41,25-06-2025,19:14:20,COMPLETED,0,1
79KWH,8,3,FULL,25-06-2025,19:14:27,25-06-2025,19:16:33,25-06-2025,19:19:17,COMPLETED,0,1
79KWH,8,3,FULL,25-06-2025,19:19:23,25-06-2025,19:21:21,25-06-2025,19:52:21,COMPLETED,0,1
79KWH,8,2,FULL,25-06-2025,19:34:35,25-06-2025,19:34:49,25-06-2025,19:36:35,COMPLETED,0,1
79KWH,8,2,FULL,25-06-2025,19:36:42,25-06-2025,19:36:49,25-06-2025,19:37:49,COMPLETED,0,1
79KWH,8,2,FULL,25-06-2025,19:37:56,25-06-2025,19:38:02,25-06-2025,19:39:07,COMPLETED,0,1
79KWH,8,3,FULL,25-06-2025,19:52:27,25-06-2025,19:54:23,25-06-2025,19:57:18,COMPLETED,0,1
79KWH,8,2,FULL,25-06-2025,19:55:59,25-06-2025,19:56:02,25-06-2025,19:57:02,COMPLETED,0,1
79KWH,8,2,FULL,25-06-2025,19:57:08,25-06-2025,19:57:16,25-06-2025,19:58:21,COMPLETED,0,1
79KWH,8,3,FULL,25-06-2025,19:57:25,25-06-2025,19:59:20,25-06-2025,20:02:10,COMPLETED,0,1
79KWH,8,2,FULL,25-06-2025,19:58:27,25-06-2025,19:58:34,25-06-2025,19:59:35,COMPLETED,0,1
79KWH,8,2,FULL,25-06-2025,19:59:42,25-06-2025,19:59:49,25-06-2025,20:00:56,COMPLETED,0,1
79KWH,8,2,FULL,25-06-2025,20:01:01,25-06-2025,20:01:10,25-06-2025,20:02:15,COMPLETED,0,1
79KWH,8,3,FULL,25-06-2025,20:02:18,25-06-2025,20:04:13,25-06-2025,20:06:53,COMPLETED,0,1
79KWH,8,2,FULL,25-06-2025,20:02:23,25-06-2025,20:02:29,25-06-2025,20:03:40,COMPLETED,0,1
79KWH,8,2,FULL,25-06-2025,20:03:46,25-06-2025,20:03:54,25-06-2025,20:04:58,COMPLETED,0,1
79KWH,8,2,FULL,25-06-2025,20:05:05,25-06-2025,20:05:12,25-06-2025,20:06:23,COMPLETED,0,1
79KWH,8,2,FULL,25-06-2025,20:06:29,25-06-2025,20:06:36,25-06-2025,20:07:44,COMPLETED,0,1
79KWH,8,3,FULL,25-06-2025,20:06:59,25-06-2025,20:09:09,25-06-2025,20:11:56,COMPLETED,0,1
79KWH,8,2,FULL,25-06-2025,20:07:49,25-06-2025,20:07:58,25-06-2025,20:09:09,COMPLETED,0,1
79KWH,8,2,FULL,25-06-2025,20:09:15,25-06-2025,20:09:22,25-06-2025,20:10:30,COMPLETED,0,1
79KWH,8,2,FULL,25-06-2025,20:10:36,25-06-2025,20:10:44,25-06-2025,20:11:56,COMPLETED,0,1
79KWH,8,3,FULL,25-06-2025,20:12:04,25-06-2025,20:14:18,25-06-2025,20:17:13,COMPLETED,0,1
79KWH,8,3,FULL,25-06-2025,20:17:19,25-06-2025,20:19:17,25-06-2025,20:22:00,COMPLETED,0,1
79KWH,8,3,FULL,25-06-2025,20:22:07,25-06-2025,20:24:05,25-06-2025,20:26:41,COMPLETED,0,1
79KWH,8,3,FULL,25-06-2025,20:26:47,25-06-2025,20:27:04,25-06-2025,20:29:36,COMPLETED,0,1
79KWH,8,3,FULL,25-06-2025,20:29:42,25-06-2025,20:29:59,25-06-2025,20:32:25,COMPLETED,0,1
79KWH,8,3,FULL,25-06-2025,20:54:09,25-06-2025,20:55:38,25-06-2025,20:58:23,COMPLETED,0,1
79KWH,8,2,FULL,25-06-2025,20:54:21,25-06-2025,20:54:26,25-06-2025,20:55:35,COMPLETED,0,1
79KWH,8,2,FULL,25-06-2025,20:56:22,25-06-2025,20:56:33,25-06-2025,20:57:47,COMPLETED,0,1
79KWH,8,2,FULL,25-06-2025,20:58:24,25-06-2025,20:58:29,25-06-2025,20:59:40,COMPLETED,0,1
79KWH,8,3,FULL,25-06-2025,20:58:30,25-06-2025,21:00:27,25-06-2025,21:03:07,COMPLETED,0,1
79KWH,8,2,FULL,25-06-2025,21:00:23,25-06-2025,21:00:36,25-06-2025,21:01:51,COMPLETED,0,1
79KWH,8,2,FULL,25-06-2025,21:02:25,25-06-2025,21:02:32,25-06-2025,21:03:45,COMPLETED,0,1
79KWH,8,3,FULL,25-06-2025,21:03:13,25-06-2025,21:03:29,25-06-2025,21:07:23,COMPLETED,0,1
79KWH,8,2,FULL,25-06-2025,21:04:25,25-06-2025,21:04:27,25-06-2025,21:05:43,COMPLETED,0,1
79KWH,8,2,FULL,25-06-2025,21:06:27,25-06-2025,21:06:40,25-06-2025,21:07:52,COMPLETED,0,1
79KWH,8,3,FULL,25-06-2025,21:07:29,25-06-2025,21:09:24,25-06-2025,21:13:17,COMPLETED,0,1
79KWH,8,2,FULL,25-06-2025,21:08:29,25-06-2025,21:08:34,25-06-2025,21:09:51,COMPLETED,0,1
79KWH,8,2,FULL,25-06-2025,21:10:28,25-06-2025,21:10:34,25-06-2025,21:11:48,COMPLETED,0,1
79KWH,8,2,FULL,25-06-2025,21:11:53,25-06-2025,21:12:02,25-06-2025,21:13:21,COMPLETED,0,1
79KWH,8,3,FULL,25-06-2025,21:13:23,25-06-2025,21:15:21,25-06-2025,21:18:05,COMPLETED,0,1
79KWH,8,2,FULL,25-06-2025,21:13:34,25-06-2025,21:13:35,25-06-2025,21:14:52,COMPLETED,0,1
79KWH,8,2,FULL,25-06-2025,21:14:57,25-06-2025,21:15:05,25-06-2025,21:16:26,COMPLETED,0,1
79KWH,8,2,FULL,25-06-2025,21:16:33,25-06-2025,21:16:40,25-06-2025,21:17:56,COMPLETED,0,1
79KWH,8,2,FULL,25-06-2025,21:18:01,25-06-2025,21:18:10,25-06-2025,21:19:33,COMPLETED,0,1
79KWH,8,3,FULL,25-06-2025,21:18:12,25-06-2025,21:20:12,25-06-2025,21:23:01,COMPLETED,0,1
79KWH,8,2,FULL,25-06-2025,21:19:38,25-06-2025,21:19:46,25-06-2025,21:21:03,COMPLETED,0,1
79KWH,8,2,FULL,25-06-2025,21:21:09,25-06-2025,21:21:17,25-06-2025,21:22:38,COMPLETED,0,1
79KWH,8,2,FULL,25-06-2025,21:22:45,25-06-2025,21:22:52,25-06-2025,21:24:10,COMPLETED,0,1
79KWH,8,3,FULL,25-06-2025,21:23:11,25-06-2025,21:25:10,25-06-2025,21:28:33,COMPLETED,0,1
79KWH,8,2,FULL,25-06-2025,21:24:15,25-06-2025,21:24:24,25-06-2025,21:25:47,COMPLETED,0,1
79KWH,8,2,FULL,25-06-2025,21:25:52,25-06-2025,21:26:01,25-06-2025,21:27:21,COMPLETED,0,1
79KWH,8,2,FULL,25-06-2025,21:27:26,25-06-2025,21:27:34,25-06-2025,21:28:59,COMPLETED,0,1
79KWH,8,3,FULL,25-06-2025,21:28:40,25-06-2025,21:30:33,25-06-2025,21:33:20,COMPLETED,0,1
79KWH,8,2,FULL,25-06-2025,21:29:05,25-06-2025,21:29:13,25-06-2025,21:30:34,COMPLETED,0,1
79KWH,8,2,FULL,25-06-2025,21:30:42,25-06-2025,21:30:48,25-06-2025,21:32:14,COMPLETED,0,1
79KWH,8,2,FULL,25-06-2025,21:32:20,25-06-2025,21:32:29,25-06-2025,21:33:51,COMPLETED,0,1
79KWH,8,3,FULL,25-06-2025,21:33:27,25-06-2025,21:35:21,25-06-2025,21:38:08,COMPLETED,0,1
79KWH,8,2,FULL,25-06-2025,21:33:57,25-06-2025,21:34:05,25-06-2025,21:35:33,COMPLETED,0,1
79KWH,8,3,FULL,25-06-2025,21:38:16,25-06-2025,21:40:06,25-06-2025,21:42:57,COMPLETED,0,1
79KWH,8,2,FULL,25-06-2025,21:38:23,25-06-2025,21:38:37,25-06-2025,21:40:00,COMPLETED,0,1
79KWH,8,2,FULL,25-06-2025,21:40:05,25-06-2025,21:40:13,25-06-2025,21:41:41,COMPLETED,0,1
79KWH,8,2,FULL,25-06-2025,21:41:46,25-06-2025,21:41:55,25-06-2025,21:43:18,COMPLETED,0,1
79KWH,8,3,FULL,25-06-2025,21:43:05,25-06-2025,21:44:59,25-06-2025,21:48:13,COMPLETED,0,1
79KWH,8,2,FULL,25-06-2025,21:43:23,25-06-2025,21:43:32,25-06-2025,21:45:01,COMPLETED,0,1
79KWH,8,2,FULL,25-06-2025,21:45:08,25-06-2025,21:45:15,25-06-2025,21:46:42,COMPLETED,0,1
79KWH,8,2,FULL,25-06-2025,21:46:47,25-06-2025,21:46:55,25-06-2025,21:48:26,COMPLETED,0,1
79KWH,8,3,FULL,25-06-2025,21:48:20,25-06-2025,21:50:08,25-06-2025,21:53:02,COMPLETED,0,1
79KWH,8,2,FULL,25-06-2025,21:48:33,25-06-2025,21:48:40,25-06-2025,21:50:06,COMPLETED,0,1
79KWH,8,2,FULL,25-06-2025,21:50:12,25-06-2025,21:50:20,25-06-2025,21:51:51,COMPLETED,0,1
79KWH,8,2,FULL,25-06-2025,21:51:58,25-06-2025,21:52:05,25-06-2025,21:53:31,COMPLETED,0,1
79KWH,8,3,FULL,25-06-2025,21:53:08,25-06-2025,21:55:07,25-06-2025,21:58:02,COMPLETED,0,1
79KWH,8,2,FULL,25-06-2025,21:53:38,25-06-2025,21:53:45,25-06-2025,21:55:18,COMPLETED,0,1
79KWH,8,2,FULL,25-06-2025,21:55:24,25-06-2025,21:55:31,25-06-2025,21:56:59,COMPLETED,0,1
79KWH,8,2,FULL,25-06-2025,21:57:04,25-06-2025,21:57:13,25-06-2025,21:58:47,COMPLETED,0,1
79KWH,8,3,FULL,25-06-2025,21:58:09,25-06-2025,22:00:01,25-06-2025,22:02:50,COMPLETED,0,1
79KWH,8,2,FULL,25-06-2025,21:58:53,25-06-2025,21:59:00,25-06-2025,22:00:30,COMPLETED,0,1
79KWH,8,2,FULL,25-06-2025,22:00:36,25-06-2025,22:00:44,25-06-2025,22:02:19,COMPLETED,0,1
79KWH,8,2,FULL,25-06-2025,22:02:26,25-06-2025,22:02:32,25-06-2025,22:04:03,COMPLETED,0,1
79KWH,8,3,FULL,25-06-2025,22:02:56,25-06-2025,22:03:13,25-06-2025,22:06:01,COMPLETED,0,1
79KWH,8,2,FULL,25-06-2025,22:04:09,25-06-2025,22:04:17,25-06-2025,22:05:53,COMPLETED,0,1
79KWH,8,2,FULL,25-06-2025,22:05:58,25-06-2025,22:06:07,25-06-2025,22:07:38,COMPLETED,0,1
79KWH,8,3,FULL,25-06-2025,22:06:07,25-06-2025,22:08:05,25-06-2025,22:10:59,COMPLETED,0,1
79KWH,8,2,FULL,25-06-2025,22:07:43,25-06-2025,22:07:52,25-06-2025,22:09:30,COMPLETED,0,1
79KWH,8,2,FULL,25-06-2025,22:09:36,25-06-2025,22:09:44,25-06-2025,22:11:16,COMPLETED,0,1
79KWH,8,3,FULL,25-06-2025,22:11:06,25-06-2025,22:12:55,25-06-2025,22:15:51,COMPLETED,0,1
79KWH,8,2,FULL,25-06-2025,22:11:22,25-06-2025,22:11:30,25-06-2025,22:13:07,COMPLETED,0,1
79KWH,8,2,FULL,25-06-2025,22:13:14,25-06-2025,22:13:21,25-06-2025,22:14:54,COMPLETED,0,1
79KWH,8,2,FULL,25-06-2025,22:15:01,25-06-2025,22:15:08,25-06-2025,22:16:47,COMPLETED,0,1
79KWH,8,3,FULL,25-06-2025,22:15:59,25-06-2025,22:17:53,25-06-2025,22:20:40,COMPLETED,0,1
79KWH,8,3,FULL,25-06-2025,22:20:48,25-06-2025,22:22:56,25-06-2025,22:26:00,COMPLETED,0,1
79KWH,8,3,FULL,25-06-2025,22:26:06,25-06-2025,22:28:21,25-06-2025,22:31:24,COMPLETED,0,1
79KWH,8,3,FULL,25-06-2025,22:31:30,25-06-2025,22:33:39,25-06-2025,22:36:35,COMPLETED,0,1
79KWH,8,2,FULL,25-06-2025,22:36:19,25-06-2025,22:36:22,25-06-2025,22:37:56,COMPLETED,0,1
79KWH,8,3,FULL,25-06-2025,22:36:41,25-06-2025,22:38:54,25-06-2025,22:41:46,COMPLETED,0,1
79KWH,8,2,FULL,25-06-2025,22:38:20,25-06-2025,22:38:24,25-06-2025,22:40:03,COMPLETED,0,1
79KWH,8,2,FULL,25-06-2025,22:40:21,25-06-2025,22:40:31,25-06-2025,22:42:08,COMPLETED,0,1
79KWH,8,3,FULL,25-06-2025,22:41:52,25-06-2025,22:43:38,25-06-2025,22:46:34,COMPLETED,0,1
79KWH,8,2,FULL,25-06-2025,22:42:22,25-06-2025,22:42:22,25-06-2025,22:44:03,COMPLETED,0,1
79KWH,8,2,FULL,25-06-2025,22:44:23,25-06-2025,22:44:31,25-06-2025,22:46:07,COMPLETED,0,1
79KWH,8,2,FULL,25-06-2025,22:46:24,25-06-2025,22:46:35,25-06-2025,22:48:17,COMPLETED,0,1
79KWH,8,3,FULL,25-06-2025,22:46:40,25-06-2025,22:48:37,25-06-2025,22:51:38,COMPLETED,0,1
79KWH,8,2,FULL,25-06-2025,22:48:25,25-06-2025,22:48:32,25-06-2025,22:50:09,COMPLETED,0,1
79KWH,8,2,FULL,25-06-2025,22:50:14,25-06-2025,22:50:23,25-06-2025,22:52:06,COMPLETED,0,1
79KWH,8,3,FULL,25-06-2025,22:51:46,25-06-2025,22:53:36,25-06-2025,22:56:26,COMPLETED,0,1
79KWH,8,2,FULL,25-06-2025,22:52:11,25-06-2025,22:52:20,25-06-2025,22:53:59,COMPLETED,0,1
79KWH,8,2,FULL,25-06-2025,22:54:05,25-06-2025,22:54:12,25-06-2025,22:55:57,COMPLETED,0,1
79KWH,8,2,FULL,25-06-2025,22:56:02,25-06-2025,22:56:10,25-06-2025,22:57:52,COMPLETED,0,1
79KWH,8,3,FULL,25-06-2025,22:56:32,25-06-2025,22:58:24,25-06-2025,23:01:09,COMPLETED,0,1
79KWH,8,2,FULL,25-06-2025,22:57:59,25-06-2025,22:58:06,25-06-2025,22:59:51,COMPLETED,0,1
79KWH,8,2,FULL,25-06-2025,22:59:58,25-06-2025,23:00:05,25-06-2025,23:01:47,COMPLETED,0,1
79KWH,8,3,FULL,25-06-2025,23:01:16,25-06-2025,23:03:02,25-06-2025,23:05:59,COMPLETED,0,1
79KWH,8,2,FULL,25-06-2025,23:01:54,25-06-2025,23:02:01,25-06-2025,23:03:46,COMPLETED,0,1
79KWH,8,2,FULL,25-06-2025,23:03:53,25-06-2025,23:04:00,25-06-2025,23:05:41,COMPLETED,0,1
79KWH,8,2,FULL,25-06-2025,23:05:47,25-06-2025,23:05:55,25-06-2025,23:07:44,COMPLETED,0,1
79KWH,8,3,FULL,25-06-2025,23:06:06,25-06-2025,23:07:51,25-06-2025,23:11:46,COMPLETED,0,1
79KWH,8,2,FULL,25-06-2025,23:07:51,25-06-2025,23:07:57,25-06-2025,23:09:43,COMPLETED,0,1
79KWH,8,2,FULL,25-06-2025,23:09:48,25-06-2025,23:09:56,25-06-2025,23:11:46,COMPLETED,0,1
79KWH,8,3,FULL,25-06-2025,23:11:52,25-06-2025,23:14:00,25-06-2025,23:16:59,COMPLETED,0,1
79KWH,8,2,FULL,25-06-2025,23:11:53,25-06-2025,23:12:00,25-06-2025,23:13:46,COMPLETED,0,1
79KWH,8,2,FULL,25-06-2025,23:13:52,25-06-2025,23:14:00,25-06-2025,23:15:51,COMPLETED,0,1
79KWH,8,2,FULL,25-06-2025,23:15:58,25-06-2025,23:16:06,25-06-2025,23:17:53,COMPLETED,0,1
79KWH,8,3,FULL,25-06-2025,23:17:06,25-06-2025,23:19:18,25-06-2025,23:22:06,COMPLETED,0,1
79KWH,8,2,FULL,25-06-2025,23:17:59,25-06-2025,23:18:07,25-06-2025,23:19:59,COMPLETED,0,1
79KWH,8,2,FULL,25-06-2025,23:20:06,25-06-2025,23:20:14,25-06-2025,23:22:01,COMPLETED,0,1
79KWH,8,2,FULL,25-06-2025,23:22:08,25-06-2025,23:22:15,25-06-2025,23:24:09,COMPLETED,0,1
79KWH,8,3,FULL,25-06-2025,23:22:14,25-06-2025,23:23:58,25-06-2025,23:29:33,COMPLETED,0,1
79KWH,8,2,FULL,25-06-2025,23:24:14,25-06-2025,23:24:23,25-06-2025,23:26:13,COMPLETED,0,1
79KWH,8,3,FULL,25-06-2025,23:29:41,25-06-2025,23:31:28,25-06-2025,23:34:27,COMPLETED,0,1
79KWH,8,3,FULL,25-06-2025,23:34:34,25-06-2025,23:36:18,25-06-2025,23:39:18,COMPLETED,0,1
79KWH,8,3,FULL,25-06-2025,23:39:23,25-06-2025,23:41:13,25-06-2025,23:44:02,COMPLETED,0,1
79KWH,8,3,FULL,25-06-2025,23:44:08,25-06-2025,23:45:55,25-06-2025,23:48:54,COMPLETED,0,1
79KWH,8,3,FULL,26-06-2025,06:56:46,26-06-2025,06:56:53,26-06-2025,07:14:04,COMPLETED,0,1
79KWH,8,2,FULL,26-06-2025,07:11:51,26-06-2025,07:11:55,26-06-2025,07:14:23,COMPLETED,0,1
79KWH,8,1,FULL,26-06-2025,07:14:29,26-06-2025,07:14:41,26-06-2025,07:16:44,COMPLETED,0,1
79KWH,8,2,FULL,26-06-2025,07:16:00,26-06-2025,07:16:02,26-06-2025,07:17:51,COMPLETED,0,1
79KWH,8,3,FULL,26-06-2025,07:16:14,26-06-2025,07:18:50,26-06-2025,07:21:51,COMPLETED,0,1
79KWH,8,1,FULL,26-06-2025,07:16:49,26-06-2025,07:17:07,26-06-2025,07:18:30,COMPLETED,0,1
79KWH,8,2,FULL,26-06-2025,07:18:02,26-06-2025,07:18:05,26-06-2025,07:20:01,COMPLETED,0,1
79KWH,8,1,FULL,26-06-2025,07:18:36,26-06-2025,07:18:53,26-06-2025,07:20:25,COMPLETED,0,1
79KWH,8,1,FULL,26-06-2025,07:20:30,26-06-2025,07:20:48,26-06-2025,07:22:26,COMPLETED,0,1
79KWH,8,2,FULL,26-06-2025,07:21:02,26-06-2025,07:21:12,26-06-2025,07:23:02,COMPLETED,0,1
79KWH,8,3,FULL,26-06-2025,07:21:58,26-06-2025,07:22:14,26-06-2025,07:24:42,COMPLETED,0,1
79KWH,8,1,FULL,26-06-2025,07:22:31,26-06-2025,07:22:49,26-06-2025,07:24:22,COMPLETED,0,1
79KWH,8,2,FULL,26-06-2025,07:24:06,26-06-2025,07:24:13,26-06-2025,07:26:09,COMPLETED,0,1
79KWH,8,1,FULL,26-06-2025,07:24:27,26-06-2025,07:24:45,26-06-2025,07:26:24,COMPLETED,0,1
79KWH,8,3,FULL,26-06-2025,07:24:49,26-06-2025,07:25:06,26-06-2025,07:27:37,COMPLETED,0,1
79KWH,8,1,FULL,26-06-2025,07:26:29,26-06-2025,07:26:47,26-06-2025,07:28:21,COMPLETED,0,1
79KWH,8,2,FULL,26-06-2025,07:27:04,26-06-2025,07:27:05,26-06-2025,07:28:58,COMPLETED,0,1
79KWH,8,3,FULL,26-06-2025,07:27:43,26-06-2025,07:27:59,26-06-2025,08:43:16,COMPLETED,0,1
79KWH,8,1,FULL,26-06-2025,07:28:39,26-06-2025,07:28:44,26-06-2025,07:30:23,COMPLETED,0,1
79KWH,8,2,FULL,26-06-2025,07:30:06,26-06-2025,07:30:08,26-06-2025,07:32:06,COMPLETED,0,1
79KWH,8,1,FULL,26-06-2025,07:31:36,26-06-2025,07:31:56,26-06-2025,07:33:30,COMPLETED,0,1
79KWH,8,2,FULL,26-06-2025,07:33:07,26-06-2025,07:33:17,26-06-2025,07:35:11,COMPLETED,0,1
79KWH,8,1,FULL,26-06-2025,07:34:40,26-06-2025,07:35:02,26-06-2025,07:36:41,COMPLETED,0,1
79KWH,8,2,FULL,26-06-2025,07:36:16,26-06-2025,07:36:22,26-06-2025,07:38:21,COMPLETED,0,1
79KWH,8,1,FULL,26-06-2025,07:37:38,26-06-2025,07:37:49,26-06-2025,07:39:22,COMPLETED,0,1
79KWH,8,2,FULL,26-06-2025,07:39:10,26-06-2025,07:39:18,26-06-2025,07:41:13,COMPLETED,0,1
79KWH,8,1,FULL,26-06-2025,07:40:43,26-06-2025,07:40:55,26-06-2025,07:42:33,COMPLETED,0,1
79KWH,8,2,FULL,26-06-2025,07:42:14,26-06-2025,07:42:23,26-06-2025,07:44:22,COMPLETED,0,1
79KWH,8,1,FULL,26-06-2025,07:43:41,26-06-2025,07:43:43,26-06-2025,07:45:22,COMPLETED,0,1
79KWH,8,2,FULL,26-06-2025,07:44:30,26-06-2025,07:44:36,26-06-2025,07:46:32,COMPLETED,0,1
79KWH,8,1,FULL,26-06-2025,07:45:42,26-06-2025,07:45:45,26-06-2025,07:47:28,COMPLETED,0,1
79KWH,8,2,FULL,26-06-2025,07:46:38,26-06-2025,07:48:29,26-06-2025,07:51:00,COMPLETED,0,1
79KWH,8,1,FULL,26-06-2025,07:47:44,26-06-2025,07:49:45,26-06-2025,07:52:00,COMPLETED,0,1
79KWH,8,2,FULL,26-06-2025,07:51:06,26-06-2025,07:53:02,26-06-2025,07:55:29,COMPLETED,0,1
79KWH,8,1,FULL,26-06-2025,07:52:05,26-06-2025,07:54:24,26-06-2025,07:56:44,COMPLETED,0,1
79KWH,8,1,FULL,26-06-2025,07:56:50,26-06-2025,07:57:07,26-06-2025,07:58:41,COMPLETED,0,1
79KWH,8,3,FULL,26-06-2025,08:43:23,26-06-2025,08:46:15,26-06-2025,08:49:10,COMPLETED,0,1
79KWH,8,2,FULL,26-06-2025,08:48:20,26-06-2025,08:48:27,26-06-2025,08:51:00,COMPLETED,0,1
79KWH,8,1,FULL,26-06-2025,08:49:16,26-06-2025,08:49:35,26-06-2025,08:51:56,COMPLETED,0,1
79KWH,8,3,FULL,26-06-2025,08:49:16,26-06-2025,08:51:06,26-06-2025,08:54:04,COMPLETED,0,1
79KWH,8,2,FULL,26-06-2025,08:51:06,26-06-2025,08:51:14,26-06-2025,08:53:11,COMPLETED,0,1
79KWH,8,1,FULL,26-06-2025,08:52:01,26-06-2025,08:52:19,26-06-2025,08:53:53,COMPLETED,0,1
79KWH,8,2,FULL,26-06-2025,08:53:17,26-06-2025,08:53:25,26-06-2025,08:55:28,COMPLETED,0,1
79KWH,8,1,FULL,26-06-2025,08:53:59,26-06-2025,08:54:16,26-06-2025,08:55:55,COMPLETED,0,1
79KWH,8,3,FULL,26-06-2025,08:54:12,26-06-2025,09:08:27,26-06-2025,09:11:49,COMPLETED,0,1
79KWH,8,1,FULL,26-06-2025,09:10:58,26-06-2025,09:10:59,26-06-2025,09:13:09,COMPLETED,0,1
79KWH,8,3,FULL,26-06-2025,09:11:56,26-06-2025,09:14:02,26-06-2025,09:16:52,COMPLETED,0,1
79KWH,8,1,FULL,26-06-2025,09:13:14,26-06-2025,09:14:36,26-06-2025,09:15:52,COMPLETED,0,1
79KWH,8,1,FULL,26-06-2025,09:15:57,26-06-2025,09:16:02,26-06-2025,09:17:30,COMPLETED,0,1
79KWH,8,3,FULL,26-06-2025,09:16:59,26-06-2025,09:19:06,26-06-2025,09:22:02,COMPLETED,0,1
79KWH,8,1,FULL,26-06-2025,09:17:35,26-06-2025,09:19:59,26-06-2025,09:22:13,COMPLETED,0,1
79KWH,8,3,FULL,26-06-2025,09:22:08,26-06-2025,09:22:25,26-06-2025,09:25:07,COMPLETED,0,1
79KWH,8,1,FULL,26-06-2025,09:22:18,26-06-2025,09:22:24,26-06-2025,09:23:52,COMPLETED,0,1
79KWH,8,1,FULL,26-06-2025,09:23:56,26-06-2025,09:24:01,26-06-2025,09:25:31,COMPLETED,0,1
79KWH,8,3,FULL,26-06-2025,09:25:12,26-06-2025,09:25:30,26-06-2025,09:28:14,COMPLETED,0,1
79KWH,8,1,FULL,26-06-2025,09:25:36,26-06-2025,09:25:42,26-06-2025,09:27:09,COMPLETED,0,1
79KWH,8,3,FULL,26-06-2025,09:28:20,26-06-2025,09:28:36,26-06-2025,09:31:43,COMPLETED,0,1
79KWH,8,3,FULL,26-06-2025,09:31:50,26-06-2025,09:32:07,26-06-2025,09:34:46,COMPLETED,0,1
79KWH,8,3,FULL,26-06-2025,09:34:52,26-06-2025,09:35:09,26-06-2025,09:37:46,COMPLETED,0,1
79KWH,8,3,FULL,26-06-2025,09:37:52,26-06-2025,09:38:09,26-06-2025,09:41:28,COMPLETED,0,1
79KWH,0,1,FULL,26-06-2025,10:02:09,26-06-2025,10:02:09,26-06-2025,10:02:09,COMPLETED,0,1
79KWH,8,1,FULL,26-06-2025,10:02:09,26-06-2025,10:02:09,26-06-2025,10:02:09,COMPLETED,0,1
79KWH,8,1,FULL,26-06-2025,10:59:33,26-06-2025,13:29:32,26-06-2025,13:41:14,COMPLETED,0,1
79KWH,0,1,FULL,28-06-2025,06:56:35,28-06-2025,06:56:56,28-06-2025,06:58:51,COMPLETED,0,1
79KWH,0,3,FULL,28-06-2025,06:57:48,28-06-2025,06:57:49,28-06-2025,07:00:37,COMPLETED,0,1
79KWH,0,2,FULL,28-06-2025,06:58:04,28-06-2025,06:58:10,28-06-2025,07:00:23,COMPLETED,0,1
79KWH,8,1,FULL,28-06-2025,06:59:30,28-06-2025,07:13:38,28-06-2025,07:14:39,COMPLETED,0,1
79KWH,8,3,FULL,28-06-2025,07:00:47,28-06-2025,07:13:30,28-06-2025,07:15:57,COMPLETED,0,1
79KWH,8,2,FULL,28-06-2025,07:00:58,28-06-2025,07:13:54,28-06-2025,07:15:33,COMPLETED,0,1
79KWH,8,1,FULL,28-06-2025,07:14:49,28-06-2025,07:16:58,28-06-2025,07:18:52,COMPLETED,0,1
79KWH,8,2,FULL,28-06-2025,07:15:43,28-06-2025,07:17:25,28-06-2025,07:19:44,COMPLETED,0,1
79KWH,8,3,FULL,28-06-2025,07:16:07,28-06-2025,07:16:19,28-06-2025,07:19:08,COMPLETED,0,1
79KWH,8,1,FULL,28-06-2025,07:19:03,28-06-2025,00:00:00,28-06-2025,00:00:00,ABORT,0,1
79KWH,8,3,FULL,28-06-2025,07:19:15,28-06-2025,07:19:30,28-06-2025,07:22:08,COMPLETED,0,1
79KWH,8,2,FULL,28-06-2025,07:19:51,28-06-2025,07:22:15,28-06-2025,07:24:31,COMPLETED,0,1
79KWH,8,3,FULL,28-06-2025,07:22:14,28-06-2025,07:22:31,28-06-2025,07:25:13,COMPLETED,0,1
79KWH,8,2,FULL,28-06-2025,07:24:37,28-06-2025,07:27:03,28-06-2025,07:29:19,COMPLETED,0,1
79KWH,8,3,FULL,28-06-2025,07:25:19,28-06-2025,07:25:36,28-06-2025,07:28:06,COMPLETED,0,1
79KWH,8,3,FULL,28-06-2025,07:28:14,28-06-2025,07:28:30,28-06-2025,07:31:13,COMPLETED,0,1
79KWH,8,2,FULL,28-06-2025,07:29:25,28-06-2025,07:29:33,28-06-2025,07:31:31,COMPLETED,0,1
79KWH,8,3,FULL,28-06-2025,07:31:19,28-06-2025,07:31:35,28-06-2025,07:34:07,COMPLETED,0,1
79KWH,8,2,FULL,28-06-2025,07:31:38,28-06-2025,07:31:46,28-06-2025,07:33:40,COMPLETED,0,1
79KWH,8,2,FULL,28-06-2025,07:33:46,28-06-2025,07:36:09,28-06-2025,07:38:30,COMPLETED,0,1
79KWH,8,3,FULL,28-06-2025,07:34:15,28-06-2025,07:34:30,28-06-2025,07:36:49,COMPLETED,0,1
79KWH,8,3,FULL,28-06-2025,07:36:55,28-06-2025,07:37:12,28-06-2025,07:40:21,COMPLETED,0,1
79KWH,8,2,FULL,28-06-2025,07:38:35,28-06-2025,07:41:04,28-06-2025,07:43:22,COMPLETED,0,1
79KWH,8,3,FULL,28-06-2025,07:40:27,28-06-2025,07:40:44,28-06-2025,07:44:24,COMPLETED,0,1
79KWH,8,2,FULL,28-06-2025,07:43:27,28-06-2025,07:45:50,28-06-2025,07:48:11,COMPLETED,0,1
79KWH,8,3,FULL,28-06-2025,07:44:31,28-06-2025,07:44:46,28-06-2025,07:48:01,COMPLETED,0,1
79KWH,8,3,FULL,28-06-2025,07:48:07,28-06-2025,07:48:24,28-06-2025,07:50:51,COMPLETED,0,1
79KWH,8,2,FULL,28-06-2025,07:48:16,28-06-2025,07:50:46,28-06-2025,07:53:03,COMPLETED,0,1
79KWH,8,3,FULL,28-06-2025,07:50:59,28-06-2025,07:51:14,28-06-2025,07:54:32,COMPLETED,0,1
79KWH,8,2,FULL,28-06-2025,07:53:10,28-06-2025,07:55:31,28-06-2025,07:57:54,COMPLETED,0,1
79KWH,8,3,FULL,28-06-2025,07:54:38,28-06-2025,07:54:55,28-06-2025,07:57:30,COMPLETED,0,1
79KWH,8,3,FULL,28-06-2025,07:57:37,28-06-2025,07:57:53,28-06-2025,08:00:29,COMPLETED,0,1
79KWH,8,2,FULL,28-06-2025,07:58:01,28-06-2025,08:00:27,28-06-2025,08:02:45,COMPLETED,0,1
79KWH,8,3,FULL,28-06-2025,08:00:34,28-06-2025,08:00:51,28-06-2025,08:03:21,COMPLETED,0,1
79KWH,8,2,FULL,28-06-2025,08:02:51,28-06-2025,08:05:14,28-06-2025,08:07:37,COMPLETED,0,1
79KWH,8,3,FULL,28-06-2025,08:03:28,28-06-2025,08:03:45,28-06-2025,08:06:28,COMPLETED,0,1
79KWH,8,3,FULL,28-06-2025,08:06:34,28-06-2025,08:06:51,28-06-2025,08:10:07,COMPLETED,0,1
79KWH,8,2,FULL,28-06-2025,08:07:44,28-06-2025,08:10:09,28-06-2025,08:12:25,COMPLETED,0,1
79KWH,8,3,FULL,28-06-2025,08:10:14,28-06-2025,08:10:30,28-06-2025,08:14:26,COMPLETED,0,1
79KWH,8,2,FULL,28-06-2025,08:12:32,28-06-2025,08:12:39,28-06-2025,08:14:41,COMPLETED,0,1
79KWH,8,3,FULL,28-06-2025,08:14:33,28-06-2025,08:14:50,28-06-2025,08:17:21,COMPLETED,0,1
79KWH,8,2,FULL,28-06-2025,08:14:48,28-06-2025,08:17:09,28-06-2025,08:19:29,COMPLETED,0,1
79KWH,8,3,FULL,28-06-2025,08:17:28,28-06-2025,08:17:45,28-06-2025,08:20:27,COMPLETED,0,1
79KWH,8,2,FULL,28-06-2025,08:19:35,28-06-2025,08:22:02,28-06-2025,08:24:25,COMPLETED,0,1
79KWH,8,3,FULL,28-06-2025,08:20:35,28-06-2025,08:20:51,28-06-2025,08:23:34,COMPLETED,0,1
79KWH,8,3,FULL,28-06-2025,08:23:40,28-06-2025,08:25:34,28-06-2025,08:28:20,COMPLETED,0,1
79KWH,8,2,FULL,28-06-2025,08:24:30,28-06-2025,08:26:51,28-06-2025,08:29:10,COMPLETED,0,1
79KWH,8,3,FULL,28-06-2025,08:28:28,28-06-2025,08:28:43,28-06-2025,08:31:17,COMPLETED,0,1
79KWH,8,2,FULL,28-06-2025,08:29:17,28-06-2025,08:31:42,28-06-2025,08:34:05,COMPLETED,0,1
79KWH,8,3,FULL,28-06-2025,08:31:23,28-06-2025,08:31:40,28-06-2025,08:34:27,COMPLETED,0,1
79KWH,8,2,FULL,28-06-2025,08:34:12,28-06-2025,08:36:32,28-06-2025,08:38:53,COMPLETED,0,1
79KWH,8,3,FULL,28-06-2025,08:34:34,28-06-2025,08:34:51,28-06-2025,08:37:30,COMPLETED,0,1
79KWH,8,3,FULL,28-06-2025,08:37:37,28-06-2025,08:37:53,28-06-2025,08:40:33,COMPLETED,0,1
79KWH,8,2,FULL,28-06-2025,08:38:59,28-06-2025,08:39:06,28-06-2025,08:41:11,COMPLETED,0,1
79KWH,8,3,FULL,28-06-2025,08:40:39,28-06-2025,08:40:56,28-06-2025,08:43:34,COMPLETED,0,1
79KWH,8,2,FULL,28-06-2025,08:41:18,28-06-2025,08:43:42,28-06-2025,08:46:03,COMPLETED,0,1
79KWH,8,3,FULL,28-06-2025,08:43:40,28-06-2025,08:43:57,28-06-2025,08:49:21,COMPLETED,0,1
79KWH,8,2,FULL,28-06-2025,08:46:09,28-06-2025,08:48:30,28-06-2025,08:50:55,COMPLETED,0,1
79KWH,8,3,FULL,28-06-2025,08:49:28,28-06-2025,08:49:45,28-06-2025,08:52:43,COMPLETED,0,1
79KWH,8,2,FULL,28-06-2025,08:51:01,28-06-2025,08:53:26,28-06-2025,08:55:48,COMPLETED,0,1
79KWH,8,3,FULL,28-06-2025,08:52:50,28-06-2025,08:53:06,28-06-2025,08:55:48,COMPLETED,0,1
79KWH,8,3,FULL,28-06-2025,08:55:54,28-06-2025,08:56:11,28-06-2025,08:58:48,COMPLETED,0,1
79KWH,8,2,FULL,28-06-2025,08:55:55,28-06-2025,08:58:13,28-06-2025,09:00:39,COMPLETED,0,1
79KWH,8,3,FULL,28-06-2025,08:58:55,28-06-2025,08:59:10,28-06-2025,09:02:04,COMPLETED,0,1
79KWH,8,1,FULL,28-06-2025,08:59:54,28-06-2025,09:00:59,28-06-2025,09:03:10,COMPLETED,0,1
79KWH,8,2,FULL,28-06-2025,09:00:46,28-06-2025,09:03:11,28-06-2025,09:05:34,COMPLETED,0,1
79KWH,8,3,FULL,28-06-2025,09:02:12,28-06-2025,09:02:27,28-06-2025,16:11:47,COMPLETED,0,1
79KWH,8,1,FULL,28-06-2025,09:03:16,28-06-2025,09:05:29,28-06-2025,09:07:36,COMPLETED,0,1
79KWH,8,2,FULL,28-06-2025,09:05:40,28-06-2025,09:08:00,28-06-2025,09:10:24,COMPLETED,0,1
79KWH,8,1,FULL,28-06-2025,09:07:46,28-06-2025,09:07:58,28-06-2025,09:09:36,COMPLETED,0,1
79KWH,8,1,FULL,28-06-2025,09:09:43,28-06-2025,09:10:00,28-06-2025,09:11:33,COMPLETED,0,1
79KWH,8,2,FULL,28-06-2025,09:10:31,28-06-2025,09:12:55,28-06-2025,09:15:16,COMPLETED,0,1
79KWH,8,1,FULL,28-06-2025,09:11:44,28-06-2025,09:11:56,28-06-2025,09:13:34,COMPLETED,0,1
79KWH,8,1,FULL,28-06-2025,09:13:41,28-06-2025,09:13:57,28-06-2025,09:15:38,COMPLETED,0,1
79KWH,8,2,FULL,28-06-2025,09:15:21,28-06-2025,09:17:40,28-06-2025,09:20:06,COMPLETED,0,1
79KWH,8,1,FULL,28-06-2025,09:15:48,28-06-2025,09:16:00,28-06-2025,09:17:38,COMPLETED,0,1
79KWH,8,1,FULL,28-06-2025,09:17:44,28-06-2025,09:18:01,28-06-2025,09:19:35,COMPLETED,0,1
79KWH,8,1,FULL,28-06-2025,09:19:45,28-06-2025,09:21:46,28-06-2025,09:23:56,COMPLETED,0,1
79KWH,8,2,FULL,28-06-2025,09:20:12,28-06-2025,09:22:35,28-06-2025,09:24:58,COMPLETED,0,1
79KWH,8,1,FULL,28-06-2025,09:24:03,28-06-2025,09:26:15,28-06-2025,09:28:23,COMPLETED,0,1
79KWH,8,1,FULL,28-06-2025,09:28:33,28-06-2025,09:28:45,28-06-2025,09:30:31,COMPLETED,0,1
79KWH,8,2,FULL,28-06-2025,09:30:22,28-06-2025,09:30:24,28-06-2025,09:32:51,COMPLETED,0,1
79KWH,8,1,FULL,28-06-2025,09:31:38,28-06-2025,09:31:39,28-06-2025,09:33:23,COMPLETED,0,1
79KWH,8,2,FULL,28-06-2025,09:32:58,28-06-2025,09:33:06,28-06-2025,09:35:11,COMPLETED,0,1
79KWH,8,1,FULL,28-06-2025,09:33:40,28-06-2025,09:43:39,28-06-2025,09:45:13,COMPLETED,0,1
79KWH,8,2,FULL,28-06-2025,09:35:18,28-06-2025,09:35:25,28-06-2025,09:37:36,COMPLETED,0,1
79KWH,8,2,FULL,28-06-2025,09:37:41,28-06-2025,09:37:49,28-06-2025,09:39:57,COMPLETED,0,1
79KWH,8,2,FULL,28-06-2025,09:40:03,28-06-2025,09:40:11,28-06-2025,09:42:24,COMPLETED,0,1
79KWH,8,2,FULL,28-06-2025,09:42:29,28-06-2025,09:42:37,28-06-2025,09:44:44,COMPLETED,0,1
79KWH,8,2,FULL,28-06-2025,09:44:50,28-06-2025,09:44:58,28-06-2025,09:47:11,COMPLETED,0,1
79KWH,8,2,FULL,28-06-2025,09:47:17,28-06-2025,09:49:36,28-06-2025,09:52:00,COMPLETED,0,1
79KWH,8,2,FULL,28-06-2025,09:52:07,28-06-2025,09:54:31,28-06-2025,09:56:58,COMPLETED,0,1
79KWH,8,2,FULL,28-06-2025,09:57:03,28-06-2025,09:59:24,28-06-2025,10:01:48,COMPLETED,0,1
79KWH,8,2,FULL,28-06-2025,10:01:55,28-06-2025,10:02:02,28-06-2025,10:04:17,COMPLETED,0,1
79KWH,8,2,FULL,28-06-2025,10:04:22,28-06-2025,10:04:31,28-06-2025,10:06:40,COMPLETED,0,1
79KWH,8,2,FULL,28-06-2025,10:06:47,28-06-2025,10:06:55,28-06-2025,10:09:09,COMPLETED,0,1
79KWH,8,2,FULL,28-06-2025,10:09:15,28-06-2025,10:09:23,28-06-2025,10:11:33,COMPLETED,0,1
79KWH,8,2,FULL,28-06-2025,10:11:39,28-06-2025,10:11:47,28-06-2025,10:14:03,COMPLETED,0,1
79KWH,8,1,FULL,28-06-2025,10:14:02,28-06-2025,10:14:07,28-06-2025,10:16:24,COMPLETED,0,1
79KWH,8,2,FULL,28-06-2025,10:14:10,28-06-2025,10:14:17,28-06-2025,10:16:29,COMPLETED,0,1
79KWH,8,1,FULL,28-06-2025,10:16:29,28-06-2025,10:18:37,28-06-2025,10:20:43,COMPLETED,0,1
79KWH,8,2,FULL,28-06-2025,10:16:35,28-06-2025,10:19:00,28-06-2025,10:21:31,COMPLETED,0,1
79KWH,8,1,FULL,28-06-2025,10:20:48,28-06-2025,10:21:06,28-06-2025,10:22:45,COMPLETED,0,1
79KWH,8,2,FULL,28-06-2025,10:21:36,28-06-2025,10:23:55,28-06-2025,10:26:21,COMPLETED,0,1
79KWH,8,1,FULL,28-06-2025,10:22:50,28-06-2025,10:23:08,28-06-2025,10:24:41,COMPLETED,0,1
79KWH,8,1,FULL,28-06-2025,10:24:46,28-06-2025,10:25:04,28-06-2025,10:26:43,COMPLETED,0,1
79KWH,8,2,FULL,28-06-2025,10:26:28,28-06-2025,10:28:51,28-06-2025,10:31:21,COMPLETED,0,1
79KWH,8,1,FULL,28-06-2025,10:26:49,28-06-2025,10:27:06,28-06-2025,10:28:40,COMPLETED,0,1
79KWH,8,1,FULL,28-06-2025,10:28:45,28-06-2025,10:29:03,28-06-2025,10:30:42,COMPLETED,0,1
79KWH,8,1,FULL,28-06-2025,10:30:47,28-06-2025,10:31:06,28-06-2025,10:32:39,COMPLETED,0,1
79KWH,8,2,FULL,28-06-2025,10:31:27,28-06-2025,10:33:48,28-06-2025,10:36:14,COMPLETED,0,1
79KWH,8,1,FULL,28-06-2025,10:32:44,28-06-2025,10:34:56,28-06-2025,10:37:07,COMPLETED,0,1
79KWH,8,2,FULL,28-06-2025,10:36:20,28-06-2025,10:38:45,28-06-2025,10:41:16,COMPLETED,0,1
79KWH,8,1,FULL,28-06-2025,10:37:12,28-06-2025,10:39:20,28-06-2025,10:41:28,COMPLETED,0,1
79KWH,8,2,FULL,28-06-2025,10:41:22,28-06-2025,10:43:42,28-06-2025,10:46:08,COMPLETED,0,1
79KWH,8,1,FULL,28-06-2025,10:41:33,28-06-2025,10:41:51,28-06-2025,10:43:30,COMPLETED,0,1
79KWH,8,1,FULL,28-06-2025,10:43:34,28-06-2025,10:43:53,28-06-2025,10:45:25,COMPLETED,0,1
79KWH,8,1,FULL,28-06-2025,10:45:31,28-06-2025,10:45:49,28-06-2025,10:47:28,COMPLETED,0,1
79KWH,8,2,FULL,28-06-2025,10:46:14,28-06-2025,10:48:38,28-06-2025,10:51:09,COMPLETED,0,1
79KWH,8,1,FULL,28-06-2025,10:47:33,28-06-2025,10:50:21,28-06-2025,10:51:50,COMPLETED,0,1
79KWH,8,2,FULL,28-06-2025,10:51:16,28-06-2025,10:51:24,28-06-2025,10:53:40,COMPLETED,0,1
79KWH,8,1,FULL,28-06-2025,10:52:12,28-06-2025,10:52:13,28-06-2025,10:53:51,COMPLETED,0,1
79KWH,8,2,FULL,28-06-2025,10:53:46,28-06-2025,10:53:53,28-06-2025,10:56:14,COMPLETED,0,1
79KWH,8,1,FULL,28-06-2025,10:53:57,28-06-2025,10:54:02,28-06-2025,10:55:30,COMPLETED,0,1
79KWH,8,1,FULL,28-06-2025,10:55:50,28-06-2025,10:55:52,28-06-2025,10:57:24,COMPLETED,0,1
79KWH,8,2,FULL,28-06-2025,10:56:20,28-06-2025,10:56:28,28-06-2025,10:58:44,COMPLETED,0,1
79KWH,8,1,FULL,28-06-2025,10:57:29,28-06-2025,10:57:34,28-06-2025,10:59:02,COMPLETED,0,1
79KWH,8,2,FULL,28-06-2025,10:58:49,28-06-2025,10:58:58,28-06-2025,11:01:18,COMPLETED,0,1
79KWH,8,1,FULL,28-06-2025,10:59:23,28-06-2025,10:59:24,28-06-2025,11:00:56,COMPLETED,0,1
79KWH,8,1,FULL,28-06-2025,11:01:02,28-06-2025,11:01:07,28-06-2025,11:02:36,COMPLETED,0,1
79KWH,8,1,FULL,28-06-2025,11:02:57,28-06-2025,11:02:58,28-06-2025,11:04:30,COMPLETED,0,1
79KWH,8,1,FULL,28-06-2025,11:05:08,28-06-2025,00:00:00,28-06-2025,00:00:00,ABORT,0,1
79KWH,8,1,FULL,28-06-2025,11:05:37,28-06-2025,11:06:38,28-06-2025,11:08:41,COMPLETED,0,1
79KWH,8,2,FULL,28-06-2025,11:11:39,28-06-2025,11:13:19,28-06-2025,11:15:46,COMPLETED,0,1
79KWH,8,1,FULL,28-06-2025,11:15:01,28-06-2025,11:15:02,28-06-2025,11:17:08,COMPLETED,0,1
79KWH,8,2,FULL,28-06-2025,11:15:51,28-06-2025,11:16:00,28-06-2025,11:18:24,COMPLETED,0,1
79KWH,8,1,FULL,28-06-2025,11:17:14,28-06-2025,11:17:18,28-06-2025,11:18:49,COMPLETED,0,1
79KWH,8,2,FULL,28-06-2025,11:18:31,28-06-2025,11:18:38,28-06-2025,11:20:56,COMPLETED,0,1
79KWH,8,1,FULL,28-06-2025,11:19:10,28-06-2025,11:20:57,28-06-2025,11:23:04,COMPLETED,0,1
79KWH,8,2,FULL,28-06-2025,11:21:02,28-06-2025,11:23:24,28-06-2025,11:25:58,COMPLETED,0,1
79KWH,8,1,FULL,28-06-2025,11:23:10,28-06-2025,11:25:06,28-06-2025,11:27:09,COMPLETED,0,1
79KWH,8,2,FULL,28-06-2025,11:26:04,28-06-2025,11:28:24,28-06-2025,11:30:55,COMPLETED,0,1
79KWH,8,1,FULL,28-06-2025,11:27:31,28-06-2025,11:27:33,28-06-2025,11:29:08,COMPLETED,0,1
79KWH,8,1,FULL,28-06-2025,11:29:14,28-06-2025,11:29:19,28-06-2025,11:30:55,COMPLETED,0,1
79KWH,8,2,FULL,28-06-2025,11:31:02,28-06-2025,11:33:23,28-06-2025,11:35:57,COMPLETED,0,1
79KWH,8,1,FULL,28-06-2025,11:31:17,28-06-2025,11:31:18,28-06-2025,11:32:54,COMPLETED,0,1
79KWH,8,1,FULL,28-06-2025,11:33:00,28-06-2025,11:33:05,28-06-2025,11:34:39,COMPLETED,0,1
79KWH,8,1,FULL,28-06-2025,11:35:00,28-06-2025,11:35:01,28-06-2025,11:36:38,COMPLETED,0,1
79KWH,8,2,FULL,28-06-2025,11:36:04,28-06-2025,11:36:11,28-06-2025,11:38:30,COMPLETED,0,1
79KWH,8,1,FULL,28-06-2025,11:36:44,28-06-2025,11:36:48,28-06-2025,11:38:29,COMPLETED,0,1
79KWH,8,2,FULL,28-06-2025,11:38:37,28-06-2025,11:38:44,28-06-2025,11:41:10,COMPLETED,0,1
79KWH,8,1,FULL,28-06-2025,11:38:50,28-06-2025,11:38:51,28-06-2025,11:40:28,COMPLETED,0,1
79KWH,8,1,FULL,28-06-2025,11:40:34,28-06-2025,11:40:40,28-06-2025,11:42:15,COMPLETED,0,1
79KWH,8,2,FULL,28-06-2025,11:41:15,28-06-2025,11:43:35,28-06-2025,11:46:04,COMPLETED,0,1
79KWH,8,1,FULL,28-06-2025,11:42:38,28-06-2025,11:44:22,28-06-2025,11:46:31,COMPLETED,0,1
79KWH,8,2,FULL,28-06-2025,11:46:24,28-06-2025,11:48:33,28-06-2025,11:51:09,COMPLETED,0,1
79KWH,8,1,FULL,28-06-2025,11:46:37,28-06-2025,11:48:31,28-06-2025,11:50:36,COMPLETED,0,1
79KWH,8,1,FULL,28-06-2025,11:50:58,28-06-2025,11:50:59,28-06-2025,11:52:38,COMPLETED,0,1
79KWH,8,2,FULL,28-06-2025,11:51:15,28-06-2025,11:53:34,28-06-2025,11:56:05,COMPLETED,0,1
79KWH,8,1,FULL,28-06-2025,11:52:43,28-06-2025,11:52:47,28-06-2025,11:54:23,COMPLETED,0,1
79KWH,8,1,FULL,28-06-2025,11:54:45,28-06-2025,11:54:46,28-06-2025,11:56:27,COMPLETED,0,1
79KWH,8,1,FULL,28-06-2025,11:56:34,28-06-2025,11:56:38,28-06-2025,11:58:17,COMPLETED,0,1
79KWH,8,1,FULL,28-06-2025,12:21:05,28-06-2025,12:21:05,28-06-2025,12:25:04,COMPLETED,0,1
79KWH,8,2,FULL,28-06-2025,12:21:30,28-06-2025,12:21:38,28-06-2025,12:25:12,COMPLETED,0,1
79KWH,8,1,FULL,28-06-2025,12:25:10,28-06-2025,12:25:14,28-06-2025,12:26:54,COMPLETED,0,1
79KWH,8,2,FULL,28-06-2025,12:25:19,28-06-2025,12:25:27,28-06-2025,12:27:50,COMPLETED,0,1
79KWH,8,1,FULL,28-06-2025,12:27:16,28-06-2025,12:27:17,28-06-2025,12:28:59,COMPLETED,0,1
79KWH,8,2,FULL,28-06-2025,12:28:11,28-06-2025,12:28:18,28-06-2025,12:30:46,COMPLETED,0,1
79KWH,8,1,FULL,28-06-2025,12:29:05,28-06-2025,12:30:59,28-06-2025,12:33:07,COMPLETED,0,1
79KWH,8,2,FULL,28-06-2025,12:30:52,28-06-2025,12:30:59,28-06-2025,12:33:22,COMPLETED,0,1
79KWH,8,1,FULL,28-06-2025,12:33:29,28-06-2025,12:35:10,28-06-2025,12:37:20,COMPLETED,0,1
79KWH,8,2,FULL,28-06-2025,12:34:08,28-06-2025,12:34:19,28-06-2025,12:36:48,COMPLETED,0,1
79KWH,8,2,FULL,28-06-2025,12:37:07,28-06-2025,13:14:03,28-06-2025,13:16:33,COMPLETED,0,1
79KWH,8,1,FULL,28-06-2025,12:37:27,28-06-2025,12:37:31,28-06-2025,12:39:10,COMPLETED,0,1
79KWH,8,1,FULL,28-06-2025,12:39:33,28-06-2025,12:39:33,28-06-2025,12:41:17,COMPLETED,0,1
79KWH,8,1,FULL,28-06-2025,12:41:23,28-06-2025,12:41:27,28-06-2025,12:43:08,COMPLETED,0,1
79KWH,8,1,FULL,28-06-2025,12:43:30,28-06-2025,12:43:32,28-06-2025,12:45:16,COMPLETED,0,1
79KWH,8,1,FULL,28-06-2025,12:45:21,28-06-2025,12:45:26,28-06-2025,12:47:08,COMPLETED,0,1
79KWH,8,1,FULL,28-06-2025,12:47:29,28-06-2025,12:47:29,28-06-2025,12:49:14,COMPLETED,0,1
79KWH,8,1,FULL,28-06-2025,12:49:20,28-06-2025,12:49:25,28-06-2025,12:51:08,COMPLETED,0,1
79KWH,8,1,FULL,28-06-2025,12:51:29,28-06-2025,12:51:30,28-06-2025,12:53:17,COMPLETED,0,1
79KWH,8,1,FULL,28-06-2025,12:53:24,28-06-2025,12:53:28,28-06-2025,12:55:12,COMPLETED,0,1
79KWH,8,1,FULL,28-06-2025,12:55:34,28-06-2025,12:55:35,28-06-2025,12:57:22,COMPLETED,0,1
79KWH,8,1,FULL,28-06-2025,12:57:28,28-06-2025,12:57:33,28-06-2025,12:59:18,COMPLETED,0,1
79KWH,8,1,FULL,28-06-2025,12:59:40,28-06-2025,13:01:16,28-06-2025,13:03:29,COMPLETED,0,1
79KWH,8,1,FULL,28-06-2025,13:04:26,28-06-2025,13:05:34,28-06-2025,13:07:44,COMPLETED,0,1
79KWH,8,1,FULL,28-06-2025,13:08:05,28-06-2025,13:09:43,28-06-2025,13:11:56,COMPLETED,0,1
79KWH,8,1,FULL,28-06-2025,13:12:03,28-06-2025,13:12:07,28-06-2025,13:13:54,COMPLETED,0,1
79KWH,8,1,FULL,28-06-2025,13:14:17,28-06-2025,13:14:18,28-06-2025,13:16:09,COMPLETED,0,1
79KWH,8,1,FULL,28-06-2025,13:16:15,28-06-2025,13:16:20,28-06-2025,13:18:09,COMPLETED,0,1
79KWH,8,2,FULL,28-06-2025,13:16:39,28-06-2025,13:16:47,28-06-2025,13:19:12,COMPLETED,0,1
79KWH,8,1,FULL,28-06-2025,13:18:30,28-06-2025,13:18:30,28-06-2025,13:20:21,COMPLETED,0,1
79KWH,8,1,FULL,28-06-2025,13:20:27,28-06-2025,13:20:32,28-06-2025,13:22:22,COMPLETED,0,1
79KWH,8,1,FULL,28-06-2025,13:22:45,28-06-2025,13:22:46,28-06-2025,13:24:39,COMPLETED,0,1
79KWH,8,1,FULL,28-06-2025,13:24:46,28-06-2025,13:26:43,28-06-2025,13:28:56,COMPLETED,0,1
79KWH,8,1,FULL,28-06-2025,13:29:20,28-06-2025,13:30:54,28-06-2025,13:33:10,COMPLETED,0,1
79KWH,8,2,FULL,28-06-2025,13:31:06,28-06-2025,13:31:18,28-06-2025,13:33:42,COMPLETED,0,1
79KWH,8,1,FULL,28-06-2025,13:33:16,28-06-2025,13:33:21,28-06-2025,13:35:11,COMPLETED,0,1
79KWH,8,2,FULL,28-06-2025,13:34:01,28-06-2025,13:34:11,28-06-2025,13:36:40,COMPLETED,0,1
79KWH,8,1,FULL,28-06-2025,13:35:34,28-06-2025,13:37:13,28-06-2025,13:39:29,COMPLETED,0,1
79KWH,8,2,FULL,28-06-2025,13:36:46,28-06-2025,13:36:54,28-06-2025,13:39:20,COMPLETED,0,1
79KWH,8,1,FULL,28-06-2025,13:39:35,28-06-2025,13:39:40,28-06-2025,13:41:31,COMPLETED,0,1
79KWH,8,2,FULL,28-06-2025,13:39:38,28-06-2025,13:39:48,28-06-2025,13:42:18,COMPLETED,0,1
79KWH,8,1,FULL,28-06-2025,13:41:53,28-06-2025,13:43:28,28-06-2025,13:45:56,COMPLETED,0,1
79KWH,8,2,FULL,28-06-2025,13:42:26,28-06-2025,13:42:32,28-06-2025,13:44:59,COMPLETED,0,1
79KWH,8,2,FULL,28-06-2025,13:45:19,28-06-2025,13:45:28,28-06-2025,13:47:59,COMPLETED,0,1
79KWH,8,1,FULL,28-06-2025,13:46:02,28-06-2025,13:48:01,28-06-2025,13:50:15,COMPLETED,0,1
79KWH,8,2,FULL,28-06-2025,13:48:05,28-06-2025,13:48:13,28-06-2025,13:50:40,COMPLETED,0,1
79KWH,8,1,FULL,28-06-2025,13:50:37,28-06-2025,13:52:13,28-06-2025,13:54:30,COMPLETED,0,1
79KWH,8,2,FULL,28-06-2025,13:50:59,28-06-2025,13:51:08,28-06-2025,13:53:41,COMPLETED,0,1
79KWH,8,2,FULL,28-06-2025,13:53:47,28-06-2025,13:53:55,28-06-2025,13:56:24,COMPLETED,0,1
79KWH,8,1,FULL,28-06-2025,13:54:36,28-06-2025,13:54:40,28-06-2025,13:56:40,COMPLETED,0,1
79KWH,8,2,FULL,28-06-2025,13:56:46,28-06-2025,13:56:53,28-06-2025,13:59:26,COMPLETED,0,1
79KWH,8,1,FULL,28-06-2025,13:57:00,28-06-2025,13:58:41,28-06-2025,14:00:58,COMPLETED,0,1
79KWH,8,2,FULL,28-06-2025,13:59:32,28-06-2025,13:59:40,28-06-2025,14:02:09,COMPLETED,0,1
79KWH,8,1,FULL,28-06-2025,14:01:04,28-06-2025,14:01:09,28-06-2025,14:03:04,COMPLETED,0,1
79KWH,8,2,FULL,28-06-2025,14:02:31,28-06-2025,14:02:38,28-06-2025,14:05:17,COMPLETED,0,1
79KWH,8,1,FULL,28-06-2025,14:03:26,28-06-2025,14:05:00,28-06-2025,14:07:18,COMPLETED,0,1
79KWH,8,2,FULL,28-06-2025,14:05:23,28-06-2025,14:05:32,28-06-2025,14:08:02,COMPLETED,0,1
79KWH,8,1,FULL,28-06-2025,14:07:24,28-06-2025,14:07:28,28-06-2025,14:09:34,COMPLETED,0,1
79KWH,8,2,FULL,28-06-2025,14:08:20,28-06-2025,14:08:30,28-06-2025,14:11:06,COMPLETED,0,1
79KWH,8,2,FULL,28-06-2025,14:11:11,28-06-2025,14:11:20,28-06-2025,14:13:52,COMPLETED,0,1
79KWH,8,2,FULL,28-06-2025,14:14:12,28-06-2025,14:14:20,28-06-2025,14:16:56,COMPLETED,0,1
79KWH,8,2,FULL,28-06-2025,14:17:02,28-06-2025,14:17:10,28-06-2025,14:19:43,COMPLETED,0,1
79KWH,8,2,FULL,28-06-2025,14:20:04,28-06-2025,14:20:11,28-06-2025,14:22:49,COMPLETED,0,1
79KWH,8,2,FULL,28-06-2025,14:22:55,28-06-2025,14:23:03,28-06-2025,14:25:35,COMPLETED,0,1
79KWH,8,2,FULL,28-06-2025,14:25:54,28-06-2025,14:26:02,28-06-2025,14:28:40,COMPLETED,0,1
79KWH,8,2,FULL,28-06-2025,14:28:46,28-06-2025,14:28:54,28-06-2025,14:31:30,COMPLETED,0,1
79KWH,8,2,FULL,28-06-2025,14:31:51,28-06-2025,14:31:58,28-06-2025,14:34:38,COMPLETED,0,1
79KWH,8,2,FULL,28-06-2025,14:34:44,28-06-2025,14:34:52,28-06-2025,14:37:27,COMPLETED,0,1
79KWH,8,2,FULL,28-06-2025,14:37:46,28-06-2025,14:37:55,28-06-2025,14:40:34,COMPLETED,0,1
79KWH,8,2,FULL,28-06-2025,14:40:40,28-06-2025,14:40:49,28-06-2025,14:43:24,COMPLETED,0,1
79KWH,8,2,FULL,28-06-2025,14:43:43,28-06-2025,14:43:53,28-06-2025,14:46:38,COMPLETED,0,1
79KWH,8,2,FULL,28-06-2025,14:46:44,28-06-2025,14:46:52,28-06-2025,14:49:29,COMPLETED,0,1
79KWH,8,2,FULL,28-06-2025,14:49:49,28-06-2025,14:49:56,28-06-2025,14:52:41,COMPLETED,0,1
79KWH,8,3,FULL,28-06-2025,16:15:03,28-06-2025,16:21:56,28-06-2025,16:24:38,COMPLETED,0,1
79KWH,8,2,FULL,28-06-2025,16:17:54,28-06-2025,16:18:08,28-06-2025,16:20:01,COMPLETED,0,1
79KWH,8,1,FULL,28-06-2025,16:20:06,28-06-2025,16:20:06,28-06-2025,16:22:23,COMPLETED,0,1
79KWH,8,2,FULL,28-06-2025,16:20:07,28-06-2025,16:24:51,28-06-2025,16:26:40,COMPLETED,0,1
79KWH,8,1,FULL,28-06-2025,16:22:30,28-06-2025,16:22:34,28-06-2025,16:24:30,COMPLETED,0,1
79KWH,8,3,FULL,28-06-2025,16:24:44,28-06-2025,16:26:39,28-06-2025,16:29:17,COMPLETED,0,1
79KWH,8,1,FULL,28-06-2025,16:24:54,28-06-2025,16:24:54,28-06-2025,16:26:58,COMPLETED,0,1
79KWH,8,2,FULL,28-06-2025,16:27:00,28-06-2025,16:27:09,28-06-2025,16:29:01,COMPLETED,0,1
79KWH,8,1,FULL,28-06-2025,16:27:03,28-06-2025,16:27:08,28-06-2025,16:29:06,COMPLETED,0,1
79KWH,8,2,FULL,28-06-2025,16:29:08,28-06-2025,16:31:06,28-06-2025,16:32:55,COMPLETED,0,1
79KWH,8,1,FULL,28-06-2025,16:29:29,28-06-2025,16:31:00,28-06-2025,16:33:20,COMPLETED,0,1
79KWH,8,3,FULL,28-06-2025,16:29:39,28-06-2025,16:31:00,28-06-2025,16:34:21,COMPLETED,0,1
79KWH,8,1,FULL,28-06-2025,16:33:26,28-06-2025,16:33:30,28-06-2025,16:35:29,COMPLETED,0,1
79KWH,8,3,FULL,28-06-2025,16:34:27,28-06-2025,16:36:10,28-06-2025,16:39:22,COMPLETED,0,1
79KWH,8,2,FULL,28-06-2025,16:35:26,28-06-2025,16:35:34,28-06-2025,16:37:29,COMPLETED,0,1
79KWH,8,1,FULL,28-06-2025,16:35:50,28-06-2025,16:37:18,28-06-2025,16:39:38,COMPLETED,0,1
79KWH,8,1,FULL,28-06-2025,16:39:44,28-06-2025,16:39:49,28-06-2025,16:41:49,COMPLETED,0,1
79KWH,8,3,FULL,28-06-2025,16:39:45,28-06-2025,16:41:12,28-06-2025,16:43:55,COMPLETED,0,1
79KWH,8,2,FULL,28-06-2025,16:40:18,28-06-2025,16:40:32,28-06-2025,16:41:35,COMPLETED,0,1
79KWH,8,2,FULL,28-06-2025,16:41:46,28-06-2025,16:41:49,28-06-2025,16:42:57,COMPLETED,0,1
79KWH,8,1,FULL,28-06-2025,16:42:11,28-06-2025,16:42:11,28-06-2025,16:44:14,COMPLETED,0,1
79KWH,8,2,FULL,28-06-2025,16:43:40,28-06-2025,16:49:37,28-06-2025,16:50:43,COMPLETED,0,1
79KWH,8,3,FULL,28-06-2025,16:44:01,28-06-2025,16:45:44,28-06-2025,16:48:41,COMPLETED,0,1
79KWH,8,1,FULL,28-06-2025,16:44:20,28-06-2025,16:44:25,28-06-2025,16:46:27,COMPLETED,0,1
79KWH,8,1,FULL,28-06-2025,16:46:49,28-06-2025,16:46:50,28-06-2025,16:48:52,COMPLETED,0,1
79KWH,8,1,FULL,28-06-2025,16:49:00,28-06-2025,16:49:02,28-06-2025,16:51:02,COMPLETED,0,1
79KWH,8,3,FULL,28-06-2025,16:49:04,28-06-2025,16:49:27,28-06-2025,16:52:15,COMPLETED,0,1
79KWH,8,2,FULL,28-06-2025,16:50:49,28-06-2025,16:50:57,28-06-2025,16:51:58,COMPLETED,0,1
79KWH,8,1,FULL,28-06-2025,16:51:24,28-06-2025,16:51:24,28-06-2025,16:53:29,COMPLETED,0,1
79KWH,8,2,FULL,28-06-2025,16:52:10,28-06-2025,16:52:12,28-06-2025,16:53:19,COMPLETED,0,1
79KWH,8,3,FULL,28-06-2025,16:52:22,28-06-2025,16:52:38,28-06-2025,16:55:21,COMPLETED,0,1
79KWH,8,1,FULL,28-06-2025,16:53:35,28-06-2025,16:53:40,28-06-2025,16:55:43,COMPLETED,0,1
79KWH,8,3,FULL,28-06-2025,16:55:43,28-06-2025,16:56:06,28-06-2025,16:58:44,COMPLETED,0,1
79KWH,8,1,FULL,28-06-2025,16:56:05,28-06-2025,16:56:07,28-06-2025,16:58:12,COMPLETED,0,1
79KWH,8,1,FULL,28-06-2025,16:58:18,28-06-2025,16:58:22,28-06-2025,17:00:42,COMPLETED,0,1
79KWH,8,3,FULL,28-06-2025,16:58:50,28-06-2025,17:00:35,28-06-2025,17:03:14,COMPLETED,0,1
79KWH,8,1,FULL,28-06-2025,17:01:05,28-06-2025,17:02:36,28-06-2025,17:04:59,COMPLETED,0,1
79KWH,8,3,FULL,28-06-2025,17:03:35,28-06-2025,17:03:36,28-06-2025,17:06:28,COMPLETED,0,1
79KWH,8,1,FULL,28-06-2025,17:05:06,28-06-2025,17:06:51,28-06-2025,17:09:11,COMPLETED,0,1
79KWH,8,3,FULL,28-06-2025,17:06:35,28-06-2025,17:08:20,28-06-2025,17:10:57,COMPLETED,0,1
79KWH,8,1,FULL,28-06-2025,17:09:32,28-06-2025,17:09:33,28-06-2025,17:11:40,COMPLETED,0,1
79KWH,8,3,FULL,28-06-2025,17:11:21,28-06-2025,17:11:44,28-06-2025,17:14:25,COMPLETED,0,1
79KWH,8,1,FULL,28-06-2025,17:11:46,28-06-2025,17:11:51,28-06-2025,17:13:56,COMPLETED,0,1
79KWH,8,1,FULL,28-06-2025,17:14:18,28-06-2025,17:14:19,28-06-2025,17:16:26,COMPLETED,0,1
79KWH,8,3,FULL,28-06-2025,17:14:31,28-06-2025,17:14:48,28-06-2025,17:17:26,COMPLETED,0,1
79KWH,8,1,FULL,28-06-2025,17:16:32,28-06-2025,17:16:37,28-06-2025,17:18:42,COMPLETED,0,1
79KWH,8,3,FULL,28-06-2025,17:17:49,28-06-2025,17:18:12,28-06-2025,17:20:51,COMPLETED,0,1
79KWH,8,3,FULL,28-06-2025,17:20:58,28-06-2025,17:21:15,28-06-2025,17:23:59,COMPLETED,0,1
79KWH,8,3,FULL,28-06-2025,17:24:23,28-06-2025,17:24:45,28-06-2025,17:27:27,COMPLETED,0,1
79KWH,8,2,FULL,28-06-2025,17:26:10,28-06-2025,17:26:18,28-06-2025,17:28:09,COMPLETED,0,1
79KWH,8,3,FULL,28-06-2025,17:28:16,28-06-2025,00:00:00,28-06-2025,00:00:00,ABORT,0,1
79KWH,8,2,FULL,28-06-2025,17:28:29,28-06-2025,17:28:38,28-06-2025,17:29:49,COMPLETED,0,1
79KWH,8,3,FULL,28-06-2025,17:28:38,28-06-2025,17:28:59,28-06-2025,17:31:39,COMPLETED,0,1
79KWH,8,1,FULL,28-06-2025,17:28:58,28-06-2025,17:29:00,28-06-2025,17:31:08,COMPLETED,0,1
79KWH,8,2,FULL,28-06-2025,17:30:28,28-06-2025,17:30:32,28-06-2025,17:31:44,COMPLETED,0,1
79KWH,8,1,FULL,28-06-2025,17:31:58,28-06-2025,17:31:59,28-06-2025,17:34:05,COMPLETED,0,1
79KWH,8,3,FULL,28-06-2025,17:32:04,28-06-2025,17:32:26,28-06-2025,17:35:07,COMPLETED,0,1
79KWH,8,2,FULL,28-06-2025,17:33:29,28-06-2025,17:38:26,28-06-2025,17:39:34,COMPLETED,0,1
79KWH,8,1,FULL,28-06-2025,17:34:55,28-06-2025,17:34:57,28-06-2025,17:37:06,COMPLETED,0,1
79KWH,8,3,FULL,28-06-2025,17:35:13,28-06-2025,17:35:30,28-06-2025,17:38:08,COMPLETED,0,1
79KWH,8,1,FULL,28-06-2025,17:38:00,28-06-2025,17:38:01,28-06-2025,17:40:07,COMPLETED,0,1
79KWH,8,3,FULL,28-06-2025,17:38:33,28-06-2025,17:38:54,28-06-2025,17:41:38,COMPLETED,0,1
79KWH,8,2,FULL,28-06-2025,17:39:40,28-06-2025,17:39:48,28-06-2025,17:40:55,COMPLETED,0,1
79KWH,8,1,FULL,28-06-2025,17:40:12,28-06-2025,17:40:17,28-06-2025,17:42:33,COMPLETED,0,1
79KWH,8,2,FULL,28-06-2025,17:41:32,28-06-2025,17:41:37,28-06-2025,17:42:51,COMPLETED,0,1
79KWH,8,3,FULL,28-06-2025,17:41:46,28-06-2025,17:42:02,28-06-2025,17:44:42,COMPLETED,0,1
79KWH,8,1,FULL,28-06-2025,17:42:59,28-06-2025,17:43:00,28-06-2025,17:45:08,COMPLETED,0,1
79KWH,8,2,FULL,28-06-2025,17:44:30,28-06-2025,17:44:43,28-06-2025,17:45:53,COMPLETED,0,1
79KWH,8,3,FULL,28-06-2025,17:44:48,28-06-2025,17:45:06,28-06-2025,17:48:08,COMPLETED,0,1
79KWH,8,1,FULL,28-06-2025,17:46:04,28-06-2025,17:46:04,28-06-2025,17:48:16,COMPLETED,0,1
79KWH,8,2,FULL,28-06-2025,17:47:35,28-06-2025,17:47:46,28-06-2025,17:49:01,COMPLETED,0,1
79KWH,8,3,FULL,28-06-2025,17:48:14,28-06-2025,17:48:31,28-06-2025,17:51:25,COMPLETED,0,1
79KWH,8,1,FULL,28-06-2025,17:49:04,28-06-2025,17:49:05,28-06-2025,17:51:15,COMPLETED,0,1
79KWH,8,2,FULL,28-06-2025,17:50:35,28-06-2025,17:50:40,28-06-2025,17:51:53,COMPLETED,0,1
79KWH,8,3,FULL,28-06-2025,17:51:31,28-06-2025,17:51:48,28-06-2025,17:54:35,COMPLETED,0,1
79KWH,8,1,FULL,28-06-2025,17:52:08,28-06-2025,17:52:08,28-06-2025,17:54:20,COMPLETED,0,1
79KWH,8,2,FULL,28-06-2025,17:53:38,28-06-2025,17:53:46,28-06-2025,17:55:04,COMPLETED,0,1
79KWH,8,3,FULL,28-06-2025,17:54:41,28-06-2025,17:54:58,28-06-2025,17:57:41,COMPLETED,0,1
79KWH,8,1,FULL,28-06-2025,17:55:06,28-06-2025,17:55:07,28-06-2025,17:57:17,COMPLETED,0,1
79KWH,8,2,FULL,28-06-2025,17:56:36,28-06-2025,17:56:45,28-06-2025,17:57:58,COMPLETED,0,1
79KWH,8,3,FULL,28-06-2025,17:57:48,28-06-2025,17:58:04,28-06-2025,18:00:58,COMPLETED,0,1
79KWH,8,1,FULL,28-06-2025,17:58:11,28-06-2025,17:58:12,28-06-2025,18:00:24,COMPLETED,0,1
79KWH,8,2,FULL,28-06-2025,17:59:42,28-06-2025,17:59:52,28-06-2025,18:01:09,COMPLETED,0,1
79KWH,8,3,FULL,28-06-2025,18:01:04,28-06-2025,18:01:21,28-06-2025,18:04:08,COMPLETED,0,1
79KWH,8,1,FULL,28-06-2025,18:01:10,28-06-2025,18:01:12,28-06-2025,18:03:22,COMPLETED,0,1
79KWH,8,2,FULL,28-06-2025,18:02:38,28-06-2025,18:02:48,28-06-2025,18:04:01,COMPLETED,0,1
79KWH,8,1,FULL,28-06-2025,18:04:13,28-06-2025,18:04:14,28-06-2025,18:06:27,COMPLETED,0,1
79KWH,8,2,FULL,28-06-2025,18:05:43,28-06-2025,18:05:55,28-06-2025,18:07:14,COMPLETED,0,1
79KWH,8,1,FULL,28-06-2025,18:07:12,28-06-2025,18:07:14,28-06-2025,18:09:24,COMPLETED,0,1
79KWH,8,2,FULL,28-06-2025,18:08:43,28-06-2025,18:08:52,28-06-2025,18:10:07,COMPLETED,0,1
79KWH,8,1,FULL,28-06-2025,18:10:17,28-06-2025,18:10:18,28-06-2025,18:12:33,COMPLETED,0,1
79KWH,8,2,FULL,28-06-2025,18:11:46,28-06-2025,18:12:00,28-06-2025,18:13:19,COMPLETED,0,1
79KWH,8,1,FULL,28-06-2025,18:13:16,28-06-2025,18:13:17,28-06-2025,18:15:30,COMPLETED,0,1
79KWH,8,2,FULL,28-06-2025,18:52:48,28-06-2025,18:52:59,28-06-2025,18:54:17,COMPLETED,0,1
79KWH,8,1,FULL,28-06-2025,18:54:16,28-06-2025,18:54:16,28-06-2025,18:56:33,COMPLETED,0,1
79KWH,8,2,FULL,28-06-2025,18:54:59,28-06-2025,18:55:00,28-06-2025,18:56:19,COMPLETED,0,1
79KWH,8,1,FULL,28-06-2025,18:56:37,28-06-2025,18:56:43,28-06-2025,18:58:56,COMPLETED,0,1
79KWH,8,2,FULL,28-06-2025,18:56:58,28-06-2025,18:57:01,28-06-2025,18:58:18,COMPLETED,0,1
79KWH,8,2,FULL,28-06-2025,18:59:01,28-06-2025,18:59:15,28-06-2025,19:00:37,COMPLETED,0,1
79KWH,8,1,FULL,28-06-2025,18:59:01,28-06-2025,18:59:05,28-06-2025,19:01:22,COMPLETED,0,1
79KWH,8,2,FULL,28-06-2025,19:01:02,28-06-2025,19:01:06,28-06-2025,19:02:22,COMPLETED,0,1
79KWH,8,1,FULL,28-06-2025,19:01:26,28-06-2025,19:01:32,28-06-2025,19:03:46,COMPLETED,0,1
79KWH,8,2,FULL,28-06-2025,19:03:05,28-06-2025,19:03:18,28-06-2025,19:04:39,COMPLETED,0,1
79KWH,8,1,FULL,28-06-2025,19:03:52,28-06-2025,19:03:56,28-06-2025,19:06:18,COMPLETED,0,1
79KWH,8,2,FULL,28-06-2025,19:05:02,28-06-2025,19:05:08,28-06-2025,19:06:25,COMPLETED,0,1
79KWH,8,1,FULL,28-06-2025,19:06:22,28-06-2025,19:06:28,28-06-2025,19:08:43,COMPLETED,0,1
79KWH,8,2,FULL,28-06-2025,19:07:06,28-06-2025,19:07:07,28-06-2025,19:08:30,COMPLETED,0,1
79KWH,8,1,FULL,28-06-2025,19:08:48,28-06-2025,19:08:51,28-06-2025,19:11:09,COMPLETED,0,1
79KWH,8,2,FULL,28-06-2025,19:09:06,28-06-2025,19:09:12,28-06-2025,19:10:31,COMPLETED,0,1
79KWH,8,2,FULL,28-06-2025,19:11:06,28-06-2025,19:11:13,28-06-2025,19:12:37,COMPLETED,0,1
79KWH,8,1,FULL,28-06-2025,19:11:15,28-06-2025,19:11:20,28-06-2025,19:13:37,COMPLETED,0,1
79KWH,8,2,FULL,28-06-2025,19:13:07,28-06-2025,19:13:19,28-06-2025,19:14:40,COMPLETED,0,1
79KWH,8,1,FULL,28-06-2025,19:13:42,28-06-2025,19:13:45,28-06-2025,19:16:04,COMPLETED,0,1
79KWH,8,1,FULL,28-06-2025,19:16:09,28-06-2025,19:16:15,28-06-2025,19:18:37,COMPLETED,0,1
79KWH,8,1,FULL,28-06-2025,19:18:42,28-06-2025,19:18:45,28-06-2025,19:21:11,COMPLETED,0,1
79KWH,8,3,FULL,28-06-2025,19:36:54,28-06-2025,19:37:16,28-06-2025,19:39:19,COMPLETED,0,1
79KWH,8,3,FULL,28-06-2025,19:39:25,28-06-2025,19:39:42,28-06-2025,19:41:01,COMPLETED,0,1
79KWH,8,3,FULL,28-06-2025,19:41:08,28-06-2025,19:41:24,28-06-2025,19:42:48,COMPLETED,0,1
79KWH,8,3,FULL,28-06-2025,19:42:54,28-06-2025,19:43:10,28-06-2025,19:44:28,COMPLETED,0,1
79KWH,8,3,FULL,28-06-2025,19:44:35,28-06-2025,19:44:52,28-06-2025,19:46:16,COMPLETED,0,1
79KWH,8,3,FULL,28-06-2025,19:46:23,28-06-2025,19:46:39,28-06-2025,19:47:59,COMPLETED,0,1
79KWH,8,2,FULL,28-06-2025,20:11:02,28-06-2025,20:11:11,28-06-2025,20:12:37,COMPLETED,0,1
79KWH,8,3,FULL,28-06-2025,20:11:11,28-06-2025,20:11:31,28-06-2025,20:12:54,COMPLETED,0,1
79KWH,8,1,FULL,28-06-2025,20:12:13,28-06-2025,20:12:14,28-06-2025,20:14:42,COMPLETED,0,1
79KWH,8,3,FULL,28-06-2025,20:13:15,28-06-2025,20:13:17,28-06-2025,20:14:36,COMPLETED,0,1
79KWH,8,2,FULL,28-06-2025,20:13:24,28-06-2025,20:13:34,28-06-2025,20:14:53,COMPLETED,0,1
79KWH,8,1,FULL,28-06-2025,20:14:59,28-06-2025,20:15:01,28-06-2025,20:17:21,COMPLETED,0,1
79KWH,8,3,FULL,28-06-2025,20:16:15,28-06-2025,20:16:31,28-06-2025,20:17:54,COMPLETED,0,1
79KWH,8,2,FULL,28-06-2025,20:16:29,28-06-2025,20:16:33,28-06-2025,20:18:00,COMPLETED,0,1
79KWH,8,1,FULL,28-06-2025,20:17:57,28-06-2025,20:17:57,28-06-2025,20:20:20,COMPLETED,0,1
79KWH,8,3,FULL,28-06-2025,20:19:18,28-06-2025,20:19:27,28-06-2025,20:20:45,COMPLETED,0,1
79KWH,8,2,FULL,28-06-2025,20:19:29,28-06-2025,20:19:38,28-06-2025,20:21:00,COMPLETED,0,1
79KWH,8,1,FULL,28-06-2025,20:21:03,28-06-2025,20:21:04,28-06-2025,20:23:25,COMPLETED,0,1
79KWH,8,3,FULL,28-06-2025,20:22:16,28-06-2025,20:22:17,28-06-2025,20:23:40,COMPLETED,0,1
79KWH,8,2,FULL,28-06-2025,20:29:54,28-06-2025,20:29:58,28-06-2025,20:31:24,COMPLETED,0,1
79KWH,8,1,FULL,28-06-2025,20:31:21,28-06-2025,20:31:21,28-06-2025,20:33:45,COMPLETED,0,1
79KWH,8,3,FULL,28-06-2025,21:01:12,28-06-2025,21:01:24,28-06-2025,21:02:42,COMPLETED,0,1
79KWH,8,2,FULL,28-06-2025,21:01:23,28-06-2025,21:01:25,28-06-2025,21:02:49,COMPLETED,0,1
79KWH,8,1,FULL,28-06-2025,21:02:57,28-06-2025,21:02:57,28-06-2025,21:05:24,COMPLETED,0,1
79KWH,8,3,FULL,28-06-2025,21:04:10,28-06-2025,21:04:15,28-06-2025,21:05:40,COMPLETED,0,1
79KWH,8,2,FULL,28-06-2025,21:04:26,28-06-2025,21:04:27,28-06-2025,21:05:54,COMPLETED,0,1
79KWH,8,1,FULL,28-06-2025,21:05:55,28-06-2025,21:05:56,28-06-2025,21:08:19,COMPLETED,0,1
79KWH,8,3,FULL,28-06-2025,21:07:13,28-06-2025,00:00:00,28-06-2025,00:00:00,ABORT,0,1
79KWH,8,2,FULL,28-06-2025,21:07:24,28-06-2025,21:07:33,28-06-2025,21:08:56,COMPLETED,0,1
79KWH,8,2,FULL,28-06-2025,21:10:29,28-06-2025,21:10:35,28-06-2025,21:12:03,COMPLETED,0,1
79KWH,8,1,FULL,28-06-2025,21:11:06,28-06-2025,21:11:06,28-06-2025,21:13:31,COMPLETED,0,1
79KWH,8,2,FULL,28-06-2025,21:13:28,28-06-2025,21:13:42,28-06-2025,21:15:06,COMPLETED,0,1
79KWH,8,1,FULL,28-06-2025,21:13:36,28-06-2025,21:13:41,28-06-2025,21:16:07,COMPLETED,0,1
79KWH,8,1,FULL,28-06-2025,21:16:12,28-06-2025,21:16:19,28-06-2025,21:18:49,COMPLETED,0,1
79KWH,8,2,FULL,28-06-2025,21:16:33,28-06-2025,21:16:45,28-06-2025,21:18:14,COMPLETED,0,1
79KWH,8,1,FULL,28-06-2025,21:18:54,28-06-2025,21:19:02,28-06-2025,21:21:27,COMPLETED,0,1
79KWH,8,2,FULL,28-06-2025,21:19:31,28-06-2025,21:19:39,28-06-2025,21:21:03,COMPLETED,0,1
79KWH,8,1,FULL,28-06-2025,21:21:33,28-06-2025,21:21:40,28-06-2025,21:24:11,COMPLETED,0,1
79KWH,8,2,FULL,28-06-2025,21:22:36,28-06-2025,21:22:43,28-06-2025,21:24:13,COMPLETED,0,1
79KWH,8,1,FULL,28-06-2025,21:24:15,28-06-2025,21:24:21,28-06-2025,21:26:50,COMPLETED,0,1
79KWH,8,2,FULL,28-06-2025,21:24:52,28-06-2025,21:24:56,28-06-2025,21:26:22,COMPLETED,0,1
79KWH,8,2,FULL,28-06-2025,21:26:52,28-06-2025,21:27:05,28-06-2025,21:28:38,COMPLETED,0,1
79KWH,8,1,FULL,28-06-2025,21:26:55,28-06-2025,21:27:03,28-06-2025,21:29:28,COMPLETED,0,1
79KWH,8,2,FULL,28-06-2025,21:28:54,28-06-2025,21:29:06,28-06-2025,21:30:35,COMPLETED,0,1
79KWH,8,1,FULL,28-06-2025,21:29:33,28-06-2025,21:29:39,28-06-2025,21:32:02,COMPLETED,0,1
79KWH,8,2,FULL,28-06-2025,21:30:57,28-06-2025,21:31:03,28-06-2025,21:32:35,COMPLETED,0,1
79KWH,8,1,FULL,28-06-2025,21:32:07,28-06-2025,21:32:10,28-06-2025,21:34:38,COMPLETED,0,1
79KWH,8,2,FULL,28-06-2025,21:32:56,28-06-2025,21:33:03,28-06-2025,21:34:31,COMPLETED,0,1
79KWH,8,1,FULL,28-06-2025,21:34:43,28-06-2025,21:34:49,28-06-2025,21:37:15,COMPLETED,0,1
79KWH,8,2,FULL,28-06-2025,21:35:02,28-06-2025,21:35:14,28-06-2025,21:36:47,COMPLETED,0,1
79KWH,8,2,FULL,28-06-2025,21:36:59,28-06-2025,21:37:00,28-06-2025,21:38:30,COMPLETED,0,1
79KWH,8,1,FULL,28-06-2025,21:37:19,28-06-2025,21:37:24,28-06-2025,21:39:52,COMPLETED,0,1
79KWH,8,2,FULL,28-06-2025,21:38:58,28-06-2025,21:39:12,28-06-2025,21:40:46,COMPLETED,0,1
79KWH,8,1,FULL,28-06-2025,21:39:57,28-06-2025,21:40:04,28-06-2025,21:42:31,COMPLETED,0,1
79KWH,8,2,FULL,28-06-2025,21:41:00,28-06-2025,21:41:00,28-06-2025,21:42:31,COMPLETED,0,1
79KWH,8,1,FULL,28-06-2025,21:42:36,28-06-2025,21:42:39,28-06-2025,21:45:08,COMPLETED,0,1
79KWH,8,2,FULL,28-06-2025,21:43:01,28-06-2025,21:43:13,28-06-2025,21:44:50,COMPLETED,0,1
79KWH,8,2,FULL,28-06-2025,21:45:04,28-06-2025,21:45:05,28-06-2025,21:46:36,COMPLETED,0,1
79KWH,8,1,FULL,28-06-2025,21:45:13,28-06-2025,21:45:18,28-06-2025,21:47:45,COMPLETED,0,1
79KWH,8,2,FULL,28-06-2025,21:47:02,28-06-2025,21:47:05,28-06-2025,21:48:41,COMPLETED,0,1
79KWH,8,1,FULL,28-06-2025,21:47:50,28-06-2025,21:47:53,28-06-2025,21:50:26,COMPLETED,0,1
79KWH,8,2,FULL,28-06-2025,21:49:05,28-06-2025,21:49:09,28-06-2025,21:50:41,COMPLETED,0,1
79KWH,8,1,FULL,28-06-2025,21:50:31,28-06-2025,21:50:37,28-06-2025,21:53:04,COMPLETED,0,1
79KWH,8,2,FULL,28-06-2025,21:51:07,28-06-2025,21:51:09,28-06-2025,21:52:47,COMPLETED,0,1
79KWH,8,2,FULL,28-06-2025,21:53:08,28-06-2025,21:53:15,28-06-2025,21:54:49,COMPLETED,0,1
79KWH,8,1,FULL,28-06-2025,21:53:09,28-06-2025,21:53:13,28-06-2025,21:55:42,COMPLETED,0,1
79KWH,8,2,FULL,28-06-2025,21:55:06,28-06-2025,21:55:17,28-06-2025,21:56:56,COMPLETED,0,1
79KWH,8,1,FULL,28-06-2025,21:55:48,28-06-2025,21:55:53,28-06-2025,21:58:27,COMPLETED,0,1
79KWH,8,2,FULL,28-06-2025,21:57:10,28-06-2025,21:57:24,28-06-2025,21:58:59,COMPLETED,0,1
79KWH,8,1,FULL,28-06-2025,21:58:32,28-06-2025,21:58:35,28-06-2025,22:01:06,COMPLETED,0,1
79KWH,8,2,FULL,28-06-2025,21:59:04,28-06-2025,21:59:13,28-06-2025,22:00:52,COMPLETED,0,1
79KWH,8,2,FULL,28-06-2025,22:00:58,28-06-2025,22:01:06,28-06-2025,22:02:42,COMPLETED,0,1
79KWH,8,1,FULL,28-06-2025,22:01:11,28-06-2025,22:01:17,28-06-2025,22:03:46,COMPLETED,0,1
79KWH,8,1,FULL,28-06-2025,22:03:51,28-06-2025,22:03:54,28-06-2025,22:06:33,COMPLETED,0,1
79KWH,8,1,FULL,28-06-2025,22:06:37,28-06-2025,22:06:42,28-06-2025,22:09:18,COMPLETED,0,1
79KWH,8,1,FULL,28-06-2025,22:09:23,28-06-2025,22:09:27,28-06-2025,22:12:08,COMPLETED,0,1
79KWH,8,1,FULL,28-06-2025,22:33:17,28-06-2025,22:33:18,28-06-2025,22:35:56,COMPLETED,0,1
79KWH,8,2,FULL,28-06-2025,22:34:02,28-06-2025,22:34:02,28-06-2025,22:35:43,COMPLETED,0,1
79KWH,8,1,FULL,28-06-2025,22:36:01,28-06-2025,22:36:04,28-06-2025,22:38:38,COMPLETED,0,1
79KWH,8,2,FULL,28-06-2025,22:36:03,28-06-2025,22:36:11,28-06-2025,22:37:47,COMPLETED,0,1
79KWH,8,2,FULL,28-06-2025,22:38:01,28-06-2025,22:38:16,28-06-2025,22:39:57,COMPLETED,0,1
79KWH,8,1,FULL,28-06-2025,22:38:43,28-06-2025,22:38:49,28-06-2025,22:41:24,COMPLETED,0,1
79KWH,8,2,FULL,28-06-2025,22:40:04,28-06-2025,22:40:11,28-06-2025,22:41:47,COMPLETED,0,1
79KWH,8,1,FULL,28-06-2025,22:41:29,28-06-2025,22:41:32,28-06-2025,22:44:08,COMPLETED,0,1
79KWH,8,2,FULL,28-06-2025,22:42:03,28-06-2025,22:42:16,28-06-2025,22:43:57,COMPLETED,0,1
79KWH,8,2,FULL,28-06-2025,22:44:06,28-06-2025,22:44:11,28-06-2025,22:45:49,COMPLETED,0,1
79KWH,8,1,FULL,28-06-2025,22:44:13,28-06-2025,22:44:18,28-06-2025,22:46:51,COMPLETED,0,1
79KWH,8,2,FULL,28-06-2025,22:46:07,28-06-2025,22:46:17,28-06-2025,22:48:00,COMPLETED,0,1
79KWH,8,1,FULL,28-06-2025,22:46:56,28-06-2025,22:46:59,28-06-2025,22:49:02,COMPLETED,0,1
79KWH,8,2,FULL,28-06-2025,22:48:08,28-06-2025,22:48:14,28-06-2025,22:49:53,COMPLETED,0,1
79KWH,8,1,FULL,28-06-2025,22:49:07,28-06-2025,22:49:13,28-06-2025,22:50:46,COMPLETED,0,1
79KWH,8,2,FULL,28-06-2025,22:50:08,28-06-2025,22:50:22,28-06-2025,22:52:05,COMPLETED,0,1
79KWH,8,1,FULL,28-06-2025,22:50:51,28-06-2025,22:50:54,28-06-2025,22:52:25,COMPLETED,0,1
79KWH,8,2,FULL,28-06-2025,22:52:11,28-06-2025,22:52:19,28-06-2025,22:53:59,COMPLETED,0,1
79KWH,8,1,FULL,28-06-2025,22:52:30,28-06-2025,22:52:36,28-06-2025,22:54:03,COMPLETED,0,1
79KWH,8,1,FULL,28-06-2025,22:54:09,28-06-2025,22:54:12,28-06-2025,22:55:42,COMPLETED,0,1
79KWH,8,2,FULL,28-06-2025,22:54:09,28-06-2025,22:54:13,28-06-2025,22:55:58,COMPLETED,0,1
79KWH,8,1,FULL,28-06-2025,22:55:47,28-06-2025,22:55:53,28-06-2025,22:57:21,COMPLETED,0,1
79KWH,8,2,FULL,28-06-2025,22:56:12,28-06-2025,22:56:26,28-06-2025,22:58:05,COMPLETED,0,1
79KWH,8,1,FULL,28-06-2025,22:57:26,28-06-2025,22:57:30,28-06-2025,22:59:03,COMPLETED,0,1
79KWH,8,2,FULL,28-06-2025,22:58:11,28-06-2025,22:58:20,28-06-2025,23:00:05,COMPLETED,0,1
79KWH,8,1,FULL,28-06-2025,22:59:09,28-06-2025,22:59:14,28-06-2025,23:00:47,COMPLETED,0,1
79KWH,8,2,FULL,28-06-2025,23:00:14,28-06-2025,23:00:19,28-06-2025,23:02:00,COMPLETED,0,1
79KWH,8,1,FULL,28-06-2025,23:00:52,28-06-2025,23:00:57,28-06-2025,23:02:28,COMPLETED,0,1
79KWH,8,2,FULL,28-06-2025,23:02:13,28-06-2025,23:02:14,28-06-2025,23:04:02,COMPLETED,0,1
79KWH,8,1,FULL,28-06-2025,23:02:33,28-06-2025,23:02:38,28-06-2025,23:04:06,COMPLETED,0,1
79KWH,8,1,FULL,28-06-2025,23:04:11,28-06-2025,23:04:15,28-06-2025,23:05:46,COMPLETED,0,1
79KWH,8,2,FULL,28-06-2025,23:04:13,28-06-2025,23:04:15,28-06-2025,23:05:58,COMPLETED,0,1
79KWH,8,2,FULL,29-06-2025,08:57:45,29-06-2025,08:57:52,29-06-2025,08:59:39,COMPLETED,0,1
79KWH,8,2,FULL,29-06-2025,08:59:44,29-06-2025,08:59:53,29-06-2025,09:01:35,COMPLETED,0,1
79KWH,8,2,FULL,29-06-2025,09:01:41,29-06-2025,09:01:49,29-06-2025,09:03:37,COMPLETED,0,1
79KWH,8,2,FULL,29-06-2025,09:03:49,29-06-2025,09:03:51,29-06-2025,09:05:34,COMPLETED,0,1
79KWH,8,2,FULL,29-06-2025,09:06:32,29-06-2025,09:06:44,29-06-2025,09:08:31,COMPLETED,0,1
79KWH,8,2,FULL,29-06-2025,09:27:15,29-06-2025,09:27:26,29-06-2025,09:29:10,COMPLETED,0,1
79KWH,8,3,FULL,05-07-2025,07:14:02,05-07-2025,07:14:07,05-07-2025,07:16:07,COMPLETED,0,1
79KWH,8,1,FULL,05-07-2025,07:14:33,05-07-2025,07:14:34,05-07-2025,07:16:38,COMPLETED,0,1
79KWH,8,3,FULL,05-07-2025,07:21:34,05-07-2025,07:21:54,05-07-2025,07:23:04,COMPLETED,0,1
79KWH,8,3,FULL,05-07-2025,07:23:39,05-07-2025,07:23:50,05-07-2025,07:25:03,COMPLETED,0,1
79KWH,8,3,FULL,05-07-2025,07:25:08,05-07-2025,07:25:25,05-07-2025,07:26:32,COMPLETED,0,1
79KWH,8,3,FULL,05-07-2025,07:26:39,05-07-2025,07:26:56,05-07-2025,07:28:08,COMPLETED,0,1
79KWH,8,3,FULL,05-07-2025,07:28:15,05-07-2025,07:28:31,05-07-2025,07:29:39,COMPLETED,0,1
79KWH,8,3,FULL,05-07-2025,07:29:47,05-07-2025,07:30:02,05-07-2025,07:31:15,COMPLETED,0,1
79KWH,8,3,FULL,05-07-2025,07:31:22,05-07-2025,07:31:39,05-07-2025,07:32:49,COMPLETED,0,1
79KWH,8,1,FULL,05-07-2025,07:31:27,05-07-2025,07:31:27,05-07-2025,07:32:56,COMPLETED,0,1
79KWH,8,3,FULL,05-07-2025,07:36:24,05-07-2025,07:36:40,05-07-2025,07:37:55,COMPLETED,0,1
79KWH,8,1,FULL,05-07-2025,07:36:53,05-07-2025,07:36:54,05-07-2025,07:38:25,COMPLETED,0,1
79KWH,8,3,FULL,05-07-2025,07:38:06,05-07-2025,07:38:18,05-07-2025,07:39:29,COMPLETED,0,1
79KWH,8,1,FULL,05-07-2025,07:38:31,05-07-2025,07:38:35,05-07-2025,07:40:03,COMPLETED,0,1
79KWH,8,3,FULL,05-07-2025,07:39:37,05-07-2025,07:39:53,05-07-2025,07:41:10,COMPLETED,0,1
79KWH,8,1,FULL,05-07-2025,07:40:13,05-07-2025,07:40:13,05-07-2025,07:41:44,COMPLETED,0,1
79KWH,8,3,FULL,05-07-2025,07:41:16,05-07-2025,07:41:32,05-07-2025,07:42:46,COMPLETED,0,1
79KWH,8,1,FULL,05-07-2025,07:41:50,05-07-2025,07:41:54,05-07-2025,07:43:22,COMPLETED,0,1
79KWH,8,3,FULL,05-07-2025,07:42:53,05-07-2025,07:43:08,05-07-2025,07:44:25,COMPLETED,0,1
79KWH,8,1,FULL,05-07-2025,07:43:33,05-07-2025,07:43:34,05-07-2025,07:45:05,COMPLETED,0,1
79KWH,8,3,FULL,05-07-2025,07:44:31,05-07-2025,07:44:48,05-07-2025,07:46:03,COMPLETED,0,1
79KWH,8,1,FULL,05-07-2025,07:45:11,05-07-2025,07:45:15,05-07-2025,07:46:43,COMPLETED,0,1
79KWH,8,3,FULL,05-07-2025,07:46:11,05-07-2025,07:46:26,05-07-2025,07:47:44,COMPLETED,0,1
79KWH,8,1,FULL,05-07-2025,07:46:53,05-07-2025,07:46:54,05-07-2025,07:48:25,COMPLETED,0,1
79KWH,8,3,FULL,05-07-2025,07:47:50,05-07-2025,07:48:07,05-07-2025,07:49:22,COMPLETED,0,1
79KWH,8,1,FULL,05-07-2025,07:48:31,05-07-2025,07:48:35,05-07-2025,07:50:02,COMPLETED,0,1
79KWH,8,3,FULL,05-07-2025,07:49:31,05-07-2025,07:49:45,05-07-2025,07:51:05,COMPLETED,0,1
79KWH,8,1,FULL,05-07-2025,07:50:13,05-07-2025,07:50:14,05-07-2025,07:51:45,COMPLETED,0,1
79KWH,8,3,FULL,05-07-2025,07:51:11,05-07-2025,07:51:27,05-07-2025,07:52:43,COMPLETED,0,1
79KWH,8,1,FULL,05-07-2025,07:51:51,05-07-2025,07:51:55,05-07-2025,07:53:23,COMPLETED,0,1
79KWH,8,3,FULL,05-07-2025,07:52:50,05-07-2025,07:53:06,05-07-2025,07:54:27,COMPLETED,0,1
79KWH,8,1,FULL,05-07-2025,07:53:33,05-07-2025,07:53:34,05-07-2025,07:54:50,COMPLETED,0,1
79KWH,8,3,FULL,05-07-2025,07:54:37,05-07-2025,07:54:50,05-07-2025,07:56:13,COMPLETED,0,1
79KWH,8,1,FULL,05-07-2025,07:54:58,05-07-2025,00:00:00,05-07-2025,00:00:00,ABORT,0,1
79KWH,8,1,FULL,05-07-2025,07:55:19,05-07-2025,07:55:19,05-07-2025,07:56:36,COMPLETED,0,1
79KWH,8,3,FULL,05-07-2025,07:56:19,05-07-2025,07:56:36,05-07-2025,07:57:55,COMPLETED,0,1
79KWH,8,2,FULL,05-07-2025,07:56:44,05-07-2025,07:56:48,05-07-2025,07:58:37,COMPLETED,0,1
79KWH,8,1,FULL,05-07-2025,07:56:49,05-07-2025,07:58:26,05-07-2025,07:59:53,COMPLETED,0,1
79KWH,8,2,FULL,05-07-2025,07:58:44,05-07-2025,07:58:52,05-07-2025,08:00:36,COMPLETED,0,1
79KWH,8,2,FULL,05-07-2025,08:00:58,05-07-2025,08:01:05,05-07-2025,08:02:56,COMPLETED,0,1
79KWH,8,2,FULL,05-07-2025,08:03:23,05-07-2025,08:03:24,05-07-2025,08:05:11,COMPLETED,0,1
79KWH,8,2,FULL,05-07-2025,08:06:38,05-07-2025,08:06:50,05-07-2025,08:08:41,COMPLETED,0,1
79KWH,8,2,FULL,05-07-2025,08:08:47,05-07-2025,08:08:55,05-07-2025,08:10:43,COMPLETED,0,1
79KWH,8,3,FULL,05-07-2025,08:11:05,05-07-2025,08:11:10,05-07-2025,08:12:32,COMPLETED,0,1
79KWH,8,2,FULL,05-07-2025,08:11:06,05-07-2025,08:11:11,05-07-2025,08:13:04,COMPLETED,0,1
79KWH,8,3,FULL,05-07-2025,08:12:38,05-07-2025,08:14:57,05-07-2025,08:16:57,COMPLETED,0,1
79KWH,8,2,FULL,05-07-2025,08:13:10,05-07-2025,08:13:18,05-07-2025,08:15:06,COMPLETED,0,1
79KWH,8,1,FULL,05-07-2025,08:15:09,05-07-2025,08:15:09,05-07-2025,08:16:40,COMPLETED,0,1
79KWH,8,2,FULL,05-07-2025,08:15:28,05-07-2025,08:15:35,05-07-2025,08:17:27,COMPLETED,0,1
79KWH,8,1,FULL,05-07-2025,08:16:45,05-07-2025,08:16:51,05-07-2025,08:18:19,COMPLETED,0,1
79KWH,8,3,FULL,05-07-2025,08:17:04,05-07-2025,08:19:17,05-07-2025,08:21:11,COMPLETED,0,1
79KWH,8,2,FULL,05-07-2025,08:17:33,05-07-2025,08:17:41,05-07-2025,08:19:32,COMPLETED,0,1
79KWH,8,1,FULL,05-07-2025,08:18:31,05-07-2025,08:18:32,05-07-2025,08:20:02,COMPLETED,0,1
79KWH,8,2,FULL,05-07-2025,08:19:53,05-07-2025,08:19:59,05-07-2025,08:21:55,COMPLETED,0,1
79KWH,8,1,FULL,05-07-2025,08:20:08,05-07-2025,08:20:13,05-07-2025,08:21:40,COMPLETED,0,1
79KWH,8,3,FULL,05-07-2025,08:21:17,05-07-2025,08:23:25,05-07-2025,08:25:15,COMPLETED,0,1
79KWH,8,1,FULL,05-07-2025,08:21:50,05-07-2025,08:21:51,05-07-2025,08:23:21,COMPLETED,0,1
79KWH,8,2,FULL,05-07-2025,08:22:02,05-07-2025,08:22:10,05-07-2025,08:23:59,COMPLETED,0,1
79KWH,8,1,FULL,05-07-2025,08:23:28,05-07-2025,08:23:33,05-07-2025,08:25:01,COMPLETED,0,1
79KWH,8,2,FULL,05-07-2025,08:24:22,05-07-2025,08:24:28,05-07-2025,08:26:23,COMPLETED,0,1
79KWH,8,3,FULL,05-07-2025,08:25:23,05-07-2025,08:27:47,05-07-2025,08:29:41,COMPLETED,0,1
79KWH,8,2,FULL,05-07-2025,08:26:30,05-07-2025,08:26:37,05-07-2025,08:28:28,COMPLETED,0,1
79KWH,8,1,FULL,05-07-2025,08:28:02,05-07-2025,08:28:03,05-07-2025,08:29:34,COMPLETED,0,1
79KWH,8,2,FULL,05-07-2025,08:28:48,05-07-2025,08:28:56,05-07-2025,08:30:51,COMPLETED,0,1
79KWH,8,1,FULL,05-07-2025,08:29:41,05-07-2025,08:29:45,05-07-2025,08:31:12,COMPLETED,0,1
79KWH,8,3,FULL,05-07-2025,08:29:47,05-07-2025,08:32:11,05-07-2025,08:34:01,COMPLETED,0,1
79KWH,8,2,FULL,05-07-2025,08:30:57,05-07-2025,08:31:05,05-07-2025,08:32:57,COMPLETED,0,1
79KWH,8,1,FULL,05-07-2025,08:31:23,05-07-2025,08:31:24,05-07-2025,08:32:55,COMPLETED,0,1
79KWH,8,1,FULL,05-07-2025,08:33:01,05-07-2025,08:33:07,05-07-2025,08:34:34,COMPLETED,0,1
79KWH,8,2,FULL,05-07-2025,08:33:20,05-07-2025,08:33:26,05-07-2025,08:35:23,COMPLETED,0,1
79KWH,8,3,FULL,05-07-2025,08:34:08,05-07-2025,08:38:03,05-07-2025,08:39:27,COMPLETED,0,1
79KWH,8,1,FULL,05-07-2025,08:34:45,05-07-2025,08:36:04,05-07-2025,08:37:34,COMPLETED,0,1
79KWH,8,2,FULL,05-07-2025,08:35:29,05-07-2025,08:35:36,05-07-2025,08:37:28,COMPLETED,0,1
79KWH,8,1,FULL,05-07-2025,08:37:39,05-07-2025,08:37:44,05-07-2025,08:39:12,COMPLETED,0,1
79KWH,8,2,FULL,05-07-2025,08:37:52,05-07-2025,08:37:57,05-07-2025,08:39:54,COMPLETED,0,1
79KWH,8,3,FULL,05-07-2025,08:39:33,05-07-2025,08:42:09,05-07-2025,08:43:30,COMPLETED,0,1
79KWH,8,1,FULL,05-07-2025,08:39:34,05-07-2025,08:39:34,05-07-2025,08:41:05,COMPLETED,0,1
79KWH,8,3,FULL,05-07-2025,08:43:42,05-07-2025,08:45:03,05-07-2025,08:46:29,COMPLETED,0,1
79KWH,8,3,FULL,05-07-2025,08:46:34,05-07-2025,08:46:52,05-07-2025,08:48:13,COMPLETED,0,1
79KWH,8,3,FULL,05-07-2025,08:48:21,05-07-2025,08:48:37,05-07-2025,08:49:56,COMPLETED,0,1
79KWH,8,2,FULL,05-07-2025,08:48:41,05-07-2025,08:48:50,05-07-2025,08:50:43,COMPLETED,0,1
79KWH,8,1,FULL,05-07-2025,08:49:51,05-07-2025,08:49:53,05-07-2025,08:51:21,COMPLETED,0,1
79KWH,8,3,FULL,05-07-2025,08:50:02,05-07-2025,08:50:18,05-07-2025,08:51:30,COMPLETED,0,1
79KWH,8,2,FULL,05-07-2025,08:51:30,05-07-2025,08:51:40,05-07-2025,08:53:39,COMPLETED,0,1
79KWH,8,3,FULL,05-07-2025,08:51:37,05-07-2025,08:51:53,05-07-2025,08:53:14,COMPLETED,0,1
79KWH,8,1,FULL,05-07-2025,08:52:49,05-07-2025,08:52:50,05-07-2025,08:54:21,COMPLETED,0,1
79KWH,8,3,FULL,05-07-2025,08:53:21,05-07-2025,08:53:38,05-07-2025,08:55:01,COMPLETED,0,1
79KWH,8,2,FULL,05-07-2025,08:54:02,05-07-2025,08:54:06,05-07-2025,08:56:03,COMPLETED,0,1
79KWH,8,3,FULL,05-07-2025,08:55:09,05-07-2025,08:55:23,05-07-2025,08:56:51,COMPLETED,0,1
79KWH,8,1,FULL,05-07-2025,08:55:37,05-07-2025,08:55:37,05-07-2025,08:57:06,COMPLETED,0,1
79KWH,8,3,FULL,05-07-2025,08:56:57,05-07-2025,08:57:14,05-07-2025,08:58:37,COMPLETED,0,1
79KWH,8,2,FULL,05-07-2025,08:57:22,05-07-2025,08:57:27,05-07-2025,08:59:27,COMPLETED,0,1
79KWH,8,1,FULL,05-07-2025,08:58:54,05-07-2025,08:58:54,05-07-2025,09:00:26,COMPLETED,0,1
79KWH,8,3,FULL,05-07-2025,08:59:56,05-07-2025,09:00:10,05-07-2025,09:01:39,COMPLETED,0,1
79KWH,8,2,FULL,05-07-2025,09:00:04,05-07-2025,09:00:08,05-07-2025,09:02:04,COMPLETED,0,1
79KWH,8,1,FULL,05-07-2025,09:01:36,05-07-2025,09:01:36,05-07-2025,09:03:04,COMPLETED,0,1
79KWH,8,3,FULL,05-07-2025,09:02:43,05-07-2025,09:02:48,05-07-2025,09:04:13,COMPLETED,0,1
79KWH,8,1,FULL,05-07-2025,09:04:38,05-07-2025,09:04:39,05-07-2025,09:06:10,COMPLETED,0,1
79KWH,8,3,FULL,05-07-2025,09:05:35,05-07-2025,09:05:45,05-07-2025,09:07:13,COMPLETED,0,1
79KWH,8,2,FULL,05-07-2025,09:05:47,05-07-2025,09:05:48,05-07-2025,09:07:41,COMPLETED,0,1
79KWH,8,1,FULL,05-07-2025,09:07:11,05-07-2025,09:07:12,05-07-2025,09:08:41,COMPLETED,0,1
79KWH,8,2,FULL,05-07-2025,09:07:47,05-07-2025,09:07:52,05-07-2025,09:09:43,COMPLETED,0,1
79KWH,8,3,FULL,05-07-2025,09:08:16,05-07-2025,09:08:23,05-07-2025,09:09:46,COMPLETED,0,1
79KWH,8,2,FULL,05-07-2025,09:10:05,05-07-2025,09:10:05,05-07-2025,09:11:59,COMPLETED,0,1
79KWH,8,1,FULL,05-07-2025,09:10:11,05-07-2025,09:10:12,05-07-2025,09:11:43,COMPLETED,0,1
79KWH,8,3,FULL,05-07-2025,09:11:07,05-07-2025,09:13:21,05-07-2025,09:15:28,COMPLETED,0,1
79KWH,8,2,FULL,05-07-2025,09:12:24,05-07-2025,09:12:25,05-07-2025,09:14:19,COMPLETED,0,1
79KWH,8,1,FULL,05-07-2025,09:12:44,05-07-2025,09:12:45,05-07-2025,09:14:13,COMPLETED,0,1
79KWH,8,3,FULL,05-07-2025,09:15:34,05-07-2025,09:17:50,05-07-2025,09:19:53,COMPLETED,0,1
79KWH,8,2,FULL,05-07-2025,09:34:41,05-07-2025,09:34:42,05-07-2025,09:36:55,COMPLETED,0,1
79KWH,8,1,FULL,05-07-2025,09:36:20,05-07-2025,09:36:21,05-07-2025,09:38:24,COMPLETED,0,1
79KWH,8,3,FULL,05-07-2025,09:37:42,05-07-2025,09:37:57,05-07-2025,09:39:14,COMPLETED,0,1
79KWH,8,1,FULL,05-07-2025,09:39:14,05-07-2025,09:39:15,05-07-2025,09:40:44,COMPLETED,0,1
79KWH,8,3,FULL,05-07-2025,09:40:06,05-07-2025,09:40:24,05-07-2025,09:41:42,COMPLETED,0,1
79KWH,8,1,FULL,05-07-2025,09:42:51,05-07-2025,09:42:52,05-07-2025,09:44:57,COMPLETED,0,1
79KWH,8,3,FULL,05-07-2025,09:42:56,05-07-2025,09:44:07,05-07-2025,09:46:12,COMPLETED,0,1
79KWH,8,2,FULL,05-07-2025,09:43:57,05-07-2025,09:43:58,05-07-2025,09:46:15,COMPLETED,0,1
79KWH,8,1,FULL,05-07-2025,09:45:03,05-07-2025,09:45:07,05-07-2025,09:46:34,COMPLETED,0,1
79KWH,8,3,FULL,05-07-2025,09:46:17,05-07-2025,09:48:30,05-07-2025,09:50:29,COMPLETED,0,1
79KWH,8,2,FULL,05-07-2025,09:46:22,05-07-2025,09:46:24,05-07-2025,09:48:18,COMPLETED,0,1
79KWH,8,1,FULL,05-07-2025,09:46:56,05-07-2025,09:48:50,05-07-2025,09:50:59,COMPLETED,0,1
79KWH,8,2,FULL,05-07-2025,09:48:42,05-07-2025,09:48:42,05-07-2025,09:50:39,COMPLETED,0,1
79KWH,8,3,FULL,05-07-2025,09:50:39,05-07-2025,09:50:51,05-07-2025,09:52:15,COMPLETED,0,1
79KWH,8,2,FULL,05-07-2025,09:50:46,05-07-2025,09:50:50,05-07-2025,09:52:46,COMPLETED,0,1
79KWH,8,1,FULL,05-07-2025,09:51:05,05-07-2025,09:51:10,05-07-2025,09:52:38,COMPLETED,0,1
79KWH,8,3,FULL,05-07-2025,09:52:22,05-07-2025,09:52:38,05-07-2025,09:53:59,COMPLETED,0,1
79KWH,8,1,FULL,05-07-2025,09:53:01,05-07-2025,09:53:02,05-07-2025,09:54:33,COMPLETED,0,1
79KWH,8,2,FULL,05-07-2025,09:53:32,05-07-2025,09:53:32,05-07-2025,09:55:31,COMPLETED,0,1
79KWH,8,3,FULL,05-07-2025,09:54:09,05-07-2025,09:54:22,05-07-2025,09:55:46,COMPLETED,0,1
79KWH,8,1,FULL,05-07-2025,09:54:39,05-07-2025,09:54:43,05-07-2025,09:56:11,COMPLETED,0,1
79KWH,8,3,FULL,05-07-2025,09:55:52,05-07-2025,09:56:09,05-07-2025,09:57:28,COMPLETED,0,1
79KWH,8,2,FULL,05-07-2025,09:55:57,05-07-2025,09:55:57,05-07-2025,09:57:53,COMPLETED,0,1
79KWH,8,3,FULL,05-07-2025,09:57:37,05-07-2025,09:57:51,05-07-2025,09:59:14,COMPLETED,0,1
79KWH,8,1,FULL,05-07-2025,09:57:43,05-07-2025,09:57:44,05-07-2025,09:59:16,COMPLETED,0,1
79KWH,8,2,FULL,05-07-2025,09:59:07,05-07-2025,09:59:07,05-07-2025,10:01:06,COMPLETED,0,1
79KWH,8,1,FULL,05-07-2025,10:00:11,05-07-2025,10:00:12,05-07-2025,10:01:41,COMPLETED,0,1
79KWH,8,2,FULL,05-07-2025,10:01:32,05-07-2025,10:01:33,05-07-2025,10:03:29,COMPLETED,0,1
79KWH,8,1,FULL,05-07-2025,10:03:18,05-07-2025,10:03:19,05-07-2025,10:04:57,COMPLETED,0,1
79KWH,8,2,FULL,05-07-2025,10:04:36,05-07-2025,10:04:37,05-07-2025,10:06:36,COMPLETED,0,1
79KWH,8,1,FULL,05-07-2025,10:05:47,05-07-2025,10:05:48,05-07-2025,10:07:16,COMPLETED,0,1
79KWH,8,2,FULL,05-07-2025,10:07:05,05-07-2025,10:07:05,05-07-2025,10:09:04,COMPLETED,0,1
79KWH,8,1,FULL,05-07-2025,10:08:53,05-07-2025,10:08:54,05-07-2025,10:10:30,COMPLETED,0,1
79KWH,8,2,FULL,05-07-2025,10:10:12,05-07-2025,10:10:12,05-07-2025,10:12:12,COMPLETED,0,1
79KWH,8,1,FULL,05-07-2025,10:11:20,05-07-2025,10:11:21,05-07-2025,10:12:50,COMPLETED,0,1
79KWH,8,2,FULL,05-07-2025,10:12:19,05-07-2025,10:12:21,05-07-2025,10:14:19,COMPLETED,0,1
79KWH,8,1,FULL,05-07-2025,10:13:29,05-07-2025,10:13:30,05-07-2025,10:15:02,COMPLETED,0,1
79KWH,8,2,FULL,05-07-2025,10:14:42,05-07-2025,10:14:43,05-07-2025,10:16:44,COMPLETED,0,1
79KWH,8,1,FULL,05-07-2025,10:15:08,05-07-2025,10:15:13,05-07-2025,10:16:42,COMPLETED,0,1
79KWH,8,2,FULL,05-07-2025,10:16:50,05-07-2025,10:16:55,05-07-2025,10:18:54,COMPLETED,0,1
79KWH,8,1,FULL,05-07-2025,10:17:08,05-07-2025,10:17:09,05-07-2025,10:18:41,COMPLETED,0,1
79KWH,8,1,FULL,05-07-2025,10:18:47,05-07-2025,10:18:52,05-07-2025,10:20:22,COMPLETED,0,1
79KWH,8,2,FULL,05-07-2025,10:19:15,05-07-2025,10:19:16,05-07-2025,10:21:18,COMPLETED,0,1
79KWH,8,1,FULL,05-07-2025,10:20:54,05-07-2025,10:20:55,05-07-2025,10:22:29,COMPLETED,0,1
79KWH,8,2,FULL,05-07-2025,10:21:25,05-07-2025,10:21:28,05-07-2025,10:23:28,COMPLETED,0,1
79KWH,8,1,FULL,05-07-2025,10:22:35,05-07-2025,10:22:41,05-07-2025,10:24:13,COMPLETED,0,1
79KWH,8,2,FULL,05-07-2025,10:23:49,05-07-2025,10:23:50,05-07-2025,10:25:53,COMPLETED,0,1
79KWH,8,1,FULL,05-07-2025,10:24:35,05-07-2025,10:24:36,05-07-2025,10:26:16,COMPLETED,0,1
79KWH,8,2,FULL,05-07-2025,10:25:59,05-07-2025,10:26:03,05-07-2025,10:28:04,COMPLETED,0,1
79KWH,8,1,FULL,05-07-2025,10:26:22,05-07-2025,10:26:26,05-07-2025,10:27:58,COMPLETED,0,1
79KWH,8,1,FULL,05-07-2025,10:28:20,05-07-2025,10:28:21,05-07-2025,10:29:56,COMPLETED,0,1
79KWH,8,1,FULL,05-07-2025,10:30:02,05-07-2025,10:30:06,05-07-2025,10:31:40,COMPLETED,0,1
79KWH,8,1,FULL,05-07-2025,10:32:04,05-07-2025,10:32:05,05-07-2025,10:33:41,COMPLETED,0,1
79KWH,8,1,FULL,05-07-2025,10:33:47,05-07-2025,10:33:52,05-07-2025,10:35:26,COMPLETED,0,1
79KWH,8,2,FULL,05-07-2025,10:34:16,05-07-2025,10:34:17,05-07-2025,10:36:22,COMPLETED,0,1
79KWH,8,1,FULL,05-07-2025,10:35:48,05-07-2025,10:35:49,05-07-2025,10:37:26,COMPLETED,0,1
79KWH,8,2,FULL,05-07-2025,10:36:28,05-07-2025,10:36:32,05-07-2025,10:38:34,COMPLETED,0,1
79KWH,8,1,FULL,05-07-2025,10:37:32,05-07-2025,10:37:37,05-07-2025,10:39:12,COMPLETED,0,1
79KWH,8,2,FULL,05-07-2025,10:38:58,05-07-2025,10:39:00,05-07-2025,10:41:04,COMPLETED,0,1
79KWH,8,1,FULL,05-07-2025,10:39:36,05-07-2025,10:39:37,05-07-2025,10:41:17,COMPLETED,0,1
79KWH,8,3,FULL,05-07-2025,10:40:08,05-07-2025,10:40:26,05-07-2025,10:41:45,COMPLETED,0,1
79KWH,8,2,FULL,05-07-2025,10:41:11,05-07-2025,10:41:15,05-07-2025,10:43:18,COMPLETED,0,1
79KWH,8,1,FULL,05-07-2025,10:41:23,05-07-2025,10:41:27,05-07-2025,10:43:03,COMPLETED,0,1
79KWH,8,3,FULL,05-07-2025,10:41:55,05-07-2025,10:42:08,05-07-2025,10:43:31,COMPLETED,0,1
79KWH,8,1,FULL,05-07-2025,10:43:26,05-07-2025,10:45:23,05-07-2025,10:47:31,COMPLETED,0,1
79KWH,8,3,FULL,05-07-2025,10:43:38,05-07-2025,10:45:55,05-07-2025,10:47:54,COMPLETED,0,1
79KWH,8,2,FULL,05-07-2025,10:43:41,05-07-2025,10:45:17,05-07-2025,10:47:38,COMPLETED,0,1
79KWH,8,1,FULL,05-07-2025,10:47:38,05-07-2025,10:49:40,05-07-2025,10:51:45,COMPLETED,0,1
79KWH,8,2,FULL,05-07-2025,10:47:43,05-07-2025,10:47:47,05-07-2025,10:49:51,COMPLETED,0,1
79KWH,8,3,FULL,05-07-2025,10:48:04,05-07-2025,10:48:17,05-07-2025,10:49:41,COMPLETED,0,1
79KWH,8,3,FULL,05-07-2025,10:49:46,05-07-2025,10:50:03,05-07-2025,10:51:22,COMPLETED,0,1
79KWH,8,3,FULL,05-07-2025,10:51:33,05-07-2025,10:51:45,05-07-2025,10:53:09,COMPLETED,0,1
79KWH,8,1,FULL,05-07-2025,10:52:04,05-07-2025,10:52:05,05-07-2025,10:53:44,COMPLETED,0,1
79KWH,8,3,FULL,05-07-2025,10:53:15,05-07-2025,10:53:32,05-07-2025,10:54:53,COMPLETED,0,1
79KWH,8,1,FULL,05-07-2025,10:53:50,05-07-2025,10:53:54,05-07-2025,10:55:31,COMPLETED,0,1
79KWH,8,1,FULL,05-07-2025,10:55:52,05-07-2025,10:55:53,05-07-2025,10:57:33,COMPLETED,0,1
79KWH,8,2,FULL,05-07-2025,18:16:38,05-07-2025,18:16:50,05-07-2025,18:19:20,COMPLETED,0,1
79KWH,8,1,FULL,05-07-2025,18:20:47,05-07-2025,18:20:48,05-07-2025,18:22:56,COMPLETED,0,1
79KWH,8,3,FULL,05-07-2025,18:28:40,05-07-2025,18:29:39,05-07-2025,18:31:44,COMPLETED,0,1
79KWH,8,2,FULL,05-07-2025,18:40:24,05-07-2025,18:40:30,05-07-2025,18:42:55,COMPLETED,0,1
79KWH,8,3,FULL,05-07-2025,18:41:01,05-07-2025,18:41:22,05-07-2025,18:42:41,COMPLETED,0,1
79KWH,8,1,FULL,05-07-2025,18:43:22,05-07-2025,18:43:23,05-07-2025,18:45:33,COMPLETED,0,1
79KWH,8,2,FULL,05-07-2025,18:47:23,05-07-2025,18:47:25,05-07-2025,18:49:40,COMPLETED,0,1
79KWH,8,3,FULL,05-07-2025,18:47:23,05-07-2025,18:47:41,05-07-2025,18:49:07,COMPLETED,0,1
79KWH,8,2,FULL,05-07-2025,18:49:46,05-07-2025,18:49:53,05-07-2025,18:52:03,COMPLETED,0,1
79KWH,8,1,FULL,05-07-2025,18:56:33,05-07-2025,18:56:34,05-07-2025,18:58:19,COMPLETED,0,1
79KWH,8,2,FULL,05-07-2025,18:57:40,05-07-2025,18:57:43,05-07-2025,18:59:59,COMPLETED,0,1
79KWH,8,3,FULL,05-07-2025,18:57:41,05-07-2025,18:57:58,05-07-2025,18:59:19,COMPLETED,0,1
79KWH,8,1,FULL,05-07-2025,18:58:43,05-07-2025,18:58:44,05-07-2025,19:00:26,COMPLETED,0,1
79KWH,8,3,FULL,05-07-2025,18:59:29,05-07-2025,18:59:42,05-07-2025,19:01:08,COMPLETED,0,1
79KWH,8,2,FULL,05-07-2025,19:00:06,05-07-2025,19:00:13,05-07-2025,19:02:24,COMPLETED,0,1
79KWH,8,1,FULL,05-07-2025,19:01:42,05-07-2025,19:03:08,05-07-2025,19:05:16,COMPLETED,0,1
79KWH,8,3,FULL,05-07-2025,19:01:52,05-07-2025,19:01:54,05-07-2025,19:03:14,COMPLETED,0,1
79KWH,8,2,FULL,05-07-2025,19:02:46,05-07-2025,19:04:18,05-07-2025,19:06:49,COMPLETED,0,1
79KWH,8,3,FULL,05-07-2025,19:04:40,05-07-2025,19:05:33,05-07-2025,19:07:38,COMPLETED,0,1
79KWH,8,1,FULL,05-07-2025,19:05:38,05-07-2025,19:07:03,05-07-2025,19:09:13,COMPLETED,0,1
79KWH,8,3,FULL,05-07-2025,19:09:19,05-07-2025,19:09:34,05-07-2025,19:10:56,COMPLETED,0,1
79KWH,8,1,FULL,05-07-2025,19:09:20,05-07-2025,19:09:24,05-07-2025,19:11:05,COMPLETED,0,1
79KWH,8,2,FULL,05-07-2025,19:09:25,05-07-2025,19:09:33,05-07-2025,19:11:58,COMPLETED,0,1
79KWH,8,1,FULL,05-07-2025,19:11:27,05-07-2025,19:11:28,05-07-2025,19:13:12,COMPLETED,0,1
79KWH,8,3,FULL,05-07-2025,19:13:00,05-07-2025,19:13:14,05-07-2025,19:14:42,COMPLETED,0,1
79KWH,8,1,FULL,05-07-2025,19:13:18,05-07-2025,19:13:22,05-07-2025,19:15:04,COMPLETED,0,1
79KWH,8,2,FULL,05-07-2025,19:13:27,05-07-2025,19:13:37,05-07-2025,19:15:56,COMPLETED,0,1
79KWH,8,3,FULL,05-07-2025,19:14:49,05-07-2025,19:15:05,05-07-2025,19:16:32,COMPLETED,0,1
79KWH,8,1,FULL,05-07-2025,19:15:25,05-07-2025,19:15:26,05-07-2025,19:17:09,COMPLETED,0,1
79KWH,8,2,FULL,05-07-2025,19:16:01,05-07-2025,19:16:10,05-07-2025,19:18:24,COMPLETED,0,1
79KWH,8,3,FULL,05-07-2025,19:16:46,05-07-2025,19:16:55,05-07-2025,19:18:23,COMPLETED,0,1
79KWH,8,3,FULL,05-07-2025,19:18:34,05-07-2025,19:18:46,05-07-2025,19:20:11,COMPLETED,0,1
79KWH,8,2,FULL,05-07-2025,19:18:45,05-07-2025,19:18:53,05-07-2025,19:21:11,COMPLETED,0,1
79KWH,8,3,FULL,05-07-2025,19:20:29,05-07-2025,19:20:34,05-07-2025,19:22:04,COMPLETED,0,1
79KWH,8,2,FULL,05-07-2025,19:21:18,05-07-2025,19:21:25,05-07-2025,19:23:41,COMPLETED,0,1
79KWH,8,3,FULL,05-07-2025,19:22:11,05-07-2025,19:24:18,05-07-2025,19:26:20,COMPLETED,0,1
79KWH,8,2,FULL,05-07-2025,19:24:04,05-07-2025,19:25:36,05-07-2025,19:28:09,COMPLETED,0,1
79KWH,8,3,FULL,05-07-2025,19:26:31,05-07-2025,19:28:38,05-07-2025,19:30:46,COMPLETED,0,1
79KWH,8,2,FULL,05-07-2025,19:28:15,05-07-2025,19:29:59,05-07-2025,19:32:27,COMPLETED,0,1
79KWH,8,3,FULL,05-07-2025,19:30:52,05-07-2025,19:31:08,05-07-2025,19:32:34,COMPLETED,0,1
79KWH,8,3,FULL,05-07-2025,19:32:44,05-07-2025,19:32:57,05-07-2025,19:34:29,COMPLETED,0,1
79KWH,8,2,FULL,05-07-2025,19:32:49,05-07-2025,19:32:56,05-07-2025,19:35:16,COMPLETED,0,1
79KWH,8,3,FULL,05-07-2025,19:34:35,05-07-2025,19:34:51,05-07-2025,19:36:17,COMPLETED,0,1
79KWH,8,3,FULL,05-07-2025,19:36:28,05-07-2025,19:36:40,05-07-2025,19:38:18,COMPLETED,0,1
79KWH,8,3,FULL,05-07-2025,19:38:25,05-07-2025,19:38:41,05-07-2025,19:40:15,COMPLETED,0,1
79KWH,8,1,FULL,05-07-2025,20:26:27,05-07-2025,20:26:55,05-07-2025,20:29:03,COMPLETED,0,1
79KWH,8,3,FULL,10-07-2025,07:11:05,10-07-2025,07:11:06,10-07-2025,07:13:11,COMPLETED,0,1
79KWH,8,2,FULL,10-07-2025,07:11:17,10-07-2025,07:15:16,10-07-2025,07:17:49,COMPLETED,0,1
79KWH,8,1,FULL,10-07-2025,07:27:28,10-07-2025,07:55:46,10-07-2025,07:57:59,COMPLETED,0,1
79KWH,8,2,FULL,10-07-2025,07:30:21,10-07-2025,07:34:02,10-07-2025,07:36:31,COMPLETED,0,1
79KWH,8,3,FULL,10-07-2025,07:35:13,10-07-2025,07:36:15,10-07-2025,07:38:17,COMPLETED,0,1
79KWH,8,3,FULL,10-07-2025,07:38:28,10-07-2025,07:38:29,10-07-2025,07:44:32,COMPLETED,0,1
79KWH,8,3,FULL,10-07-2025,07:44:39,10-07-2025,07:44:41,10-07-2025,07:46:11,COMPLETED,0,1
79KWH,8,3,FULL,10-07-2025,07:46:21,10-07-2025,07:48:08,10-07-2025,07:50:14,COMPLETED,0,1
79KWH,8,3,FULL,10-07-2025,07:50:19,10-07-2025,07:50:24,10-07-2025,07:51:54,COMPLETED,0,1
79KWH,8,3,FULL,10-07-2025,07:52:05,10-07-2025,07:52:05,10-07-2025,07:53:39,COMPLETED,0,1
79KWH,8,3,FULL,10-07-2025,07:53:46,10-07-2025,07:53:50,10-07-2025,07:55:22,COMPLETED,0,1
79KWH,8,3,FULL,10-07-2025,07:55:33,10-07-2025,07:55:34,10-07-2025,07:57:09,COMPLETED,0,1
79KWH,8,1,FULL,10-07-2025,07:58:06,10-07-2025,07:58:10,10-07-2025,07:59:54,COMPLETED,0,1
79KWH,8,1,FULL,10-07-2025,08:00:16,10-07-2025,08:00:16,10-07-2025,08:02:02,COMPLETED,0,1
79KWH,8,1,FULL,10-07-2025,08:02:08,10-07-2025,08:02:14,10-07-2025,08:03:58,COMPLETED,0,1
79KWH,8,1,FULL,10-07-2025,08:04:18,10-07-2025,08:04:19,10-07-2025,08:06:07,COMPLETED,0,1
79KWH,8,2,FULL,10-07-2025,08:05:11,10-07-2025,08:05:12,10-07-2025,08:07:43,COMPLETED,0,1
79KWH,8,1,FULL,10-07-2025,08:06:13,10-07-2025,08:06:16,10-07-2025,08:08:01,COMPLETED,0,1
79KWH,8,1,FULL,10-07-2025,08:08:21,10-07-2025,08:08:22,10-07-2025,10:15:19,COMPLETED,0,1
79KWH,8,2,FULL,10-07-2025,08:59:49,10-07-2025,09:04:13,10-07-2025,09:06:41,COMPLETED,0,1
79KWH,8,2,FULL,10-07-2025,09:06:52,10-07-2025,09:09:07,10-07-2025,09:11:39,COMPLETED,0,1
79KWH,8,2,FULL,10-07-2025,09:11:46,10-07-2025,09:13:31,10-07-2025,09:15:25,COMPLETED,0,1
79KWH,8,2,FULL,10-07-2025,09:15:35,10-07-2025,09:17:51,10-07-2025,09:20:23,COMPLETED,0,1
79KWH,8,2,FULL,10-07-2025,09:20:30,10-07-2025,09:20:33,10-07-2025,09:22:57,COMPLETED,0,1
79KWH,8,2,FULL,10-07-2025,09:23:08,10-07-2025,09:23:08,10-07-2025,09:25:36,COMPLETED,0,1
79KWH,8,2,FULL,10-07-2025,09:25:42,10-07-2025,09:25:50,10-07-2025,09:28:15,COMPLETED,0,1
79KWH,8,2,FULL,10-07-2025,09:28:25,10-07-2025,09:28:26,10-07-2025,09:30:54,COMPLETED,0,1
79KWH,8,2,FULL,10-07-2025,09:31:01,10-07-2025,09:31:05,10-07-2025,09:33:32,COMPLETED,0,1
79KWH,8,2,FULL,10-07-2025,09:33:43,10-07-2025,09:33:44,10-07-2025,09:36:13,COMPLETED,0,1
79KWH,8,2,FULL,10-07-2025,09:36:19,10-07-2025,09:36:23,10-07-2025,09:38:50,COMPLETED,0,1
79KWH,8,2,FULL,10-07-2025,09:39:00,10-07-2025,09:39:02,10-07-2025,09:41:32,COMPLETED,0,1
79KWH,8,3,FULL,10-07-2025,09:40:42,10-07-2025,09:40:52,10-07-2025,09:43:00,COMPLETED,0,1
79KWH,8,2,FULL,10-07-2025,09:41:38,10-07-2025,09:41:43,10-07-2025,09:44:11,COMPLETED,0,1
79KWH,8,3,FULL,10-07-2025,09:43:11,10-07-2025,09:43:11,10-07-2025,09:44:47,COMPLETED,0,1
79KWH,8,2,FULL,10-07-2025,09:44:22,10-07-2025,09:44:24,10-07-2025,09:46:55,COMPLETED,0,1
79KWH,8,3,FULL,10-07-2025,09:44:53,10-07-2025,09:46:38,10-07-2025,09:48:42,COMPLETED,0,1
79KWH,8,2,FULL,10-07-2025,09:47:01,10-07-2025,09:47:05,10-07-2025,09:49:34,COMPLETED,0,1
79KWH,8,3,FULL,10-07-2025,09:48:53,10-07-2025,11:11:52,10-07-2025,11:14:04,COMPLETED,0,1
79KWH,8,2,FULL,10-07-2025,09:49:45,10-07-2025,09:49:45,10-07-2025,09:52:17,COMPLETED,0,1
79KWH,8,2,FULL,10-07-2025,09:52:23,10-07-2025,09:52:28,10-07-2025,09:54:57,COMPLETED,0,1
79KWH,8,2,FULL,10-07-2025,09:55:08,10-07-2025,09:55:09,10-07-2025,09:57:42,COMPLETED,0,1
79KWH,8,2,FULL,10-07-2025,09:57:48,10-07-2025,09:57:51,10-07-2025,10:00:22,COMPLETED,0,1
79KWH,8,2,FULL,10-07-2025,10:00:33,10-07-2025,10:00:34,10-07-2025,10:03:08,COMPLETED,0,1
79KWH,8,2,FULL,10-07-2025,10:03:13,10-07-2025,10:03:18,10-07-2025,10:05:50,COMPLETED,0,1
79KWH,8,2,FULL,10-07-2025,10:06:00,10-07-2025,10:06:01,10-07-2025,10:08:35,COMPLETED,0,1
79KWH,8,2,FULL,10-07-2025,10:08:42,10-07-2025,10:08:46,10-07-2025,10:11:18,COMPLETED,0,1
79KWH,8,2,FULL,10-07-2025,10:11:29,10-07-2025,10:11:29,10-07-2025,10:14:05,COMPLETED,0,1
79KWH,8,2,FULL,10-07-2025,10:14:11,10-07-2025,10:14:15,10-07-2025,10:16:48,COMPLETED,0,1
79KWH,8,1,FULL,10-07-2025,10:15:25,10-07-2025,10:22:09,10-07-2025,10:25:23,COMPLETED,0,1
79KWH,8,2,FULL,10-07-2025,10:16:58,10-07-2025,10:16:59,10-07-2025,10:18:47,COMPLETED,0,1
79KWH,8,2,FULL,10-07-2025,10:18:53,10-07-2025,10:18:56,10-07-2025,10:19:54,COMPLETED,0,1
79KWH,8,2,FULL,10-07-2025,10:20:05,10-07-2025,10:20:06,10-07-2025,10:21:06,COMPLETED,0,1
79KWH,8,2,FULL,10-07-2025,10:21:12,10-07-2025,10:21:16,10-07-2025,10:22:14,COMPLETED,0,1
79KWH,8,2,FULL,10-07-2025,10:22:25,10-07-2025,10:22:26,10-07-2025,10:23:26,COMPLETED,0,1
79KWH,8,2,FULL,10-07-2025,10:23:33,10-07-2025,10:23:36,10-07-2025,10:24:33,COMPLETED,0,1
79KWH,8,2,FULL,10-07-2025,10:24:44,10-07-2025,10:24:45,10-07-2025,10:25:46,COMPLETED,0,1
79KWH,8,1,FULL,10-07-2025,10:25:41,10-07-2025,10:25:42,10-07-2025,10:27:31,COMPLETED,0,1
79KWH,8,2,FULL,10-07-2025,10:25:51,10-07-2025,10:25:56,10-07-2025,10:26:56,COMPLETED,0,1
79KWH,8,2,FULL,10-07-2025,10:27:06,10-07-2025,10:27:07,10-07-2025,10:28:10,COMPLETED,0,1
79KWH,8,1,FULL,10-07-2025,10:27:37,10-07-2025,10:27:41,10-07-2025,10:29:29,COMPLETED,0,1
79KWH,8,2,FULL,10-07-2025,10:29:24,10-07-2025,10:29:25,10-07-2025,10:30:27,COMPLETED,0,1
79KWH,8,1,FULL,10-07-2025,10:29:50,10-07-2025,10:29:50,10-07-2025,10:31:42,COMPLETED,0,1
79KWH,8,2,FULL,10-07-2025,10:31:22,10-07-2025,10:31:23,10-07-2025,10:32:28,COMPLETED,0,1
79KWH,8,1,FULL,10-07-2025,10:31:48,10-07-2025,10:31:52,10-07-2025,10:33:41,COMPLETED,0,1
79KWH,8,2,FULL,10-07-2025,10:33:08,10-07-2025,10:33:08,10-07-2025,10:34:10,COMPLETED,0,1
79KWH,8,1,FULL,10-07-2025,10:33:57,10-07-2025,10:35:30,10-07-2025,10:37:44,COMPLETED,0,1
79KWH,8,2,FULL,10-07-2025,10:34:24,10-07-2025,10:34:26,10-07-2025,10:35:30,COMPLETED,0,1
79KWH,8,2,FULL,10-07-2025,10:35:57,10-07-2025,10:35:58,10-07-2025,10:37:02,COMPLETED,0,1
79KWH,8,2,FULL,10-07-2025,10:37:15,10-07-2025,10:37:16,10-07-2025,10:38:22,COMPLETED,0,1
79KWH,8,1,FULL,10-07-2025,10:37:50,10-07-2025,10:37:56,10-07-2025,10:39:45,COMPLETED,0,1
79KWH,8,2,FULL,10-07-2025,10:38:29,10-07-2025,10:38:32,10-07-2025,10:39:38,COMPLETED,0,1
79KWH,8,2,FULL,10-07-2025,10:39:59,10-07-2025,10:40:00,10-07-2025,10:41:10,COMPLETED,0,1
79KWH,8,1,FULL,10-07-2025,10:40:03,10-07-2025,10:40:03,10-07-2025,10:41:55,COMPLETED,0,1
79KWH,8,2,FULL,10-07-2025,10:41:31,10-07-2025,10:41:31,10-07-2025,10:42:37,COMPLETED,0,1
79KWH,8,1,FULL,10-07-2025,10:42:02,10-07-2025,10:42:07,10-07-2025,10:43:57,COMPLETED,0,1
79KWH,8,2,FULL,10-07-2025,10:42:51,10-07-2025,10:42:52,10-07-2025,10:44:03,COMPLETED,0,1
79KWH,8,1,FULL,10-07-2025,10:44:15,10-07-2025,10:44:16,10-07-2025,10:46:09,COMPLETED,0,1
79KWH,8,2,FULL,10-07-2025,10:44:17,10-07-2025,10:44:18,10-07-2025,10:45:26,COMPLETED,0,1
79KWH,8,1,FULL,10-07-2025,10:46:15,10-07-2025,10:46:19,10-07-2025,10:48:25,COMPLETED,0,1
79KWH,8,2,FULL,10-07-2025,10:46:15,10-07-2025,10:46:15,10-07-2025,10:47:25,COMPLETED,0,1
79KWH,8,2,FULL,10-07-2025,10:48:00,10-07-2025,10:48:01,10-07-2025,10:49:10,COMPLETED,0,1
79KWH,8,1,FULL,10-07-2025,10:48:44,10-07-2025,10:48:45,10-07-2025,10:50:53,COMPLETED,0,1
79KWH,8,2,FULL,10-07-2025,10:49:56,10-07-2025,10:49:56,10-07-2025,10:51:07,COMPLETED,0,1
79KWH,8,1,FULL,10-07-2025,10:50:59,10-07-2025,10:51:03,10-07-2025,10:53:10,COMPLETED,0,1
79KWH,8,2,FULL,10-07-2025,10:51:14,10-07-2025,10:51:18,10-07-2025,10:52:27,COMPLETED,0,1
79KWH,8,2,FULL,10-07-2025,10:52:37,10-07-2025,10:52:38,10-07-2025,10:53:51,COMPLETED,0,1
79KWH,8,2,FULL,10-07-2025,10:53:57,10-07-2025,10:54:01,10-07-2025,10:55:14,COMPLETED,0,1
79KWH,8,2,FULL,10-07-2025,10:55:24,10-07-2025,10:55:24,10-07-2025,10:56:39,COMPLETED,0,1
79KWH,8,2,FULL,10-07-2025,10:56:45,10-07-2025,10:56:49,10-07-2025,10:58:02,COMPLETED,0,1
79KWH,8,3,FULL,10-07-2025,11:14:10,10-07-2025,11:14:14,10-07-2025,11:15:48,COMPLETED,0,1
79KWH,8,3,FULL,10-07-2025,11:15:59,10-07-2025,11:17:35,10-07-2025,11:19:44,COMPLETED,0,1
79KWH,8,2,FULL,10-07-2025,11:16:11,10-07-2025,11:16:11,10-07-2025,11:17:27,COMPLETED,0,1
79KWH,8,2,FULL,10-07-2025,11:17:32,10-07-2025,11:17:37,10-07-2025,11:18:50,COMPLETED,0,1
79KWH,8,2,FULL,10-07-2025,11:19:00,10-07-2025,11:19:01,10-07-2025,11:20:17,COMPLETED,0,1
79KWH,8,3,FULL,10-07-2025,11:19:51,10-07-2025,11:19:54,10-07-2025,11:21:30,COMPLETED,0,1
79KWH,8,2,FULL,10-07-2025,11:20:22,10-07-2025,11:20:27,10-07-2025,11:21:40,COMPLETED,0,1
79KWH,8,3,FULL,10-07-2025,11:21:41,10-07-2025,11:21:41,10-07-2025,11:23:23,COMPLETED,0,1
79KWH,8,2,FULL,10-07-2025,11:21:51,10-07-2025,11:21:51,10-07-2025,11:23:08,COMPLETED,0,1
79KWH,8,2,FULL,10-07-2025,11:23:14,10-07-2025,11:23:18,10-07-2025,11:24:34,COMPLETED,0,1
79KWH,8,3,FULL,10-07-2025,11:23:30,10-07-2025,11:23:34,10-07-2025,11:25:10,COMPLETED,0,1
79KWH,8,2,FULL,10-07-2025,11:24:45,10-07-2025,11:24:46,10-07-2025,11:26:04,COMPLETED,0,1
79KWH,8,3,FULL,10-07-2025,11:25:22,10-07-2025,11:25:22,10-07-2025,11:27:02,COMPLETED,0,1
79KWH,8,2,FULL,10-07-2025,11:26:10,10-07-2025,11:26:14,10-07-2025,11:27:30,COMPLETED,0,1
79KWH,8,3,FULL,10-07-2025,11:27:09,10-07-2025,11:27:11,10-07-2025,11:28:49,COMPLETED,0,1
79KWH,8,2,FULL,10-07-2025,11:27:40,10-07-2025,11:27:40,10-07-2025,11:28:59,COMPLETED,0,1
79KWH,8,3,FULL,10-07-2025,11:29:00,10-07-2025,11:29:01,10-07-2025,11:30:45,COMPLETED,0,1
79KWH,8,2,FULL,10-07-2025,11:29:05,10-07-2025,11:29:10,10-07-2025,11:30:27,COMPLETED,0,1
79KWH,8,3,FULL,10-07-2025,11:30:51,10-07-2025,11:30:55,10-07-2025,11:32:37,COMPLETED,0,1
79KWH,8,2,FULL,10-07-2025,11:30:54,10-07-2025,11:30:55,10-07-2025,11:32:14,COMPLETED,0,1
79KWH,8,2,FULL,10-07-2025,11:32:37,10-07-2025,11:32:38,10-07-2025,11:33:56,COMPLETED,0,1
79KWH,8,3,FULL,10-07-2025,11:32:48,10-07-2025,11:32:49,10-07-2025,11:34:31,COMPLETED,0,1
79KWH,8,2,FULL,10-07-2025,11:34:30,10-07-2025,11:34:30,10-07-2025,11:35:51,COMPLETED,0,1
79KWH,8,3,FULL,10-07-2025,11:34:38,10-07-2025,11:36:17,10-07-2025,11:38:25,COMPLETED,0,1
79KWH,8,2,FULL,10-07-2025,11:36:18,10-07-2025,11:36:19,10-07-2025,11:37:37,COMPLETED,0,1
79KWH,8,1,FULL,10-07-2025,11:37:15,10-07-2025,11:38:10,10-07-2025,11:40:28,COMPLETED,0,1
79KWH,8,2,FULL,10-07-2025,11:37:47,10-07-2025,11:37:47,10-07-2025,11:39:08,COMPLETED,0,1
79KWH,8,3,FULL,10-07-2025,11:38:35,10-07-2025,11:40:14,10-07-2025,11:42:25,COMPLETED,0,1
79KWH,8,1,FULL,10-07-2025,11:40:34,10-07-2025,11:42:16,10-07-2025,11:44:30,COMPLETED,0,1
79KWH,8,3,FULL,10-07-2025,11:42:32,10-07-2025,11:42:35,10-07-2025,11:44:13,COMPLETED,0,1
79KWH,8,3,FULL,10-07-2025,11:44:24,10-07-2025,11:44:24,10-07-2025,11:46:08,COMPLETED,0,1
79KWH,8,1,FULL,10-07-2025,11:44:50,10-07-2025,11:46:11,10-07-2025,11:48:28,COMPLETED,0,1
79KWH,8,3,FULL,10-07-2025,11:46:14,10-07-2025,11:46:18,10-07-2025,11:47:58,COMPLETED,0,1
79KWH,8,3,FULL,10-07-2025,11:48:09,10-07-2025,11:48:10,10-07-2025,11:50:03,COMPLETED,0,1
79KWH,8,1,FULL,10-07-2025,11:48:34,10-07-2025,11:49:57,10-07-2025,11:51:54,COMPLETED,0,1
79KWH,8,3,FULL,10-07-2025,12:26:21,10-07-2025,12:27:57,10-07-2025,12:30:05,COMPLETED,0,1
79KWH,8,2,FULL,10-07-2025,12:26:31,10-07-2025,12:26:31,10-07-2025,12:28:06,COMPLETED,0,1
79KWH,8,2,FULL,10-07-2025,12:29:23,10-07-2025,12:29:24,10-07-2025,12:30:46,COMPLETED,0,1
79KWH,8,3,FULL,10-07-2025,12:30:15,10-07-2025,12:30:15,10-07-2025,12:32:01,COMPLETED,0,1
79KWH,8,2,FULL,10-07-2025,12:32:02,10-07-2025,12:32:03,10-07-2025,12:33:22,COMPLETED,0,1
79KWH,8,3,FULL,10-07-2025,12:32:08,10-07-2025,12:32:12,10-07-2025,12:34:01,COMPLETED,0,1
79KWH,8,3,FULL,10-07-2025,12:34:45,10-07-2025,12:36:18,10-07-2025,12:38:33,COMPLETED,0,1
79KWH,8,2,FULL,10-07-2025,12:34:55,10-07-2025,12:34:56,10-07-2025,12:36:20,COMPLETED,0,1
79KWH,8,1,FULL,10-07-2025,12:36:11,10-07-2025,12:36:12,10-07-2025,12:38:16,COMPLETED,0,1
79KWH,8,2,FULL,10-07-2025,12:37:38,10-07-2025,12:37:38,10-07-2025,12:39:00,COMPLETED,0,1
79KWH,8,1,FULL,10-07-2025,12:38:23,10-07-2025,12:38:27,10-07-2025,12:39:44,COMPLETED,0,1
79KWH,8,3,FULL,10-07-2025,12:38:39,10-07-2025,12:38:43,10-07-2025,12:40:27,COMPLETED,0,1
79KWH,8,2,FULL,10-07-2025,12:40:32,10-07-2025,12:40:32,10-07-2025,12:41:56,COMPLETED,0,1
79KWH,8,3,FULL,10-07-2025,12:40:38,10-07-2025,12:42:38,10-07-2025,12:44:55,COMPLETED,0,1
79KWH,8,2,FULL,10-07-2025,12:43:11,10-07-2025,12:43:11,10-07-2025,12:44:32,COMPLETED,0,1
79KWH,8,3,FULL,10-07-2025,12:45:00,10-07-2025,12:47:13,10-07-2025,12:49:27,COMPLETED,0,1
79KWH,8,2,FULL,10-07-2025,12:45:06,10-07-2025,12:45:07,10-07-2025,12:46:31,COMPLETED,0,1
79KWH,8,2,FULL,10-07-2025,12:46:55,10-07-2025,12:46:55,10-07-2025,12:48:18,COMPLETED,0,1
79KWH,8,2,FULL,10-07-2025,12:48:47,10-07-2025,12:48:49,10-07-2025,12:50:14,COMPLETED,0,1
79KWH,8,3,FULL,10-07-2025,12:49:38,10-07-2025,12:49:38,10-07-2025,12:51:29,COMPLETED,0,1
79KWH,8,2,FULL,10-07-2025,12:50:35,10-07-2025,12:50:36,10-07-2025,12:52:00,COMPLETED,0,1
79KWH,8,3,FULL,10-07-2025,12:51:35,10-07-2025,12:51:39,10-07-2025,12:53:27,COMPLETED,0,1
79KWH,8,2,FULL,10-07-2025,12:52:31,10-07-2025,12:52:32,10-07-2025,12:53:58,COMPLETED,0,1
79KWH,8,3,FULL,10-07-2025,12:53:38,10-07-2025,12:53:39,10-07-2025,12:55:31,COMPLETED,0,1
79KWH,8,2,FULL,10-07-2025,12:54:18,10-07-2025,12:54:19,10-07-2025,12:55:43,COMPLETED,0,1
79KWH,8,3,FULL,10-07-2025,12:55:37,10-07-2025,12:55:41,10-07-2025,12:57:31,COMPLETED,0,1
79KWH,8,2,FULL,10-07-2025,12:56:14,10-07-2025,12:56:16,10-07-2025,12:57:43,COMPLETED,0,1
79KWH,8,3,FULL,10-07-2025,12:57:41,10-07-2025,12:57:42,10-07-2025,13:06:17,COMPLETED,0,1
79KWH,8,2,FULL,10-07-2025,12:58:01,10-07-2025,12:58:01,10-07-2025,12:59:26,COMPLETED,0,1
79KWH,8,2,FULL,10-07-2025,12:59:58,10-07-2025,12:59:58,10-07-2025,13:01:26,COMPLETED,0,1
79KWH,8,1,FULL,10-07-2025,13:00:47,10-07-2025,13:13:39,10-07-2025,13:14:38,COMPLETED,0,1
79KWH,8,2,FULL,10-07-2025,13:01:43,10-07-2025,13:01:44,10-07-2025,13:03:10,COMPLETED,0,1
79KWH,8,2,FULL,10-07-2025,13:04:39,10-07-2025,13:04:39,10-07-2025,13:06:09,COMPLETED,0,1
79KWH,8,2,FULL,10-07-2025,13:06:15,10-07-2025,13:06:18,10-07-2025,13:07:45,COMPLETED,0,1
79KWH,8,3,FULL,10-07-2025,13:06:23,10-07-2025,13:06:26,10-07-2025,13:08:14,COMPLETED,0,1
79KWH,8,2,FULL,10-07-2025,13:07:57,10-07-2025,13:07:58,10-07-2025,13:09:29,COMPLETED,0,1
79KWH,8,3,FULL,10-07-2025,13:08:25,10-07-2025,13:08:26,10-07-2025,13:10:21,COMPLETED,0,1
79KWH,8,2,FULL,10-07-2025,13:09:34,10-07-2025,13:09:39,10-07-2025,13:11:07,COMPLETED,0,1
79KWH,8,3,FULL,10-07-2025,13:10:27,10-07-2025,13:12:38,10-07-2025,13:15:03,COMPLETED,0,1
79KWH,8,2,FULL,10-07-2025,13:11:17,10-07-2025,13:11:18,10-07-2025,13:12:49,COMPLETED,0,1
79KWH,8,2,FULL,10-07-2025,13:12:54,10-07-2025,13:12:59,10-07-2025,13:14:28,COMPLETED,0,1
79KWH,8,2,FULL,10-07-2025,13:14:39,10-07-2025,13:14:39,10-07-2025,13:16:11,COMPLETED,0,1
79KWH,8,1,FULL,10-07-2025,13:14:44,10-07-2025,13:14:48,10-07-2025,13:16:06,COMPLETED,0,1
79KWH,8,3,FULL,10-07-2025,13:15:15,10-07-2025,13:17:20,10-07-2025,13:19:39,COMPLETED,0,1
79KWH,8,2,FULL,10-07-2025,13:16:18,10-07-2025,13:16:21,10-07-2025,13:17:51,COMPLETED,0,1
79KWH,8,2,FULL,10-07-2025,13:18:01,10-07-2025,13:18:03,10-07-2025,13:19:36,COMPLETED,0,1
79KWH,8,1,FULL,10-07-2025,13:18:23,10-07-2025,13:18:25,10-07-2025,13:20:03,COMPLETED,0,1
79KWH,8,2,FULL,10-07-2025,13:19:42,10-07-2025,13:19:46,10-07-2025,13:21:17,COMPLETED,0,1
79KWH,8,3,FULL,10-07-2025,13:19:44,10-07-2025,13:19:49,10-07-2025,13:21:42,COMPLETED,0,1
79KWH,8,2,FULL,10-07-2025,13:21:29,10-07-2025,13:21:30,10-07-2025,13:23:03,COMPLETED,0,1
79KWH,8,3,FULL,10-07-2025,13:21:53,10-07-2025,13:23:55,10-07-2025,13:26:16,COMPLETED,0,1
79KWH,8,2,FULL,10-07-2025,13:23:10,10-07-2025,13:23:13,10-07-2025,13:24:45,COMPLETED,0,1
79KWH,8,2,FULL,10-07-2025,13:24:56,10-07-2025,13:24:56,10-07-2025,13:26:31,COMPLETED,0,1
79KWH,8,3,FULL,10-07-2025,13:26:21,10-07-2025,13:26:26,10-07-2025,13:28:20,COMPLETED,0,1
79KWH,8,2,FULL,10-07-2025,13:26:37,10-07-2025,13:26:40,10-07-2025,13:28:12,COMPLETED,0,1
79KWH,8,2,FULL,10-07-2025,13:28:22,10-07-2025,13:28:25,10-07-2025,13:29:59,COMPLETED,0,1
79KWH,8,3,FULL,10-07-2025,13:28:32,10-07-2025,13:28:33,10-07-2025,13:30:30,COMPLETED,0,1
79KWH,8,2,FULL,10-07-2025,13:30:05,10-07-2025,13:30:10,10-07-2025,13:31:42,COMPLETED,0,1
79KWH,8,3,FULL,10-07-2025,13:30:36,10-07-2025,13:30:41,10-07-2025,13:32:36,COMPLETED,0,1
79KWH,8,2,FULL,10-07-2025,13:31:53,10-07-2025,13:31:54,10-07-2025,13:33:29,COMPLETED,0,1
79KWH,8,3,FULL,10-07-2025,13:32:47,10-07-2025,13:32:48,10-07-2025,13:34:51,COMPLETED,0,1
79KWH,8,2,FULL,10-07-2025,13:33:36,10-07-2025,13:33:40,10-07-2025,13:35:14,COMPLETED,0,1
79KWH,8,3,FULL,10-07-2025,13:34:57,10-07-2025,13:35:02,10-07-2025,13:36:58,COMPLETED,0,1
79KWH,8,2,FULL,10-07-2025,13:35:25,10-07-2025,13:35:26,10-07-2025,13:37:03,COMPLETED,0,1
79KWH,8,3,FULL,10-07-2025,13:37:09,10-07-2025,13:39:15,10-07-2025,13:41:37,COMPLETED,0,1
79KWH,8,2,FULL,10-07-2025,13:37:10,10-07-2025,13:37:14,10-07-2025,13:38:49,COMPLETED,0,1
79KWH,8,2,FULL,10-07-2025,13:38:59,10-07-2025,13:39:00,10-07-2025,13:40:37,COMPLETED,0,1
79KWH,8,2,FULL,10-07-2025,13:40:43,10-07-2025,13:40:48,10-07-2025,13:42:24,COMPLETED,0,1
79KWH,8,3,FULL,10-07-2025,13:41:43,10-07-2025,13:41:46,10-07-2025,13:43:39,COMPLETED,0,1
79KWH,8,2,FULL,10-07-2025,13:42:35,10-07-2025,13:42:36,10-07-2025,13:44:14,COMPLETED,0,1
79KWH,8,3,FULL,10-07-2025,13:43:50,10-07-2025,13:43:51,10-07-2025,13:45:50,COMPLETED,0,1
79KWH,8,2,FULL,10-07-2025,13:45:06,10-07-2025,13:45:07,10-07-2025,13:46:43,COMPLETED,0,1
79KWH,8,3,FULL,10-07-2025,13:45:56,10-07-2025,13:46:01,10-07-2025,13:47:54,COMPLETED,0,1
79KWH,8,2,FULL,10-07-2025,13:46:55,10-07-2025,13:46:55,10-07-2025,13:48:35,COMPLETED,0,1
79KWH,8,3,FULL,10-07-2025,13:48:06,10-07-2025,13:50:12,10-07-2025,13:52:34,COMPLETED,0,1
79KWH,8,2,FULL,10-07-2025,13:48:41,10-07-2025,13:48:45,10-07-2025,13:50:24,COMPLETED,0,1
79KWH,8,2,FULL,10-07-2025,13:50:35,10-07-2025,13:50:35,10-07-2025,13:52:16,COMPLETED,0,1
79KWH,8,2,FULL,10-07-2025,13:52:22,10-07-2025,13:52:27,10-07-2025,13:54:06,COMPLETED,0,1
79KWH,8,3,FULL,10-07-2025,13:52:40,10-07-2025,13:52:43,10-07-2025,13:54:38,COMPLETED,0,1
79KWH,8,2,FULL,10-07-2025,13:54:16,10-07-2025,13:54:17,10-07-2025,13:55:58,COMPLETED,0,1
79KWH,8,3,FULL,10-07-2025,13:54:49,10-07-2025,13:56:56,10-07-2025,13:59:18,COMPLETED,0,1
79KWH,8,2,FULL,10-07-2025,13:56:05,10-07-2025,13:56:09,10-07-2025,13:57:49,COMPLETED,0,1
79KWH,8,2,FULL,10-07-2025,13:57:59,10-07-2025,13:57:59,10-07-2025,13:59:41,COMPLETED,0,1
79KWH,8,3,FULL,10-07-2025,13:59:24,10-07-2025,13:59:27,10-07-2025,14:01:27,COMPLETED,0,1
79KWH,8,2,FULL,10-07-2025,13:59:47,10-07-2025,13:59:52,10-07-2025,14:01:33,COMPLETED,0,1
79KWH,8,3,FULL,10-07-2025,14:01:38,10-07-2025,14:03:29,10-07-2025,14:05:52,COMPLETED,0,1
79KWH,8,2,FULL,10-07-2025,14:01:43,10-07-2025,14:01:45,10-07-2025,14:03:28,COMPLETED,0,1
79KWH,8,2,FULL,10-07-2025,14:03:35,10-07-2025,14:03:38,10-07-2025,14:05:20,COMPLETED,0,1
79KWH,8,2,FULL,10-07-2025,14:05:31,10-07-2025,14:05:31,10-07-2025,14:07:15,COMPLETED,0,1
79KWH,8,3,FULL,10-07-2025,14:05:58,10-07-2025,14:06:02,10-07-2025,14:07:58,COMPLETED,0,1
79KWH,8,2,FULL,10-07-2025,14:07:21,10-07-2025,14:07:26,10-07-2025,14:09:09,COMPLETED,0,1
79KWH,8,3,FULL,10-07-2025,14:08:10,10-07-2025,14:08:10,10-07-2025,14:10:11,COMPLETED,0,1
79KWH,8,2,FULL,10-07-2025,14:09:20,10-07-2025,14:09:21,10-07-2025,14:11:05,COMPLETED,0,1
79KWH,8,3,FULL,10-07-2025,14:10:17,10-07-2025,14:12:22,10-07-2025,14:14:42,COMPLETED,0,1
79KWH,8,2,FULL,10-07-2025,14:11:12,10-07-2025,14:11:16,10-07-2025,14:12:59,COMPLETED,0,1
79KWH,8,2,FULL,10-07-2025,14:13:10,10-07-2025,14:13:11,10-07-2025,14:14:56,COMPLETED,0,1
79KWH,8,3,FULL,10-07-2025,14:14:54,10-07-2025,14:14:54,10-07-2025,14:16:58,COMPLETED,0,1
79KWH,8,2,FULL,10-07-2025,14:15:03,10-07-2025,14:15:07,10-07-2025,14:16:50,COMPLETED,0,1
79KWH,8,2,FULL,10-07-2025,14:17:03,10-07-2025,14:17:03,10-07-2025,14:18:49,COMPLETED,0,1
79KWH,8,3,FULL,10-07-2025,14:17:05,10-07-2025,14:17:08,10-07-2025,14:19:10,COMPLETED,0,1
79KWH,8,2,FULL,10-07-2025,14:18:55,10-07-2025,14:18:59,10-07-2025,14:20:44,COMPLETED,0,1
79KWH,8,3,FULL,10-07-2025,14:19:21,10-07-2025,14:19:22,10-07-2025,14:21:27,COMPLETED,0,1
79KWH,8,2,FULL,10-07-2025,14:20:55,10-07-2025,14:20:56,10-07-2025,14:22:45,COMPLETED,0,1
79KWH,8,3,FULL,10-07-2025,14:21:33,10-07-2025,14:23:49,10-07-2025,14:26:14,COMPLETED,0,1
79KWH,8,3,FULL,10-07-2025,14:26:26,10-07-2025,14:26:26,10-07-2025,14:28:35,COMPLETED,0,1
79KWH,8,3,FULL,10-07-2025,14:28:41,10-07-2025,14:30:59,10-07-2025,14:33:20,COMPLETED,0,1
79KWH,8,3,FULL,10-07-2025,14:33:31,10-07-2025,14:33:32,10-07-2025,14:35:38,COMPLETED,0,1
79KWH,8,3,FULL,10-07-2025,14:47:17,10-07-2025,14:47:18,10-07-2025,14:49:41,COMPLETED,0,1
79KWH,8,2,FULL,10-07-2025,14:47:22,10-07-2025,14:47:22,10-07-2025,14:49:09,COMPLETED,0,1
79KWH,8,2,FULL,10-07-2025,14:49:21,10-07-2025,14:49:21,10-07-2025,14:51:10,COMPLETED,0,1
79KWH,8,3,FULL,10-07-2025,14:49:51,10-07-2025,14:49:52,10-07-2025,14:52:01,COMPLETED,0,1
79KWH,8,2,FULL,10-07-2025,14:51:17,10-07-2025,14:51:21,10-07-2025,14:53:09,COMPLETED,0,1
79KWH,8,3,FULL,10-07-2025,14:52:07,10-07-2025,14:52:12,10-07-2025,14:54:19,COMPLETED,0,1
79KWH,8,2,FULL,10-07-2025,14:53:20,10-07-2025,14:53:21,10-07-2025,14:55:11,COMPLETED,0,1
79KWH,8,3,FULL,10-07-2025,14:54:32,10-07-2025,14:54:32,10-07-2025,14:56:41,COMPLETED,0,1
79KWH,8,2,FULL,10-07-2025,14:55:18,10-07-2025,14:55:22,10-07-2025,14:57:11,COMPLETED,0,1
79KWH,8,3,FULL,10-07-2025,14:56:46,10-07-2025,14:59:04,10-07-2025,15:01:27,COMPLETED,0,1
79KWH,8,2,FULL,10-07-2025,14:57:23,10-07-2025,14:57:23,10-07-2025,14:59:15,COMPLETED,0,1
79KWH,8,2,FULL,10-07-2025,14:59:21,10-07-2025,14:59:25,10-07-2025,15:01:14,COMPLETED,0,1
79KWH,8,2,FULL,10-07-2025,15:01:25,10-07-2025,15:01:26,10-07-2025,15:03:18,COMPLETED,0,1
79KWH,8,3,FULL,10-07-2025,15:01:37,10-07-2025,15:03:42,10-07-2025,15:06:08,COMPLETED,0,1
79KWH,8,2,FULL,10-07-2025,15:03:25,10-07-2025,15:03:28,10-07-2025,15:05:18,COMPLETED,0,1
79KWH,8,2,FULL,10-07-2025,15:05:29,10-07-2025,15:05:31,10-07-2025,15:07:23,COMPLETED,0,1
79KWH,8,3,FULL,10-07-2025,15:06:15,10-07-2025,15:06:21,10-07-2025,15:08:28,COMPLETED,0,1
79KWH,8,2,FULL,10-07-2025,15:07:29,10-07-2025,15:07:34,10-07-2025,15:09:25,COMPLETED,0,1
79KWH,8,3,FULL,10-07-2025,15:08:40,10-07-2025,15:08:40,10-07-2025,15:10:52,COMPLETED,0,1
79KWH,8,2,FULL,10-07-2025,15:09:36,10-07-2025,15:09:36,10-07-2025,15:11:29,COMPLETED,0,1
79KWH,8,3,FULL,10-07-2025,15:10:58,10-07-2025,15:11:05,10-07-2025,15:13:15,COMPLETED,0,1
79KWH,8,3,FULL,10-07-2025,15:13:26,10-07-2025,15:13:26,10-07-2025,15:15:36,COMPLETED,0,1
79KWH,8,3,FULL,10-07-2025,15:15:42,10-07-2025,15:15:50,10-07-2025,15:17:58,COMPLETED,0,1
79KWH,8,3,FULL,10-07-2025,15:18:09,10-07-2025,15:18:09,10-07-2025,15:20:18,COMPLETED,0,1
79KWH,8,3,FULL,10-07-2025,15:37:56,10-07-2025,15:37:56,10-07-2025,15:40:21,COMPLETED,0,1
79KWH,8,2,FULL,10-07-2025,15:38:00,10-07-2025,15:38:01,10-07-2025,15:39:52,COMPLETED,0,1
79KWH,8,2,FULL,10-07-2025,15:40:04,10-07-2025,15:40:04,10-07-2025,15:41:58,COMPLETED,0,1
79KWH,8,3,FULL,10-07-2025,15:40:34,10-07-2025,15:42:36,10-07-2025,15:45:04,COMPLETED,0,1
79KWH,8,2,FULL,10-07-2025,15:42:04,10-07-2025,15:42:08,10-07-2025,15:44:00,COMPLETED,0,1
79KWH,8,2,FULL,10-07-2025,15:44:11,10-07-2025,15:44:13,10-07-2025,15:46:22,COMPLETED,0,1
79KWH,8,3,FULL,10-07-2025,15:45:11,10-07-2025,15:45:15,10-07-2025,15:47:26,COMPLETED,0,1
79KWH,8,2,FULL,10-07-2025,15:46:30,10-07-2025,15:46:33,10-07-2025,15:48:56,COMPLETED,0,1
79KWH,8,3,FULL,10-07-2025,15:47:38,10-07-2025,15:47:39,10-07-2025,15:49:49,COMPLETED,0,1
79KWH,8,2,FULL,10-07-2025,15:49:09,10-07-2025,15:49:09,10-07-2025,15:51:34,COMPLETED,0,1
79KWH,8,3,FULL,10-07-2025,15:49:56,10-07-2025,15:50:00,10-07-2025,15:52:07,COMPLETED,0,1
79KWH,8,2,FULL,10-07-2025,15:51:41,10-07-2025,15:51:45,10-07-2025,15:54:09,COMPLETED,0,1
79KWH,8,3,FULL,10-07-2025,15:52:20,10-07-2025,15:52:20,10-07-2025,15:54:35,COMPLETED,0,1
79KWH,8,2,FULL,10-07-2025,15:54:20,10-07-2025,15:54:21,10-07-2025,15:56:47,COMPLETED,0,1
79KWH,8,3,FULL,10-07-2025,15:54:41,10-07-2025,15:54:45,10-07-2025,15:56:57,COMPLETED,0,1
79KWH,8,2,FULL,10-07-2025,15:56:53,10-07-2025,15:56:58,10-07-2025,15:59:22,COMPLETED,0,1
79KWH,8,3,FULL,10-07-2025,15:57:08,10-07-2025,15:59:19,10-07-2025,16:01:49,COMPLETED,0,1
79KWH,8,2,FULL,10-07-2025,15:59:34,10-07-2025,15:59:35,10-07-2025,16:02:02,COMPLETED,0,1
79KWH,8,1,FULL,10-07-2025,16:01:23,10-07-2025,16:01:45,10-07-2025,16:04:09,COMPLETED,0,1
79KWH,8,3,FULL,10-07-2025,16:01:56,10-07-2025,16:04:08,10-07-2025,16:06:34,COMPLETED,0,1
79KWH,8,2,FULL,10-07-2025,16:02:08,10-07-2025,16:02:12,10-07-2025,16:04:38,COMPLETED,0,1
79KWH,8,2,FULL,10-07-2025,16:04:47,10-07-2025,16:04:49,10-07-2025,16:07:18,COMPLETED,0,1
79KWH,8,3,FULL,10-07-2025,16:06:46,10-07-2025,16:06:46,10-07-2025,16:09:04,COMPLETED,0,1
79KWH,8,2,FULL,10-07-2025,16:07:24,10-07-2025,16:07:28,10-07-2025,16:09:55,COMPLETED,0,1
79KWH,8,3,FULL,10-07-2025,16:09:09,10-07-2025,16:09:16,10-07-2025,16:11:31,COMPLETED,0,1
79KWH,8,2,FULL,10-07-2025,16:10:05,10-07-2025,16:10:06,10-07-2025,16:12:40,COMPLETED,0,1
79KWH,8,1,FULL,10-07-2025,16:11:07,10-07-2025,16:11:28,10-07-2025,16:13:48,COMPLETED,0,1
79KWH,8,3,FULL,10-07-2025,16:11:43,10-07-2025,16:13:57,10-07-2025,16:16:27,COMPLETED,0,1
79KWH,8,2,FULL,10-07-2025,16:12:45,10-07-2025,16:12:50,10-07-2025,16:15:18,COMPLETED,0,1
79KWH,8,1,FULL,10-07-2025,16:14:08,10-07-2025,16:14:11,10-07-2025,16:16:15,COMPLETED,0,1
79KWH,8,2,FULL,10-07-2025,16:15:29,10-07-2025,16:15:30,10-07-2025,16:18:01,COMPLETED,0,1
79KWH,8,1,FULL,10-07-2025,16:16:21,10-07-2025,16:17:34,10-07-2025,16:19:30,COMPLETED,0,1
79KWH,8,3,FULL,10-07-2025,16:16:33,10-07-2025,16:18:45,10-07-2025,16:21:13,COMPLETED,0,1
79KWH,8,2,FULL,10-07-2025,16:19:10,10-07-2025,16:19:10,10-07-2025,16:21:41,COMPLETED,0,1
79KWH,8,1,FULL,10-07-2025,16:19:52,10-07-2025,16:19:52,10-07-2025,16:21:59,COMPLETED,0,1
79KWH,8,3,FULL,10-07-2025,16:21:26,10-07-2025,16:21:26,10-07-2025,16:23:43,COMPLETED,0,1
79KWH,8,2,FULL,10-07-2025,16:21:51,10-07-2025,16:21:52,10-07-2025,16:24:23,COMPLETED,0,1
79KWH,8,1,FULL,10-07-2025,16:22:05,10-07-2025,16:22:09,10-07-2025,16:24:07,COMPLETED,0,1
79KWH,8,3,FULL,10-07-2025,16:23:50,10-07-2025,16:23:56,10-07-2025,16:26:12,COMPLETED,0,1
79KWH,8,2,FULL,10-07-2025,16:24:31,10-07-2025,16:24:34,10-07-2025,16:27:04,COMPLETED,0,1
79KWH,8,1,FULL,10-07-2025,16:24:32,10-07-2025,16:24:33,10-07-2025,16:26:35,COMPLETED,0,1
79KWH,8,3,FULL,10-07-2025,16:26:25,10-07-2025,16:26:25,10-07-2025,16:28:44,COMPLETED,0,1
79KWH,8,3,FULL,10-07-2025,16:28:51,10-07-2025,16:28:54,10-07-2025,16:31:11,COMPLETED,0,1
79KWH,8,3,FULL,10-07-2025,16:31:22,10-07-2025,16:31:23,10-07-2025,16:33:44,COMPLETED,0,1
79KWH,8,3,FULL,10-07-2025,16:33:50,10-07-2025,16:33:57,10-07-2025,16:36:15,COMPLETED,0,1
79KWH,8,3,FULL,10-07-2025,16:36:28,10-07-2025,16:36:28,10-07-2025,16:38:49,COMPLETED,0,1
79KWH,8,2,FULL,10-07-2025,16:41:10,10-07-2025,16:41:10,10-07-2025,16:43:42,COMPLETED,0,1
79KWH,8,3,FULL,10-07-2025,16:42:36,10-07-2025,16:43:50,10-07-2025,16:46:19,COMPLETED,0,1
79KWH,8,2,FULL,10-07-2025,16:43:48,10-07-2025,16:43:52,10-07-2025,16:46:24,COMPLETED,0,1
79KWH,8,3,FULL,10-07-2025,16:46:30,10-07-2025,16:48:41,10-07-2025,16:51:13,COMPLETED,0,1
79KWH,8,2,FULL,10-07-2025,16:46:35,10-07-2025,16:46:35,10-07-2025,16:49:10,COMPLETED,0,1
79KWH,8,2,FULL,10-07-2025,16:49:15,10-07-2025,16:49:20,10-07-2025,16:51:53,COMPLETED,0,1
79KWH,8,3,FULL,10-07-2025,16:51:20,10-07-2025,16:53:36,10-07-2025,16:56:06,COMPLETED,0,1
79KWH,8,2,FULL,10-07-2025,16:52:05,10-07-2025,16:52:05,10-07-2025,16:54:44,COMPLETED,0,1
79KWH,8,2,FULL,10-07-2025,16:54:50,10-07-2025,16:54:54,10-07-2025,16:57:32,COMPLETED,0,1
79KWH,8,3,FULL,10-07-2025,16:56:18,10-07-2025,16:58:28,10-07-2025,17:01:01,COMPLETED,0,1
79KWH,8,2,FULL,10-07-2025,16:57:44,10-07-2025,16:57:45,10-07-2025,16:59:33,COMPLETED,0,1
79KWH,8,2,FULL,10-07-2025,16:59:40,10-07-2025,16:59:42,10-07-2025,17:00:40,COMPLETED,0,1
79KWH,8,2,FULL,10-07-2025,17:00:52,10-07-2025,17:00:52,10-07-2025,17:01:53,COMPLETED,0,1
79KWH,8,3,FULL,10-07-2025,17:01:07,10-07-2025,17:01:15,10-07-2025,17:03:31,COMPLETED,0,1
79KWH,8,2,FULL,10-07-2025,17:02:00,10-07-2025,17:02:02,10-07-2025,17:02:59,COMPLETED,0,1
79KWH,8,3,FULL,10-07-2025,17:03:42,10-07-2025,17:03:42,10-07-2025,17:06:06,COMPLETED,0,1
79KWH,8,2,FULL,10-07-2025,17:04:07,10-07-2025,17:04:08,10-07-2025,17:05:09,COMPLETED,0,1
79KWH,8,2,FULL,10-07-2025,17:05:37,10-07-2025,17:05:39,10-07-2025,17:06:37,COMPLETED,0,1
79KWH,8,3,FULL,10-07-2025,17:06:12,10-07-2025,17:08:28,10-07-2025,17:10:59,COMPLETED,0,1
79KWH,8,2,FULL,10-07-2025,17:07:33,10-07-2025,17:07:35,10-07-2025,17:08:37,COMPLETED,0,1
79KWH,8,1,FULL,10-07-2025,17:07:39,10-07-2025,17:07:40,10-07-2025,17:08:39,COMPLETED,0,1
79KWH,8,2,FULL,10-07-2025,17:08:47,10-07-2025,17:08:47,10-07-2025,17:09:47,COMPLETED,0,1
79KWH,8,1,FULL,10-07-2025,17:09:59,10-07-2025,17:10:37,10-07-2025,17:12:33,COMPLETED,0,1
79KWH,8,2,FULL,10-07-2025,17:10:03,10-07-2025,17:10:04,10-07-2025,17:11:07,COMPLETED,0,1
79KWH,8,3,FULL,10-07-2025,17:11:11,10-07-2025,17:11:11,10-07-2025,17:13:36,COMPLETED,0,1
79KWH,8,2,FULL,10-07-2025,17:11:27,10-07-2025,17:11:28,10-07-2025,17:12:29,COMPLETED,0,1
79KWH,8,1,FULL,10-07-2025,17:12:39,10-07-2025,17:14:29,10-07-2025,17:16:46,COMPLETED,0,1
79KWH,8,3,FULL,10-07-2025,17:13:42,10-07-2025,17:13:46,10-07-2025,17:16:09,COMPLETED,0,1
79KWH,8,2,FULL,10-07-2025,17:14:01,10-07-2025,17:14:02,10-07-2025,17:15:07,COMPLETED,0,1
79KWH,8,3,FULL,10-07-2025,17:16:21,10-07-2025,17:18:31,10-07-2025,17:21:05,COMPLETED,0,1
79KWH,8,2,FULL,10-07-2025,17:16:46,10-07-2025,17:16:46,10-07-2025,17:17:50,COMPLETED,0,1
79KWH,8,1,FULL,10-07-2025,17:17:06,10-07-2025,17:20:24,10-07-2025,17:22:35,COMPLETED,0,1
79KWH,8,3,FULL,10-07-2025,17:21:11,10-07-2025,17:23:27,10-07-2025,17:25:58,COMPLETED,0,1
79KWH,8,2,FULL,10-07-2025,17:21:45,10-07-2025,17:21:46,10-07-2025,17:22:51,COMPLETED,0,1
79KWH,8,2,FULL,10-07-2025,17:23:34,10-07-2025,17:23:34,10-07-2025,17:24:38,COMPLETED,0,1
79KWH,8,2,FULL,10-07-2025,17:24:55,10-07-2025,17:24:56,10-07-2025,17:26:03,COMPLETED,0,1
79KWH,8,2,FULL,10-07-2025,17:26:08,10-07-2025,17:26:13,10-07-2025,17:27:17,COMPLETED,0,1
79KWH,8,3,FULL,10-07-2025,17:26:10,10-07-2025,17:28:23,10-07-2025,17:30:58,COMPLETED,0,1
79KWH,8,2,FULL,10-07-2025,17:27:33,10-07-2025,17:27:34,10-07-2025,17:28:42,COMPLETED,0,1
79KWH,8,2,FULL,10-07-2025,17:28:48,10-07-2025,17:28:52,10-07-2025,17:29:59,COMPLETED,0,1
79KWH,8,2,FULL,10-07-2025,17:30:09,10-07-2025,17:30:10,10-07-2025,17:31:20,COMPLETED,0,1
79KWH,8,3,FULL,10-07-2025,17:31:04,10-07-2025,17:31:08,10-07-2025,17:33:34,COMPLETED,0,1
79KWH,8,1,FULL,10-07-2025,17:33:17,10-07-2025,17:33:18,10-07-2025,17:34:16,COMPLETED,0,1
79KWH,8,3,FULL,10-07-2025,17:33:45,10-07-2025,17:33:46,10-07-2025,17:36:13,COMPLETED,0,1
79KWH,8,1,FULL,10-07-2025,17:35:11,10-07-2025,17:36:09,10-07-2025,17:37:59,COMPLETED,0,1
79KWH,8,3,FULL,10-07-2025,17:36:19,10-07-2025,17:36:28,10-07-2025,17:38:54,COMPLETED,0,1
79KWH,8,1,FULL,10-07-2025,17:38:05,10-07-2025,17:38:06,10-07-2025,17:39:45,COMPLETED,0,1
79KWH,8,3,FULL,10-07-2025,17:39:04,10-07-2025,17:39:05,10-07-2025,17:41:33,COMPLETED,0,1
79KWH,8,3,FULL,10-07-2025,17:41:38,10-07-2025,17:43:52,10-07-2025,17:46:25,COMPLETED,0,1
79KWH,8,1,FULL,10-07-2025,17:55:16,10-07-2025,17:56:47,10-07-2025,17:59:08,COMPLETED,0,1
79KWH,8,3,FULL,10-07-2025,17:56:09,10-07-2025,17:57:54,10-07-2025,18:00:31,COMPLETED,0,1
79KWH,8,2,FULL,10-07-2025,17:56:17,10-07-2025,17:56:18,10-07-2025,17:57:26,COMPLETED,0,1
79KWH,8,2,FULL,10-07-2025,17:59:05,10-07-2025,17:59:07,10-07-2025,18:00:17,COMPLETED,0,1
79KWH,8,1,FULL,10-07-2025,17:59:14,10-07-2025,17:59:18,10-07-2025,18:01:20,COMPLETED,0,1
79KWH,8,3,FULL,10-07-2025,18:00:38,10-07-2025,18:00:41,10-07-2025,19:20:32,COMPLETED,0,1
79KWH,8,1,FULL,10-07-2025,18:01:42,10-07-2025,18:01:43,10-07-2025,18:03:45,COMPLETED,0,1
79KWH,8,2,FULL,10-07-2025,18:01:52,10-07-2025,18:01:53,10-07-2025,18:03:02,COMPLETED,0,1
79KWH,8,1,FULL,10-07-2025,18:03:51,10-07-2025,18:03:56,10-07-2025,18:05:56,COMPLETED,0,1
79KWH,8,2,FULL,10-07-2025,18:04:41,10-07-2025,18:04:42,10-07-2025,18:05:53,COMPLETED,0,1
79KWH,8,1,FULL,10-07-2025,18:38:12,10-07-2025,18:38:12,10-07-2025,18:40:33,COMPLETED,0,1
79KWH,8,2,FULL,10-07-2025,18:56:30,10-07-2025,18:56:30,10-07-2025,18:57:39,COMPLETED,0,1
79KWH,8,1,FULL,10-07-2025,18:57:55,10-07-2025,18:57:56,10-07-2025,18:59:57,COMPLETED,0,1
79KWH,8,2,FULL,10-07-2025,18:59:20,10-07-2025,18:59:21,10-07-2025,19:00:34,COMPLETED,0,1
79KWH,8,1,FULL,10-07-2025,19:01:02,10-07-2025,19:01:35,10-07-2025,19:03:57,COMPLETED,0,1
79KWH,8,2,FULL,10-07-2025,19:02:05,10-07-2025,19:02:06,10-07-2025,19:03:17,COMPLETED,0,1
79KWH,8,1,FULL,10-07-2025,19:04:03,10-07-2025,19:04:07,10-07-2025,19:06:11,COMPLETED,0,1
79KWH,8,2,FULL,10-07-2025,19:04:53,10-07-2025,19:04:54,10-07-2025,19:06:07,COMPLETED,0,1
79KWH,8,1,FULL,10-07-2025,19:06:37,10-07-2025,19:07:55,10-07-2025,19:10:19,COMPLETED,0,1
79KWH,8,2,FULL,10-07-2025,19:06:55,10-07-2025,19:06:55,10-07-2025,19:08:07,COMPLETED,0,1
79KWH,8,2,FULL,10-07-2025,19:08:53,10-07-2025,19:08:54,10-07-2025,19:10:10,COMPLETED,0,1
79KWH,8,1,FULL,10-07-2025,19:10:24,10-07-2025,19:11:59,10-07-2025,19:14:20,COMPLETED,0,1
79KWH,8,2,FULL,10-07-2025,19:10:39,10-07-2025,19:10:40,10-07-2025,19:11:54,COMPLETED,0,1
79KWH,8,2,FULL,10-07-2025,19:12:35,10-07-2025,19:12:36,10-07-2025,19:13:52,COMPLETED,0,1
79KWH,8,2,FULL,10-07-2025,19:14:23,10-07-2025,19:14:24,10-07-2025,19:15:37,COMPLETED,0,1
79KWH,8,1,FULL,10-07-2025,19:14:42,10-07-2025,19:16:03,10-07-2025,19:18:26,COMPLETED,0,1
79KWH,8,2,FULL,10-07-2025,19:16:19,10-07-2025,19:16:19,10-07-2025,19:17:37,COMPLETED,0,1
79KWH,8,2,FULL,10-07-2025,19:18:04,10-07-2025,19:18:05,10-07-2025,19:19:19,COMPLETED,0,1
79KWH,8,1,FULL,10-07-2025,19:18:33,10-07-2025,19:18:37,10-07-2025,19:20:47,COMPLETED,0,1
79KWH,8,2,FULL,10-07-2025,19:20:01,10-07-2025,19:20:02,10-07-2025,19:21:19,COMPLETED,0,1
79KWH,8,3,FULL,10-07-2025,19:20:44,10-07-2025,19:24:03,10-07-2025,19:26:40,COMPLETED,0,1
79KWH,8,1,FULL,10-07-2025,19:21:11,10-07-2025,19:22:28,10-07-2025,19:24:51,COMPLETED,0,1
79KWH,8,2,FULL,10-07-2025,19:21:25,10-07-2025,19:21:29,10-07-2025,19:22:45,COMPLETED,0,1
79KWH,8,2,FULL,10-07-2025,19:22:57,10-07-2025,19:22:59,10-07-2025,19:24:17,COMPLETED,0,1
79KWH,8,2,FULL,10-07-2025,19:24:24,10-07-2025,19:24:27,10-07-2025,19:25:45,COMPLETED,0,1
79KWH,8,1,FULL,10-07-2025,19:24:57,10-07-2025,19:26:36,10-07-2025,19:28:57,COMPLETED,0,1
79KWH,8,3,FULL,10-07-2025,19:26:46,10-07-2025,19:26:53,10-07-2025,19:36:04,COMPLETED,0,1
79KWH,8,1,FULL,10-07-2025,19:29:21,10-07-2025,19:30:34,10-07-2025,19:33:03,COMPLETED,0,1
79KWH,8,2,FULL,10-07-2025,19:31:59,10-07-2025,19:32:00,10-07-2025,19:33:21,COMPLETED,0,1
79KWH,8,1,FULL,10-07-2025,19:33:09,10-07-2025,19:34:46,10-07-2025,19:37:06,COMPLETED,0,1
79KWH,8,2,FULL,10-07-2025,19:34:37,10-07-2025,19:34:38,10-07-2025,19:35:57,COMPLETED,0,1
79KWH,8,3,FULL,10-07-2025,19:36:16,10-07-2025,20:32:53,10-07-2025,20:35:30,COMPLETED,0,1
79KWH,8,2,FULL,10-07-2025,19:36:50,10-07-2025,19:36:51,10-07-2025,19:38:11,COMPLETED,0,1
79KWH,8,1,FULL,10-07-2025,19:37:30,10-07-2025,19:38:39,10-07-2025,19:41:04,COMPLETED,0,1
79KWH,8,2,FULL,10-07-2025,19:38:23,10-07-2025,19:38:24,10-07-2025,19:39:43,COMPLETED,0,1
79KWH,8,2,FULL,10-07-2025,19:39:54,10-07-2025,19:39:56,10-07-2025,19:41:16,COMPLETED,0,1
79KWH,8,1,FULL,10-07-2025,19:41:10,10-07-2025,19:41:14,10-07-2025,19:43:24,COMPLETED,0,1
79KWH,8,2,FULL,10-07-2025,19:41:23,10-07-2025,19:41:27,10-07-2025,19:42:47,COMPLETED,0,1
79KWH,8,1,FULL,10-07-2025,19:43:47,10-07-2025,19:43:49,10-07-2025,19:46:01,COMPLETED,0,1
79KWH,8,2,FULL,10-07-2025,19:43:52,10-07-2025,19:43:52,10-07-2025,19:45:15,COMPLETED,0,1
79KWH,8,2,FULL,10-07-2025,19:45:38,10-07-2025,19:45:38,10-07-2025,19:46:59,COMPLETED,0,1
79KWH,8,1,FULL,10-07-2025,19:46:07,10-07-2025,19:46:12,10-07-2025,19:48:26,COMPLETED,0,1
79KWH,8,2,FULL,10-07-2025,19:47:34,10-07-2025,19:47:34,10-07-2025,19:48:57,COMPLETED,0,1
79KWH,8,1,FULL,10-07-2025,19:48:50,10-07-2025,19:50:04,10-07-2025,19:52:28,COMPLETED,0,1
79KWH,8,1,FULL,10-07-2025,19:52:34,10-07-2025,19:54:02,10-07-2025,19:56:25,COMPLETED,0,1
79KWH,8,1,FULL,10-07-2025,19:56:47,10-07-2025,19:58:02,10-07-2025,20:00:29,COMPLETED,0,1
79KWH,8,1,FULL,10-07-2025,20:00:36,10-07-2025,20:02:02,10-07-2025,20:04:27,COMPLETED,0,1
79KWH,8,3,FULL,10-07-2025,20:35:36,10-07-2025,20:35:44,10-07-2025,20:38:12,COMPLETED,0,1
79KWH,8,3,FULL,10-07-2025,20:38:22,10-07-2025,20:38:23,10-07-2025,20:40:55,COMPLETED,0,1
79KWH,8,3,FULL,10-07-2025,20:41:01,10-07-2025,20:41:08,10-07-2025,20:43:36,COMPLETED,0,1
79KWH,8,3,FULL,10-07-2025,20:43:48,10-07-2025,20:43:48,10-07-2025,20:46:21,COMPLETED,0,1
79KWH,8,3,FULL,10-07-2025,20:46:27,10-07-2025,20:46:34,10-07-2025,20:49:06,COMPLETED,0,1
79KWH,8,1,FULL,10-07-2025,21:15:13,10-07-2025,21:15:14,10-07-2025,21:17:41,COMPLETED,0,1
79KWH,8,3,FULL,11-07-2025,07:02:17,11-07-2025,07:02:17,11-07-2025,07:04:51,COMPLETED,0,1
79KWH,8,2,FULL,11-07-2025,07:02:24,11-07-2025,07:02:24,11-07-2025,07:03:49,COMPLETED,0,1
79KWH,8,1,FULL,11-07-2025,07:03:56,11-07-2025,07:03:57,11-07-2025,07:06:24,COMPLETED,0,1
79KWH,8,3,FULL,11-07-2025,07:04:58,11-07-2025,07:05:04,11-07-2025,07:07:35,COMPLETED,0,1
79KWH,8,2,FULL,11-07-2025,07:05:09,11-07-2025,07:05:09,11-07-2025,07:06:32,COMPLETED,0,1
79KWH,8,1,FULL,11-07-2025,07:06:34,11-07-2025,07:06:35,11-07-2025,07:08:52,COMPLETED,0,1
79KWH,8,3,FULL,11-07-2025,07:07:52,11-07-2025,07:07:52,11-07-2025,07:10:28,COMPLETED,0,1
79KWH,8,2,FULL,11-07-2025,07:07:58,11-07-2025,07:07:59,11-07-2025,07:09:24,COMPLETED,0,1
79KWH,8,1,FULL,11-07-2025,07:09:30,11-07-2025,07:09:30,11-07-2025,07:11:52,COMPLETED,0,1
79KWH,8,3,FULL,11-07-2025,07:10:35,11-07-2025,07:10:41,11-07-2025,07:13:14,COMPLETED,0,1
79KWH,8,2,FULL,11-07-2025,07:10:43,11-07-2025,07:10:44,11-07-2025,07:12:08,COMPLETED,0,1
79KWH,8,1,FULL,11-07-2025,07:12:08,11-07-2025,07:12:09,11-07-2025,07:14:26,COMPLETED,0,1
79KWH,8,3,FULL,11-07-2025,07:13:26,11-07-2025,07:13:26,11-07-2025,07:16:03,COMPLETED,0,1
79KWH,8,2,FULL,11-07-2025,07:13:31,11-07-2025,07:13:31,11-07-2025,07:14:58,COMPLETED,0,1
79KWH,8,1,FULL,11-07-2025,07:15:15,11-07-2025,07:15:15,11-07-2025,07:17:39,COMPLETED,0,1
79KWH,8,3,FULL,11-07-2025,07:16:16,11-07-2025,07:16:16,11-07-2025,07:18:50,COMPLETED,0,1
79KWH,8,2,FULL,11-07-2025,07:16:30,11-07-2025,07:16:30,11-07-2025,07:17:56,COMPLETED,0,1
79KWH,8,1,FULL,11-07-2025,07:17:53,11-07-2025,07:17:54,11-07-2025,07:20:14,COMPLETED,0,1
79KWH,8,3,FULL,11-07-2025,07:19:12,11-07-2025,07:19:12,11-07-2025,07:21:49,COMPLETED,0,1
79KWH,8,2,FULL,11-07-2025,07:19:16,11-07-2025,07:19:17,11-07-2025,07:20:45,COMPLETED,0,1
79KWH,8,1,FULL,11-07-2025,07:20:50,11-07-2025,07:20:51,11-07-2025,07:23:21,COMPLETED,0,1
79KWH,8,3,FULL,11-07-2025,07:21:55,11-07-2025,07:22:02,11-07-2025,07:24:34,COMPLETED,0,1
79KWH,8,2,FULL,11-07-2025,07:22:02,11-07-2025,07:22:03,11-07-2025,07:23:29,COMPLETED,0,1
79KWH,8,1,FULL,11-07-2025,07:23:27,11-07-2025,07:23:31,11-07-2025,07:25:53,COMPLETED,0,1
79KWH,8,3,FULL,11-07-2025,07:25:30,11-07-2025,07:25:30,11-07-2025,07:28:08,COMPLETED,0,1
79KWH,8,2,FULL,11-07-2025,07:25:36,11-07-2025,07:25:37,11-07-2025,07:27:06,COMPLETED,0,1
79KWH,8,1,FULL,11-07-2025,07:27:08,11-07-2025,07:27:08,11-07-2025,07:29:36,COMPLETED,0,1
79KWH,8,3,FULL,11-07-2025,07:28:13,11-07-2025,07:28:20,11-07-2025,07:30:56,COMPLETED,0,1
79KWH,8,2,FULL,11-07-2025,07:28:22,11-07-2025,07:28:23,11-07-2025,07:29:50,COMPLETED,0,1
79KWH,8,1,FULL,11-07-2025,07:29:47,11-07-2025,07:29:50,11-07-2025,07:32:11,COMPLETED,0,1
79KWH,8,3,FULL,11-07-2025,07:31:07,11-07-2025,07:31:07,11-07-2025,07:33:46,COMPLETED,0,1
79KWH,8,2,FULL,11-07-2025,07:31:10,11-07-2025,07:31:10,11-07-2025,07:32:40,COMPLETED,0,1
79KWH,8,1,FULL,11-07-2025,07:32:41,11-07-2025,07:32:42,11-07-2025,07:52:59,COMPLETED,0,1
79KWH,8,3,FULL,11-07-2025,07:33:52,11-07-2025,07:33:59,11-07-2025,07:36:36,COMPLETED,0,1
79KWH,8,2,FULL,11-07-2025,07:33:57,11-07-2025,07:33:58,11-07-2025,07:35:25,COMPLETED,0,1
79KWH,8,2,FULL,11-07-2025,07:36:44,11-07-2025,07:36:45,11-07-2025,07:38:15,COMPLETED,0,1
79KWH,8,3,FULL,11-07-2025,07:36:49,11-07-2025,07:36:49,11-07-2025,07:39:29,COMPLETED,0,1
79KWH,8,2,FULL,11-07-2025,07:39:30,11-07-2025,07:39:31,11-07-2025,07:40:59,COMPLETED,0,1
79KWH,8,3,FULL,11-07-2025,07:39:35,11-07-2025,07:39:40,11-07-2025,07:42:21,COMPLETED,0,1
79KWH,8,2,FULL,11-07-2025,07:42:18,11-07-2025,07:42:18,11-07-2025,07:43:49,COMPLETED,0,1
79KWH,8,3,FULL,11-07-2025,07:42:34,11-07-2025,07:42:34,11-07-2025,07:44:31,COMPLETED,0,1
79KWH,8,3,FULL,11-07-2025,07:44:53,11-07-2025,07:44:53,11-07-2025,07:46:07,COMPLETED,0,1
79KWH,8,2,FULL,11-07-2025,07:45:03,11-07-2025,07:45:04,11-07-2025,07:46:33,COMPLETED,0,1
79KWH,8,3,FULL,11-07-2025,07:48:59,11-07-2025,07:48:59,11-07-2025,07:50:20,COMPLETED,0,1
79KWH,8,2,FULL,11-07-2025,07:49:05,11-07-2025,07:49:06,11-07-2025,07:50:39,COMPLETED,0,1
79KWH,8,3,FULL,11-07-2025,07:50:47,11-07-2025,07:50:47,11-07-2025,07:52:02,COMPLETED,0,1
79KWH,8,2,FULL,11-07-2025,07:50:52,11-07-2025,07:50:52,11-07-2025,07:52:23,COMPLETED,0,1
79KWH,8,3,FULL,11-07-2025,07:52:44,11-07-2025,07:52:44,11-07-2025,07:54:05,COMPLETED,0,1
79KWH,8,2,FULL,11-07-2025,07:52:47,11-07-2025,07:52:47,11-07-2025,07:54:20,COMPLETED,0,1
79KWH,8,1,FULL,11-07-2025,07:53:05,11-07-2025,07:53:10,11-07-2025,07:55:34,COMPLETED,0,1
79KWH,8,3,FULL,11-07-2025,07:54:30,11-07-2025,07:54:30,11-07-2025,07:55:48,COMPLETED,0,1
79KWH,8,2,FULL,11-07-2025,07:54:34,11-07-2025,07:54:34,11-07-2025,07:56:06,COMPLETED,0,1
79KWH,8,1,FULL,11-07-2025,07:55:47,11-07-2025,08:16:18,11-07-2025,08:18:55,COMPLETED,0,1
79KWH,8,3,FULL,11-07-2025,07:56:28,11-07-2025,07:56:29,11-07-2025,07:57:45,COMPLETED,0,1
79KWH,8,2,FULL,11-07-2025,07:56:32,11-07-2025,07:56:33,11-07-2025,07:58:06,COMPLETED,0,1
79KWH,8,3,FULL,11-07-2025,07:59:04,11-07-2025,07:59:04,11-07-2025,08:00:18,COMPLETED,0,1
79KWH,8,2,FULL,11-07-2025,07:59:16,11-07-2025,07:59:16,11-07-2025,08:00:48,COMPLETED,0,1
79KWH,8,3,FULL,11-07-2025,08:01:02,11-07-2025,08:01:02,11-07-2025,08:02:22,COMPLETED,0,1
79KWH,8,2,FULL,11-07-2025,08:01:12,11-07-2025,08:01:12,11-07-2025,08:02:47,COMPLETED,0,1
79KWH,8,3,FULL,11-07-2025,08:02:49,11-07-2025,08:02:49,11-07-2025,08:04:03,COMPLETED,0,1
79KWH,8,2,FULL,11-07-2025,08:03:00,11-07-2025,08:03:01,11-07-2025,08:04:34,COMPLETED,0,1
79KWH,8,3,FULL,11-07-2025,08:04:46,11-07-2025,08:04:46,11-07-2025,08:06:04,COMPLETED,0,1
79KWH,8,2,FULL,11-07-2025,08:04:54,11-07-2025,08:04:54,11-07-2025,08:06:29,COMPLETED,0,1
79KWH,8,3,FULL,11-07-2025,08:06:33,11-07-2025,08:06:33,11-07-2025,08:07:47,COMPLETED,0,1
79KWH,8,2,FULL,11-07-2025,08:06:43,11-07-2025,08:06:43,11-07-2025,08:08:17,COMPLETED,0,1
79KWH,8,3,FULL,11-07-2025,08:08:28,11-07-2025,08:08:28,11-07-2025,08:09:45,COMPLETED,0,1
79KWH,8,2,FULL,11-07-2025,08:08:37,11-07-2025,08:08:37,11-07-2025,08:10:14,COMPLETED,0,1
79KWH,8,3,FULL,11-07-2025,08:10:14,11-07-2025,08:10:14,11-07-2025,08:11:28,COMPLETED,0,1
79KWH,8,2,FULL,11-07-2025,08:10:25,11-07-2025,08:10:25,11-07-2025,08:12:00,COMPLETED,0,1
79KWH,8,3,FULL,11-07-2025,08:12:09,11-07-2025,08:12:10,11-07-2025,08:13:26,COMPLETED,0,1
79KWH,8,2,FULL,11-07-2025,08:12:22,11-07-2025,08:12:23,11-07-2025,08:14:00,COMPLETED,0,1
79KWH,8,3,FULL,11-07-2025,08:13:56,11-07-2025,08:13:57,11-07-2025,08:15:11,COMPLETED,0,1
79KWH,8,2,FULL,11-07-2025,08:14:11,11-07-2025,08:14:12,11-07-2025,08:15:48,COMPLETED,0,1
79KWH,8,3,FULL,11-07-2025,08:15:53,11-07-2025,08:15:54,11-07-2025,08:17:10,COMPLETED,0,1
79KWH,8,2,FULL,11-07-2025,08:16:03,11-07-2025,08:16:03,11-07-2025,08:17:42,COMPLETED,0,1
79KWH,8,3,FULL,11-07-2025,08:17:39,11-07-2025,08:17:39,11-07-2025,08:18:53,COMPLETED,0,1
79KWH,8,2,FULL,11-07-2025,08:17:51,11-07-2025,08:17:52,11-07-2025,08:19:29,COMPLETED,0,1
79KWH,8,1,FULL,11-07-2025,08:19:01,11-07-2025,08:19:07,11-07-2025,08:21:28,COMPLETED,0,1
79KWH,8,3,FULL,11-07-2025,08:19:37,11-07-2025,08:19:37,11-07-2025,08:20:54,COMPLETED,0,1
79KWH,8,2,FULL,11-07-2025,08:19:47,11-07-2025,08:19:48,11-07-2025,08:21:28,COMPLETED,0,1
79KWH,8,1,FULL,11-07-2025,08:21:41,11-07-2025,08:21:42,11-07-2025,08:24:10,COMPLETED,0,1
79KWH,8,3,FULL,11-07-2025,08:22:18,11-07-2025,08:22:19,11-07-2025,08:23:33,COMPLETED,0,1
79KWH,8,2,FULL,11-07-2025,08:22:26,11-07-2025,08:22:27,11-07-2025,08:24:05,COMPLETED,0,1
79KWH,8,1,FULL,11-07-2025,08:24:17,11-07-2025,08:24:24,11-07-2025,08:26:50,COMPLETED,0,1
79KWH,8,3,FULL,11-07-2025,08:25:07,11-07-2025,08:25:08,11-07-2025,08:26:25,COMPLETED,0,1
79KWH,8,2,FULL,11-07-2025,08:25:20,11-07-2025,08:25:20,11-07-2025,08:27:00,COMPLETED,0,1
79KWH,8,1,FULL,11-07-2025,08:27:02,11-07-2025,08:29:17,11-07-2025,08:31:52,COMPLETED,0,1
79KWH,8,3,FULL,11-07-2025,08:27:52,11-07-2025,08:27:52,11-07-2025,08:29:06,COMPLETED,0,1
79KWH,8,2,FULL,11-07-2025,08:28:01,11-07-2025,08:28:01,11-07-2025,08:29:40,COMPLETED,0,1
79KWH,8,1,FULL,11-07-2025,08:31:58,11-07-2025,08:32:06,11-07-2025,08:34:57,COMPLETED,0,1
79KWH,8,3,FULL,11-07-2025,08:32:40,11-07-2025,08:32:40,11-07-2025,08:33:56,COMPLETED,0,1
79KWH,8,2,FULL,11-07-2025,08:33:17,11-07-2025,08:33:17,11-07-2025,08:34:58,COMPLETED,0,1
79KWH,8,1,FULL,11-07-2025,08:35:08,11-07-2025,08:37:16,11-07-2025,08:39:55,COMPLETED,0,1
79KWH,8,3,FULL,11-07-2025,08:35:49,11-07-2025,08:35:49,11-07-2025,08:37:03,COMPLETED,0,1
79KWH,8,2,FULL,11-07-2025,08:35:56,11-07-2025,08:35:57,11-07-2025,08:37:37,COMPLETED,0,1
79KWH,8,3,FULL,11-07-2025,08:38:38,11-07-2025,08:38:39,11-07-2025,08:39:56,COMPLETED,0,1
79KWH,8,2,FULL,11-07-2025,08:38:50,11-07-2025,08:38:51,11-07-2025,08:40:33,COMPLETED,0,1
79KWH,8,1,FULL,11-07-2025,08:40:02,11-07-2025,08:40:09,11-07-2025,08:42:36,COMPLETED,0,1
79KWH,8,3,FULL,11-07-2025,08:40:27,11-07-2025,08:40:27,11-07-2025,08:41:41,COMPLETED,0,1
79KWH,8,2,FULL,11-07-2025,08:40:39,11-07-2025,08:40:43,11-07-2025,08:42:23,COMPLETED,0,1
79KWH,8,1,FULL,11-07-2025,08:42:48,11-07-2025,08:45:03,11-07-2025,08:47:34,COMPLETED,0,1
79KWH,8,3,FULL,11-07-2025,08:43:21,11-07-2025,08:43:21,11-07-2025,08:44:39,COMPLETED,0,1
79KWH,8,2,FULL,11-07-2025,08:43:25,11-07-2025,08:43:25,11-07-2025,08:45:07,COMPLETED,0,1
79KWH,8,3,FULL,11-07-2025,08:45:59,11-07-2025,08:46:00,11-07-2025,08:47:15,COMPLETED,0,1
79KWH,8,2,FULL,11-07-2025,08:47:24,11-07-2025,08:47:24,11-07-2025,08:49:04,COMPLETED,0,1
79KWH,8,1,FULL,11-07-2025,08:47:40,11-07-2025,08:47:44,11-07-2025,08:50:07,COMPLETED,0,1
79KWH,8,3,FULL,11-07-2025,08:50:08,11-07-2025,08:50:08,11-07-2025,08:51:26,COMPLETED,0,1
79KWH,8,2,FULL,11-07-2025,08:50:13,11-07-2025,08:50:14,11-07-2025,08:51:58,COMPLETED,0,1
79KWH,8,1,FULL,11-07-2025,08:50:19,11-07-2025,08:52:24,11-07-2025,08:54:55,COMPLETED,0,1
79KWH,8,3,FULL,11-07-2025,08:52:47,11-07-2025,08:52:47,11-07-2025,08:54:03,COMPLETED,0,1
79KWH,8,2,FULL,11-07-2025,08:52:59,11-07-2025,08:53:00,11-07-2025,08:54:42,COMPLETED,0,1
79KWH,8,3,FULL,11-07-2025,08:54:45,11-07-2025,08:54:45,11-07-2025,08:56:04,COMPLETED,0,1
79KWH,8,2,FULL,11-07-2025,08:54:53,11-07-2025,08:54:54,11-07-2025,08:56:39,COMPLETED,0,1
79KWH,8,1,FULL,11-07-2025,08:55:02,11-07-2025,08:55:06,11-07-2025,08:57:30,COMPLETED,0,1
79KWH,8,3,FULL,11-07-2025,08:57:27,11-07-2025,08:57:27,11-07-2025,08:58:43,COMPLETED,0,1
79KWH,8,2,FULL,11-07-2025,08:57:33,11-07-2025,08:57:34,11-07-2025,08:59:17,COMPLETED,0,1
79KWH,8,1,FULL,11-07-2025,08:57:42,11-07-2025,08:59:52,11-07-2025,09:02:25,COMPLETED,0,1
79KWH,8,3,FULL,11-07-2025,09:00:16,11-07-2025,09:00:16,11-07-2025,09:01:35,COMPLETED,0,1
79KWH,8,2,FULL,11-07-2025,09:00:29,11-07-2025,09:00:30,11-07-2025,09:02:15,COMPLETED,0,1
79KWH,8,3,FULL,11-07-2025,09:02:04,11-07-2025,09:02:04,11-07-2025,09:03:21,COMPLETED,0,1
79KWH,8,2,FULL,11-07-2025,09:02:22,11-07-2025,09:02:25,11-07-2025,09:04:09,COMPLETED,0,1
79KWH,8,1,FULL,11-07-2025,09:02:30,11-07-2025,09:04:45,11-07-2025,09:07:15,COMPLETED,0,1
79KWH,8,3,FULL,11-07-2025,09:04:58,11-07-2025,09:04:59,11-07-2025,09:06:19,COMPLETED,0,1
79KWH,8,2,FULL,11-07-2025,09:05:03,11-07-2025,09:05:04,11-07-2025,09:06:51,COMPLETED,0,1
79KWH,8,3,FULL,11-07-2025,09:06:46,11-07-2025,09:06:46,11-07-2025,09:08:04,COMPLETED,0,1
79KWH,8,2,FULL,11-07-2025,09:06:57,11-07-2025,09:07:01,11-07-2025,09:08:45,COMPLETED,0,1
79KWH,8,1,FULL,11-07-2025,09:07:28,11-07-2025,00:00:00,11-07-2025,00:00:00,ABORT,0,1
79KWH,8,3,FULL,11-07-2025,09:09:34,11-07-2025,09:09:34,11-07-2025,09:11:00,COMPLETED,0,1
79KWH,8,2,FULL,11-07-2025,09:09:47,11-07-2025,09:09:47,11-07-2025,09:11:34,COMPLETED,0,1
79KWH,8,3,FULL,11-07-2025,09:11:22,11-07-2025,09:11:22,11-07-2025,09:12:41,COMPLETED,0,1
79KWH,8,2,FULL,11-07-2025,09:42:37,11-07-2025,09:42:37,11-07-2025,09:44:23,COMPLETED,0,1
79KWH,8,3,FULL,11-07-2025,09:44:23,11-07-2025,09:44:23,11-07-2025,09:45:44,COMPLETED,0,1
79KWH,8,2,FULL,11-07-2025,09:45:45,11-07-2025,09:45:47,11-07-2025,09:47:34,COMPLETED,0,1
79KWH,8,3,FULL,11-07-2025,09:47:23,11-07-2025,09:47:23,11-07-2025,09:48:45,COMPLETED,0,1
79KWH,8,2,FULL,11-07-2025,09:47:40,11-07-2025,09:47:45,11-07-2025,09:49:31,COMPLETED,0,1
79KWH,8,3,FULL,11-07-2025,09:49:16,11-07-2025,09:49:17,11-07-2025,09:50:39,COMPLETED,0,1
79KWH,8,2,FULL,11-07-2025,09:49:43,11-07-2025,09:49:44,11-07-2025,09:51:33,COMPLETED,0,1
79KWH,8,3,FULL,11-07-2025,09:51:04,11-07-2025,09:51:04,11-07-2025,09:52:24,COMPLETED,0,1
79KWH,8,2,FULL,11-07-2025,09:52:11,11-07-2025,09:52:11,11-07-2025,09:53:58,COMPLETED,0,1
79KWH,8,3,FULL,11-07-2025,09:53:56,11-07-2025,09:53:56,11-07-2025,09:55:19,COMPLETED,0,1
79KWH,8,2,FULL,11-07-2025,09:54:08,11-07-2025,09:54:09,11-07-2025,09:56:00,COMPLETED,0,1
79KWH,8,3,FULL,11-07-2025,09:55:42,11-07-2025,09:55:42,11-07-2025,09:57:04,COMPLETED,0,1
79KWH,8,2,FULL,11-07-2025,09:56:06,11-07-2025,09:56:11,11-07-2025,09:57:59,COMPLETED,0,1
79KWH,8,3,FULL,11-07-2025,09:57:38,11-07-2025,09:57:39,11-07-2025,09:59:02,COMPLETED,0,1
79KWH,8,2,FULL,11-07-2025,09:58:09,11-07-2025,09:58:10,11-07-2025,10:00:02,COMPLETED,0,1
79KWH,8,3,FULL,11-07-2025,09:59:24,11-07-2025,09:59:24,11-07-2025,10:00:45,COMPLETED,0,1
79KWH,8,2,FULL,11-07-2025,10:00:08,11-07-2025,10:00:13,11-07-2025,10:02:02,COMPLETED,0,1
79KWH,8,3,FULL,11-07-2025,10:01:22,11-07-2025,10:01:23,11-07-2025,10:02:48,COMPLETED,0,1
79KWH,8,2,FULL,11-07-2025,10:02:13,11-07-2025,10:02:14,11-07-2025,10:04:06,COMPLETED,0,1
79KWH,8,3,FULL,11-07-2025,10:03:08,11-07-2025,10:03:08,11-07-2025,10:04:31,COMPLETED,0,1
79KWH,8,2,FULL,11-07-2025,10:04:12,11-07-2025,10:04:16,11-07-2025,10:06:06,COMPLETED,0,1
79KWH,8,3,FULL,11-07-2025,10:05:04,11-07-2025,10:05:05,11-07-2025,10:06:31,COMPLETED,0,1
79KWH,8,2,FULL,11-07-2025,10:06:16,11-07-2025,10:06:17,11-07-2025,10:08:09,COMPLETED,0,1
79KWH,8,3,FULL,11-07-2025,10:06:53,11-07-2025,10:06:53,11-07-2025,10:08:17,COMPLETED,0,1
79KWH,8,2,FULL,11-07-2025,10:08:15,11-07-2025,10:08:19,11-07-2025,10:10:11,COMPLETED,0,1
79KWH,8,3,FULL,11-07-2025,10:08:47,11-07-2025,10:08:47,11-07-2025,10:10:18,COMPLETED,0,1
79KWH,8,2,FULL,11-07-2025,10:10:22,11-07-2025,10:10:23,11-07-2025,10:12:17,COMPLETED,0,1
79KWH,8,3,FULL,11-07-2025,10:10:34,11-07-2025,10:10:34,11-07-2025,10:11:59,COMPLETED,0,1
79KWH,8,2,FULL,11-07-2025,10:12:23,11-07-2025,10:12:27,11-07-2025,10:14:18,COMPLETED,0,1
79KWH,8,3,FULL,11-07-2025,10:12:29,11-07-2025,10:12:29,11-07-2025,10:13:58,COMPLETED,0,1
79KWH,8,3,FULL,11-07-2025,10:14:04,11-07-2025,10:14:09,11-07-2025,10:15:39,COMPLETED,0,1
79KWH,8,2,FULL,11-07-2025,10:14:29,11-07-2025,10:14:30,11-07-2025,10:16:24,COMPLETED,0,1
79KWH,8,3,FULL,11-07-2025,10:15:50,11-07-2025,10:15:51,11-07-2025,10:17:25,COMPLETED,0,1
79KWH,8,2,FULL,11-07-2025,10:16:30,11-07-2025,10:16:34,11-07-2025,10:18:27,COMPLETED,0,1
79KWH,8,3,FULL,11-07-2025,10:17:31,11-07-2025,10:17:35,11-07-2025,10:19:06,COMPLETED,0,1
79KWH,8,2,FULL,11-07-2025,10:18:38,11-07-2025,10:18:39,11-07-2025,10:20:35,COMPLETED,0,1
79KWH,8,3,FULL,11-07-2025,10:19:16,11-07-2025,10:19:16,11-07-2025,10:20:50,COMPLETED,0,1
79KWH,8,2,FULL,11-07-2025,10:20:41,11-07-2025,10:20:45,11-07-2025,10:22:41,COMPLETED,0,1
79KWH,8,3,FULL,11-07-2025,10:20:56,11-07-2025,10:21:01,11-07-2025,10:22:32,COMPLETED,0,1
79KWH,8,3,FULL,11-07-2025,10:22:45,11-07-2025,10:22:45,11-07-2025,10:24:16,COMPLETED,0,1
79KWH,8,2,FULL,11-07-2025,10:22:52,11-07-2025,10:22:53,11-07-2025,10:24:51,COMPLETED,0,1
79KWH,8,3,FULL,11-07-2025,10:24:22,11-07-2025,10:24:27,11-07-2025,10:25:57,COMPLETED,0,1
79KWH,8,2,FULL,11-07-2025,10:24:58,11-07-2025,10:25:01,11-07-2025,10:26:58,COMPLETED,0,1
79KWH,8,3,FULL,11-07-2025,10:26:09,11-07-2025,10:26:09,11-07-2025,10:27:41,COMPLETED,0,1
79KWH,8,2,FULL,11-07-2025,10:27:08,11-07-2025,10:27:09,11-07-2025,10:29:07,COMPLETED,0,1
79KWH,8,3,FULL,11-07-2025,10:27:47,11-07-2025,10:27:51,11-07-2025,10:29:22,COMPLETED,0,1
79KWH,8,2,FULL,11-07-2025,10:29:14,11-07-2025,10:29:18,11-07-2025,10:31:14,COMPLETED,0,1
79KWH,8,3,FULL,11-07-2025,10:29:34,11-07-2025,10:29:35,11-07-2025,10:31:07,COMPLETED,0,1
79KWH,8,3,FULL,11-07-2025,10:31:13,11-07-2025,10:31:17,11-07-2025,10:32:52,COMPLETED,0,1
79KWH,8,2,FULL,11-07-2025,10:31:25,11-07-2025,10:31:25,11-07-2025,10:33:25,COMPLETED,0,1
79KWH,8,3,FULL,11-07-2025,10:33:04,11-07-2025,10:33:04,11-07-2025,10:34:42,COMPLETED,0,1
79KWH,8,2,FULL,11-07-2025,10:33:32,11-07-2025,10:33:35,11-07-2025,10:35:33,COMPLETED,0,1
79KWH,8,3,FULL,11-07-2025,10:34:49,11-07-2025,10:34:52,11-07-2025,10:36:23,COMPLETED,0,1
79KWH,8,2,FULL,11-07-2025,10:35:43,11-07-2025,10:35:44,11-07-2025,10:37:44,COMPLETED,0,1
79KWH,8,3,FULL,11-07-2025,10:36:37,11-07-2025,10:36:37,11-07-2025,10:38:15,COMPLETED,0,1
79KWH,8,2,FULL,11-07-2025,10:37:50,11-07-2025,10:37:55,11-07-2025,10:39:54,COMPLETED,0,1
79KWH,8,3,FULL,11-07-2025,10:38:21,11-07-2025,10:38:26,11-07-2025,10:40:03,COMPLETED,0,1
79KWH,8,2,FULL,11-07-2025,10:40:04,11-07-2025,10:40:05,11-07-2025,10:42:07,COMPLETED,0,1
79KWH,8,3,FULL,11-07-2025,10:40:14,11-07-2025,10:40:14,11-07-2025,10:41:55,COMPLETED,0,1
79KWH,8,3,FULL,11-07-2025,10:42:01,11-07-2025,10:42:04,11-07-2025,10:43:37,COMPLETED,0,1
79KWH,8,2,FULL,11-07-2025,10:43:25,11-07-2025,10:43:26,11-07-2025,10:45:26,COMPLETED,0,1
79KWH,8,3,FULL,11-07-2025,10:45:11,11-07-2025,10:45:11,11-07-2025,10:46:52,COMPLETED,0,1
79KWH,8,2,FULL,11-07-2025,10:45:37,11-07-2025,10:45:37,11-07-2025,10:47:41,COMPLETED,0,1
79KWH,8,3,FULL,11-07-2025,10:46:58,11-07-2025,10:47:02,11-07-2025,10:48:40,COMPLETED,0,1
79KWH,8,2,FULL,11-07-2025,10:47:47,11-07-2025,10:47:51,11-07-2025,10:49:53,COMPLETED,0,1
79KWH,8,3,FULL,11-07-2025,10:48:54,11-07-2025,10:48:55,11-07-2025,10:50:35,COMPLETED,0,1
79KWH,8,2,FULL,11-07-2025,10:51:47,11-07-2025,10:51:47,11-07-2025,10:53:52,COMPLETED,0,1
79KWH,8,3,FULL,11-07-2025,10:53:22,11-07-2025,10:53:23,11-07-2025,10:55:02,COMPLETED,0,1
79KWH,8,2,FULL,11-07-2025,10:53:59,11-07-2025,10:54:02,11-07-2025,10:56:06,COMPLETED,0,1
79KWH,8,3,FULL,11-07-2025,10:55:19,11-07-2025,10:55:20,11-07-2025,10:57:01,COMPLETED,0,1
79KWH,8,2,FULL,11-07-2025,10:56:16,11-07-2025,10:56:17,11-07-2025,10:58:22,COMPLETED,0,1
79KWH,8,3,FULL,11-07-2025,10:57:07,11-07-2025,10:57:12,11-07-2025,10:58:48,COMPLETED,0,1
79KWH,8,2,FULL,11-07-2025,10:58:28,11-07-2025,10:58:32,11-07-2025,11:00:36,COMPLETED,0,1
79KWH,8,3,FULL,11-07-2025,10:59:01,11-07-2025,10:59:02,11-07-2025,11:00:44,COMPLETED,0,1
79KWH,8,2,FULL,11-07-2025,11:00:46,11-07-2025,11:00:47,11-07-2025,11:02:54,COMPLETED,0,1
79KWH,8,3,FULL,11-07-2025,11:00:51,11-07-2025,11:00:55,11-07-2025,11:02:35,COMPLETED,0,1
79KWH,8,3,FULL,11-07-2025,11:02:47,11-07-2025,11:02:48,11-07-2025,11:04:30,COMPLETED,0,1
79KWH,8,2,FULL,11-07-2025,11:03:00,11-07-2025,11:03:04,11-07-2025,11:05:10,COMPLETED,0,1
79KWH,8,3,FULL,11-07-2025,11:04:36,11-07-2025,11:04:41,11-07-2025,11:06:24,COMPLETED,0,1
79KWH,8,2,FULL,11-07-2025,11:05:22,11-07-2025,11:05:23,11-07-2025,11:07:31,COMPLETED,0,1
79KWH,8,3,FULL,11-07-2025,11:06:37,11-07-2025,11:06:37,11-07-2025,11:08:21,COMPLETED,0,1
79KWH,8,2,FULL,11-07-2025,11:07:37,11-07-2025,11:07:41,11-07-2025,11:09:47,COMPLETED,0,1
79KWH,8,3,FULL,11-07-2025,11:08:27,11-07-2025,11:08:31,11-07-2025,11:10:10,COMPLETED,0,1
79KWH,8,2,FULL,11-07-2025,11:09:58,11-07-2025,11:09:59,11-07-2025,11:12:08,COMPLETED,0,1
79KWH,8,3,FULL,11-07-2025,11:10:23,11-07-2025,11:10:23,11-07-2025,11:12:03,COMPLETED,0,1
79KWH,8,3,FULL,11-07-2025,11:12:09,11-07-2025,11:12:14,11-07-2025,11:13:52,COMPLETED,0,1
79KWH,8,2,FULL,11-07-2025,11:12:14,11-07-2025,11:12:18,11-07-2025,11:14:25,COMPLETED,0,1
79KWH,8,3,FULL,11-07-2025,11:14:03,11-07-2025,11:14:04,11-07-2025,11:15:51,COMPLETED,0,1
79KWH,8,2,FULL,11-07-2025,11:14:36,11-07-2025,11:14:36,11-07-2025,11:16:47,COMPLETED,0,1
79KWH,8,3,FULL,11-07-2025,11:15:57,11-07-2025,11:16:01,11-07-2025,11:17:42,COMPLETED,0,1
79KWH,8,2,FULL,11-07-2025,11:16:53,11-07-2025,11:16:57,11-07-2025,11:19:05,COMPLETED,0,1
79KWH,8,3,FULL,11-07-2025,11:17:54,11-07-2025,11:17:55,11-07-2025,11:19:41,COMPLETED,0,1
79KWH,8,2,FULL,11-07-2025,11:19:15,11-07-2025,11:19:16,11-07-2025,11:21:28,COMPLETED,0,1
79KWH,8,3,FULL,11-07-2025,11:19:47,11-07-2025,11:19:52,11-07-2025,11:21:37,COMPLETED,0,1
79KWH,8,2,FULL,11-07-2025,11:21:35,11-07-2025,11:21:37,11-07-2025,11:23:48,COMPLETED,0,1
79KWH,8,3,FULL,11-07-2025,11:21:50,11-07-2025,11:21:50,11-07-2025,11:23:38,COMPLETED,0,1
79KWH,8,3,FULL,11-07-2025,11:23:44,11-07-2025,11:23:48,11-07-2025,11:25:34,COMPLETED,0,1
79KWH,8,2,FULL,11-07-2025,11:23:59,11-07-2025,11:23:59,11-07-2025,11:26:12,COMPLETED,0,1
79KWH,8,3,FULL,11-07-2025,11:25:46,11-07-2025,11:25:46,11-07-2025,11:27:31,COMPLETED,0,1
79KWH,8,2,FULL,11-07-2025,11:26:18,11-07-2025,11:26:21,11-07-2025,11:28:33,COMPLETED,0,1
79KWH,8,3,FULL,11-07-2025,11:27:37,11-07-2025,11:27:45,11-07-2025,11:29:32,COMPLETED,0,1
79KWH,8,2,FULL,11-07-2025,11:28:44,11-07-2025,11:28:44,11-07-2025,11:30:59,COMPLETED,0,1
79KWH,8,3,FULL,11-07-2025,11:29:45,11-07-2025,11:29:45,11-07-2025,11:31:32,COMPLETED,0,1
79KWH,8,2,FULL,11-07-2025,11:31:05,11-07-2025,11:31:09,11-07-2025,11:33:22,COMPLETED,0,1
79KWH,8,3,FULL,11-07-2025,11:31:38,11-07-2025,11:31:43,11-07-2025,11:33:31,COMPLETED,0,1
79KWH,8,2,FULL,11-07-2025,11:33:33,11-07-2025,11:33:34,11-07-2025,11:35:48,COMPLETED,0,1
79KWH,8,3,FULL,11-07-2025,11:33:44,11-07-2025,11:33:44,11-07-2025,11:35:31,COMPLETED,0,1
79KWH,8,3,FULL,11-07-2025,11:35:38,11-07-2025,11:35:41,11-07-2025,11:37:30,COMPLETED,0,1
79KWH,8,2,FULL,11-07-2025,11:35:54,11-07-2025,11:35:59,11-07-2025,11:38:13,COMPLETED,0,1
79KWH,8,3,FULL,11-07-2025,11:37:42,11-07-2025,11:37:43,11-07-2025,11:39:36,COMPLETED,0,1
79KWH,8,3,FULL,11-07-2025,11:39:42,11-07-2025,11:39:46,11-07-2025,11:41:35,COMPLETED,0,1
79KWH,8,3,FULL,11-07-2025,11:41:47,11-07-2025,11:41:47,11-07-2025,11:43:40,COMPLETED,0,1
79KWH,8,3,FULL,11-07-2025,12:13:44,11-07-2025,12:13:45,11-07-2025,12:15:35,COMPLETED,0,1
79KWH,8,2,FULL,11-07-2025,12:13:55,11-07-2025,12:13:56,11-07-2025,12:16:11,COMPLETED,0,1
79KWH,8,3,FULL,11-07-2025,12:15:49,11-07-2025,12:15:49,11-07-2025,12:17:43,COMPLETED,0,1
79KWH,8,2,FULL,11-07-2025,12:16:17,11-07-2025,12:16:21,11-07-2025,12:18:35,COMPLETED,0,1
79KWH,8,3,FULL,11-07-2025,12:17:49,11-07-2025,12:17:56,11-07-2025,12:19:44,COMPLETED,0,1
79KWH,8,2,FULL,11-07-2025,12:18:47,11-07-2025,12:18:48,11-07-2025,12:21:04,COMPLETED,0,1
79KWH,8,3,FULL,11-07-2025,12:19:55,11-07-2025,12:19:56,11-07-2025,12:21:50,COMPLETED,0,1
79KWH,8,2,FULL,11-07-2025,12:21:11,11-07-2025,12:21:15,11-07-2025,12:23:29,COMPLETED,0,1
79KWH,8,3,FULL,11-07-2025,12:21:56,11-07-2025,12:22:00,11-07-2025,12:23:53,COMPLETED,0,1
79KWH,8,2,FULL,11-07-2025,12:23:39,11-07-2025,12:23:41,11-07-2025,12:25:59,COMPLETED,0,1
79KWH,8,3,FULL,11-07-2025,12:24:05,11-07-2025,12:24:06,11-07-2025,12:26:01,COMPLETED,0,1
79KWH,8,2,FULL,11-07-2025,12:26:05,11-07-2025,12:26:09,11-07-2025,12:28:26,COMPLETED,0,1
79KWH,8,3,FULL,11-07-2025,12:26:08,11-07-2025,12:26:11,11-07-2025,12:28:13,COMPLETED,0,1
79KWH,8,3,FULL,11-07-2025,12:28:25,11-07-2025,12:28:26,11-07-2025,12:30:22,COMPLETED,0,1
79KWH,8,2,FULL,11-07-2025,12:28:37,11-07-2025,12:28:38,11-07-2025,12:30:58,COMPLETED,0,1
79KWH,8,3,FULL,11-07-2025,12:30:28,11-07-2025,12:30:33,11-07-2025,12:32:27,COMPLETED,0,1
79KWH,8,2,FULL,11-07-2025,12:31:04,11-07-2025,12:31:07,11-07-2025,12:33:24,COMPLETED,0,1
79KWH,8,3,FULL,11-07-2025,12:32:38,11-07-2025,12:32:38,11-07-2025,12:34:36,COMPLETED,0,1
79KWH,8,2,FULL,11-07-2025,12:33:35,11-07-2025,12:33:35,11-07-2025,12:35:55,COMPLETED,0,1
79KWH,8,3,FULL,11-07-2025,12:34:41,11-07-2025,12:34:48,11-07-2025,12:36:53,COMPLETED,0,1
79KWH,8,2,FULL,11-07-2025,12:36:01,11-07-2025,12:36:05,11-07-2025,12:38:23,COMPLETED,0,1
79KWH,8,3,FULL,11-07-2025,12:37:03,11-07-2025,12:37:04,11-07-2025,12:39:01,COMPLETED,0,1
79KWH,8,2,FULL,11-07-2025,12:38:35,11-07-2025,12:38:36,11-07-2025,12:40:57,COMPLETED,0,1
79KWH,8,3,FULL,11-07-2025,12:39:07,11-07-2025,12:39:12,11-07-2025,12:41:07,COMPLETED,0,1
79KWH,8,2,FULL,11-07-2025,12:41:04,11-07-2025,12:41:07,11-07-2025,12:43:25,COMPLETED,0,1
79KWH,8,3,FULL,11-07-2025,12:41:20,11-07-2025,12:41:21,11-07-2025,12:43:19,COMPLETED,0,1
79KWH,8,3,FULL,11-07-2025,12:43:25,11-07-2025,12:43:30,11-07-2025,12:45:26,COMPLETED,0,1
79KWH,8,2,FULL,11-07-2025,12:43:36,11-07-2025,12:43:37,11-07-2025,12:45:59,COMPLETED,0,1
79KWH,8,3,FULL,11-07-2025,12:45:38,11-07-2025,12:45:38,11-07-2025,12:47:37,COMPLETED,0,1
79KWH,8,2,FULL,11-07-2025,12:46:05,11-07-2025,12:46:08,11-07-2025,12:48:28,COMPLETED,0,1
79KWH,8,3,FULL,11-07-2025,12:47:44,11-07-2025,12:47:48,11-07-2025,12:49:45,COMPLETED,0,1
79KWH,8,2,FULL,11-07-2025,12:48:38,11-07-2025,12:48:38,11-07-2025,12:51:01,COMPLETED,0,1
79KWH,8,3,FULL,11-07-2025,12:49:57,11-07-2025,12:49:57,11-07-2025,12:51:54,COMPLETED,0,1
79KWH,8,2,FULL,11-07-2025,12:51:06,11-07-2025,12:51:11,11-07-2025,12:53:31,COMPLETED,0,1
79KWH,8,3,FULL,11-07-2025,12:52:01,11-07-2025,12:52:04,11-07-2025,12:54:04,COMPLETED,0,1
79KWH,8,2,FULL,11-07-2025,12:53:43,11-07-2025,12:53:45,11-07-2025,12:56:07,COMPLETED,0,1
79KWH,8,3,FULL,11-07-2025,12:54:15,11-07-2025,12:54:15,11-07-2025,12:56:14,COMPLETED,0,1
79KWH,8,2,FULL,11-07-2025,12:56:13,11-07-2025,12:56:18,11-07-2025,12:58:40,COMPLETED,0,1
79KWH,8,3,FULL,11-07-2025,12:56:20,11-07-2025,12:56:24,11-07-2025,12:58:24,COMPLETED,0,1
79KWH,8,3,FULL,11-07-2025,12:58:36,11-07-2025,12:58:37,11-07-2025,13:00:40,COMPLETED,0,1
79KWH,8,2,FULL,11-07-2025,12:58:51,11-07-2025,12:58:51,11-07-2025,13:01:15,COMPLETED,0,1
79KWH,8,3,FULL,11-07-2025,13:00:46,11-07-2025,13:00:54,11-07-2025,13:02:54,COMPLETED,0,1
79KWH,8,2,FULL,11-07-2025,13:01:21,11-07-2025,13:01:26,11-07-2025,13:03:49,COMPLETED,0,1
79KWH,8,3,FULL,11-07-2025,13:03:07,11-07-2025,13:03:07,11-07-2025,13:05:10,COMPLETED,0,1
79KWH,8,2,FULL,11-07-2025,13:03:59,11-07-2025,13:04:00,11-07-2025,13:06:24,COMPLETED,0,1
79KWH,8,3,FULL,11-07-2025,13:05:16,11-07-2025,13:05:21,11-07-2025,13:07:22,COMPLETED,0,1
79KWH,8,2,FULL,11-07-2025,13:06:31,11-07-2025,13:06:35,11-07-2025,13:08:59,COMPLETED,0,1
79KWH,8,3,FULL,11-07-2025,13:07:34,11-07-2025,13:07:34,11-07-2025,13:09:37,COMPLETED,0,1
79KWH,8,2,FULL,11-07-2025,13:09:09,11-07-2025,13:09:10,11-07-2025,13:11:35,COMPLETED,0,1
79KWH,8,3,FULL,11-07-2025,13:09:44,11-07-2025,13:09:52,11-07-2025,13:11:54,COMPLETED,0,1
79KWH,8,2,FULL,11-07-2025,13:11:41,11-07-2025,13:11:46,11-07-2025,13:14:10,COMPLETED,0,1
79KWH,8,3,FULL,11-07-2025,13:12:07,11-07-2025,13:12:08,11-07-2025,13:14:12,COMPLETED,0,1
79KWH,8,3,FULL,11-07-2025,13:14:18,11-07-2025,13:14:22,11-07-2025,13:16:25,COMPLETED,0,1
79KWH,8,2,FULL,11-07-2025,13:14:20,11-07-2025,13:14:21,11-07-2025,13:16:47,COMPLETED,0,1
79KWH,8,3,FULL,11-07-2025,13:16:37,11-07-2025,13:16:37,11-07-2025,13:18:44,COMPLETED,0,1
79KWH,8,2,FULL,11-07-2025,13:16:53,11-07-2025,13:16:57,11-07-2025,13:19:21,COMPLETED,0,1
79KWH,8,3,FULL,11-07-2025,13:18:50,11-07-2025,13:18:59,11-07-2025,13:21:03,COMPLETED,0,1
79KWH,8,2,FULL,11-07-2025,13:19:32,11-07-2025,13:19:34,11-07-2025,13:22:01,COMPLETED,0,1
79KWH,8,3,FULL,11-07-2025,13:21:15,11-07-2025,13:21:15,11-07-2025,13:23:22,COMPLETED,0,1
79KWH,8,2,FULL,11-07-2025,13:22:08,11-07-2025,13:22:11,11-07-2025,13:24:37,COMPLETED,0,1
79KWH,8,3,FULL,11-07-2025,13:23:28,11-07-2025,13:23:32,11-07-2025,13:25:37,COMPLETED,0,1
79KWH,8,1,FULL,11-07-2025,13:23:45,11-07-2025,13:23:46,11-07-2025,13:25:40,COMPLETED,0,1
79KWH,8,2,FULL,11-07-2025,13:24:48,11-07-2025,13:24:48,11-07-2025,13:27:17,COMPLETED,0,1
79KWH,8,1,FULL,11-07-2025,13:25:46,11-07-2025,13:25:51,11-07-2025,13:27:01,COMPLETED,0,1
79KWH,8,3,FULL,11-07-2025,13:25:50,11-07-2025,13:25:50,11-07-2025,13:27:58,COMPLETED,0,1
79KWH,8,1,FULL,11-07-2025,13:27:10,11-07-2025,13:27:11,11-07-2025,13:28:22,COMPLETED,0,1
79KWH,8,2,FULL,11-07-2025,13:27:24,11-07-2025,13:27:27,11-07-2025,13:29:53,COMPLETED,0,1
79KWH,8,3,FULL,11-07-2025,13:28:04,11-07-2025,13:28:11,11-07-2025,13:30:17,COMPLETED,0,1
79KWH,8,1,FULL,11-07-2025,13:28:29,11-07-2025,13:28:32,11-07-2025,13:29:48,COMPLETED,0,1
79KWH,8,1,FULL,11-07-2025,13:29:57,11-07-2025,13:29:57,11-07-2025,13:31:10,COMPLETED,0,1
79KWH,8,2,FULL,11-07-2025,13:30:03,11-07-2025,13:30:03,11-07-2025,13:32:34,COMPLETED,0,1
79KWH,8,3,FULL,11-07-2025,13:30:28,11-07-2025,13:30:28,11-07-2025,13:32:37,COMPLETED,0,1
79KWH,8,2,FULL,11-07-2025,13:32:40,11-07-2025,13:32:43,11-07-2025,13:35:11,COMPLETED,0,1
79KWH,8,3,FULL,11-07-2025,13:32:43,11-07-2025,13:32:50,11-07-2025,13:34:57,COMPLETED,0,1
79KWH,8,3,FULL,11-07-2025,13:35:09,11-07-2025,13:35:09,11-07-2025,13:37:19,COMPLETED,0,1
79KWH,8,2,FULL,11-07-2025,13:35:21,11-07-2025,13:35:22,11-07-2025,13:37:53,COMPLETED,0,1
79KWH,8,3,FULL,11-07-2025,13:37:25,11-07-2025,13:37:32,11-07-2025,13:39:39,COMPLETED,0,1
79KWH,8,2,FULL,11-07-2025,13:37:58,11-07-2025,13:38:02,11-07-2025,13:40:31,COMPLETED,0,1
79KWH,8,3,FULL,11-07-2025,13:39:52,11-07-2025,13:39:53,11-07-2025,13:42:04,COMPLETED,0,1
79KWH,8,3,FULL,11-07-2025,13:42:11,11-07-2025,13:42:17,11-07-2025,13:44:25,COMPLETED,0,1
79KWH,8,3,FULL,11-07-2025,13:44:39,11-07-2025,13:44:39,11-07-2025,13:46:50,COMPLETED,0,1
79KWH,8,1,FULL,11-07-2025,18:07:07,11-07-2025,18:07:08,11-07-2025,18:09:01,COMPLETED,0,1
79KWH,8,2,FULL,11-07-2025,18:07:54,11-07-2025,18:07:55,11-07-2025,18:10:25,COMPLETED,0,1
79KWH,8,3,FULL,11-07-2025,18:07:57,12-07-2025,07:05:51,12-07-2025,07:08:16,COMPLETED,0,1
79KWH,8,1,FULL,11-07-2025,18:09:10,11-07-2025,18:09:10,11-07-2025,18:10:29,COMPLETED,0,1
79KWH,8,2,FULL,11-07-2025,18:10:31,11-07-2025,18:10:36,11-07-2025,18:13:05,COMPLETED,0,1
79KWH,8,1,FULL,11-07-2025,18:11:33,11-07-2025,18:11:34,11-07-2025,18:12:46,COMPLETED,0,1
79KWH,8,2,FULL,11-07-2025,18:13:15,11-07-2025,18:13:16,11-07-2025,18:15:47,COMPLETED,0,1
79KWH,8,1,FULL,11-07-2025,18:14:19,11-07-2025,18:14:19,11-07-2025,18:15:37,COMPLETED,0,1
79KWH,8,2,FULL,11-07-2025,18:15:53,11-07-2025,18:15:57,11-07-2025,18:18:27,COMPLETED,0,1
79KWH,8,1,FULL,11-07-2025,18:17:06,11-07-2025,18:17:07,11-07-2025,18:18:20,COMPLETED,0,1
79KWH,8,2,FULL,11-07-2025,18:18:38,11-07-2025,18:18:38,11-07-2025,18:21:11,COMPLETED,0,1
79KWH,8,1,FULL,11-07-2025,18:19:53,11-07-2025,18:19:54,11-07-2025,18:21:09,COMPLETED,0,1
79KWH,8,2,FULL,11-07-2025,18:21:17,11-07-2025,18:21:20,11-07-2025,18:23:51,COMPLETED,0,1
79KWH,8,1,FULL,11-07-2025,18:22:41,11-07-2025,18:22:42,11-07-2025,18:23:57,COMPLETED,0,1
79KWH,8,2,FULL,11-07-2025,18:24:02,11-07-2025,18:24:02,11-07-2025,18:26:35,COMPLETED,0,1
79KWH,8,1,FULL,11-07-2025,18:24:34,11-07-2025,18:24:35,11-07-2025,18:25:51,COMPLETED,0,1
79KWH,8,1,FULL,11-07-2025,18:26:25,11-07-2025,18:26:26,11-07-2025,18:27:43,COMPLETED,0,1
79KWH,8,2,FULL,11-07-2025,18:26:41,11-07-2025,18:26:46,11-07-2025,18:29:18,COMPLETED,0,1
79KWH,8,1,FULL,11-07-2025,18:28:18,11-07-2025,18:28:18,11-07-2025,18:29:38,COMPLETED,0,1
79KWH,8,2,FULL,11-07-2025,18:29:29,11-07-2025,18:29:30,11-07-2025,18:32:08,COMPLETED,0,1
79KWH,8,1,FULL,11-07-2025,18:29:44,11-07-2025,18:29:49,11-07-2025,18:31:04,COMPLETED,0,1
79KWH,8,1,FULL,11-07-2025,18:31:13,11-07-2025,18:31:14,11-07-2025,18:32:32,COMPLETED,0,1
79KWH,8,2,FULL,11-07-2025,18:32:14,11-07-2025,18:32:18,11-07-2025,18:34:51,COMPLETED,0,1
79KWH,8,1,FULL,11-07-2025,18:32:51,11-07-2025,18:32:53,11-07-2025,18:34:08,COMPLETED,0,1
79KWH,8,1,FULL,11-07-2025,18:34:17,11-07-2025,18:34:18,11-07-2025,18:35:37,COMPLETED,0,1
79KWH,8,2,FULL,11-07-2025,18:35:02,11-07-2025,18:35:04,11-07-2025,18:37:39,COMPLETED,0,1
79KWH,8,1,FULL,11-07-2025,18:35:43,11-07-2025,18:35:48,11-07-2025,18:37:05,COMPLETED,0,1
79KWH,8,1,FULL,11-07-2025,18:37:14,11-07-2025,18:37:15,11-07-2025,18:38:35,COMPLETED,0,1
79KWH,8,2,FULL,11-07-2025,18:37:45,11-07-2025,18:37:48,11-07-2025,18:40:22,COMPLETED,0,1
79KWH,8,1,FULL,11-07-2025,18:38:41,11-07-2025,18:38:46,11-07-2025,18:40:10,COMPLETED,0,1
79KWH,8,1,FULL,11-07-2025,18:40:18,11-07-2025,18:40:18,11-07-2025,18:41:39,COMPLETED,0,1
79KWH,8,2,FULL,11-07-2025,18:40:35,11-07-2025,18:40:35,11-07-2025,18:42:24,COMPLETED,0,1
79KWH,8,1,FULL,11-07-2025,18:41:45,11-07-2025,18:41:50,11-07-2025,18:43:09,COMPLETED,0,1
79KWH,8,2,FULL,11-07-2025,18:42:30,11-07-2025,18:42:35,11-07-2025,18:43:36,COMPLETED,0,1
79KWH,8,1,FULL,11-07-2025,18:43:18,11-07-2025,18:43:19,11-07-2025,18:44:40,COMPLETED,0,1
79KWH,8,2,FULL,11-07-2025,18:43:46,11-07-2025,18:43:46,11-07-2025,18:44:50,COMPLETED,0,1
79KWH,8,1,FULL,11-07-2025,18:44:47,11-07-2025,18:44:51,11-07-2025,18:46:12,COMPLETED,0,1
79KWH,8,2,FULL,11-07-2025,18:45:00,11-07-2025,18:45:00,11-07-2025,18:46:01,COMPLETED,0,1
79KWH,8,1,FULL,11-07-2025,18:46:20,11-07-2025,18:46:21,11-07-2025,18:47:42,COMPLETED,0,1
79KWH,8,2,FULL,11-07-2025,18:46:39,11-07-2025,18:46:39,11-07-2025,18:47:43,COMPLETED,0,1
79KWH,8,1,FULL,11-07-2025,18:47:49,11-07-2025,18:47:53,11-07-2025,18:49:13,COMPLETED,0,1
79KWH,8,2,FULL,11-07-2025,18:48:24,11-07-2025,18:48:25,11-07-2025,18:49:27,COMPLETED,0,1
79KWH,8,1,FULL,11-07-2025,18:49:37,11-07-2025,18:49:37,11-07-2025,18:51:03,COMPLETED,0,1
79KWH,8,2,FULL,11-07-2025,18:50:21,11-07-2025,18:50:21,11-07-2025,18:51:25,COMPLETED,0,1
79KWH,8,1,FULL,11-07-2025,18:51:28,11-07-2025,18:51:29,11-07-2025,18:52:52,COMPLETED,0,1
79KWH,8,2,FULL,11-07-2025,18:52:09,11-07-2025,18:52:10,11-07-2025,18:53:12,COMPLETED,0,1
79KWH,8,1,FULL,11-07-2025,18:53:20,11-07-2025,18:54:46,11-07-2025,18:56:47,COMPLETED,0,1
79KWH,8,2,FULL,11-07-2025,18:54:02,11-07-2025,18:54:04,11-07-2025,18:55:09,COMPLETED,0,1
79KWH,8,2,FULL,11-07-2025,18:55:56,11-07-2025,18:55:57,11-07-2025,18:56:59,COMPLETED,0,1
79KWH,8,1,FULL,11-07-2025,18:56:53,11-07-2025,18:56:57,11-07-2025,18:58:27,COMPLETED,0,1
79KWH,8,2,FULL,11-07-2025,18:57:47,11-07-2025,18:57:47,11-07-2025,18:58:53,COMPLETED,0,1
79KWH,8,1,FULL,11-07-2025,18:58:36,11-07-2025,19:00:24,11-07-2025,19:02:27,COMPLETED,0,1
79KWH,8,2,FULL,11-07-2025,18:59:33,11-07-2025,18:59:34,11-07-2025,19:00:38,COMPLETED,0,1
79KWH,8,2,FULL,11-07-2025,19:01:28,11-07-2025,19:01:30,11-07-2025,19:02:35,COMPLETED,0,1
79KWH,8,1,FULL,11-07-2025,19:02:34,11-07-2025,19:02:37,11-07-2025,19:04:01,COMPLETED,0,1
79KWH,8,2,FULL,11-07-2025,19:03:24,11-07-2025,19:03:24,11-07-2025,19:04:28,COMPLETED,0,1
79KWH,8,1,FULL,11-07-2025,19:04:10,11-07-2025,19:05:54,11-07-2025,19:07:56,COMPLETED,0,1
79KWH,8,2,FULL,11-07-2025,19:05:13,11-07-2025,19:05:13,11-07-2025,19:06:21,COMPLETED,0,1
79KWH,8,2,FULL,11-07-2025,19:06:59,11-07-2025,19:07:01,11-07-2025,19:08:07,COMPLETED,0,1
79KWH,8,1,FULL,11-07-2025,19:08:02,11-07-2025,19:08:06,11-07-2025,19:09:30,COMPLETED,0,1
79KWH,8,2,FULL,11-07-2025,19:09:10,11-07-2025,19:09:11,11-07-2025,19:10:21,COMPLETED,0,1
79KWH,8,1,FULL,11-07-2025,19:09:40,11-07-2025,19:11:27,11-07-2025,19:13:35,COMPLETED,0,1
79KWH,8,2,FULL,11-07-2025,19:10:56,11-07-2025,19:10:57,11-07-2025,19:12:05,COMPLETED,0,1
79KWH,8,2,FULL,11-07-2025,19:12:52,11-07-2025,19:12:52,11-07-2025,19:14:02,COMPLETED,0,1
79KWH,8,1,FULL,11-07-2025,19:13:41,11-07-2025,19:13:46,11-07-2025,19:15:11,COMPLETED,0,1
79KWH,8,2,FULL,11-07-2025,19:14:08,11-07-2025,19:14:12,11-07-2025,19:15:22,COMPLETED,0,1
79KWH,8,1,FULL,11-07-2025,19:15:20,11-07-2025,19:17:04,11-07-2025,19:19:07,COMPLETED,0,1
79KWH,8,2,FULL,11-07-2025,19:15:38,11-07-2025,19:15:39,11-07-2025,19:16:50,COMPLETED,0,1
79KWH,8,2,FULL,11-07-2025,19:17:23,11-07-2025,19:17:24,11-07-2025,19:18:34,COMPLETED,0,1
79KWH,8,2,FULL,11-07-2025,19:18:45,11-07-2025,19:18:47,11-07-2025,19:19:59,COMPLETED,0,1
79KWH,8,1,FULL,11-07-2025,19:19:12,11-07-2025,19:19:17,11-07-2025,19:20:45,COMPLETED,0,1
79KWH,8,2,FULL,11-07-2025,19:20:05,11-07-2025,19:20:10,11-07-2025,19:21:21,COMPLETED,0,1
79KWH,8,1,FULL,11-07-2025,19:20:54,11-07-2025,19:20:54,11-07-2025,19:22:24,COMPLETED,0,1
79KWH,8,2,FULL,11-07-2025,19:21:31,11-07-2025,19:21:32,11-07-2025,19:22:45,COMPLETED,0,1
79KWH,8,1,FULL,11-07-2025,19:22:30,11-07-2025,19:22:35,11-07-2025,19:24:03,COMPLETED,0,1
79KWH,8,2,FULL,11-07-2025,19:22:57,11-07-2025,19:22:58,11-07-2025,19:24:11,COMPLETED,0,1
79KWH,8,1,FULL,11-07-2025,19:24:12,11-07-2025,19:24:13,11-07-2025,19:25:44,COMPLETED,0,1
79KWH,8,2,FULL,11-07-2025,19:24:55,11-07-2025,19:24:55,11-07-2025,19:26:10,COMPLETED,0,1
79KWH,8,1,FULL,11-07-2025,19:25:50,11-07-2025,19:25:54,11-07-2025,19:27:28,COMPLETED,0,1
79KWH,8,2,FULL,11-07-2025,19:26:42,11-07-2025,19:26:42,11-07-2025,19:27:57,COMPLETED,0,1
79KWH,8,1,FULL,11-07-2025,19:27:37,11-07-2025,19:27:38,11-07-2025,19:29:11,COMPLETED,0,1
79KWH,8,2,FULL,11-07-2025,19:28:39,11-07-2025,19:28:39,11-07-2025,19:29:54,COMPLETED,0,1
79KWH,8,1,FULL,11-07-2025,19:29:17,11-07-2025,19:29:21,11-07-2025,19:30:57,COMPLETED,0,1
79KWH,8,2,FULL,11-07-2025,19:30:24,11-07-2025,19:30:25,11-07-2025,19:31:39,COMPLETED,0,1
79KWH,8,1,FULL,11-07-2025,19:31:05,11-07-2025,19:31:06,11-07-2025,19:32:39,COMPLETED,0,1
79KWH,8,1,FULL,11-07-2025,19:32:45,11-07-2025,19:32:49,11-07-2025,19:34:20,COMPLETED,0,1
79KWH,8,1,FULL,11-07-2025,19:34:30,11-07-2025,19:34:31,11-07-2025,19:36:04,COMPLETED,0,1
79KWH,8,1,FULL,11-07-2025,19:38:44,11-07-2025,19:38:44,11-07-2025,19:40:15,COMPLETED,0,1
79KWH,8,2,FULL,11-07-2025,19:39:10,11-07-2025,19:39:11,11-07-2025,19:40:28,COMPLETED,0,1
79KWH,8,1,FULL,11-07-2025,19:40:26,11-07-2025,19:40:29,11-07-2025,19:42:04,COMPLETED,0,1
79KWH,8,2,FULL,11-07-2025,19:40:33,11-07-2025,19:40:37,11-07-2025,19:41:52,COMPLETED,0,1
79KWH,8,1,FULL,11-07-2025,19:42:10,11-07-2025,19:42:13,11-07-2025,19:43:45,COMPLETED,0,1
79KWH,8,2,FULL,11-07-2025,19:42:15,11-07-2025,19:42:16,11-07-2025,19:43:33,COMPLETED,0,1
79KWH,8,1,FULL,11-07-2025,19:43:55,11-07-2025,19:43:56,11-07-2025,19:45:30,COMPLETED,0,1
79KWH,8,2,FULL,11-07-2025,19:44:03,11-07-2025,19:44:03,11-07-2025,19:45:19,COMPLETED,0,1
79KWH,8,1,FULL,11-07-2025,19:45:37,11-07-2025,19:45:42,11-07-2025,19:47:15,COMPLETED,0,1
79KWH,8,2,FULL,11-07-2025,19:45:58,11-07-2025,19:45:58,11-07-2025,19:47:17,COMPLETED,0,1
79KWH,8,1,FULL,11-07-2025,19:47:24,11-07-2025,19:47:24,11-07-2025,19:49:01,COMPLETED,0,1
79KWH,8,2,FULL,11-07-2025,19:47:45,11-07-2025,19:47:46,11-07-2025,19:49:03,COMPLETED,0,1
79KWH,8,1,FULL,11-07-2025,19:49:07,11-07-2025,19:49:11,11-07-2025,19:50:45,COMPLETED,0,1
79KWH,8,2,FULL,11-07-2025,19:49:43,11-07-2025,19:49:43,11-07-2025,19:51:03,COMPLETED,0,1
79KWH,8,1,FULL,11-07-2025,19:50:56,11-07-2025,19:50:56,11-07-2025,19:52:33,COMPLETED,0,1
79KWH,8,2,FULL,11-07-2025,19:51:28,11-07-2025,19:51:29,11-07-2025,19:52:47,COMPLETED,0,1
79KWH,8,1,FULL,11-07-2025,19:52:43,11-07-2025,19:52:43,11-07-2025,19:54:18,COMPLETED,0,1
79KWH,8,2,FULL,11-07-2025,19:53:24,11-07-2025,19:53:25,11-07-2025,19:54:46,COMPLETED,0,1
79KWH,8,1,FULL,11-07-2025,19:54:38,11-07-2025,19:54:39,11-07-2025,19:56:16,COMPLETED,0,1
79KWH,8,2,FULL,11-07-2025,19:55:11,11-07-2025,19:55:11,11-07-2025,19:56:29,COMPLETED,0,1
79KWH,8,1,FULL,11-07-2025,19:56:27,11-07-2025,19:56:28,11-07-2025,19:58:04,COMPLETED,0,1
79KWH,8,2,FULL,11-07-2025,19:57:07,11-07-2025,19:57:08,11-07-2025,19:58:29,COMPLETED,0,1
79KWH,8,1,FULL,11-07-2025,19:58:21,11-07-2025,19:58:21,11-07-2025,20:00:00,COMPLETED,0,1
79KWH,8,2,FULL,11-07-2025,19:58:54,11-07-2025,19:58:54,11-07-2025,20:00:13,COMPLETED,0,1
79KWH,8,1,FULL,11-07-2025,20:00:09,11-07-2025,20:00:11,11-07-2025,20:01:47,COMPLETED,0,1
79KWH,8,2,FULL,11-07-2025,20:00:49,11-07-2025,20:00:50,11-07-2025,20:02:11,COMPLETED,0,1
79KWH,8,1,FULL,11-07-2025,20:02:02,11-07-2025,20:02:04,11-07-2025,20:03:44,COMPLETED,0,1
79KWH,8,2,FULL,11-07-2025,20:02:37,11-07-2025,20:02:37,11-07-2025,20:03:57,COMPLETED,0,1
79KWH,8,1,FULL,11-07-2025,20:03:51,11-07-2025,20:03:54,11-07-2025,20:05:32,COMPLETED,0,1
79KWH,8,2,FULL,11-07-2025,20:04:33,11-07-2025,20:04:35,11-07-2025,20:05:58,COMPLETED,0,1
79KWH,8,1,FULL,11-07-2025,20:53:06,11-07-2025,20:53:07,11-07-2025,20:55:17,COMPLETED,0,1
79KWH,8,2,FULL,11-07-2025,20:53:39,11-07-2025,20:53:41,11-07-2025,20:55:01,COMPLETED,0,1
79KWH,8,1,FULL,11-07-2025,20:55:23,11-07-2025,20:55:28,11-07-2025,20:57:07,COMPLETED,0,1
79KWH,8,2,FULL,11-07-2025,20:55:36,11-07-2025,20:55:37,11-07-2025,20:57:01,COMPLETED,0,1
79KWH,8,1,FULL,11-07-2025,20:58:16,11-07-2025,20:58:17,11-07-2025,21:00:00,COMPLETED,0,1
79KWH,8,2,FULL,11-07-2025,20:58:36,11-07-2025,20:58:37,11-07-2025,20:59:59,COMPLETED,0,1
79KWH,8,1,FULL,11-07-2025,21:00:06,11-07-2025,21:00:10,11-07-2025,21:01:51,COMPLETED,0,1
79KWH,8,2,FULL,11-07-2025,21:00:09,11-07-2025,21:00:10,11-07-2025,21:01:35,COMPLETED,0,1
79KWH,8,2,FULL,11-07-2025,21:01:41,11-07-2025,21:01:44,11-07-2025,21:03:08,COMPLETED,0,1
79KWH,8,1,FULL,11-07-2025,21:02:00,11-07-2025,21:02:01,11-07-2025,21:03:45,COMPLETED,0,1
79KWH,8,2,FULL,11-07-2025,21:03:36,11-07-2025,21:03:37,11-07-2025,21:05:03,COMPLETED,0,1
79KWH,8,1,FULL,11-07-2025,21:03:52,11-07-2025,21:03:55,11-07-2025,21:05:36,COMPLETED,0,1
79KWH,8,2,FULL,11-07-2025,21:05:24,11-07-2025,21:05:24,11-07-2025,21:06:49,COMPLETED,0,1
79KWH,8,1,FULL,11-07-2025,21:05:45,11-07-2025,21:05:47,11-07-2025,21:07:30,COMPLETED,0,1
79KWH,8,2,FULL,11-07-2025,21:07:19,11-07-2025,21:07:20,11-07-2025,21:08:46,COMPLETED,0,1
79KWH,8,1,FULL,11-07-2025,21:07:36,11-07-2025,21:07:41,11-07-2025,21:09:22,COMPLETED,0,1
79KWH,8,1,FULL,11-07-2025,21:49:47,11-07-2025,21:49:47,11-07-2025,21:51:32,COMPLETED,0,1
79KWH,8,1,FULL,11-07-2025,21:51:38,11-07-2025,21:51:42,11-07-2025,21:53:25,COMPLETED,0,1
79KWH,8,2,FULL,11-07-2025,21:52:16,11-07-2025,21:52:17,11-07-2025,21:53:40,COMPLETED,0,1
79KWH,8,1,FULL,11-07-2025,21:54:55,11-07-2025,21:54:56,11-07-2025,21:56:41,COMPLETED,0,1
79KWH,8,1,FULL,11-07-2025,21:57:20,11-07-2025,21:57:22,11-07-2025,21:59:06,COMPLETED,0,1
79KWH,8,2,FULL,12-07-2025,07:00:17,12-07-2025,07:00:18,12-07-2025,07:02:20,COMPLETED,0,1
79KWH,8,2,FULL,12-07-2025,07:02:26,12-07-2025,07:02:31,12-07-2025,07:03:56,COMPLETED,0,1
79KWH,8,1,FULL,12-07-2025,07:02:29,12-07-2025,07:02:29,12-07-2025,07:04:42,COMPLETED,0,1
79KWH,8,1,FULL,12-07-2025,07:04:48,12-07-2025,07:04:52,12-07-2025,07:06:36,COMPLETED,0,1
79KWH,8,1,FULL,12-07-2025,07:06:44,12-07-2025,07:06:45,12-07-2025,07:08:33,COMPLETED,0,1
79KWH,8,1,FULL,12-07-2025,07:08:39,12-07-2025,07:08:43,12-07-2025,07:10:29,COMPLETED,0,1
79KWH,8,1,FULL,12-07-2025,07:10:39,12-07-2025,07:10:40,12-07-2025,07:12:28,COMPLETED,0,1
79KWH,8,1,FULL,12-07-2025,07:12:35,12-07-2025,07:12:39,12-07-2025,07:14:26,COMPLETED,0,1
79KWH,8,1,FULL,12-07-2025,07:15:06,12-07-2025,07:15:07,12-07-2025,07:16:56,COMPLETED,0,1
79KWH,8,1,FULL,12-07-2025,07:17:03,12-07-2025,07:17:07,12-07-2025,07:18:55,COMPLETED,0,1
79KWH,8,1,FULL,12-07-2025,07:19:04,12-07-2025,07:19:05,12-07-2025,07:20:55,COMPLETED,0,1
79KWH,8,1,FULL,12-07-2025,07:21:01,12-07-2025,07:21:07,12-07-2025,07:22:55,COMPLETED,0,1
79KWH,8,1,FULL,12-07-2025,07:23:04,12-07-2025,07:23:05,12-07-2025,07:24:56,COMPLETED,0,1
79KWH,8,1,FULL,12-07-2025,07:25:02,12-07-2025,07:25:07,12-07-2025,07:26:57,COMPLETED,0,1
79KWH,8,1,FULL,12-07-2025,07:27:06,12-07-2025,07:28:40,12-07-2025,07:30:56,COMPLETED,0,1
79KWH,8,1,FULL,12-07-2025,07:31:02,12-07-2025,07:31:06,12-07-2025,07:32:56,COMPLETED,0,1
79KWH,8,1,FULL,12-07-2025,07:33:06,12-07-2025,07:33:06,12-07-2025,07:35:00,COMPLETED,0,1
79KWH,8,1,FULL,12-07-2025,07:35:06,12-07-2025,07:35:10,12-07-2025,07:37:01,COMPLETED,0,1
79KWH,8,1,FULL,12-07-2025,07:37:11,12-07-2025,07:37:11,12-07-2025,07:39:06,COMPLETED,0,1
79KWH,8,1,FULL,12-07-2025,07:39:12,12-07-2025,07:39:16,12-07-2025,07:41:08,COMPLETED,0,1
79KWH,8,1,FULL,12-07-2025,07:41:18,12-07-2025,07:42:57,12-07-2025,07:44:25,COMPLETED,0,1
79KWH,8,1,FULL,12-07-2025,07:44:31,12-07-2025,07:44:35,12-07-2025,07:46:29,COMPLETED,0,1
79KWH,8,1,FULL,12-07-2025,07:46:37,12-07-2025,07:46:39,12-07-2025,07:48:35,COMPLETED,0,1
79KWH,8,1,FULL,12-07-2025,07:48:41,12-07-2025,07:48:46,12-07-2025,07:50:40,COMPLETED,0,1
79KWH,8,1,FULL,12-07-2025,07:50:48,12-07-2025,07:50:49,12-07-2025,07:52:47,COMPLETED,0,1
79KWH,8,1,FULL,12-07-2025,07:52:53,12-07-2025,07:52:58,12-07-2025,07:54:55,COMPLETED,0,1
79KWH,8,1,FULL,12-07-2025,07:55:03,12-07-2025,07:55:03,12-07-2025,07:57:02,COMPLETED,0,1
79KWH,8,1,FULL,12-07-2025,07:57:09,12-07-2025,07:57:13,12-07-2025,07:59:09,COMPLETED,0,1
79KWH,8,1,FULL,12-07-2025,07:59:17,12-07-2025,07:59:18,12-07-2025,08:01:19,COMPLETED,0,1
79KWH,8,1,FULL,12-07-2025,08:01:25,12-07-2025,08:01:29,12-07-2025,08:03:27,COMPLETED,0,1
79KWH,8,1,FULL,12-07-2025,08:03:35,12-07-2025,08:03:37,12-07-2025,08:05:37,COMPLETED,0,1
79KWH,8,1,FULL,12-07-2025,08:05:43,12-07-2025,08:05:48,12-07-2025,08:07:46,COMPLETED,0,1
79KWH,8,1,FULL,12-07-2025,08:07:54,12-07-2025,08:07:55,12-07-2025,08:09:57,COMPLETED,0,1
79KWH,8,1,FULL,12-07-2025,08:10:03,12-07-2025,08:10:07,12-07-2025,08:12:07,COMPLETED,0,1
79KWH,8,1,FULL,12-07-2025,08:12:16,12-07-2025,08:12:17,12-07-2025,08:14:20,COMPLETED,0,1
79KWH,8,1,FULL,12-07-2025,08:14:26,12-07-2025,08:14:31,12-07-2025,08:16:32,COMPLETED,0,1
79KWH,8,1,FULL,12-07-2025,08:16:40,12-07-2025,08:16:41,12-07-2025,08:18:45,COMPLETED,0,1
79KWH,8,1,FULL,12-07-2025,08:18:51,12-07-2025,08:18:55,12-07-2025,08:20:57,COMPLETED,0,1
79KWH,8,1,FULL,12-07-2025,08:21:04,12-07-2025,08:21:05,12-07-2025,08:23:09,COMPLETED,0,1
79KWH,8,1,FULL,12-07-2025,08:23:16,12-07-2025,08:23:19,12-07-2025,08:25:22,COMPLETED,0,1
79KWH,8,1,FULL,12-07-2025,08:25:31,12-07-2025,08:25:32,12-07-2025,08:27:38,COMPLETED,0,1
79KWH,8,1,FULL,12-07-2025,08:27:44,12-07-2025,08:27:48,12-07-2025,08:29:51,COMPLETED,0,1
79KWH,8,1,FULL,12-07-2025,08:38:03,12-07-2025,08:48:54,12-07-2025,08:51:13,COMPLETED,0,1
79KWH,8,2,FULL,12-07-2025,09:02:51,12-07-2025,09:02:52,12-07-2025,09:04:39,COMPLETED,0,1
79KWH,8,2,FULL,12-07-2025,09:04:45,12-07-2025,09:04:50,12-07-2025,09:05:45,COMPLETED,0,1
79KWH,8,2,FULL,12-07-2025,09:05:53,12-07-2025,09:05:54,12-07-2025,09:06:52,COMPLETED,0,1
79KWH,8,3,FULL,12-07-2025,09:06:02,12-07-2025,09:06:02,12-07-2025,09:08:28,COMPLETED,0,1
79KWH,8,2,FULL,12-07-2025,09:06:59,12-07-2025,09:07:03,12-07-2025,09:07:59,COMPLETED,0,1
79KWH,8,2,FULL,12-07-2025,09:08:08,12-07-2025,09:08:09,12-07-2025,09:09:09,COMPLETED,0,1
79KWH,8,3,FULL,12-07-2025,09:08:35,12-07-2025,09:08:38,12-07-2025,09:10:48,COMPLETED,0,1
79KWH,8,2,FULL,12-07-2025,09:09:15,12-07-2025,09:09:19,12-07-2025,09:10:17,COMPLETED,0,1
79KWH,8,2,FULL,12-07-2025,09:10:26,12-07-2025,09:10:27,12-07-2025,09:11:28,COMPLETED,0,1
79KWH,8,3,FULL,12-07-2025,09:10:59,12-07-2025,09:10:59,12-07-2025,09:13:12,COMPLETED,0,1
79KWH,8,1,FULL,12-07-2025,09:11:20,12-07-2025,09:11:37,12-07-2025,09:13:23,COMPLETED,0,1
79KWH,8,2,FULL,12-07-2025,09:11:33,12-07-2025,09:11:38,12-07-2025,09:12:38,COMPLETED,0,1
79KWH,8,2,FULL,12-07-2025,09:12:46,12-07-2025,09:12:46,12-07-2025,09:13:50,COMPLETED,0,1
79KWH,8,3,FULL,12-07-2025,09:13:18,12-07-2025,09:13:22,12-07-2025,09:15:33,COMPLETED,0,1
79KWH,8,1,FULL,12-07-2025,09:13:32,12-07-2025,09:15:32,12-07-2025,09:17:54,COMPLETED,0,1
79KWH,8,2,FULL,12-07-2025,09:14:35,12-07-2025,09:14:35,12-07-2025,09:15:37,COMPLETED,0,1
79KWH,8,3,FULL,12-07-2025,09:15:45,12-07-2025,09:15:45,12-07-2025,09:17:59,COMPLETED,0,1
79KWH,8,1,FULL,12-07-2025,09:18:00,12-07-2025,09:18:05,12-07-2025,09:20:09,COMPLETED,0,1
79KWH,8,3,FULL,12-07-2025,09:18:06,12-07-2025,09:18:09,12-07-2025,09:20:19,COMPLETED,0,1
79KWH,8,1,FULL,12-07-2025,09:20:18,12-07-2025,09:21:46,12-07-2025,09:24:09,COMPLETED,0,1
79KWH,8,3,FULL,12-07-2025,09:20:32,12-07-2025,09:20:32,12-07-2025,09:22:46,COMPLETED,0,1
79KWH,8,3,FULL,12-07-2025,09:22:53,12-07-2025,09:24:53,12-07-2025,09:27:20,COMPLETED,0,1
79KWH,8,1,FULL,12-07-2025,09:24:15,12-07-2025,09:24:19,12-07-2025,09:26:24,COMPLETED,0,1
79KWH,8,1,FULL,12-07-2025,09:26:33,12-07-2025,09:26:33,12-07-2025,09:28:41,COMPLETED,0,1
79KWH,8,3,FULL,12-07-2025,09:27:32,12-07-2025,09:27:32,12-07-2025,09:29:48,COMPLETED,0,1
79KWH,8,3,FULL,12-07-2025,09:36:37,12-07-2025,09:36:38,12-07-2025,09:39:02,COMPLETED,0,1
79KWH,8,2,FULL,12-07-2025,09:36:46,12-07-2025,09:36:47,12-07-2025,09:37:52,COMPLETED,0,1
79KWH,8,1,FULL,12-07-2025,09:38:15,12-07-2025,09:38:15,12-07-2025,09:40:40,COMPLETED,0,1
79KWH,8,3,FULL,12-07-2025,09:39:27,12-07-2025,09:41:11,12-07-2025,09:43:41,COMPLETED,0,1
79KWH,8,2,FULL,12-07-2025,09:39:35,12-07-2025,09:39:36,12-07-2025,09:40:39,COMPLETED,0,1
79KWH,8,1,FULL,12-07-2025,09:41:03,12-07-2025,09:41:03,12-07-2025,09:43:17,COMPLETED,0,1
79KWH,8,2,FULL,12-07-2025,09:42:22,12-07-2025,09:42:22,12-07-2025,09:43:28,COMPLETED,0,1
79KWH,8,3,FULL,12-07-2025,09:43:47,12-07-2025,09:43:54,12-07-2025,09:46:09,COMPLETED,0,1
79KWH,8,1,FULL,12-07-2025,09:43:51,12-07-2025,09:43:51,12-07-2025,09:46:04,COMPLETED,0,1
79KWH,8,2,FULL,12-07-2025,09:45:09,12-07-2025,09:45:10,12-07-2025,09:46:14,COMPLETED,0,1
79KWH,8,3,FULL,12-07-2025,09:46:20,12-07-2025,09:46:21,12-07-2025,09:48:38,COMPLETED,0,1
79KWH,8,1,FULL,12-07-2025,09:46:36,12-07-2025,09:46:37,12-07-2025,09:48:51,COMPLETED,0,1
79KWH,8,2,FULL,12-07-2025,09:47:56,12-07-2025,09:47:57,12-07-2025,09:49:04,COMPLETED,0,1
79KWH,8,3,FULL,12-07-2025,09:48:44,12-07-2025,09:48:49,12-07-2025,09:51:05,COMPLETED,0,1
79KWH,8,1,FULL,12-07-2025,09:49:25,12-07-2025,09:50:29,12-07-2025,09:52:52,COMPLETED,0,1
79KWH,8,2,FULL,12-07-2025,09:50:44,12-07-2025,09:50:45,12-07-2025,09:51:51,COMPLETED,0,1
79KWH,8,3,FULL,12-07-2025,09:51:17,12-07-2025,09:53:13,12-07-2025,09:55:43,COMPLETED,0,1
79KWH,8,1,FULL,12-07-2025,09:53:00,12-07-2025,09:54:22,12-07-2025,09:56:46,COMPLETED,0,1
79KWH,8,2,FULL,12-07-2025,09:53:31,12-07-2025,09:53:32,12-07-2025,09:54:41,COMPLETED,0,1
79KWH,8,3,FULL,12-07-2025,09:55:50,12-07-2025,09:57:57,12-07-2025,10:00:25,COMPLETED,0,1
79KWH,8,2,FULL,12-07-2025,09:56:19,12-07-2025,09:56:19,12-07-2025,09:57:26,COMPLETED,0,1
79KWH,8,1,FULL,12-07-2025,09:56:52,12-07-2025,09:58:22,12-07-2025,10:00:44,COMPLETED,0,1
79KWH,8,2,FULL,12-07-2025,09:59:04,12-07-2025,09:59:05,12-07-2025,10:00:19,COMPLETED,0,1
79KWH,8,3,FULL,12-07-2025,10:00:38,12-07-2025,10:02:34,12-07-2025,10:05:07,COMPLETED,0,1
79KWH,8,1,FULL,12-07-2025,10:00:52,12-07-2025,10:00:53,12-07-2025,10:03:03,COMPLETED,0,1
79KWH,8,2,FULL,12-07-2025,10:01:51,12-07-2025,10:01:54,12-07-2025,10:03:02,COMPLETED,0,1
79KWH,8,1,FULL,12-07-2025,10:03:09,12-07-2025,10:03:14,12-07-2025,10:05:29,COMPLETED,0,1
79KWH,8,2,FULL,12-07-2025,10:04:38,12-07-2025,10:04:38,12-07-2025,10:05:50,COMPLETED,0,1
79KWH,8,3,FULL,12-07-2025,10:05:13,12-07-2025,10:05:17,12-07-2025,10:07:35,COMPLETED,0,1
79KWH,8,1,FULL,12-07-2025,10:05:38,12-07-2025,10:06:58,12-07-2025,10:09:23,COMPLETED,0,1
79KWH,8,2,FULL,12-07-2025,10:07:47,12-07-2025,10:07:48,12-07-2025,10:08:57,COMPLETED,0,1
79KWH,8,3,FULL,12-07-2025,10:07:49,12-07-2025,10:09:47,12-07-2025,10:12:18,COMPLETED,0,1
79KWH,8,1,FULL,12-07-2025,10:09:29,12-07-2025,10:09:34,12-07-2025,10:11:44,COMPLETED,0,1
79KWH,8,2,FULL,12-07-2025,10:10:34,12-07-2025,10:10:35,12-07-2025,10:11:47,COMPLETED,0,1
79KWH,8,1,FULL,12-07-2025,10:11:53,12-07-2025,10:13:18,12-07-2025,10:15:44,COMPLETED,0,1
79KWH,8,3,FULL,12-07-2025,10:12:25,12-07-2025,10:14:25,12-07-2025,10:16:54,COMPLETED,0,1
79KWH,8,2,FULL,12-07-2025,10:13:22,12-07-2025,10:13:23,12-07-2025,10:14:33,COMPLETED,0,1
79KWH,8,1,FULL,12-07-2025,10:15:51,12-07-2025,10:15:54,12-07-2025,10:18:05,COMPLETED,0,1
79KWH,8,2,FULL,12-07-2025,10:16:12,12-07-2025,10:16:12,12-07-2025,10:17:25,COMPLETED,0,1
79KWH,8,3,FULL,12-07-2025,10:17:06,12-07-2025,10:19:06,12-07-2025,10:21:38,COMPLETED,0,1
79KWH,8,1,FULL,12-07-2025,10:18:14,12-07-2025,10:19:34,12-07-2025,10:22:00,COMPLETED,0,1
79KWH,8,2,FULL,12-07-2025,10:18:56,12-07-2025,10:18:57,12-07-2025,10:20:09,COMPLETED,0,1
79KWH,8,3,FULL,12-07-2025,10:21:43,12-07-2025,10:23:48,12-07-2025,10:26:16,COMPLETED,0,1
79KWH,8,2,FULL,12-07-2025,10:21:44,12-07-2025,10:21:45,12-07-2025,10:23:01,COMPLETED,0,1
79KWH,8,1,FULL,12-07-2025,10:22:07,12-07-2025,10:25:58,12-07-2025,10:28:05,COMPLETED,0,1
79KWH,8,2,FULL,12-07-2025,10:24:39,12-07-2025,10:24:41,12-07-2025,10:25:53,COMPLETED,0,1
79KWH,8,3,FULL,12-07-2025,10:26:28,12-07-2025,10:28:29,12-07-2025,10:31:01,COMPLETED,0,1
79KWH,8,2,FULL,12-07-2025,10:26:40,12-07-2025,10:26:40,12-07-2025,10:27:55,COMPLETED,0,1
79KWH,8,1,FULL,12-07-2025,10:28:12,12-07-2025,10:29:59,12-07-2025,10:31:41,COMPLETED,0,1
79KWH,8,2,FULL,12-07-2025,10:29:06,12-07-2025,10:29:07,12-07-2025,10:30:19,COMPLETED,0,1
79KWH,8,3,FULL,12-07-2025,10:31:07,12-07-2025,10:31:11,12-07-2025,10:33:30,COMPLETED,0,1
79KWH,8,2,FULL,12-07-2025,10:31:15,12-07-2025,10:31:15,12-07-2025,10:32:32,COMPLETED,0,1
79KWH,8,1,FULL,12-07-2025,10:31:48,12-07-2025,10:33:15,12-07-2025,10:35:40,COMPLETED,0,1
79KWH,8,3,FULL,12-07-2025,10:33:42,12-07-2025,10:35:39,12-07-2025,10:38:13,COMPLETED,0,1
79KWH,8,2,FULL,12-07-2025,10:33:50,12-07-2025,10:33:50,12-07-2025,10:35:04,COMPLETED,0,1
79KWH,8,1,FULL,12-07-2025,10:35:48,12-07-2025,10:37:06,12-07-2025,10:39:33,COMPLETED,0,1
79KWH,8,2,FULL,12-07-2025,10:38:10,12-07-2025,10:38:10,12-07-2025,10:39:27,COMPLETED,0,1
79KWH,8,3,FULL,12-07-2025,10:38:20,12-07-2025,10:38:26,12-07-2025,10:40:49,COMPLETED,0,1
79KWH,8,1,FULL,12-07-2025,10:39:40,12-07-2025,10:39:43,12-07-2025,10:42:00,COMPLETED,0,1
79KWH,8,2,FULL,12-07-2025,10:40:50,12-07-2025,10:40:52,12-07-2025,10:42:08,COMPLETED,0,1
79KWH,8,3,FULL,12-07-2025,10:40:59,12-07-2025,10:43:00,12-07-2025,10:45:34,COMPLETED,0,1
79KWH,8,1,FULL,12-07-2025,10:42:09,12-07-2025,10:42:10,12-07-2025,10:44:27,COMPLETED,0,1
79KWH,8,2,FULL,12-07-2025,10:43:43,12-07-2025,10:43:44,12-07-2025,10:45:02,COMPLETED,0,1
79KWH,8,1,FULL,12-07-2025,10:44:34,12-07-2025,10:44:37,12-07-2025,10:46:58,COMPLETED,0,1
79KWH,8,3,FULL,12-07-2025,10:45:40,12-07-2025,10:45:47,12-07-2025,10:48:09,COMPLETED,0,1
79KWH,8,2,FULL,12-07-2025,10:45:48,12-07-2025,10:45:50,12-07-2025,10:47:07,COMPLETED,0,1
79KWH,8,1,FULL,12-07-2025,10:47:07,12-07-2025,10:47:08,12-07-2025,10:49:29,COMPLETED,0,1
79KWH,8,2,FULL,12-07-2025,10:48:18,12-07-2025,10:48:20,12-07-2025,10:49:39,COMPLETED,0,1
79KWH,8,3,FULL,12-07-2025,10:48:21,12-07-2025,10:48:22,12-07-2025,10:50:47,COMPLETED,0,1
79KWH,8,1,FULL,12-07-2025,10:49:36,12-07-2025,10:49:40,12-07-2025,10:51:56,COMPLETED,0,1
79KWH,8,3,FULL,12-07-2025,10:50:53,12-07-2025,10:52:54,12-07-2025,10:55:27,COMPLETED,0,1
79KWH,8,2,FULL,12-07-2025,10:51:39,12-07-2025,10:51:39,12-07-2025,10:52:58,COMPLETED,0,1
79KWH,8,1,FULL,12-07-2025,10:52:05,12-07-2025,10:53:26,12-07-2025,10:55:54,COMPLETED,0,1
79KWH,8,2,FULL,12-07-2025,10:54:18,12-07-2025,10:54:19,12-07-2025,10:55:40,COMPLETED,0,1
79KWH,8,3,FULL,12-07-2025,10:55:38,12-07-2025,10:57:39,12-07-2025,11:00:13,COMPLETED,0,1
79KWH,8,1,FULL,12-07-2025,10:56:01,12-07-2025,10:57:24,12-07-2025,10:59:51,COMPLETED,0,1
79KWH,8,2,FULL,12-07-2025,10:57:07,12-07-2025,10:57:07,12-07-2025,10:58:27,COMPLETED,0,1
79KWH,8,2,FULL,12-07-2025,10:59:17,12-07-2025,10:59:17,12-07-2025,11:00:40,COMPLETED,0,1
79KWH,8,1,FULL,12-07-2025,10:59:58,12-07-2025,10:59:59,12-07-2025,11:02:19,COMPLETED,0,1
79KWH,8,3,FULL,12-07-2025,11:00:19,12-07-2025,11:02:22,12-07-2025,11:04:55,COMPLETED,0,1
79KWH,8,2,FULL,12-07-2025,11:00:46,12-07-2025,11:00:51,12-07-2025,11:02:13,COMPLETED,0,1
79KWH,8,1,FULL,12-07-2025,11:02:25,12-07-2025,11:02:30,12-07-2025,11:04:49,COMPLETED,0,1
79KWH,8,2,FULL,12-07-2025,11:02:44,12-07-2025,11:02:46,12-07-2025,11:04:09,COMPLETED,0,1
79KWH,8,2,FULL,12-07-2025,11:04:50,12-07-2025,11:04:50,12-07-2025,11:06:12,COMPLETED,0,1
79KWH,8,1,FULL,12-07-2025,11:04:57,12-07-2025,11:04:58,12-07-2025,11:07:19,COMPLETED,0,1
79KWH,8,3,FULL,12-07-2025,11:05:06,12-07-2025,11:07:06,12-07-2025,11:09:41,COMPLETED,0,1
79KWH,8,2,FULL,12-07-2025,11:07:21,12-07-2025,11:07:21,12-07-2025,11:08:46,COMPLETED,0,1
79KWH,8,1,FULL,12-07-2025,11:07:25,12-07-2025,11:07:30,12-07-2025,11:09:50,COMPLETED,0,1
79KWH,8,3,FULL,12-07-2025,11:09:47,12-07-2025,11:09:54,12-07-2025,11:12:18,COMPLETED,0,1
79KWH,8,1,FULL,12-07-2025,11:09:58,12-07-2025,11:09:59,12-07-2025,11:12:22,COMPLETED,0,1
79KWH,8,2,FULL,12-07-2025,11:10:52,12-07-2025,11:10:52,12-07-2025,11:12:16,COMPLETED,0,1
79KWH,8,1,FULL,12-07-2025,11:12:28,12-07-2025,11:12:33,12-07-2025,11:14:53,COMPLETED,0,1
79KWH,8,3,FULL,12-07-2025,11:12:32,12-07-2025,11:14:26,12-07-2025,11:17:02,COMPLETED,0,1
79KWH,8,2,FULL,12-07-2025,11:13:38,12-07-2025,11:13:39,12-07-2025,11:15:05,COMPLETED,0,1
79KWH,8,1,FULL,12-07-2025,11:15:02,12-07-2025,11:15:03,12-07-2025,11:17:26,COMPLETED,0,1
79KWH,8,2,FULL,12-07-2025,11:15:44,12-07-2025,11:15:44,12-07-2025,11:17:09,COMPLETED,0,1
79KWH,8,3,FULL,12-07-2025,11:17:07,12-07-2025,11:19:16,12-07-2025,11:21:49,COMPLETED,0,1
79KWH,8,1,FULL,12-07-2025,11:17:32,12-07-2025,11:17:37,12-07-2025,11:19:58,COMPLETED,0,1
79KWH,8,2,FULL,12-07-2025,11:18:20,12-07-2025,11:18:21,12-07-2025,11:19:48,COMPLETED,0,1
79KWH,8,1,FULL,12-07-2025,11:20:06,12-07-2025,11:20:08,12-07-2025,11:22:32,COMPLETED,0,1
79KWH,8,2,FULL,12-07-2025,11:20:23,12-07-2025,11:20:24,12-07-2025,11:21:49,COMPLETED,0,1
79KWH,8,3,FULL,12-07-2025,11:22:01,12-07-2025,11:23:55,12-07-2025,11:26:30,COMPLETED,0,1
79KWH,8,1,FULL,12-07-2025,11:22:39,12-07-2025,11:23:54,12-07-2025,11:26:22,COMPLETED,0,1
79KWH,8,2,FULL,12-07-2025,11:22:55,12-07-2025,11:22:56,12-07-2025,11:24:28,COMPLETED,0,1
79KWH,8,2,FULL,12-07-2025,11:25:00,12-07-2025,11:25:01,12-07-2025,11:26:28,COMPLETED,0,1
79KWH,8,1,FULL,12-07-2025,11:26:30,12-07-2025,11:26:31,12-07-2025,11:28:57,COMPLETED,0,1
79KWH,8,2,FULL,12-07-2025,11:26:35,12-07-2025,11:26:36,12-07-2025,11:28:05,COMPLETED,0,1
79KWH,8,3,FULL,12-07-2025,11:26:37,12-07-2025,11:26:44,12-07-2025,11:29:14,COMPLETED,0,1
79KWH,8,2,FULL,12-07-2025,11:28:28,12-07-2025,11:28:30,12-07-2025,11:29:58,COMPLETED,0,1
79KWH,8,1,FULL,12-07-2025,11:29:04,12-07-2025,11:29:08,12-07-2025,11:31:32,COMPLETED,0,1
79KWH,8,3,FULL,12-07-2025,11:29:25,12-07-2025,11:31:23,12-07-2025,11:33:59,COMPLETED,0,1
79KWH,8,2,FULL,12-07-2025,11:31:20,12-07-2025,11:31:21,12-07-2025,11:32:50,COMPLETED,0,1
79KWH,8,1,FULL,12-07-2025,11:31:41,12-07-2025,11:31:42,12-07-2025,11:34:07,COMPLETED,0,1
79KWH,8,2,FULL,12-07-2025,11:33:25,12-07-2025,11:33:26,12-07-2025,11:34:53,COMPLETED,0,1
79KWH,8,3,FULL,12-07-2025,11:34:05,12-07-2025,11:36:07,12-07-2025,11:38:40,COMPLETED,0,1
79KWH,8,1,FULL,12-07-2025,11:34:15,12-07-2025,11:34:18,12-07-2025,11:36:41,COMPLETED,0,1
79KWH,8,2,FULL,12-07-2025,11:35:03,12-07-2025,11:35:04,12-07-2025,11:36:34,COMPLETED,0,1
79KWH,8,1,FULL,12-07-2025,11:36:49,12-07-2025,11:36:50,12-07-2025,11:39:17,COMPLETED,0,1
79KWH,8,2,FULL,12-07-2025,11:36:54,12-07-2025,11:36:55,12-07-2025,11:38:24,COMPLETED,0,1
79KWH,8,3,FULL,12-07-2025,11:38:53,12-07-2025,11:40:51,12-07-2025,11:43:29,COMPLETED,0,1
79KWH,8,2,FULL,12-07-2025,11:39:02,12-07-2025,11:39:03,12-07-2025,11:40:35,COMPLETED,0,1
79KWH,8,1,FULL,12-07-2025,11:39:23,12-07-2025,11:39:28,12-07-2025,11:41:52,COMPLETED,0,1
79KWH,8,2,FULL,12-07-2025,11:41:28,12-07-2025,11:41:29,12-07-2025,11:42:58,COMPLETED,0,1
79KWH,8,1,FULL,12-07-2025,11:42:01,12-07-2025,11:42:02,12-07-2025,11:44:30,COMPLETED,0,1
79KWH,8,3,FULL,12-07-2025,11:43:35,12-07-2025,11:45:35,12-07-2025,11:48:09,COMPLETED,0,1
79KWH,8,2,FULL,12-07-2025,11:43:38,12-07-2025,11:43:39,12-07-2025,11:45:11,COMPLETED,0,1
79KWH,8,1,FULL,12-07-2025,11:44:36,12-07-2025,11:44:40,12-07-2025,11:47:07,COMPLETED,0,1
79KWH,8,1,FULL,12-07-2025,11:47:15,12-07-2025,11:47:16,12-07-2025,11:49:46,COMPLETED,0,1
79KWH,8,3,FULL,12-07-2025,11:48:22,12-07-2025,11:48:22,12-07-2025,11:50:54,COMPLETED,0,1
79KWH,8,1,FULL,12-07-2025,11:49:52,12-07-2025,11:49:57,12-07-2025,11:52:24,COMPLETED,0,1
79KWH,8,3,FULL,12-07-2025,11:51:01,12-07-2025,11:51:07,12-07-2025,11:53:37,COMPLETED,0,1
79KWH,8,1,FULL,12-07-2025,11:52:34,12-07-2025,11:52:35,12-07-2025,11:55:05,COMPLETED,0,1
79KWH,8,3,FULL,12-07-2025,11:53:51,12-07-2025,11:53:51,12-07-2025,11:56:23,COMPLETED,0,1
79KWH,8,3,FULL,12-07-2025,11:56:30,12-07-2025,11:56:37,12-07-2025,11:59:07,COMPLETED,0,1
79KWH,8,1,FULL,12-07-2025,12:01:58,12-07-2025,12:01:59,12-07-2025,12:04:36,COMPLETED,0,1
79KWH,8,3,FULL,12-07-2025,12:03:13,12-07-2025,12:03:28,12-07-2025,12:06:06,COMPLETED,0,1
79KWH,8,2,FULL,12-07-2025,12:03:20,12-07-2025,12:03:21,12-07-2025,12:04:52,COMPLETED,0,1
79KWH,8,1,FULL,12-07-2025,12:04:47,12-07-2025,12:04:49,12-07-2025,12:07:23,COMPLETED,0,1
79KWH,8,2,FULL,12-07-2025,12:06:06,12-07-2025,12:06:06,12-07-2025,12:07:39,COMPLETED,0,1
79KWH,8,3,FULL,12-07-2025,12:06:12,12-07-2025,12:06:19,12-07-2025,12:08:50,COMPLETED,0,1
79KWH,8,1,FULL,12-07-2025,12:07:34,12-07-2025,12:07:35,12-07-2025,12:10:09,COMPLETED,0,1
79KWH,8,2,FULL,12-07-2025,12:08:53,12-07-2025,12:08:53,12-07-2025,12:10:25,COMPLETED,0,1
79KWH,8,3,FULL,12-07-2025,12:09:01,12-07-2025,12:11:01,12-07-2025,12:13:39,COMPLETED,0,1
79KWH,8,1,FULL,12-07-2025,12:10:22,12-07-2025,12:10:23,12-07-2025,12:12:58,COMPLETED,0,1
79KWH,8,2,FULL,12-07-2025,12:11:40,12-07-2025,12:11:41,12-07-2025,12:13:17,COMPLETED,0,1
79KWH,8,1,FULL,12-07-2025,12:13:07,12-07-2025,12:13:09,12-07-2025,12:15:45,COMPLETED,0,1
79KWH,8,3,FULL,12-07-2025,12:13:46,12-07-2025,12:13:53,12-07-2025,12:16:26,COMPLETED,0,1
79KWH,8,2,FULL,12-07-2025,12:14:28,12-07-2025,12:14:30,12-07-2025,12:16:01,COMPLETED,0,1
79KWH,8,1,FULL,12-07-2025,12:15:55,12-07-2025,12:15:56,12-07-2025,12:18:33,COMPLETED,0,1
79KWH,8,3,FULL,12-07-2025,12:16:38,12-07-2025,12:16:39,12-07-2025,12:19:14,COMPLETED,0,1
79KWH,8,2,FULL,12-07-2025,12:17:17,12-07-2025,12:17:19,12-07-2025,12:18:54,COMPLETED,0,1
79KWH,8,1,FULL,12-07-2025,12:18:44,12-07-2025,12:18:45,12-07-2025,12:21:21,COMPLETED,0,1
79KWH,8,3,FULL,12-07-2025,12:19:20,12-07-2025,12:19:27,12-07-2025,12:22:00,COMPLETED,0,1
79KWH,8,2,FULL,12-07-2025,12:20:02,12-07-2025,12:20:03,12-07-2025,12:21:36,COMPLETED,0,1
79KWH,8,1,FULL,12-07-2025,12:21:29,12-07-2025,12:21:30,12-07-2025,12:24:08,COMPLETED,0,1
79KWH,8,3,FULL,12-07-2025,12:22:12,12-07-2025,12:22:13,12-07-2025,12:24:49,COMPLETED,0,1
79KWH,8,2,FULL,12-07-2025,12:22:49,12-07-2025,12:22:49,12-07-2025,12:24:25,COMPLETED,0,1
79KWH,8,1,FULL,12-07-2025,12:24:19,12-07-2025,12:24:21,12-07-2025,12:26:56,COMPLETED,0,1
79KWH,8,3,FULL,12-07-2025,12:24:55,12-07-2025,12:24:59,12-07-2025,12:27:34,COMPLETED,0,1
79KWH,8,2,FULL,12-07-2025,12:25:38,12-07-2025,12:25:40,12-07-2025,12:27:15,COMPLETED,0,1
79KWH,8,1,FULL,12-07-2025,12:27:04,12-07-2025,12:27:04,12-07-2025,12:29:39,COMPLETED,0,1
79KWH,8,3,FULL,12-07-2025,12:27:46,12-07-2025,12:29:37,12-07-2025,12:32:18,COMPLETED,0,1
79KWH,8,1,FULL,17-07-2025,11:15:21,17-07-2025,11:15:22,17-07-2025,11:17:33,COMPLETED,0,1
79KWH,8,1,FULL,17-07-2025,11:17:39,17-07-2025,11:17:41,17-07-2025,11:19:30,COMPLETED,0,1
79KWH,8,1,FULL,17-07-2025,11:19:42,17-07-2025,11:19:42,17-07-2025,11:21:52,COMPLETED,0,1
79KWH,8,1,FULL,23-07-2025,07:13:01,23-07-2025,07:13:02,23-07-2025,07:14:44,COMPLETED,0,1
79KWH,8,2,FULL,23-07-2025,07:14:08,23-07-2025,07:14:09,23-07-2025,07:16:02,COMPLETED,0,1
79KWH,8,3,FULL,23-07-2025,07:14:22,23-07-2025,07:14:23,23-07-2025,07:16:07,COMPLETED,0,1
79KWH,8,1,FULL,23-07-2025,07:20:18,23-07-2025,07:20:18,23-07-2025,07:21:25,COMPLETED,0,1
79KWH,8,1,FULL,23-07-2025,07:22:02,23-07-2025,07:23:37,23-07-2025,07:25:31,COMPLETED,0,1
79KWH,8,3,FULL,23-07-2025,07:23:47,23-07-2025,07:25:05,23-07-2025,07:26:46,COMPLETED,0,1
79KWH,8,2,FULL,23-07-2025,07:25:56,23-07-2025,07:25:57,23-07-2025,07:27:47,COMPLETED,0,1
79KWH,8,3,FULL,23-07-2025,07:26:59,23-07-2025,07:28:43,23-07-2025,07:30:30,COMPLETED,0,1
79KWH,8,1,FULL,23-07-2025,07:27:06,23-07-2025,07:27:16,23-07-2025,07:28:57,COMPLETED,0,1
79KWH,8,2,FULL,23-07-2025,07:28:10,23-07-2025,07:28:11,23-07-2025,07:29:28,COMPLETED,0,1
79KWH,8,1,FULL,23-07-2025,07:29:35,23-07-2025,07:29:37,23-07-2025,07:30:24,COMPLETED,0,1
79KWH,8,3,FULL,23-07-2025,07:30:35,23-07-2025,07:30:39,23-07-2025,07:31:33,COMPLETED,0,1
79KWH,8,2,FULL,23-07-2025,07:30:56,23-07-2025,07:30:57,23-07-2025,07:32:15,COMPLETED,0,1
79KWH,8,3,FULL,23-07-2025,07:31:44,23-07-2025,07:31:44,23-07-2025,07:32:47,COMPLETED,0,1
79KWH,8,1,FULL,23-07-2025,07:32:23,23-07-2025,07:32:24,23-07-2025,07:33:14,COMPLETED,0,1
79KWH,8,3,FULL,23-07-2025,07:32:53,23-07-2025,07:32:57,23-07-2025,07:33:54,COMPLETED,0,1
79KWH,8,2,FULL,23-07-2025,07:33:43,23-07-2025,07:33:44,23-07-2025,07:35:10,COMPLETED,0,1
79KWH,8,3,FULL,23-07-2025,07:34:05,23-07-2025,07:34:07,23-07-2025,07:35:06,COMPLETED,0,1
79KWH,8,1,FULL,23-07-2025,07:35:10,23-07-2025,07:35:10,23-07-2025,07:35:59,COMPLETED,0,1
79KWH,8,3,FULL,23-07-2025,07:36:17,23-07-2025,07:36:18,23-07-2025,07:37:16,COMPLETED,0,1
79KWH,8,2,FULL,23-07-2025,07:36:29,23-07-2025,07:36:29,23-07-2025,07:37:59,COMPLETED,0,1
79KWH,8,1,FULL,23-07-2025,07:37:57,23-07-2025,07:37:58,23-07-2025,07:38:54,COMPLETED,0,1
79KWH,8,3,FULL,23-07-2025,07:39:08,23-07-2025,07:39:10,23-07-2025,07:40:11,COMPLETED,0,1
79KWH,8,2,FULL,23-07-2025,07:39:15,23-07-2025,07:39:16,23-07-2025,07:40:49,COMPLETED,0,1
79KWH,8,1,FULL,23-07-2025,07:40:44,23-07-2025,07:40:45,23-07-2025,07:41:41,COMPLETED,0,1
79KWH,8,3,FULL,23-07-2025,07:41:52,23-07-2025,07:41:52,23-07-2025,07:42:51,COMPLETED,0,1
79KWH,8,2,FULL,23-07-2025,07:42:04,23-07-2025,07:42:35,23-07-2025,07:44:36,COMPLETED,0,1
79KWH,8,1,FULL,23-07-2025,07:43:30,23-07-2025,07:43:41,23-07-2025,07:45:30,COMPLETED,0,1
79KWH,8,3,FULL,23-07-2025,07:44:42,23-07-2025,07:44:49,23-07-2025,07:46:38,COMPLETED,0,1
79KWH,8,2,FULL,23-07-2025,07:44:56,23-07-2025,07:46:22,23-07-2025,07:48:25,COMPLETED,0,1
79KWH,8,1,FULL,23-07-2025,07:46:19,23-07-2025,07:46:20,23-07-2025,07:47:19,COMPLETED,0,1
79KWH,8,3,FULL,23-07-2025,07:47:24,23-07-2025,07:47:25,23-07-2025,07:48:27,COMPLETED,0,1
79KWH,8,2,FULL,23-07-2025,07:48:31,23-07-2025,07:48:34,23-07-2025,07:50:07,COMPLETED,0,1
79KWH,8,1,FULL,23-07-2025,07:49:03,23-07-2025,07:49:17,23-07-2025,07:51:05,COMPLETED,0,1
79KWH,8,3,FULL,23-07-2025,07:50:16,23-07-2025,07:50:16,23-07-2025,07:51:22,COMPLETED,0,1
79KWH,8,2,FULL,23-07-2025,07:50:24,23-07-2025,07:50:25,23-07-2025,07:51:59,COMPLETED,0,1
79KWH,8,1,FULL,23-07-2025,07:51:53,23-07-2025,07:51:54,23-07-2025,07:52:55,COMPLETED,0,1
79KWH,8,3,FULL,23-07-2025,07:52:59,23-07-2025,07:53:00,23-07-2025,07:54:03,COMPLETED,0,1
79KWH,8,2,FULL,23-07-2025,07:53:12,23-07-2025,07:53:13,23-07-2025,07:54:45,COMPLETED,0,1
79KWH,8,1,FULL,23-07-2025,07:54:39,23-07-2025,07:54:39,23-07-2025,07:55:44,COMPLETED,0,1
79KWH,8,3,FULL,23-07-2025,07:55:50,23-07-2025,07:55:52,23-07-2025,07:56:58,COMPLETED,0,1
79KWH,8,2,FULL,23-07-2025,07:55:59,23-07-2025,07:55:59,23-07-2025,07:57:35,COMPLETED,0,1
79KWH,8,1,FULL,23-07-2025,07:57:26,23-07-2025,07:57:26,23-07-2025,07:58:29,COMPLETED,0,1
79KWH,8,3,FULL,23-07-2025,07:58:33,23-07-2025,07:58:34,23-07-2025,07:59:39,COMPLETED,0,1
79KWH,8,2,FULL,23-07-2025,07:58:46,23-07-2025,07:58:46,23-07-2025,08:00:20,COMPLETED,0,1
79KWH,8,1,FULL,23-07-2025,08:00:13,23-07-2025,08:00:13,23-07-2025,08:01:19,COMPLETED,0,1
79KWH,8,3,FULL,23-07-2025,08:01:25,23-07-2025,08:01:26,23-07-2025,08:02:33,COMPLETED,0,1
79KWH,8,2,FULL,23-07-2025,08:01:34,23-07-2025,08:01:34,23-07-2025,08:03:12,COMPLETED,0,1
79KWH,8,1,FULL,23-07-2025,08:03:02,23-07-2025,08:03:03,23-07-2025,08:04:06,COMPLETED,0,1
79KWH,8,3,FULL,23-07-2025,08:04:08,23-07-2025,08:04:09,23-07-2025,08:05:14,COMPLETED,0,1
79KWH,8,2,FULL,23-07-2025,08:04:20,23-07-2025,08:04:20,23-07-2025,08:05:56,COMPLETED,0,1
79KWH,8,1,FULL,23-07-2025,08:05:45,23-07-2025,08:05:46,23-07-2025,08:06:53,COMPLETED,0,1
79KWH,8,3,FULL,23-07-2025,08:06:59,23-07-2025,08:07:00,23-07-2025,08:08:09,COMPLETED,0,1
79KWH,8,2,FULL,23-07-2025,08:07:08,23-07-2025,08:07:09,23-07-2025,08:08:47,COMPLETED,0,1
79KWH,8,1,FULL,23-07-2025,08:08:35,23-07-2025,08:08:36,23-07-2025,08:09:41,COMPLETED,0,1
79KWH,8,3,FULL,23-07-2025,08:09:41,23-07-2025,08:09:42,23-07-2025,08:10:49,COMPLETED,0,1
79KWH,8,2,FULL,23-07-2025,08:09:53,23-07-2025,08:09:55,23-07-2025,08:11:30,COMPLETED,0,1
79KWH,8,1,FULL,23-07-2025,08:11:21,23-07-2025,08:11:22,23-07-2025,08:12:30,COMPLETED,0,1
79KWH,8,3,FULL,23-07-2025,08:12:32,23-07-2025,08:12:33,23-07-2025,08:13:43,COMPLETED,0,1
79KWH,8,2,FULL,23-07-2025,08:12:43,23-07-2025,08:12:44,23-07-2025,08:14:23,COMPLETED,0,1
79KWH,8,1,FULL,23-07-2025,08:14:08,23-07-2025,08:14:09,23-07-2025,08:15:15,COMPLETED,0,1
79KWH,8,3,FULL,23-07-2025,08:15:16,23-07-2025,08:15:54,23-07-2025,08:17:43,COMPLETED,0,1
79KWH,8,2,FULL,23-07-2025,08:15:30,23-07-2025,08:16:06,23-07-2025,08:18:09,COMPLETED,0,1
79KWH,8,1,FULL,23-07-2025,08:16:55,23-07-2025,08:17:19,23-07-2025,08:19:10,COMPLETED,0,1
79KWH,8,3,FULL,23-07-2025,08:18:07,23-07-2025,08:19:38,23-07-2025,08:21:31,COMPLETED,0,1
79KWH,8,2,FULL,23-07-2025,08:18:17,23-07-2025,08:19:45,23-07-2025,08:21:51,COMPLETED,0,1
79KWH,8,1,FULL,23-07-2025,08:19:43,23-07-2025,08:19:44,23-07-2025,08:20:51,COMPLETED,0,1
79KWH,8,3,FULL,23-07-2025,08:21:37,23-07-2025,08:21:40,23-07-2025,08:22:49,COMPLETED,0,1
79KWH,8,2,FULL,23-07-2025,08:21:58,23-07-2025,08:22:01,23-07-2025,08:23:38,COMPLETED,0,1
79KWH,8,1,FULL,23-07-2025,08:22:30,23-07-2025,08:22:30,23-07-2025,08:23:40,COMPLETED,0,1
79KWH,8,3,FULL,23-07-2025,08:23:41,23-07-2025,08:23:42,23-07-2025,08:24:54,COMPLETED,0,1
79KWH,8,2,FULL,23-07-2025,08:23:50,23-07-2025,08:23:51,23-07-2025,08:25:33,COMPLETED,0,1
79KWH,8,1,FULL,23-07-2025,08:25:18,23-07-2025,08:25:18,23-07-2025,08:26:26,COMPLETED,0,1
79KWH,8,3,FULL,23-07-2025,08:26:26,23-07-2025,08:26:27,23-07-2025,08:27:36,COMPLETED,0,1
79KWH,8,2,FULL,23-07-2025,08:26:36,23-07-2025,08:26:37,23-07-2025,08:28:15,COMPLETED,0,1
79KWH,8,1,FULL,23-07-2025,08:28:05,23-07-2025,08:28:06,23-07-2025,08:29:17,COMPLETED,0,1
79KWH,8,3,FULL,23-07-2025,08:29:16,23-07-2025,08:29:16,23-07-2025,08:30:28,COMPLETED,0,1
79KWH,8,2,FULL,23-07-2025,08:29:24,23-07-2025,08:29:24,23-07-2025,08:31:06,COMPLETED,0,1
79KWH,8,1,FULL,23-07-2025,08:30:52,23-07-2025,08:30:53,23-07-2025,08:32:02,COMPLETED,0,1
79KWH,8,3,FULL,23-07-2025,08:31:59,23-07-2025,08:32:00,23-07-2025,08:33:11,COMPLETED,0,1
79KWH,8,2,FULL,23-07-2025,08:32:11,23-07-2025,08:32:13,23-07-2025,08:33:53,COMPLETED,0,1
79KWH,8,1,FULL,23-07-2025,08:33:38,23-07-2025,08:33:39,23-07-2025,08:34:51,COMPLETED,0,1
79KWH,8,3,FULL,23-07-2025,08:34:51,23-07-2025,08:34:52,23-07-2025,08:36:07,COMPLETED,0,1
79KWH,8,2,FULL,23-07-2025,08:34:57,23-07-2025,08:34:57,23-07-2025,08:36:39,COMPLETED,0,1
79KWH,8,1,FULL,23-07-2025,08:36:27,23-07-2025,08:36:27,23-07-2025,08:37:38,COMPLETED,0,1
79KWH,8,3,FULL,23-07-2025,08:37:32,23-07-2025,08:37:33,23-07-2025,08:38:45,COMPLETED,0,1
79KWH,8,2,FULL,23-07-2025,08:37:45,23-07-2025,08:37:46,23-07-2025,08:39:25,COMPLETED,0,1
79KWH,8,1,FULL,23-07-2025,08:39:11,23-07-2025,08:39:39,23-07-2025,08:41:31,COMPLETED,0,1
79KWH,8,3,FULL,23-07-2025,08:40:23,23-07-2025,08:40:32,23-07-2025,08:42:32,COMPLETED,0,1
79KWH,8,2,FULL,23-07-2025,08:40:32,23-07-2025,08:41:04,23-07-2025,08:43:12,COMPLETED,0,1
79KWH,8,1,FULL,23-07-2025,08:42:00,23-07-2025,08:43:43,23-07-2025,08:45:33,COMPLETED,0,1
79KWH,8,3,FULL,23-07-2025,08:43:06,23-07-2025,08:44:29,23-07-2025,08:46:27,COMPLETED,0,1
79KWH,8,2,FULL,23-07-2025,08:43:19,23-07-2025,08:43:21,23-07-2025,08:45:03,COMPLETED,0,1
79KWH,8,1,FULL,23-07-2025,08:45:40,23-07-2025,08:45:41,23-07-2025,08:46:55,COMPLETED,0,1
79KWH,8,3,FULL,23-07-2025,08:47:40,23-07-2025,08:47:41,23-07-2025,08:48:56,COMPLETED,0,1
79KWH,8,2,FULL,23-07-2025,08:47:46,23-07-2025,08:47:46,23-07-2025,08:49:31,COMPLETED,0,1
79KWH,8,1,FULL,23-07-2025,08:49:16,23-07-2025,08:49:17,23-07-2025,08:50:29,COMPLETED,0,1
79KWH,8,3,FULL,23-07-2025,08:50:22,23-07-2025,08:50:22,23-07-2025,08:51:36,COMPLETED,0,1
79KWH,8,2,FULL,23-07-2025,08:50:36,23-07-2025,08:50:37,23-07-2025,08:52:20,COMPLETED,0,1
79KWH,8,1,FULL,23-07-2025,08:52:00,23-07-2025,08:52:02,23-07-2025,08:53:17,COMPLETED,0,1
79KWH,8,3,FULL,23-07-2025,08:53:15,23-07-2025,08:53:15,23-07-2025,08:54:32,COMPLETED,0,1
79KWH,8,2,FULL,23-07-2025,08:53:22,23-07-2025,08:53:23,23-07-2025,08:55:10,COMPLETED,0,1
79KWH,8,1,FULL,23-07-2025,08:54:47,23-07-2025,08:54:47,23-07-2025,08:56:01,COMPLETED,0,1
79KWH,8,3,FULL,23-07-2025,08:55:56,23-07-2025,08:55:57,23-07-2025,08:57:16,COMPLETED,0,1
79KWH,8,2,FULL,23-07-2025,08:56:11,23-07-2025,08:56:11,23-07-2025,08:57:55,COMPLETED,0,1
79KWH,8,1,FULL,23-07-2025,08:57:33,23-07-2025,08:57:34,23-07-2025,08:58:50,COMPLETED,0,1
79KWH,8,3,FULL,23-07-2025,08:58:49,23-07-2025,08:58:49,23-07-2025,09:00:06,COMPLETED,0,1
79KWH,8,1,FULL,23-07-2025,08:59:24,23-07-2025,08:59:24,23-07-2025,09:00:38,COMPLETED,0,1
79KWH,8,3,FULL,23-07-2025,09:00:36,23-07-2025,09:00:37,23-07-2025,09:01:52,COMPLETED,0,1
79KWH,8,1,FULL,23-07-2025,09:01:19,23-07-2025,09:01:19,23-07-2025,09:02:37,COMPLETED,0,1
79KWH,8,3,FULL,23-07-2025,09:02:29,23-07-2025,09:02:30,23-07-2025,09:03:48,COMPLETED,0,1
79KWH,8,1,FULL,23-07-2025,09:03:08,23-07-2025,09:03:09,23-07-2025,09:04:24,COMPLETED,0,1
79KWH,8,3,FULL,23-07-2025,09:04:20,23-07-2025,09:04:21,23-07-2025,09:05:37,COMPLETED,0,1
79KWH,8,1,FULL,23-07-2025,09:05:00,23-07-2025,09:05:01,23-07-2025,09:06:17,COMPLETED,0,1
79KWH,8,3,FULL,23-07-2025,09:06:16,23-07-2025,09:06:17,23-07-2025,09:07:36,COMPLETED,0,1
79KWH,8,1,FULL,23-07-2025,09:06:50,23-07-2025,09:06:51,23-07-2025,09:08:06,COMPLETED,0,1
79KWH,8,3,FULL,23-07-2025,09:08:03,23-07-2025,09:08:04,23-07-2025,09:09:21,COMPLETED,0,1
79KWH,8,1,FULL,23-07-2025,09:08:44,23-07-2025,09:08:44,23-07-2025,09:10:02,COMPLETED,0,1
79KWH,8,3,FULL,23-07-2025,09:09:56,23-07-2025,09:09:56,23-07-2025,09:11:16,COMPLETED,0,1
79KWH,8,1,FULL,23-07-2025,09:10:33,23-07-2025,09:10:34,23-07-2025,09:11:49,COMPLETED,0,1
79KWH,8,3,FULL,23-07-2025,09:11:46,23-07-2025,09:11:46,23-07-2025,09:13:05,COMPLETED,0,1
79KWH,8,1,FULL,23-07-2025,09:12:26,23-07-2025,09:12:27,23-07-2025,09:13:47,COMPLETED,0,1
79KWH,8,3,FULL,23-07-2025,09:32:31,23-07-2025,09:32:33,23-07-2025,09:33:53,COMPLETED,0,1
79KWH,8,1,FULL,23-07-2025,09:33:08,23-07-2025,09:33:10,23-07-2025,09:34:27,COMPLETED,0,1
79KWH,8,3,FULL,23-07-2025,09:34:23,23-07-2025,09:34:24,23-07-2025,09:35:42,COMPLETED,0,1
79KWH,8,1,FULL,23-07-2025,09:35:01,23-07-2025,09:35:02,23-07-2025,09:36:23,COMPLETED,0,1
79KWH,8,3,FULL,23-07-2025,09:36:14,23-07-2025,09:36:15,23-07-2025,09:37:37,COMPLETED,0,1
79KWH,8,1,FULL,23-07-2025,09:36:50,23-07-2025,09:36:51,23-07-2025,09:38:09,COMPLETED,0,1
79KWH,8,3,FULL,23-07-2025,09:38:03,23-07-2025,09:38:04,23-07-2025,09:39:22,COMPLETED,0,1
79KWH,8,1,FULL,23-07-2025,09:38:43,23-07-2025,09:38:45,23-07-2025,09:40:06,COMPLETED,0,1
79KWH,8,3,FULL,23-07-2025,09:39:59,23-07-2025,09:39:59,23-07-2025,09:41:21,COMPLETED,0,1
79KWH,8,1,FULL,23-07-2025,09:40:35,23-07-2025,09:40:36,23-07-2025,09:41:56,COMPLETED,0,1
79KWH,8,3,FULL,23-07-2025,09:41:46,23-07-2025,09:41:46,23-07-2025,09:43:06,COMPLETED,0,1
79KWH,8,1,FULL,23-07-2025,09:42:27,23-07-2025,09:42:28,23-07-2025,09:43:50,COMPLETED,0,1
79KWH,8,3,FULL,23-07-2025,09:43:41,23-07-2025,09:43:42,23-07-2025,09:45:05,COMPLETED,0,1
79KWH,8,1,FULL,23-07-2025,09:44:17,23-07-2025,09:44:18,23-07-2025,09:45:38,COMPLETED,0,1
79KWH,8,3,FULL,23-07-2025,09:51:59,23-07-2025,09:52:00,23-07-2025,09:53:20,COMPLETED,0,1
79KWH,8,1,FULL,23-07-2025,09:52:40,23-07-2025,09:52:40,23-07-2025,09:54:03,COMPLETED,0,1
79KWH,8,3,FULL,23-07-2025,09:53:54,23-07-2025,09:53:55,23-07-2025,09:55:18,COMPLETED,0,1
79KWH,8,1,FULL,23-07-2025,09:54:29,23-07-2025,09:54:33,23-07-2025,09:55:53,COMPLETED,0,1
79KWH,8,3,FULL,23-07-2025,09:55:42,23-07-2025,09:55:43,23-07-2025,09:57:05,COMPLETED,0,1
79KWH,8,1,FULL,23-07-2025,09:56:23,23-07-2025,09:56:24,23-07-2025,09:57:46,COMPLETED,0,1
79KWH,8,3,FULL,23-07-2025,09:57:36,23-07-2025,09:57:37,23-07-2025,09:59:01,COMPLETED,0,1
79KWH,8,1,FULL,23-07-2025,09:58:13,23-07-2025,09:58:15,23-07-2025,09:59:35,COMPLETED,0,1
79KWH,8,3,FULL,23-07-2025,09:59:26,23-07-2025,09:59:27,23-07-2025,10:00:54,COMPLETED,0,1
79KWH,8,1,FULL,23-07-2025,10:00:06,23-07-2025,10:00:06,23-07-2025,10:01:29,COMPLETED,0,1
79KWH,8,3,FULL,23-07-2025,10:01:19,23-07-2025,10:01:20,23-07-2025,10:02:45,COMPLETED,0,1
79KWH,8,1,FULL,23-07-2025,10:01:55,23-07-2025,10:01:56,23-07-2025,10:03:17,COMPLETED,0,1
79KWH,8,3,FULL,23-07-2025,10:03:08,23-07-2025,10:03:09,23-07-2025,10:04:35,COMPLETED,0,1
79KWH,8,1,FULL,23-07-2025,10:03:48,23-07-2025,10:03:50,23-07-2025,10:05:16,COMPLETED,0,1
79KWH,8,3,FULL,23-07-2025,10:05:02,23-07-2025,10:05:03,23-07-2025,10:06:29,COMPLETED,0,1
79KWH,8,1,FULL,23-07-2025,10:05:41,23-07-2025,10:05:41,23-07-2025,10:07:04,COMPLETED,0,1
79KWH,8,3,FULL,23-07-2025,10:06:52,23-07-2025,10:06:53,23-07-2025,10:08:22,COMPLETED,0,1
79KWH,8,1,FULL,23-07-2025,10:07:31,23-07-2025,10:07:31,23-07-2025,10:08:57,COMPLETED,0,1
79KWH,8,3,FULL,23-07-2025,10:08:46,23-07-2025,10:08:46,23-07-2025,10:10:13,COMPLETED,0,1
79KWH,8,1,FULL,23-07-2025,10:09:24,23-07-2025,10:09:25,23-07-2025,10:10:49,COMPLETED,0,1
79KWH,8,3,FULL,23-07-2025,10:10:36,23-07-2025,10:10:37,23-07-2025,10:12:01,COMPLETED,0,1
79KWH,8,1,FULL,23-07-2025,10:11:14,23-07-2025,10:11:15,23-07-2025,10:12:43,COMPLETED,0,1
79KWH,8,3,FULL,23-07-2025,10:12:26,23-07-2025,10:12:28,23-07-2025,10:14:01,COMPLETED,0,1
79KWH,8,1,FULL,23-07-2025,10:13:04,23-07-2025,10:13:05,23-07-2025,10:14:30,COMPLETED,0,1
79KWH,8,3,FULL,23-07-2025,10:14:18,23-07-2025,10:14:19,23-07-2025,10:15:49,COMPLETED,0,1
79KWH,8,1,FULL,23-07-2025,10:15:04,23-07-2025,10:15:05,23-07-2025,10:16:32,COMPLETED,0,1
79KWH,8,3,FULL,23-07-2025,10:16:12,23-07-2025,10:16:12,23-07-2025,10:17:40,COMPLETED,0,1
79KWH,8,1,FULL,23-07-2025,10:16:53,23-07-2025,10:16:54,23-07-2025,10:18:20,COMPLETED,0,1
79KWH,8,3,FULL,23-07-2025,10:18:00,23-07-2025,10:18:00,23-07-2025,10:19:26,COMPLETED,0,1
79KWH,8,1,FULL,23-07-2025,10:18:48,23-07-2025,10:18:49,23-07-2025,10:20:19,COMPLETED,0,1
79KWH,8,3,FULL,23-07-2025,10:19:54,23-07-2025,10:19:54,23-07-2025,10:21:22,COMPLETED,0,1
79KWH,8,1,FULL,23-07-2025,10:20:37,23-07-2025,10:20:38,23-07-2025,10:22:04,COMPLETED,0,1
79KWH,8,3,FULL,23-07-2025,10:21:43,23-07-2025,10:21:44,23-07-2025,10:23:11,COMPLETED,0,1
79KWH,8,1,FULL,23-07-2025,10:22:29,23-07-2025,10:22:30,23-07-2025,10:23:58,COMPLETED,0,1
79KWH,8,3,FULL,23-07-2025,10:23:38,23-07-2025,10:23:39,23-07-2025,10:25:08,COMPLETED,0,1
79KWH,8,1,FULL,23-07-2025,10:24:19,23-07-2025,10:24:20,23-07-2025,10:25:47,COMPLETED,0,1
79KWH,8,3,FULL,23-07-2025,10:25:26,23-07-2025,10:25:27,23-07-2025,10:26:55,COMPLETED,0,1
79KWH,8,1,FULL,23-07-2025,10:26:14,23-07-2025,10:26:15,23-07-2025,10:27:45,COMPLETED,0,1
79KWH,8,3,FULL,23-07-2025,10:27:19,23-07-2025,10:27:20,23-07-2025,10:28:52,COMPLETED,0,1
79KWH,8,1,FULL,23-07-2025,10:28:03,23-07-2025,10:28:05,23-07-2025,10:29:33,COMPLETED,0,1
79KWH,8,1,FULL,23-07-2025,10:47:41,23-07-2025,10:47:42,23-07-2025,10:49:14,COMPLETED,0,1
79KWH,8,3,FULL,23-07-2025,10:47:49,23-07-2025,10:47:49,23-07-2025,10:49:18,COMPLETED,0,1
79KWH,8,1,FULL,23-07-2025,10:49:20,23-07-2025,10:49:23,23-07-2025,10:50:52,COMPLETED,0,1
79KWH,8,3,FULL,23-07-2025,10:49:26,23-07-2025,10:49:27,23-07-2025,10:50:58,COMPLETED,0,1
79KWH,8,1,FULL,23-07-2025,10:51:01,23-07-2025,10:51:03,23-07-2025,10:52:34,COMPLETED,0,1
79KWH,8,3,FULL,23-07-2025,10:51:04,23-07-2025,10:51:08,23-07-2025,10:52:37,COMPLETED,0,1
79KWH,8,1,FULL,23-07-2025,10:52:41,23-07-2025,10:52:43,23-07-2025,10:54:12,COMPLETED,0,1
79KWH,8,3,FULL,23-07-2025,10:52:45,23-07-2025,10:52:45,23-07-2025,10:54:16,COMPLETED,0,1
79KWH,8,1,FULL,23-07-2025,10:54:20,23-07-2025,10:54:21,23-07-2025,10:55:54,COMPLETED,0,1
79KWH,8,3,FULL,23-07-2025,10:54:22,23-07-2025,10:54:26,23-07-2025,10:55:56,COMPLETED,0,1
79KWH,8,1,FULL,23-07-2025,10:56:00,23-07-2025,10:56:02,23-07-2025,10:57:33,COMPLETED,0,1
79KWH,8,3,FULL,23-07-2025,10:56:03,23-07-2025,10:56:04,23-07-2025,10:57:36,COMPLETED,0,1
79KWH,8,1,FULL,23-07-2025,10:57:42,23-07-2025,10:57:42,23-07-2025,10:59:16,COMPLETED,0,1
79KWH,8,3,FULL,23-07-2025,10:57:42,23-07-2025,10:57:46,23-07-2025,10:59:17,COMPLETED,0,1
79KWH,8,1,FULL,23-07-2025,10:59:23,23-07-2025,10:59:24,23-07-2025,11:00:57,COMPLETED,0,1
79KWH,8,3,FULL,23-07-2025,10:59:25,23-07-2025,10:59:26,23-07-2025,11:00:59,COMPLETED,0,1
79KWH,8,1,FULL,23-07-2025,11:01:05,23-07-2025,11:01:06,23-07-2025,11:02:41,COMPLETED,0,1
79KWH,8,3,FULL,23-07-2025,11:01:05,23-07-2025,11:01:09,23-07-2025,11:02:46,COMPLETED,0,1
79KWH,8,1,FULL,23-07-2025,11:02:47,23-07-2025,11:02:50,23-07-2025,11:04:24,COMPLETED,0,1
79KWH,8,3,FULL,23-07-2025,11:02:53,23-07-2025,11:02:56,23-07-2025,11:04:31,COMPLETED,0,1
79KWH,8,1,FULL,23-07-2025,11:04:32,23-07-2025,11:04:32,23-07-2025,11:06:07,COMPLETED,0,1
79KWH,8,3,FULL,23-07-2025,11:04:38,23-07-2025,11:04:39,23-07-2025,11:06:12,COMPLETED,0,1
79KWH,8,1,FULL,23-07-2025,11:06:14,23-07-2025,11:06:16,23-07-2025,11:07:50,COMPLETED,0,1
79KWH,8,3,FULL,23-07-2025,11:06:20,23-07-2025,11:06:21,23-07-2025,11:07:56,COMPLETED,0,1
79KWH,8,1,FULL,23-07-2025,11:07:58,23-07-2025,11:07:58,23-07-2025,11:09:38,COMPLETED,0,1
79KWH,8,3,FULL,23-07-2025,11:08:03,23-07-2025,11:08:06,23-07-2025,11:09:40,COMPLETED,0,1
79KWH,8,2,FULL,23-07-2025,11:09:00,23-07-2025,11:09:00,23-07-2025,11:10:42,COMPLETED,0,1
79KWH,8,1,FULL,23-07-2025,11:09:44,23-07-2025,11:09:48,23-07-2025,11:11:21,COMPLETED,0,1
79KWH,8,3,FULL,23-07-2025,11:09:48,23-07-2025,11:09:49,23-07-2025,11:11:26,COMPLETED,0,1
79KWH,8,1,FULL,23-07-2025,11:11:29,23-07-2025,11:11:30,23-07-2025,11:13:07,COMPLETED,0,1
79KWH,8,3,FULL,23-07-2025,11:11:32,23-07-2025,11:11:36,23-07-2025,11:13:17,COMPLETED,0,1
79KWH,8,2,FULL,23-07-2025,11:11:42,23-07-2025,11:11:43,23-07-2025,11:13:24,COMPLETED,0,1
79KWH,8,1,FULL,23-07-2025,11:13:13,23-07-2025,11:13:16,23-07-2025,11:14:51,COMPLETED,0,1
79KWH,8,3,FULL,23-07-2025,11:13:25,23-07-2025,11:13:25,23-07-2025,11:15:04,COMPLETED,0,1
79KWH,8,2,FULL,23-07-2025,11:14:34,23-07-2025,11:14:34,23-07-2025,11:16:17,COMPLETED,0,1
79KWH,8,3,FULL,23-07-2025,11:15:10,23-07-2025,11:15:12,23-07-2025,11:16:48,COMPLETED,0,1
79KWH,8,1,FULL,23-07-2025,11:15:58,23-07-2025,11:15:59,23-07-2025,11:17:37,COMPLETED,0,1
79KWH,8,3,FULL,23-07-2025,11:17:09,23-07-2025,11:17:11,23-07-2025,11:18:49,COMPLETED,0,1
79KWH,8,2,FULL,23-07-2025,11:17:16,23-07-2025,11:17:16,23-07-2025,11:18:57,COMPLETED,0,1
79KWH,8,1,FULL,23-07-2025,11:18:46,23-07-2025,11:18:47,23-07-2025,11:20:23,COMPLETED,0,1
79KWH,8,3,FULL,23-07-2025,11:19:54,23-07-2025,11:19:56,23-07-2025,11:21:32,COMPLETED,0,1
79KWH,8,2,FULL,23-07-2025,11:20:09,23-07-2025,11:20:10,23-07-2025,11:21:54,COMPLETED,0,1
79KWH,8,1,FULL,23-07-2025,11:21:33,23-07-2025,11:21:33,23-07-2025,11:23:12,COMPLETED,0,1
79KWH,8,3,FULL,23-07-2025,11:22:46,23-07-2025,11:22:46,23-07-2025,11:24:26,COMPLETED,0,1
79KWH,8,2,FULL,23-07-2025,11:22:51,23-07-2025,11:22:53,23-07-2025,11:24:35,COMPLETED,0,1
79KWH,8,1,FULL,23-07-2025,11:24:20,23-07-2025,11:24:20,23-07-2025,11:25:57,COMPLETED,0,1
79KWH,8,3,FULL,23-07-2025,11:25:26,23-07-2025,11:25:27,23-07-2025,11:27:09,COMPLETED,0,1
79KWH,8,2,FULL,23-07-2025,11:25:43,23-07-2025,11:25:43,23-07-2025,11:27:28,COMPLETED,0,1
79KWH,8,1,FULL,23-07-2025,11:27:06,23-07-2025,11:41:28,23-07-2025,11:43:08,COMPLETED,0,1
79KWH,8,2,FULL,23-07-2025,11:34:55,23-07-2025,11:41:29,23-07-2025,11:43:11,COMPLETED,0,1
79KWH,8,3,FULL,23-07-2025,11:34:57,23-07-2025,11:41:30,23-07-2025,11:43:12,COMPLETED,0,1
79KWH,8,1,FULL,23-07-2025,11:43:15,23-07-2025,11:43:16,23-07-2025,11:44:54,COMPLETED,0,1
79KWH,8,3,FULL,23-07-2025,11:43:18,23-07-2025,11:45:16,23-07-2025,11:47:16,COMPLETED,0,1
79KWH,8,2,FULL,23-07-2025,11:43:20,23-07-2025,11:44:43,23-07-2025,11:46:47,COMPLETED,0,1
79KWH,8,1,FULL,23-07-2025,11:45:03,23-07-2025,11:47:04,23-07-2025,11:49:12,COMPLETED,0,1
79KWH,8,2,FULL,23-07-2025,11:46:55,23-07-2025,11:46:56,23-07-2025,11:48:39,COMPLETED,0,1
79KWH,8,3,FULL,23-07-2025,11:47:24,23-07-2025,11:49:18,23-07-2025,11:51:21,COMPLETED,0,1
79KWH,8,2,FULL,23-07-2025,11:48:47,23-07-2025,11:48:49,23-07-2025,11:50:37,COMPLETED,0,1
79KWH,8,1,FULL,23-07-2025,11:49:19,23-07-2025,11:49:21,23-07-2025,11:51:05,COMPLETED,0,1
79KWH,8,2,FULL,23-07-2025,11:50:43,23-07-2025,11:50:45,23-07-2025,11:52:32,COMPLETED,0,1
79KWH,8,1,FULL,23-07-2025,11:51:13,23-07-2025,11:53:21,23-07-2025,11:55:23,COMPLETED,0,1
79KWH,8,3,FULL,23-07-2025,11:51:28,23-07-2025,11:51:29,23-07-2025,11:53:10,COMPLETED,0,1
79KWH,8,2,FULL,23-07-2025,11:52:43,23-07-2025,11:54:08,23-07-2025,11:56:16,COMPLETED,0,1
79KWH,8,3,FULL,23-07-2025,11:53:19,23-07-2025,11:55:08,23-07-2025,11:57:12,COMPLETED,0,1
79KWH,8,1,FULL,23-07-2025,11:55:29,23-07-2025,11:55:31,23-07-2025,11:57:11,COMPLETED,0,1
79KWH,8,2,FULL,23-07-2025,11:56:22,23-07-2025,11:57:48,23-07-2025,11:59:54,COMPLETED,0,1
79KWH,8,3,FULL,23-07-2025,11:57:18,23-07-2025,11:57:21,23-07-2025,11:59:01,COMPLETED,0,1
79KWH,8,1,FULL,23-07-2025,11:57:19,23-07-2025,11:59:20,23-07-2025,12:01:23,COMPLETED,0,1
79KWH,8,3,FULL,23-07-2025,11:59:09,23-07-2025,12:01:03,23-07-2025,12:03:08,COMPLETED,0,1
79KWH,8,2,FULL,23-07-2025,12:00:02,23-07-2025,12:00:03,23-07-2025,12:01:57,COMPLETED,0,1
79KWH,8,1,FULL,23-07-2025,12:01:30,23-07-2025,12:03:40,23-07-2025,12:05:41,COMPLETED,0,1
79KWH,8,2,FULL,23-07-2025,12:02:03,23-07-2025,12:02:07,23-07-2025,12:04:00,COMPLETED,0,1
79KWH,8,3,FULL,23-07-2025,12:03:14,23-07-2025,12:05:05,23-07-2025,12:07:07,COMPLETED,0,1
79KWH,8,2,FULL,23-07-2025,12:04:10,23-07-2025,12:05:35,23-07-2025,12:07:44,COMPLETED,0,1
79KWH,8,1,FULL,23-07-2025,12:05:49,23-07-2025,12:07:24,23-07-2025,12:09:28,COMPLETED,0,1
79KWH,8,3,FULL,23-07-2025,12:07:16,23-07-2025,12:07:16,23-07-2025,12:09:01,COMPLETED,0,1
79KWH,8,2,FULL,23-07-2025,12:07:50,23-07-2025,12:07:54,23-07-2025,12:09:47,COMPLETED,0,1
79KWH,8,3,FULL,23-07-2025,12:09:07,23-07-2025,12:09:10,23-07-2025,12:10:57,COMPLETED,0,1
79KWH,8,1,FULL,23-07-2025,12:09:35,23-07-2025,12:09:36,23-07-2025,12:11:17,COMPLETED,0,1
79KWH,8,2,FULL,23-07-2025,12:09:56,23-07-2025,12:11:22,23-07-2025,12:13:31,COMPLETED,0,1
79KWH,8,3,FULL,23-07-2025,12:11:04,23-07-2025,12:12:58,23-07-2025,12:15:03,COMPLETED,0,1
79KWH,8,1,FULL,23-07-2025,12:11:25,23-07-2025,12:13:27,23-07-2025,12:15:31,COMPLETED,0,1
79KWH,8,2,FULL,23-07-2025,12:13:38,23-07-2025,12:13:40,23-07-2025,12:15:33,COMPLETED,0,1
79KWH,8,3,FULL,23-07-2025,12:15:09,23-07-2025,12:17:01,23-07-2025,12:19:02,COMPLETED,0,1
79KWH,8,1,FULL,23-07-2025,12:15:39,23-07-2025,12:15:40,23-07-2025,12:17:23,COMPLETED,0,1
79KWH,8,2,FULL,23-07-2025,12:15:42,23-07-2025,12:17:10,23-07-2025,12:19:20,COMPLETED,0,1
79KWH,8,1,FULL,23-07-2025,12:17:31,23-07-2025,12:24:23,23-07-2025,12:26:26,COMPLETED,0,1
79KWH,8,3,FULL,23-07-2025,12:19:10,23-07-2025,12:21:05,23-07-2025,12:23:11,COMPLETED,0,1
79KWH,8,2,FULL,23-07-2025,12:19:27,23-07-2025,12:19:30,23-07-2025,12:21:25,COMPLETED,0,1
79KWH,8,2,FULL,23-07-2025,12:21:35,23-07-2025,12:22:56,23-07-2025,12:25:07,COMPLETED,0,1
79KWH,8,3,FULL,23-07-2025,12:23:17,23-07-2025,12:23:20,23-07-2025,12:25:06,COMPLETED,0,1
79KWH,8,3,FULL,23-07-2025,12:25:14,23-07-2025,12:27:01,23-07-2025,12:29:07,COMPLETED,0,1
79KWH,8,2,FULL,23-07-2025,12:25:14,23-07-2025,12:25:17,23-07-2025,12:27:13,COMPLETED,0,1
79KWH,8,1,FULL,23-07-2025,12:26:33,23-07-2025,12:26:35,23-07-2025,12:28:18,COMPLETED,0,1
79KWH,8,2,FULL,23-07-2025,12:27:21,23-07-2025,12:28:47,23-07-2025,12:30:59,COMPLETED,0,1
79KWH,8,1,FULL,23-07-2025,12:28:26,23-07-2025,12:29:49,23-07-2025,12:31:55,COMPLETED,0,1
79KWH,8,3,FULL,23-07-2025,12:29:13,23-07-2025,12:29:17,23-07-2025,12:31:01,COMPLETED,0,1
79KWH,8,2,FULL,23-07-2025,12:31:05,23-07-2025,12:32:31,23-07-2025,12:34:41,COMPLETED,0,1
79KWH,8,3,FULL,23-07-2025,12:31:09,23-07-2025,12:33:03,23-07-2025,12:35:10,COMPLETED,0,1
79KWH,8,1,FULL,23-07-2025,12:32:00,23-07-2025,12:32:03,23-07-2025,12:33:47,COMPLETED,0,1
79KWH,8,1,FULL,23-07-2025,12:33:55,23-07-2025,12:35:22,23-07-2025,12:37:27,COMPLETED,0,1
79KWH,8,2,FULL,23-07-2025,12:34:49,23-07-2025,12:36:16,23-07-2025,12:38:27,COMPLETED,0,1
79KWH,8,3,FULL,23-07-2025,12:35:15,23-07-2025,12:35:19,23-07-2025,12:37:04,COMPLETED,0,1
79KWH,8,3,FULL,23-07-2025,12:37:12,23-07-2025,12:39:01,23-07-2025,12:41:08,COMPLETED,0,1
79KWH,8,1,FULL,23-07-2025,12:37:33,23-07-2025,12:37:36,23-07-2025,12:39:21,COMPLETED,0,1
79KWH,8,2,FULL,23-07-2025,12:38:35,23-07-2025,12:40:01,23-07-2025,12:42:10,COMPLETED,0,1
79KWH,8,1,FULL,23-07-2025,12:39:29,23-07-2025,12:41:08,23-07-2025,12:43:13,COMPLETED,0,1
79KWH,8,3,FULL,23-07-2025,12:41:15,23-07-2025,12:41:18,23-07-2025,12:43:04,COMPLETED,0,1
79KWH,8,2,FULL,23-07-2025,12:42:20,23-07-2025,12:43:46,23-07-2025,12:45:57,COMPLETED,0,1
79KWH,8,3,FULL,23-07-2025,12:43:13,23-07-2025,12:45:06,23-07-2025,12:47:14,COMPLETED,0,1
79KWH,8,1,FULL,23-07-2025,12:43:18,23-07-2025,12:43:22,23-07-2025,12:45:06,COMPLETED,0,1
79KWH,8,1,FULL,23-07-2025,12:45:14,23-07-2025,12:45:14,23-07-2025,12:47:02,COMPLETED,0,1
79KWH,8,2,FULL,23-07-2025,12:46:04,23-07-2025,12:47:29,23-07-2025,12:49:39,COMPLETED,0,1
79KWH,8,1,FULL,23-07-2025,12:47:09,23-07-2025,12:47:10,23-07-2025,12:48:55,COMPLETED,0,1
79KWH,8,3,FULL,23-07-2025,12:47:19,23-07-2025,12:47:23,23-07-2025,12:49:10,COMPLETED,0,1
79KWH,8,1,FULL,23-07-2025,12:49:04,23-07-2025,12:49:06,23-07-2025,12:50:54,COMPLETED,0,1
79KWH,8,3,FULL,23-07-2025,12:49:18,23-07-2025,12:51:07,23-07-2025,12:53:15,COMPLETED,0,1
79KWH,8,2,FULL,23-07-2025,12:49:48,23-07-2025,12:49:48,23-07-2025,12:51:49,COMPLETED,0,1
79KWH,8,1,FULL,23-07-2025,12:51:00,23-07-2025,12:51:04,23-07-2025,12:52:50,COMPLETED,0,1
79KWH,8,2,FULL,23-07-2025,12:51:55,23-07-2025,12:51:57,23-07-2025,12:53:56,COMPLETED,0,1
79KWH,8,1,FULL,23-07-2025,12:52:59,23-07-2025,12:53:00,23-07-2025,12:54:49,COMPLETED,0,1
79KWH,8,3,FULL,23-07-2025,12:53:21,23-07-2025,12:53:24,23-07-2025,12:55:12,COMPLETED,0,1
79KWH,8,2,FULL,23-07-2025,12:54:05,23-07-2025,12:54:05,23-07-2025,12:56:06,COMPLETED,0,1
79KWH,8,1,FULL,23-07-2025,12:54:54,23-07-2025,12:54:57,23-07-2025,12:56:45,COMPLETED,0,1
79KWH,8,3,FULL,23-07-2025,12:55:20,23-07-2025,12:57:13,23-07-2025,12:59:22,COMPLETED,0,1
79KWH,8,2,FULL,23-07-2025,12:56:12,23-07-2025,12:56:15,23-07-2025,12:58:14,COMPLETED,0,1
79KWH,8,1,FULL,23-07-2025,12:56:53,23-07-2025,12:56:54,23-07-2025,12:58:45,COMPLETED,0,1
79KWH,8,2,FULL,23-07-2025,12:58:23,23-07-2025,12:58:23,23-07-2025,13:00:25,COMPLETED,0,1
79KWH,8,1,FULL,23-07-2025,12:58:51,23-07-2025,12:58:53,23-07-2025,13:00:44,COMPLETED,0,1
79KWH,8,3,FULL,23-07-2025,12:59:28,23-07-2025,12:59:30,23-07-2025,13:01:19,COMPLETED,0,1
79KWH,8,2,FULL,23-07-2025,13:00:31,23-07-2025,13:00:34,23-07-2025,13:02:35,COMPLETED,0,1
79KWH,8,1,FULL,23-07-2025,13:00:53,23-07-2025,13:00:53,23-07-2025,13:02:44,COMPLETED,0,1
79KWH,8,3,FULL,23-07-2025,13:01:27,23-07-2025,13:03:16,23-07-2025,13:05:24,COMPLETED,0,1
79KWH,8,2,FULL,23-07-2025,13:02:44,23-07-2025,13:02:45,23-07-2025,13:04:48,COMPLETED,0,1
79KWH,8,1,FULL,23-07-2025,13:02:50,23-07-2025,13:02:52,23-07-2025,13:04:40,COMPLETED,0,1
79KWH,8,1,FULL,23-07-2025,13:04:49,23-07-2025,13:04:50,23-07-2025,13:06:47,COMPLETED,0,1
79KWH,8,2,FULL,23-07-2025,13:04:54,23-07-2025,13:04:58,23-07-2025,13:07:03,COMPLETED,0,1
79KWH,8,3,FULL,23-07-2025,13:05:30,23-07-2025,13:07:30,23-07-2025,13:09:43,COMPLETED,0,1
79KWH,8,1,FULL,23-07-2025,13:06:54,23-07-2025,13:06:55,23-07-2025,13:08:56,COMPLETED,0,1
79KWH,8,2,FULL,23-07-2025,13:07:40,23-07-2025,13:07:41,23-07-2025,13:09:52,COMPLETED,0,1
79KWH,8,1,FULL,23-07-2025,13:09:05,23-07-2025,13:09:06,23-07-2025,13:11:10,COMPLETED,0,1
79KWH,8,3,FULL,23-07-2025,13:09:52,23-07-2025,13:09:53,23-07-2025,13:11:51,COMPLETED,0,1
79KWH,8,2,FULL,23-07-2025,13:09:58,23-07-2025,13:10:01,23-07-2025,13:12:10,COMPLETED,0,1
79KWH,8,1,FULL,23-07-2025,13:11:16,23-07-2025,13:11:18,23-07-2025,13:13:23,COMPLETED,0,1
79KWH,8,3,FULL,23-07-2025,13:11:57,23-07-2025,13:12:00,23-07-2025,13:13:56,COMPLETED,0,1
79KWH,8,2,FULL,23-07-2025,13:12:29,23-07-2025,13:13:49,23-07-2025,13:16:11,COMPLETED,0,1
79KWH,8,1,FULL,23-07-2025,13:13:31,23-07-2025,13:15:23,23-07-2025,13:17:42,COMPLETED,0,1
79KWH,8,3,FULL,23-07-2025,13:14:04,23-07-2025,13:15:57,23-07-2025,13:18:14,COMPLETED,0,1
79KWH,8,2,FULL,23-07-2025,13:16:18,23-07-2025,13:16:20,23-07-2025,13:18:29,COMPLETED,0,1
79KWH,8,1,FULL,23-07-2025,13:17:48,23-07-2025,13:20:12,23-07-2025,13:22:29,COMPLETED,0,1
79KWH,8,3,FULL,23-07-2025,13:18:19,23-07-2025,13:18:23,23-07-2025,13:20:20,COMPLETED,0,1
79KWH,8,2,FULL,23-07-2025,13:18:39,23-07-2025,13:20:02,23-07-2025,13:22:26,COMPLETED,0,1
79KWH,8,3,FULL,23-07-2025,13:20:28,23-07-2025,13:20:29,23-07-2025,13:22:29,COMPLETED,0,1
79KWH,8,2,FULL,23-07-2025,13:22:32,23-07-2025,13:22:35,23-07-2025,13:24:49,COMPLETED,0,1
79KWH,8,3,FULL,23-07-2025,13:22:35,23-07-2025,13:22:38,23-07-2025,13:24:36,COMPLETED,0,1
79KWH,8,1,FULL,23-07-2025,13:22:37,23-07-2025,13:22:37,23-07-2025,13:24:42,COMPLETED,0,1
79KWH,8,3,FULL,23-07-2025,13:24:44,23-07-2025,13:24:44,23-07-2025,13:26:44,COMPLETED,0,1
79KWH,8,1,FULL,23-07-2025,13:24:48,23-07-2025,13:24:50,23-07-2025,13:26:54,COMPLETED,0,1
79KWH,8,2,FULL,23-07-2025,13:24:58,23-07-2025,13:24:59,23-07-2025,13:27:16,COMPLETED,0,1
79KWH,8,3,FULL,23-07-2025,13:26:51,23-07-2025,13:26:54,23-07-2025,13:28:52,COMPLETED,0,1
79KWH,8,1,FULL,23-07-2025,13:27:02,23-07-2025,13:27:03,23-07-2025,13:29:10,COMPLETED,0,1
79KWH,8,2,FULL,23-07-2025,13:27:22,23-07-2025,13:27:26,23-07-2025,13:29:41,COMPLETED,0,1
79KWH,8,3,FULL,23-07-2025,13:29:00,23-07-2025,13:29:01,23-07-2025,13:31:02,COMPLETED,0,1
79KWH,8,1,FULL,23-07-2025,13:29:16,23-07-2025,13:29:18,23-07-2025,13:31:23,COMPLETED,0,1
79KWH,8,2,FULL,23-07-2025,13:29:50,23-07-2025,13:29:50,23-07-2025,13:32:07,COMPLETED,0,1
79KWH,8,3,FULL,23-07-2025,13:31:08,23-07-2025,13:31:10,23-07-2025,13:33:10,COMPLETED,0,1
79KWH,8,1,FULL,23-07-2025,13:31:31,23-07-2025,13:31:32,23-07-2025,13:33:40,COMPLETED,0,1
79KWH,8,2,FULL,23-07-2025,13:32:13,23-07-2025,13:32:17,23-07-2025,13:34:34,COMPLETED,0,1
79KWH,8,3,FULL,23-07-2025,13:33:18,23-07-2025,13:33:20,23-07-2025,13:35:22,COMPLETED,0,1
79KWH,8,1,FULL,23-07-2025,13:33:45,23-07-2025,13:33:49,23-07-2025,13:35:54,COMPLETED,0,1
79KWH,8,2,FULL,23-07-2025,13:34:42,23-07-2025,13:34:43,23-07-2025,13:37:02,COMPLETED,0,1
79KWH,8,3,FULL,23-07-2025,13:35:29,23-07-2025,13:35:32,23-07-2025,13:37:33,COMPLETED,0,1
79KWH,8,1,FULL,23-07-2025,13:36:03,23-07-2025,13:36:05,23-07-2025,13:38:18,COMPLETED,0,1
79KWH,8,2,FULL,23-07-2025,13:37:21,23-07-2025,13:37:22,23-07-2025,13:39:39,COMPLETED,0,1
79KWH,8,3,FULL,23-07-2025,13:37:40,23-07-2025,13:37:41,23-07-2025,13:39:44,COMPLETED,0,1
79KWH,8,1,FULL,23-07-2025,13:38:24,23-07-2025,13:38:27,23-07-2025,13:40:34,COMPLETED,0,1
79KWH,8,3,FULL,23-07-2025,13:39:49,23-07-2025,13:39:53,23-07-2025,13:41:55,COMPLETED,0,1
79KWH,8,2,FULL,23-07-2025,13:40:14,23-07-2025,13:40:14,23-07-2025,13:42:34,COMPLETED,0,1
79KWH,8,1,FULL,23-07-2025,13:40:44,23-07-2025,13:40:45,23-07-2025,13:42:55,COMPLETED,0,1
79KWH,8,3,FULL,23-07-2025,13:42:03,23-07-2025,13:42:04,23-07-2025,13:44:08,COMPLETED,0,1
79KWH,8,2,FULL,23-07-2025,13:42:55,23-07-2025,13:42:55,23-07-2025,13:45:12,COMPLETED,0,1
79KWH,8,1,FULL,23-07-2025,13:43:01,23-07-2025,13:43:05,23-07-2025,13:45:13,COMPLETED,0,1
79KWH,8,3,FULL,23-07-2025,13:44:15,23-07-2025,13:44:17,23-07-2025,13:46:18,COMPLETED,0,1
79KWH,8,1,FULL,23-07-2025,13:45:21,23-07-2025,13:45:22,23-07-2025,13:47:32,COMPLETED,0,1
79KWH,8,2,FULL,23-07-2025,13:45:47,23-07-2025,13:45:49,23-07-2025,13:48:09,COMPLETED,0,1
79KWH,8,3,FULL,23-07-2025,13:46:27,23-07-2025,13:46:27,23-07-2025,13:48:32,COMPLETED,0,1
79KWH,8,1,FULL,23-07-2025,13:47:39,23-07-2025,13:47:42,23-07-2025,13:49:51,COMPLETED,0,1
79KWH,8,2,FULL,23-07-2025,13:48:29,23-07-2025,13:48:30,23-07-2025,13:50:48,COMPLETED,0,1
79KWH,8,3,FULL,23-07-2025,13:48:39,23-07-2025,13:48:41,23-07-2025,13:50:44,COMPLETED,0,1
79KWH,8,1,FULL,23-07-2025,13:49:58,23-07-2025,13:49:59,23-07-2025,13:52:16,COMPLETED,0,1
79KWH,8,3,FULL,23-07-2025,13:50:52,23-07-2025,13:50:53,23-07-2025,13:52:59,COMPLETED,0,1
79KWH,8,2,FULL,23-07-2025,13:51:21,23-07-2025,13:51:22,23-07-2025,13:53:42,COMPLETED,0,1
79KWH,8,1,FULL,23-07-2025,13:52:22,23-07-2025,13:52:25,23-07-2025,13:54:35,COMPLETED,0,1
79KWH,8,3,FULL,23-07-2025,13:53:05,23-07-2025,13:53:07,23-07-2025,13:55:11,COMPLETED,0,1
79KWH,8,2,FULL,23-07-2025,13:54:04,23-07-2025,13:54:04,23-07-2025,13:56:23,COMPLETED,0,1
79KWH,8,1,FULL,23-07-2025,13:54:42,23-07-2025,13:54:43,23-07-2025,13:56:56,COMPLETED,0,1
79KWH,8,3,FULL,23-07-2025,13:55:19,23-07-2025,13:55:19,23-07-2025,13:57:25,COMPLETED,0,1
79KWH,8,2,FULL,23-07-2025,13:56:56,23-07-2025,13:56:57,23-07-2025,13:59:19,COMPLETED,0,1
79KWH,8,1,FULL,23-07-2025,13:57:02,23-07-2025,13:57:04,23-07-2025,13:59:14,COMPLETED,0,1
79KWH,8,3,FULL,23-07-2025,13:57:31,23-07-2025,13:57:35,23-07-2025,13:59:40,COMPLETED,0,1
79KWH,8,1,FULL,23-07-2025,13:59:23,23-07-2025,13:59:24,23-07-2025,14:01:37,COMPLETED,0,1
79KWH,8,2,FULL,23-07-2025,13:59:38,23-07-2025,13:59:39,23-07-2025,14:01:59,COMPLETED,0,1
79KWH,8,3,FULL,23-07-2025,13:59:48,23-07-2025,13:59:49,23-07-2025,14:01:56,COMPLETED,0,1
79KWH,8,1,FULL,23-07-2025,14:01:43,23-07-2025,14:01:47,23-07-2025,14:03:58,COMPLETED,0,1
79KWH,8,3,FULL,23-07-2025,14:02:16,23-07-2025,14:02:17,23-07-2025,14:04:23,COMPLETED,0,1
79KWH,8,2,FULL,23-07-2025,15:29:33,23-07-2025,15:29:36,23-07-2025,15:32:04,COMPLETED,0,1
79KWH,8,1,FULL,23-07-2025,15:30:42,23-07-2025,15:30:42,23-07-2025,15:33:06,COMPLETED,0,1
79KWH,8,2,FULL,23-07-2025,15:32:10,23-07-2025,15:32:12,23-07-2025,15:34:34,COMPLETED,0,1
79KWH,8,1,FULL,23-07-2025,15:33:12,23-07-2025,15:33:14,23-07-2025,15:35:27,COMPLETED,0,1
79KWH,8,2,FULL,23-07-2025,15:34:43,23-07-2025,15:34:43,23-07-2025,15:37:07,COMPLETED,0,1
79KWH,8,1,FULL,23-07-2025,15:35:35,23-07-2025,15:35:36,23-07-2025,15:37:51,COMPLETED,0,1
79KWH,8,2,FULL,23-07-2025,15:37:13,23-07-2025,15:37:17,23-07-2025,15:39:37,COMPLETED,0,1
79KWH,8,1,FULL,23-07-2025,15:37:57,23-07-2025,15:38:00,23-07-2025,15:40:13,COMPLETED,0,1
79KWH,8,2,FULL,23-07-2025,15:39:46,23-07-2025,15:41:07,23-07-2025,15:43:35,COMPLETED,0,1
79KWH,8,1,FULL,23-07-2025,15:40:21,23-07-2025,15:42:44,23-07-2025,15:45:08,COMPLETED,0,1
79KWH,8,2,FULL,23-07-2025,15:43:42,23-07-2025,15:43:45,23-07-2025,15:46:08,COMPLETED,0,1
79KWH,8,1,FULL,23-07-2025,15:45:13,23-07-2025,15:47:12,23-07-2025,15:49:35,COMPLETED,0,1
79KWH,8,2,FULL,23-07-2025,15:46:17,23-07-2025,15:47:46,23-07-2025,15:50:14,COMPLETED,0,1
79KWH,8,1,FULL,23-07-2025,15:49:43,23-07-2025,15:49:44,23-07-2025,15:52:01,COMPLETED,0,1
79KWH,8,2,FULL,23-07-2025,15:50:21,23-07-2025,15:50:24,23-07-2025,15:52:48,COMPLETED,0,1
79KWH,8,1,FULL,23-07-2025,15:52:08,23-07-2025,15:52:10,23-07-2025,15:54:24,COMPLETED,0,1
79KWH,8,2,FULL,23-07-2025,15:52:56,23-07-2025,15:52:58,23-07-2025,15:55:24,COMPLETED,0,1
79KWH,8,1,FULL,23-07-2025,15:54:34,23-07-2025,15:54:34,23-07-2025,15:56:52,COMPLETED,0,1
79KWH,8,2,FULL,23-07-2025,15:55:30,23-07-2025,15:55:32,23-07-2025,15:57:56,COMPLETED,0,1
79KWH,8,1,FULL,23-07-2025,15:56:57,23-07-2025,15:59:00,23-07-2025,16:01:23,COMPLETED,0,1
79KWH,8,2,FULL,23-07-2025,15:58:05,23-07-2025,15:59:41,23-07-2025,16:02:11,COMPLETED,0,1
79KWH,8,1,FULL,23-07-2025,16:01:31,23-07-2025,16:01:32,23-07-2025,16:03:50,COMPLETED,0,1
79KWH,8,2,FULL,23-07-2025,16:02:18,23-07-2025,16:02:20,23-07-2025,16:04:47,COMPLETED,0,1
79KWH,8,1,FULL,23-07-2025,16:03:55,23-07-2025,16:03:59,23-07-2025,16:06:16,COMPLETED,0,1
79KWH,8,2,FULL,23-07-2025,16:04:55,23-07-2025,16:06:26,23-07-2025,16:08:56,COMPLETED,0,1
79KWH,8,1,FULL,23-07-2025,16:06:24,23-07-2025,16:06:25,23-07-2025,16:08:45,COMPLETED,0,1
79KWH,8,1,FULL,23-07-2025,16:08:52,23-07-2025,16:08:54,23-07-2025,16:11:13,COMPLETED,0,1
79KWH,8,2,FULL,23-07-2025,16:09:03,23-07-2025,16:09:06,23-07-2025,16:11:32,COMPLETED,0,1
79KWH,8,1,FULL,23-07-2025,16:11:21,23-07-2025,16:11:22,23-07-2025,16:13:42,COMPLETED,0,1
79KWH,8,2,FULL,23-07-2025,16:11:43,23-07-2025,16:11:43,23-07-2025,16:14:13,COMPLETED,0,1
79KWH,8,1,FULL,23-07-2025,16:13:48,23-07-2025,16:13:51,23-07-2025,16:16:10,COMPLETED,0,1
79KWH,8,2,FULL,23-07-2025,16:14:19,23-07-2025,16:14:22,23-07-2025,16:16:51,COMPLETED,0,1
79KWH,8,1,FULL,23-07-2025,16:16:19,23-07-2025,16:16:20,23-07-2025,16:18:41,COMPLETED,0,1
79KWH,8,3,FULL,23-07-2025,16:16:27,23-07-2025,16:28:08,23-07-2025,16:30:29,COMPLETED,0,1
79KWH,8,2,FULL,23-07-2025,16:17:00,23-07-2025,16:17:00,23-07-2025,16:18:43,COMPLETED,0,1
79KWH,8,1,FULL,23-07-2025,16:18:48,23-07-2025,16:18:50,23-07-2025,16:21:11,COMPLETED,0,1
79KWH,8,2,FULL,23-07-2025,16:18:50,23-07-2025,16:18:52,23-07-2025,16:19:42,COMPLETED,0,1
79KWH,8,2,FULL,23-07-2025,16:20:05,23-07-2025,16:20:05,23-07-2025,16:20:59,COMPLETED,0,1
79KWH,8,1,FULL,23-07-2025,16:21:20,23-07-2025,16:21:21,23-07-2025,16:23:49,COMPLETED,0,1
79KWH,8,2,FULL,23-07-2025,16:22:49,23-07-2025,16:22:50,23-07-2025,16:23:42,COMPLETED,0,1
79KWH,8,1,FULL,23-07-2025,16:23:55,23-07-2025,16:23:58,23-07-2025,16:26:18,COMPLETED,0,1
79KWH,8,2,FULL,23-07-2025,16:25:37,23-07-2025,16:25:38,23-07-2025,16:26:34,COMPLETED,0,1
79KWH,8,1,FULL,23-07-2025,16:26:27,23-07-2025,16:26:29,23-07-2025,16:28:54,COMPLETED,0,1
79KWH,8,2,FULL,23-07-2025,16:27:39,23-07-2025,16:27:40,23-07-2025,16:28:36,COMPLETED,0,1
79KWH,8,1,FULL,23-07-2025,16:29:00,23-07-2025,16:29:03,23-07-2025,16:31:25,COMPLETED,0,1
79KWH,8,2,FULL,23-07-2025,16:29:35,23-07-2025,16:29:36,23-07-2025,16:30:35,COMPLETED,0,1
79KWH,8,3,FULL,23-07-2025,16:30:35,23-07-2025,16:30:38,23-07-2025,16:32:44,COMPLETED,0,1
79KWH,8,1,FULL,23-07-2025,16:31:34,23-07-2025,16:31:35,23-07-2025,16:33:58,COMPLETED,0,1
79KWH,8,2,FULL,23-07-2025,16:32:06,23-07-2025,16:32:07,23-07-2025,16:33:04,COMPLETED,0,1
79KWH,8,3,FULL,23-07-2025,16:32:52,23-07-2025,16:34:47,23-07-2025,16:37:09,COMPLETED,0,1
79KWH,8,1,FULL,23-07-2025,16:34:03,23-07-2025,16:34:06,23-07-2025,16:36:28,COMPLETED,0,1
79KWH,8,1,FULL,23-07-2025,16:36:37,23-07-2025,16:38:32,23-07-2025,16:41:02,COMPLETED,0,1
79KWH,8,2,FULL,23-07-2025,16:36:43,23-07-2025,16:38:08,23-07-2025,16:39:54,COMPLETED,0,1
79KWH,8,3,FULL,23-07-2025,16:37:15,23-07-2025,16:37:17,23-07-2025,16:39:24,COMPLETED,0,1
79KWH,8,3,FULL,23-07-2025,16:39:33,23-07-2025,16:41:31,23-07-2025,16:43:53,COMPLETED,0,1
79KWH,8,2,FULL,23-07-2025,16:40:00,23-07-2025,16:40:03,23-07-2025,16:41:01,COMPLETED,0,1
79KWH,8,1,FULL,23-07-2025,16:41:08,23-07-2025,16:41:11,23-07-2025,16:43:34,COMPLETED,0,1
79KWH,8,2,FULL,23-07-2025,16:42:18,23-07-2025,16:42:55,23-07-2025,16:44:42,COMPLETED,0,1
79KWH,8,1,FULL,23-07-2025,16:43:43,23-07-2025,16:54:44,23-07-2025,16:57:14,COMPLETED,0,1
79KWH,8,3,FULL,23-07-2025,16:43:59,23-07-2025,16:44:02,23-07-2025,16:46:09,COMPLETED,0,1
79KWH,8,2,FULL,23-07-2025,16:44:48,23-07-2025,16:44:51,23-07-2025,16:45:50,COMPLETED,0,1
79KWH,8,3,FULL,23-07-2025,16:46:18,23-07-2025,16:48:11,23-07-2025,16:50:34,COMPLETED,0,1
79KWH,8,2,FULL,23-07-2025,16:47:00,23-07-2025,16:47:01,23-07-2025,16:48:03,COMPLETED,0,1
79KWH,8,2,FULL,23-07-2025,16:48:48,23-07-2025,16:50:32,23-07-2025,16:52:19,COMPLETED,0,1
79KWH,8,3,FULL,23-07-2025,16:50:39,23-07-2025,16:50:42,23-07-2025,16:52:51,COMPLETED,0,1
79KWH,8,2,FULL,23-07-2025,16:52:28,23-07-2025,16:52:29,23-07-2025,16:53:33,COMPLETED,0,1
79KWH,8,3,FULL,23-07-2025,16:52:59,23-07-2025,16:53:00,23-07-2025,16:55:12,COMPLETED,0,1
79KWH,8,2,FULL,23-07-2025,16:53:39,23-07-2025,16:53:43,23-07-2025,16:54:46,COMPLETED,0,1
79KWH,8,2,FULL,23-07-2025,16:54:58,23-07-2025,16:56:41,23-07-2025,16:58:30,COMPLETED,0,1
79KWH,8,3,FULL,23-07-2025,16:55:19,23-07-2025,16:55:20,23-07-2025,16:57:30,COMPLETED,0,1
79KWH,8,1,FULL,23-07-2025,16:57:20,23-07-2025,16:57:22,23-07-2025,16:59:45,COMPLETED,0,1
79KWH,8,3,FULL,23-07-2025,16:57:38,23-07-2025,16:59:39,23-07-2025,17:02:03,COMPLETED,0,1
79KWH,8,1,FULL,23-07-2025,16:59:53,23-07-2025,17:01:50,23-07-2025,17:04:20,COMPLETED,0,1
79KWH,8,3,FULL,23-07-2025,17:02:09,23-07-2025,17:04:07,23-07-2025,17:06:29,COMPLETED,0,1
79KWH,8,1,FULL,23-07-2025,17:04:26,23-07-2025,17:04:30,23-07-2025,17:06:55,COMPLETED,0,1
79KWH,8,3,FULL,23-07-2025,17:06:37,23-07-2025,17:08:34,23-07-2025,17:10:58,COMPLETED,0,1
79KWH,8,1,FULL,23-07-2025,17:07:03,23-07-2025,17:07:05,23-07-2025,17:09:31,COMPLETED,0,1
79KWH,8,3,FULL,23-07-2025,17:11:04,23-07-2025,17:13:02,23-07-2025,17:15:23,COMPLETED,0,1
79KWH,8,1,FULL,24-07-2025,07:18:15,24-07-2025,07:18:17,24-07-2025,07:20:48,COMPLETED,0,1
79KWH,8,3,FULL,24-07-2025,07:19:22,24-07-2025,07:19:22,24-07-2025,07:21:28,COMPLETED,0,1
79KWH,8,1,FULL,24-07-2025,07:20:54,24-07-2025,07:20:57,24-07-2025,07:23:23,COMPLETED,0,1
79KWH,8,3,FULL,24-07-2025,07:21:34,24-07-2025,07:21:37,24-07-2025,07:23:14,COMPLETED,0,1
79KWH,8,3,FULL,24-07-2025,07:23:23,24-07-2025,07:23:23,24-07-2025,07:25:20,COMPLETED,0,1
79KWH,8,1,FULL,24-07-2025,07:23:32,24-07-2025,07:23:32,24-07-2025,07:26:01,COMPLETED,0,1
79KWH,8,3,FULL,24-07-2025,07:25:25,24-07-2025,07:25:29,24-07-2025,07:27:41,COMPLETED,0,1
79KWH,8,1,FULL,24-07-2025,07:26:06,24-07-2025,07:26:10,24-07-2025,07:28:37,COMPLETED,0,1
79KWH,8,3,FULL,24-07-2025,07:27:50,24-07-2025,07:27:50,24-07-2025,07:30:04,COMPLETED,0,1
79KWH,8,1,FULL,24-07-2025,07:28:44,24-07-2025,07:28:45,24-07-2025,07:31:15,COMPLETED,0,1
79KWH,8,3,FULL,24-07-2025,07:30:10,24-07-2025,07:30:14,24-07-2025,07:32:27,COMPLETED,0,1
79KWH,8,1,FULL,24-07-2025,07:31:22,24-07-2025,07:31:24,24-07-2025,07:33:52,COMPLETED,0,1
79KWH,8,3,FULL,24-07-2025,07:32:35,24-07-2025,07:34:16,24-07-2025,07:36:41,COMPLETED,0,1
79KWH,8,1,FULL,24-07-2025,07:34:00,24-07-2025,07:49:20,24-07-2025,07:51:52,COMPLETED,0,1
79KWH,8,3,FULL,24-07-2025,07:36:48,24-07-2025,07:36:51,24-07-2025,07:39:05,COMPLETED,0,1
79KWH,8,3,FULL,24-07-2025,07:39:13,24-07-2025,07:39:13,24-07-2025,07:41:29,COMPLETED,0,1
79KWH,8,3,FULL,24-07-2025,07:41:35,24-07-2025,07:41:39,24-07-2025,07:43:54,COMPLETED,0,1
79KWH,8,3,FULL,24-07-2025,07:44:03,24-07-2025,07:44:04,24-07-2025,07:46:22,COMPLETED,0,1
79KWH,8,3,FULL,24-07-2025,07:46:28,24-07-2025,07:46:32,24-07-2025,07:48:48,COMPLETED,0,1
79KWH,8,3,FULL,24-07-2025,07:48:57,24-07-2025,07:48:58,24-07-2025,07:51:17,COMPLETED,0,1
79KWH,8,3,FULL,24-07-2025,07:51:23,24-07-2025,07:51:27,24-07-2025,07:53:44,COMPLETED,0,1
79KWH,8,1,FULL,24-07-2025,07:51:59,24-07-2025,07:52:01,24-07-2025,07:54:30,COMPLETED,0,1
79KWH,8,3,FULL,24-07-2025,07:53:53,24-07-2025,07:55:28,24-07-2025,07:57:55,COMPLETED,0,1
79KWH,8,1,FULL,24-07-2025,07:54:37,24-07-2025,07:57:04,24-07-2025,07:58:46,COMPLETED,0,1
79KWH,8,3,FULL,24-07-2025,07:58:01,24-07-2025,07:58:04,24-07-2025,08:00:22,COMPLETED,0,1
79KWH,8,1,FULL,24-07-2025,07:58:56,24-07-2025,07:58:56,24-07-2025,07:59:44,COMPLETED,0,1
79KWH,8,1,FULL,24-07-2025,07:59:57,24-07-2025,07:59:57,24-07-2025,08:00:49,COMPLETED,0,1
79KWH,8,3,FULL,24-07-2025,08:00:30,24-07-2025,08:00:32,24-07-2025,08:02:52,COMPLETED,0,1
79KWH,8,1,FULL,24-07-2025,08:00:56,24-07-2025,08:00:57,24-07-2025,08:01:48,COMPLETED,0,1
79KWH,8,1,FULL,24-07-2025,08:02:00,24-07-2025,08:03:42,24-07-2025,08:05:24,COMPLETED,0,1
79KWH,8,3,FULL,24-07-2025,08:02:58,24-07-2025,08:03:01,24-07-2025,08:05:25,COMPLETED,0,1
79KWH,8,1,FULL,24-07-2025,08:05:33,24-07-2025,08:05:34,24-07-2025,08:06:26,COMPLETED,0,1
79KWH,8,3,FULL,24-07-2025,08:05:33,24-07-2025,08:05:36,24-07-2025,08:07:58,COMPLETED,0,1
79KWH,8,1,FULL,24-07-2025,08:06:38,24-07-2025,08:06:38,24-07-2025,08:07:35,COMPLETED,0,1
79KWH,8,1,FULL,24-07-2025,08:07:40,24-07-2025,08:07:43,24-07-2025,08:08:40,COMPLETED,0,1
79KWH,8,3,FULL,24-07-2025,08:08:04,24-07-2025,08:09:49,24-07-2025,08:12:15,COMPLETED,0,1
79KWH,8,1,FULL,24-07-2025,08:08:49,24-07-2025,08:08:49,24-07-2025,08:09:48,COMPLETED,0,1
79KWH,8,1,FULL,24-07-2025,08:09:54,24-07-2025,08:09:58,24-07-2025,08:10:55,COMPLETED,0,1
79KWH,8,1,FULL,24-07-2025,08:11:03,24-07-2025,08:11:04,24-07-2025,08:12:05,COMPLETED,0,1
79KWH,8,1,FULL,24-07-2025,08:12:11,24-07-2025,08:12:15,24-07-2025,08:13:15,COMPLETED,0,1
79KWH,8,3,FULL,24-07-2025,08:12:23,24-07-2025,08:14:00,24-07-2025,08:16:29,COMPLETED,0,1
79KWH,8,1,FULL,24-07-2025,08:13:22,24-07-2025,08:13:23,24-07-2025,08:14:26,COMPLETED,0,1
79KWH,8,1,FULL,24-07-2025,08:14:32,24-07-2025,08:14:34,24-07-2025,08:15:34,COMPLETED,0,1
79KWH,8,1,FULL,24-07-2025,08:15:43,24-07-2025,08:15:44,24-07-2025,08:16:46,COMPLETED,0,1
79KWH,8,3,FULL,24-07-2025,08:16:35,24-07-2025,08:16:38,24-07-2025,08:18:59,COMPLETED,0,1
79KWH,8,1,FULL,24-07-2025,08:16:53,24-07-2025,08:16:56,24-07-2025,08:17:57,COMPLETED,0,1
79KWH,8,1,FULL,24-07-2025,08:18:06,24-07-2025,08:18:06,24-07-2025,08:19:10,COMPLETED,0,1
79KWH,8,3,FULL,24-07-2025,08:19:07,24-07-2025,08:19:07,24-07-2025,08:21:30,COMPLETED,0,1
79KWH,8,1,FULL,24-07-2025,08:19:16,24-07-2025,08:19:20,24-07-2025,08:20:22,COMPLETED,0,1
79KWH,8,1,FULL,24-07-2025,08:20:30,24-07-2025,08:20:31,24-07-2025,08:21:37,COMPLETED,0,1
79KWH,8,3,FULL,24-07-2025,08:21:36,24-07-2025,08:21:40,24-07-2025,08:24:00,COMPLETED,0,1
79KWH,8,1,FULL,24-07-2025,08:21:43,24-07-2025,08:21:46,24-07-2025,08:22:50,COMPLETED,0,1
79KWH,8,1,FULL,24-07-2025,08:22:58,24-07-2025,08:24:43,24-07-2025,08:26:32,COMPLETED,0,1
79KWH,8,3,FULL,24-07-2025,08:24:09,24-07-2025,08:25:51,24-07-2025,08:28:21,COMPLETED,0,1
79KWH,8,1,FULL,24-07-2025,08:26:39,24-07-2025,08:26:42,24-07-2025,08:27:47,COMPLETED,0,1
79KWH,8,1,FULL,24-07-2025,08:27:55,24-07-2025,08:29:38,24-07-2025,08:31:28,COMPLETED,0,1
79KWH,8,3,FULL,24-07-2025,08:28:27,24-07-2025,08:28:30,24-07-2025,08:30:57,COMPLETED,0,1
79KWH,8,3,FULL,24-07-2025,08:31:06,24-07-2025,08:31:08,24-07-2025,08:33:33,COMPLETED,0,1
79KWH,8,1,FULL,24-07-2025,08:31:34,24-07-2025,08:31:36,24-07-2025,08:32:42,COMPLETED,0,1
79KWH,8,1,FULL,24-07-2025,08:32:50,24-07-2025,08:32:51,24-07-2025,08:34:01,COMPLETED,0,1
79KWH,8,3,FULL,24-07-2025,08:33:39,24-07-2025,08:33:42,24-07-2025,08:36:05,COMPLETED,0,1
79KWH,8,1,FULL,24-07-2025,08:34:07,24-07-2025,08:34:09,24-07-2025,08:35:17,COMPLETED,0,1
79KWH,8,1,FULL,24-07-2025,08:35:25,24-07-2025,08:35:27,24-07-2025,08:36:37,COMPLETED,0,1
79KWH,8,3,FULL,24-07-2025,08:36:13,24-07-2025,08:37:50,24-07-2025,08:40:21,COMPLETED,0,1
79KWH,8,1,FULL,24-07-2025,08:36:43,24-07-2025,08:36:45,24-07-2025,08:37:53,COMPLETED,0,1
79KWH,8,1,FULL,24-07-2025,08:38:01,24-07-2025,08:38:02,24-07-2025,08:39:13,COMPLETED,0,1
79KWH,8,1,FULL,24-07-2025,08:39:20,24-07-2025,08:39:22,24-07-2025,08:40:31,COMPLETED,0,1
79KWH,8,3,FULL,24-07-2025,08:40:27,24-07-2025,08:40:30,24-07-2025,08:43:00,COMPLETED,0,1
79KWH,8,1,FULL,24-07-2025,08:40:39,24-07-2025,08:40:40,24-07-2025,08:41:52,COMPLETED,0,1
79KWH,8,1,FULL,24-07-2025,08:41:58,24-07-2025,08:42:01,24-07-2025,08:43:11,COMPLETED,0,1
79KWH,8,3,FULL,24-07-2025,08:43:08,24-07-2025,08:43:10,24-07-2025,08:45:37,COMPLETED,0,1
79KWH,8,1,FULL,24-07-2025,08:43:18,24-07-2025,08:43:19,24-07-2025,08:44:32,COMPLETED,0,1
79KWH,8,1,FULL,24-07-2025,08:44:39,24-07-2025,08:44:41,24-07-2025,08:45:52,COMPLETED,0,1
79KWH,8,3,FULL,24-07-2025,08:45:43,24-07-2025,08:45:46,24-07-2025,08:48:12,COMPLETED,0,1
79KWH,8,1,FULL,24-07-2025,08:46:00,24-07-2025,08:47:46,24-07-2025,08:49:40,COMPLETED,0,1
79KWH,8,3,FULL,24-07-2025,08:48:21,24-07-2025,08:50:04,24-07-2025,08:52:35,COMPLETED,0,1
79KWH,8,1,FULL,24-07-2025,08:49:47,24-07-2025,08:49:49,24-07-2025,08:51:01,COMPLETED,0,1
79KWH,8,1,FULL,24-07-2025,08:51:09,24-07-2025,08:52:49,24-07-2025,08:54:42,COMPLETED,0,1
79KWH,8,3,FULL,24-07-2025,08:52:42,24-07-2025,08:52:43,24-07-2025,08:55:14,COMPLETED,0,1
79KWH,8,1,FULL,24-07-2025,08:54:48,24-07-2025,08:54:51,24-07-2025,08:56:04,COMPLETED,0,1
79KWH,8,3,FULL,24-07-2025,08:55:22,24-07-2025,08:55:24,24-07-2025,08:57:53,COMPLETED,0,1
79KWH,8,1,FULL,24-07-2025,08:56:12,24-07-2025,08:56:15,24-07-2025,08:57:30,COMPLETED,0,1
79KWH,8,1,FULL,24-07-2025,08:57:36,24-07-2025,08:57:38,24-07-2025,08:58:52,COMPLETED,0,1
79KWH,8,3,FULL,24-07-2025,08:58:05,24-07-2025,08:58:05,24-07-2025,09:00:34,COMPLETED,0,1
79KWH,8,1,FULL,24-07-2025,08:59:01,24-07-2025,08:59:02,24-07-2025,09:00:18,COMPLETED,0,1
79KWH,8,1,FULL,24-07-2025,09:00:24,24-07-2025,09:00:26,24-07-2025,09:01:41,COMPLETED,0,1
79KWH,8,3,FULL,24-07-2025,09:00:41,24-07-2025,09:00:42,24-07-2025,09:03:10,COMPLETED,0,1
79KWH,8,1,FULL,24-07-2025,09:01:50,24-07-2025,09:01:50,24-07-2025,09:03:07,COMPLETED,0,1
79KWH,8,1,FULL,24-07-2025,09:03:13,24-07-2025,09:03:16,24-07-2025,09:04:31,COMPLETED,0,1
79KWH,8,3,FULL,24-07-2025,09:03:19,24-07-2025,09:03:20,24-07-2025,09:05:51,COMPLETED,0,1
79KWH,8,1,FULL,24-07-2025,09:04:39,24-07-2025,09:04:40,24-07-2025,09:05:58,COMPLETED,0,1
79KWH,8,3,FULL,24-07-2025,09:05:57,24-07-2025,09:06:00,24-07-2025,09:08:30,COMPLETED,0,1
79KWH,8,1,FULL,24-07-2025,09:06:04,24-07-2025,09:06:07,24-07-2025,09:07:23,COMPLETED,0,1
79KWH,8,1,FULL,24-07-2025,09:07:31,24-07-2025,09:07:32,24-07-2025,09:08:51,COMPLETED,0,1
79KWH,8,3,FULL,24-07-2025,09:08:38,24-07-2025,09:08:39,24-07-2025,09:11:11,COMPLETED,0,1
79KWH,8,3,FULL,24-07-2025,09:11:17,24-07-2025,09:11:21,24-07-2025,09:13:52,COMPLETED,0,1
79KWH,8,3,FULL,24-07-2025,09:14:00,24-07-2025,09:14:01,24-07-2025,09:15:46,COMPLETED,0,1
79KWH,8,3,FULL,24-07-2025,09:15:54,24-07-2025,09:15:56,24-07-2025,09:16:51,COMPLETED,0,1
79KWH,8,1,FULL,24-07-2025,09:21:43,24-07-2025,09:21:44,24-07-2025,09:23:00,COMPLETED,0,1
79KWH,8,3,FULL,24-07-2025,09:22:52,24-07-2025,09:22:54,24-07-2025,09:24:01,COMPLETED,0,1
79KWH,8,1,FULL,24-07-2025,09:23:36,24-07-2025,09:23:37,24-07-2025,09:24:57,COMPLETED,0,1
79KWH,8,3,FULL,24-07-2025,09:24:41,24-07-2025,09:24:42,24-07-2025,09:25:58,COMPLETED,0,1
79KWH,8,1,FULL,24-07-2025,09:25:25,24-07-2025,09:25:26,24-07-2025,09:26:44,COMPLETED,0,1
79KWH,8,3,FULL,24-07-2025,09:26:35,24-07-2025,09:26:35,24-07-2025,09:27:55,COMPLETED,0,1
79KWH,8,1,FULL,24-07-2025,09:27:17,24-07-2025,09:27:18,24-07-2025,09:28:38,COMPLETED,0,1
79KWH,8,3,FULL,24-07-2025,09:28:25,24-07-2025,09:28:25,24-07-2025,09:29:44,COMPLETED,0,1
79KWH,8,1,FULL,24-07-2025,09:29:09,24-07-2025,09:29:09,24-07-2025,09:30:28,COMPLETED,0,1
79KWH,8,3,FULL,24-07-2025,09:30:18,24-07-2025,09:30:19,24-07-2025,09:31:41,COMPLETED,0,1
79KWH,8,1,FULL,24-07-2025,09:31:01,24-07-2025,09:31:02,24-07-2025,09:32:23,COMPLETED,0,1
79KWH,8,3,FULL,24-07-2025,09:32:07,24-07-2025,09:32:09,24-07-2025,09:33:29,COMPLETED,0,1
79KWH,8,1,FULL,24-07-2025,09:32:50,24-07-2025,09:32:50,24-07-2025,09:34:10,COMPLETED,0,1
79KWH,8,3,FULL,24-07-2025,09:34:00,24-07-2025,09:34:01,24-07-2025,09:35:23,COMPLETED,0,1
79KWH,8,1,FULL,24-07-2025,09:34:43,24-07-2025,09:34:44,24-07-2025,09:36:06,COMPLETED,0,1
79KWH,8,3,FULL,24-07-2025,09:35:51,24-07-2025,09:35:52,24-07-2025,09:37:12,COMPLETED,0,1
79KWH,8,1,FULL,24-07-2025,09:36:34,24-07-2025,09:36:35,24-07-2025,09:37:55,COMPLETED,0,1
79KWH,8,3,FULL,24-07-2025,09:37:44,24-07-2025,09:37:45,24-07-2025,09:39:08,COMPLETED,0,1
79KWH,8,1,FULL,24-07-2025,09:38:27,24-07-2025,09:38:27,24-07-2025,09:39:50,COMPLETED,0,1
79KWH,8,3,FULL,24-07-2025,09:39:32,24-07-2025,09:39:34,24-07-2025,09:40:56,COMPLETED,0,1
79KWH,8,1,FULL,24-07-2025,09:40:18,24-07-2025,09:40:19,24-07-2025,09:41:41,COMPLETED,0,1
79KWH,8,3,FULL,24-07-2025,09:41:27,24-07-2025,09:41:28,24-07-2025,09:42:52,COMPLETED,0,1
79KWH,8,1,FULL,24-07-2025,09:42:10,24-07-2025,09:42:11,24-07-2025,09:43:34,COMPLETED,0,1
79KWH,8,3,FULL,24-07-2025,09:43:16,24-07-2025,09:43:16,24-07-2025,09:44:38,COMPLETED,0,1
79KWH,8,1,FULL,24-07-2025,09:44:00,24-07-2025,09:44:01,24-07-2025,09:45:23,COMPLETED,0,1
79KWH,8,3,FULL,24-07-2025,09:45:10,24-07-2025,09:45:10,24-07-2025,09:46:35,COMPLETED,0,1
79KWH,8,1,FULL,24-07-2025,09:45:53,24-07-2025,09:45:53,24-07-2025,09:47:18,COMPLETED,0,1
79KWH,8,3,FULL,24-07-2025,09:47:05,24-07-2025,09:47:05,24-07-2025,09:48:32,COMPLETED,0,1
79KWH,8,1,FULL,24-07-2025,09:47:43,24-07-2025,09:47:44,24-07-2025,09:49:07,COMPLETED,0,1
79KWH,8,3,FULL,24-07-2025,09:48:50,24-07-2025,09:48:50,24-07-2025,09:50:15,COMPLETED,0,1
79KWH,8,1,FULL,24-07-2025,09:49:38,24-07-2025,09:49:38,24-07-2025,09:51:08,COMPLETED,0,1
79KWH,8,3,FULL,24-07-2025,09:50:44,24-07-2025,09:50:45,24-07-2025,09:52:12,COMPLETED,0,1
79KWH,8,1,FULL,24-07-2025,09:51:26,24-07-2025,09:51:26,24-07-2025,09:52:50,COMPLETED,0,1
79KWH,8,3,FULL,24-07-2025,09:52:34,24-07-2025,09:52:35,24-07-2025,09:54:00,COMPLETED,0,1
79KWH,8,1,FULL,24-07-2025,09:53:21,24-07-2025,09:53:23,24-07-2025,09:54:50,COMPLETED,0,1
79KWH,8,3,FULL,24-07-2025,09:54:28,24-07-2025,09:54:28,24-07-2025,09:55:55,COMPLETED,0,1
79KWH,8,1,FULL,24-07-2025,09:55:11,24-07-2025,09:55:12,24-07-2025,09:56:37,COMPLETED,0,1
79KWH,8,3,FULL,24-07-2025,09:56:18,24-07-2025,09:56:18,24-07-2025,09:57:43,COMPLETED,0,1
79KWH,8,1,FULL,24-07-2025,09:57:03,24-07-2025,09:57:04,24-07-2025,09:58:32,COMPLETED,0,1
79KWH,8,3,FULL,24-07-2025,09:58:13,24-07-2025,09:58:13,24-07-2025,09:59:42,COMPLETED,0,1
79KWH,8,1,FULL,24-07-2025,09:58:51,24-07-2025,09:58:53,24-07-2025,13:22:48,COMPLETED,0,1
79KWH,8,3,FULL,24-07-2025,09:59:59,24-07-2025,09:59:59,24-07-2025,10:01:26,COMPLETED,0,1
79KWH,8,3,FULL,24-07-2025,10:03:26,24-07-2025,10:03:26,24-07-2025,10:04:56,COMPLETED,0,1
79KWH,8,3,FULL,24-07-2025,10:05:15,24-07-2025,10:05:15,24-07-2025,10:06:43,COMPLETED,0,1
79KWH,8,3,FULL,24-07-2025,10:07:08,24-07-2025,10:07:10,24-07-2025,10:08:41,COMPLETED,0,1
79KWH,8,3,FULL,24-07-2025,10:08:58,24-07-2025,10:08:58,24-07-2025,10:10:27,COMPLETED,0,1
79KWH,8,3,FULL,24-07-2025,10:10:51,24-07-2025,10:10:52,24-07-2025,10:12:24,COMPLETED,0,1
79KWH,8,3,FULL,24-07-2025,10:12:30,24-07-2025,10:12:32,24-07-2025,10:14:02,COMPLETED,0,1
79KWH,8,2,FULL,24-07-2025,10:24:09,24-07-2025,10:24:09,24-07-2025,10:25:58,COMPLETED,0,1
79KWH,8,2,FULL,24-07-2025,10:26:04,24-07-2025,10:26:07,24-07-2025,10:27:11,COMPLETED,0,1
79KWH,8,2,FULL,24-07-2025,10:27:19,24-07-2025,10:27:20,24-07-2025,10:28:26,COMPLETED,0,1
79KWH,8,2,FULL,24-07-2025,10:28:32,24-07-2025,10:28:35,24-07-2025,10:29:40,COMPLETED,0,1
79KWH,8,2,FULL,24-07-2025,10:29:48,24-07-2025,10:29:49,24-07-2025,10:30:57,COMPLETED,0,1
79KWH,8,2,FULL,24-07-2025,10:31:03,24-07-2025,10:31:05,24-07-2025,10:32:11,COMPLETED,0,1
79KWH,8,2,FULL,24-07-2025,10:32:19,24-07-2025,10:34:02,24-07-2025,10:35:52,COMPLETED,0,1
79KWH,8,3,FULL,24-07-2025,10:32:48,24-07-2025,10:33:47,24-07-2025,10:35:50,COMPLETED,0,1
79KWH,8,3,FULL,24-07-2025,10:35:56,24-07-2025,10:35:59,24-07-2025,10:37:29,COMPLETED,0,1
79KWH,8,2,FULL,24-07-2025,10:35:58,24-07-2025,10:36:02,24-07-2025,10:37:09,COMPLETED,0,1
79KWH,8,2,FULL,24-07-2025,10:37:17,24-07-2025,10:37:17,24-07-2025,10:38:27,COMPLETED,0,1
79KWH,8,2,FULL,24-07-2025,10:38:33,24-07-2025,10:38:36,24-07-2025,10:39:44,COMPLETED,0,1
79KWH,8,3,FULL,24-07-2025,10:39:31,24-07-2025,10:40:30,24-07-2025,10:42:34,COMPLETED,0,1
79KWH,8,2,FULL,24-07-2025,10:39:52,24-07-2025,10:41:38,24-07-2025,10:43:29,COMPLETED,0,1
79KWH,8,3,FULL,24-07-2025,10:42:40,24-07-2025,10:42:54,24-07-2025,00:00:00,ABORT,0,1
79KWH,8,2,FULL,24-07-2025,10:43:35,24-07-2025,10:45:22,24-07-2025,10:47:11,COMPLETED,0,1
79KWH,8,2,FULL,24-07-2025,10:47:19,24-07-2025,10:49:05,24-07-2025,10:50:57,COMPLETED,0,1
79KWH,8,2,FULL,24-07-2025,10:51:03,24-07-2025,10:51:06,24-07-2025,10:52:15,COMPLETED,0,1
79KWH,8,2,FULL,24-07-2025,10:52:23,24-07-2025,10:54:04,24-07-2025,10:55:57,COMPLETED,0,1
79KWH,8,2,FULL,24-07-2025,10:56:03,24-07-2025,10:56:06,24-07-2025,10:57:17,COMPLETED,0,1
79KWH,8,2,FULL,24-07-2025,10:57:25,24-07-2025,10:59:10,24-07-2025,11:01:03,COMPLETED,0,1
79KWH,8,2,FULL,24-07-2025,11:09:25,24-07-2025,11:09:42,24-07-2025,11:11:36,COMPLETED,0,1
79KWH,8,2,FULL,24-07-2025,11:11:42,24-07-2025,11:13:30,24-07-2025,11:15:21,COMPLETED,0,1
79KWH,8,2,FULL,24-07-2025,11:15:29,24-07-2025,11:15:30,24-07-2025,11:17:16,COMPLETED,0,1
79KWH,8,2,FULL,24-07-2025,11:17:22,24-07-2025,11:17:25,24-07-2025,11:19:37,COMPLETED,0,1
79KWH,8,2,FULL,24-07-2025,11:19:45,24-07-2025,11:21:03,24-07-2025,11:23:27,COMPLETED,0,1
79KWH,8,3,FULL,24-07-2025,11:23:09,24-07-2025,11:23:58,24-07-2025,11:26:02,COMPLETED,0,1
79KWH,8,2,FULL,24-07-2025,11:23:33,24-07-2025,11:24:47,24-07-2025,11:27:08,COMPLETED,0,1
79KWH,8,3,FULL,24-07-2025,11:26:08,24-07-2025,11:26:10,24-07-2025,11:27:43,COMPLETED,0,1
79KWH,8,3,FULL,24-07-2025,11:53:23,24-07-2025,11:54:26,24-07-2025,11:56:31,COMPLETED,0,1
79KWH,8,3,FULL,24-07-2025,11:56:37,24-07-2025,11:56:40,24-07-2025,11:58:13,COMPLETED,0,1
79KWH,8,2,FULL,24-07-2025,12:04:58,24-07-2025,12:05:30,24-07-2025,12:07:24,COMPLETED,0,1
79KWH,8,2,FULL,24-07-2025,12:07:30,24-07-2025,12:09:17,24-07-2025,12:11:09,COMPLETED,0,1
79KWH,8,3,FULL,24-07-2025,12:09:51,24-07-2025,12:10:56,24-07-2025,12:13:01,COMPLETED,0,1
79KWH,8,2,FULL,24-07-2025,12:12:57,24-07-2025,12:12:58,24-07-2025,12:14:13,COMPLETED,0,1
79KWH,8,3,FULL,24-07-2025,12:13:07,24-07-2025,12:13:10,24-07-2025,12:14:44,COMPLETED,0,1
79KWH,8,2,FULL,24-07-2025,12:14:21,24-07-2025,12:14:23,24-07-2025,12:15:39,COMPLETED,0,1
79KWH,8,3,FULL,24-07-2025,12:14:53,24-07-2025,12:14:54,24-07-2025,12:16:32,COMPLETED,0,1
79KWH,8,2,FULL,24-07-2025,12:15:47,24-07-2025,12:15:49,24-07-2025,12:17:05,COMPLETED,0,1
79KWH,8,3,FULL,24-07-2025,12:16:38,24-07-2025,12:16:40,24-07-2025,12:18:16,COMPLETED,0,1
79KWH,8,2,FULL,24-07-2025,12:17:12,24-07-2025,12:17:15,24-07-2025,12:18:30,COMPLETED,0,1
79KWH,8,3,FULL,24-07-2025,12:21:28,24-07-2025,12:21:29,24-07-2025,12:23:06,COMPLETED,0,1
79KWH,8,2,FULL,24-07-2025,12:21:41,24-07-2025,12:21:42,24-07-2025,12:23:00,COMPLETED,0,1
79KWH,8,2,FULL,24-07-2025,12:23:06,24-07-2025,12:23:10,24-07-2025,12:24:26,COMPLETED,0,1
79KWH,8,3,FULL,24-07-2025,12:23:13,24-07-2025,12:23:15,24-07-2025,12:24:51,COMPLETED,0,1
79KWH,8,2,FULL,24-07-2025,12:24:33,24-07-2025,12:24:33,24-07-2025,12:25:53,COMPLETED,0,1
79KWH,8,3,FULL,24-07-2025,12:25:00,24-07-2025,12:25:02,24-07-2025,12:26:41,COMPLETED,0,1
79KWH,8,3,FULL,24-07-2025,12:26:47,24-07-2025,12:26:50,24-07-2025,12:28:27,COMPLETED,0,1
79KWH,8,3,FULL,24-07-2025,12:28:36,24-07-2025,12:30:09,24-07-2025,12:32:17,COMPLETED,0,1
79KWH,8,3,FULL,24-07-2025,12:32:23,24-07-2025,12:32:27,24-07-2025,12:34:06,COMPLETED,0,1
79KWH,8,3,FULL,24-07-2025,12:38:57,24-07-2025,12:38:58,24-07-2025,12:41:05,COMPLETED,0,1
79KWH,8,2,FULL,24-07-2025,12:38:58,24-07-2025,12:38:59,24-07-2025,12:40:52,COMPLETED,0,1
79KWH,8,2,FULL,24-07-2025,12:41:00,24-07-2025,12:41:02,24-07-2025,12:42:22,COMPLETED,0,1
79KWH,8,3,FULL,24-07-2025,12:41:11,24-07-2025,12:41:14,24-07-2025,12:42:53,COMPLETED,0,1
79KWH,8,2,FULL,24-07-2025,12:42:42,24-07-2025,12:42:43,24-07-2025,12:44:02,COMPLETED,0,1
79KWH,8,3,FULL,24-07-2025,12:43:01,24-07-2025,12:43:02,24-07-2025,12:44:43,COMPLETED,0,1
79KWH,8,2,FULL,24-07-2025,12:44:35,24-07-2025,12:45:47,24-07-2025,12:47:43,COMPLETED,0,1
79KWH,8,3,FULL,24-07-2025,12:44:49,24-07-2025,12:44:52,24-07-2025,12:46:33,COMPLETED,0,1
79KWH,8,3,FULL,24-07-2025,12:46:41,24-07-2025,12:48:08,24-07-2025,12:50:15,COMPLETED,0,1
79KWH,8,2,FULL,24-07-2025,12:47:50,24-07-2025,12:49:34,24-07-2025,12:51:28,COMPLETED,0,1
79KWH,8,3,FULL,24-07-2025,12:50:21,24-07-2025,12:50:25,24-07-2025,12:52:05,COMPLETED,0,1
79KWH,8,2,FULL,24-07-2025,12:51:36,24-07-2025,12:53:16,24-07-2025,12:55:09,COMPLETED,0,1
79KWH,8,3,FULL,24-07-2025,12:52:13,24-07-2025,12:53:51,24-07-2025,12:56:01,COMPLETED,0,1
79KWH,8,2,FULL,24-07-2025,12:55:16,24-07-2025,12:55:18,24-07-2025,12:56:39,COMPLETED,0,1
79KWH,8,3,FULL,24-07-2025,12:56:06,24-07-2025,12:57:37,24-07-2025,12:59:44,COMPLETED,0,1
79KWH,8,2,FULL,24-07-2025,12:56:47,24-07-2025,12:56:48,24-07-2025,12:58:11,COMPLETED,0,1
79KWH,8,2,FULL,24-07-2025,12:58:18,24-07-2025,12:58:21,24-07-2025,12:59:41,COMPLETED,0,1
79KWH,8,3,FULL,24-07-2025,12:59:52,24-07-2025,12:59:53,24-07-2025,13:01:36,COMPLETED,0,1
79KWH,8,3,FULL,24-07-2025,13:01:42,24-07-2025,13:01:46,24-07-2025,13:03:28,COMPLETED,0,1
79KWH,8,3,FULL,24-07-2025,13:03:37,24-07-2025,13:03:38,24-07-2025,13:05:23,COMPLETED,0,1
79KWH,8,3,FULL,24-07-2025,13:05:30,24-07-2025,13:05:33,24-07-2025,13:07:16,COMPLETED,0,1
79KWH,8,3,FULL,24-07-2025,13:07:25,24-07-2025,13:07:26,24-07-2025,13:09:12,COMPLETED,0,1
79KWH,8,3,FULL,24-07-2025,13:11:25,24-07-2025,13:11:26,24-07-2025,13:13:10,COMPLETED,0,1
79KWH,8,2,FULL,24-07-2025,13:11:31,24-07-2025,13:11:33,24-07-2025,13:12:57,COMPLETED,0,1
79KWH,8,3,FULL,24-07-2025,13:13:19,24-07-2025,13:13:19,24-07-2025,13:15:06,COMPLETED,0,1
79KWH,8,2,FULL,24-07-2025,13:13:21,24-07-2025,13:13:22,24-07-2025,13:14:44,COMPLETED,0,1
79KWH,8,3,FULL,24-07-2025,13:15:13,24-07-2025,13:15:15,24-07-2025,13:17:00,COMPLETED,0,1
79KWH,8,2,FULL,24-07-2025,13:15:14,24-07-2025,13:16:32,24-07-2025,13:18:31,COMPLETED,0,1
79KWH,8,3,FULL,24-07-2025,13:17:08,24-07-2025,13:18:37,24-07-2025,13:20:48,COMPLETED,0,1
79KWH,8,2,FULL,24-07-2025,13:18:37,24-07-2025,13:18:39,24-07-2025,13:20:03,COMPLETED,0,1
79KWH,8,2,FULL,24-07-2025,13:20:10,24-07-2025,13:21:45,24-07-2025,13:23:43,COMPLETED,0,1
79KWH,8,3,FULL,24-07-2025,13:20:54,24-07-2025,13:20:57,24-07-2025,13:22:43,COMPLETED,0,1
79KWH,8,3,FULL,24-07-2025,13:22:51,24-07-2025,13:24:17,24-07-2025,13:26:28,COMPLETED,0,1
79KWH,8,1,FULL,24-07-2025,13:22:56,24-07-2025,13:23:03,24-07-2025,13:24:20,COMPLETED,0,1
79KWH,8,2,FULL,24-07-2025,13:23:49,24-07-2025,13:23:53,24-07-2025,13:25:17,COMPLETED,0,1
79KWH,8,1,FULL,24-07-2025,13:24:26,24-07-2025,13:24:29,24-07-2025,13:25:55,COMPLETED,0,1
79KWH,8,2,FULL,24-07-2025,13:25:27,24-07-2025,13:25:27,24-07-2025,13:26:53,COMPLETED,0,1
79KWH,8,1,FULL,24-07-2025,13:26:03,24-07-2025,13:26:04,24-07-2025,13:27:33,COMPLETED,0,1
79KWH,8,3,FULL,24-07-2025,13:26:34,24-07-2025,13:26:37,24-07-2025,13:28:24,COMPLETED,0,1
79KWH,8,2,FULL,24-07-2025,13:27:22,24-07-2025,13:27:23,24-07-2025,13:28:48,COMPLETED,0,1
79KWH,8,1,FULL,24-07-2025,13:27:39,24-07-2025,13:27:42,24-07-2025,13:29:10,COMPLETED,0,1
79KWH,8,3,FULL,24-07-2025,13:28:33,24-07-2025,13:30:01,24-07-2025,13:32:12,COMPLETED,0,1
79KWH,8,1,FULL,24-07-2025,13:29:18,24-07-2025,13:29:20,24-07-2025,13:30:52,COMPLETED,0,1
79KWH,8,2,FULL,24-07-2025,13:30:07,24-07-2025,13:30:07,24-07-2025,13:31:34,COMPLETED,0,1
79KWH,8,1,FULL,24-07-2025,13:30:57,24-07-2025,13:31:01,24-07-2025,13:32:30,COMPLETED,0,1
79KWH,8,3,FULL,24-07-2025,13:32:18,24-07-2025,13:32:21,24-07-2025,13:34:09,COMPLETED,0,1
79KWH,8,1,FULL,24-07-2025,13:32:38,24-07-2025,13:32:38,24-07-2025,13:34:09,COMPLETED,0,1
79KWH,8,2,FULL,24-07-2025,13:32:55,24-07-2025,13:34:02,24-07-2025,13:36:01,COMPLETED,0,1
79KWH,8,1,FULL,24-07-2025,13:34:15,24-07-2025,13:34:19,24-07-2025,13:35:48,COMPLETED,0,1
79KWH,8,3,FULL,24-07-2025,13:34:18,24-07-2025,13:35:41,24-07-2025,13:37:53,COMPLETED,0,1
79KWH,8,1,FULL,24-07-2025,13:35:56,24-07-2025,13:35:56,24-07-2025,13:37:27,COMPLETED,0,1
79KWH,8,2,FULL,24-07-2025,13:36:09,24-07-2025,13:37:41,24-07-2025,13:39:42,COMPLETED,0,1
79KWH,8,1,FULL,24-07-2025,13:37:34,24-07-2025,13:37:36,24-07-2025,13:39:06,COMPLETED,0,1
79KWH,8,3,FULL,24-07-2025,13:37:59,24-07-2025,13:39:31,24-07-2025,13:41:41,COMPLETED,0,1
79KWH,8,2,FULL,24-07-2025,13:39:48,24-07-2025,13:39:51,24-07-2025,13:41:19,COMPLETED,0,1
79KWH,8,1,FULL,24-07-2025,13:39:56,24-07-2025,13:39:57,24-07-2025,13:41:31,COMPLETED,0,1
79KWH,8,2,FULL,24-07-2025,13:41:27,24-07-2025,13:41:28,24-07-2025,13:42:57,COMPLETED,0,1
79KWH,8,3,FULL,24-07-2025,13:41:50,24-07-2025,13:43:12,24-07-2025,13:45:26,COMPLETED,0,1
79KWH,8,1,FULL,24-07-2025,13:42:45,24-07-2025,13:42:46,24-07-2025,13:44:17,COMPLETED,0,1
79KWH,8,2,FULL,24-07-2025,13:44:06,24-07-2025,13:44:07,24-07-2025,13:45:35,COMPLETED,0,1
79KWH,8,1,FULL,24-07-2025,13:45:31,24-07-2025,13:45:32,24-07-2025,13:47:06,COMPLETED,0,1
79KWH,8,3,FULL,24-07-2025,13:45:32,24-07-2025,13:45:34,24-07-2025,13:47:23,COMPLETED,0,1
79KWH,8,2,FULL,24-07-2025,13:46:51,24-07-2025,13:46:52,24-07-2025,13:48:23,COMPLETED,0,1
79KWH,8,3,FULL,24-07-2025,13:47:31,24-07-2025,13:47:33,24-07-2025,13:49:24,COMPLETED,0,1
79KWH,8,1,FULL,24-07-2025,13:48:20,24-07-2025,13:48:21,24-07-2025,13:49:54,COMPLETED,0,1
79KWH,8,3,FULL,24-07-2025,13:49:31,24-07-2025,13:49:34,24-07-2025,13:51:24,COMPLETED,0,1
79KWH,8,2,FULL,24-07-2025,13:49:39,24-07-2025,13:49:40,24-07-2025,13:51:09,COMPLETED,0,1
79KWH,8,1,FULL,24-07-2025,13:51:06,24-07-2025,13:51:07,24-07-2025,13:52:42,COMPLETED,0,1
79KWH,8,3,FULL,24-07-2025,13:51:32,24-07-2025,13:51:33,24-07-2025,13:53:26,COMPLETED,0,1
79KWH,8,2,FULL,24-07-2025,13:52:28,24-07-2025,13:52:29,24-07-2025,13:54:00,COMPLETED,0,1
79KWH,8,3,FULL,24-07-2025,13:53:32,24-07-2025,13:53:35,24-07-2025,13:55:25,COMPLETED,0,1
79KWH,8,1,FULL,24-07-2025,13:53:54,24-07-2025,13:53:55,24-07-2025,13:55:28,COMPLETED,0,1
79KWH,8,2,FULL,24-07-2025,13:55:14,24-07-2025,13:56:32,24-07-2025,13:58:33,COMPLETED,0,1
79KWH,8,3,FULL,24-07-2025,13:55:34,24-07-2025,13:57:01,24-07-2025,13:59:15,COMPLETED,0,1
79KWH,8,1,FULL,24-07-2025,13:56:41,24-07-2025,13:56:42,24-07-2025,13:58:17,COMPLETED,0,1
79KWH,8,2,FULL,24-07-2025,13:58:40,24-07-2025,14:00:15,24-07-2025,14:02:17,COMPLETED,0,1
79KWH,8,3,FULL,24-07-2025,13:59:21,24-07-2025,13:59:25,24-07-2025,14:01:17,COMPLETED,0,1
79KWH,8,1,FULL,24-07-2025,13:59:28,24-07-2025,13:59:29,24-07-2025,14:01:02,COMPLETED,0,1
79KWH,8,3,FULL,24-07-2025,14:01:25,24-07-2025,14:02:48,24-07-2025,14:05:02,COMPLETED,0,1
79KWH,8,3,FULL,24-07-2025,14:05:08,24-07-2025,14:05:10,24-07-2025,14:07:03,COMPLETED,0,1
79KWH,8,3,FULL,24-07-2025,14:07:11,24-07-2025,14:08:37,24-07-2025,14:10:52,COMPLETED,0,1
79KWH,8,2,FULL,24-07-2025,14:18:37,24-07-2025,14:18:38,24-07-2025,14:20:09,COMPLETED,0,1
79KWH,8,1,FULL,24-07-2025,14:20:02,24-07-2025,14:20:03,24-07-2025,14:21:40,COMPLETED,0,1
79KWH,8,3,FULL,24-07-2025,14:31:18,24-07-2025,15:43:11,24-07-2025,15:45:05,COMPLETED,0,1
79KWH,8,2,FULL,24-07-2025,14:31:27,24-07-2025,15:42:56,24-07-2025,15:44:29,COMPLETED,0,1
79KWH,8,1,FULL,24-07-2025,14:32:55,24-07-2025,15:39:39,24-07-2025,15:41:25,COMPLETED,0,1
79KWH,8,1,FULL,24-07-2025,15:41:32,24-07-2025,15:41:35,24-07-2025,15:44:35,COMPLETED,0,1
79KWH,8,2,FULL,24-07-2025,15:44:36,24-07-2025,15:44:38,24-07-2025,15:46:08,COMPLETED,0,1
79KWH,8,1,FULL,24-07-2025,15:44:41,24-07-2025,15:44:56,24-07-2025,15:46:37,COMPLETED,0,1
79KWH,8,3,FULL,24-07-2025,15:45:14,24-07-2025,15:45:16,24-07-2025,15:47:12,COMPLETED,0,1
79KWH,8,2,FULL,24-07-2025,15:46:16,24-07-2025,15:46:17,24-07-2025,15:47:50,COMPLETED,0,1
79KWH,8,1,FULL,24-07-2025,15:46:44,24-07-2025,15:46:46,24-07-2025,15:48:27,COMPLETED,0,1
79KWH,8,3,FULL,24-07-2025,15:47:19,24-07-2025,15:47:22,24-07-2025,15:49:16,COMPLETED,0,1
79KWH,8,2,FULL,24-07-2025,15:47:57,24-07-2025,15:48:00,24-07-2025,15:49:31,COMPLETED,0,1
79KWH,8,1,FULL,24-07-2025,15:48:34,24-07-2025,15:48:37,24-07-2025,15:50:14,COMPLETED,0,1
79KWH,8,3,FULL,24-07-2025,15:49:25,24-07-2025,15:49:27,24-07-2025,15:51:24,COMPLETED,0,1
79KWH,8,2,FULL,24-07-2025,15:49:40,24-07-2025,15:49:40,24-07-2025,15:51:15,COMPLETED,0,1
79KWH,8,1,FULL,24-07-2025,15:50:22,24-07-2025,15:50:24,24-07-2025,15:52:02,COMPLETED,0,1
79KWH,8,3,FULL,24-07-2025,15:51:29,24-07-2025,15:51:33,24-07-2025,15:53:29,COMPLETED,0,1
79KWH,8,2,FULL,24-07-2025,15:51:40,24-07-2025,15:51:40,24-07-2025,15:53:13,COMPLETED,0,1
79KWH,8,1,FULL,24-07-2025,15:52:08,24-07-2025,15:52:10,24-07-2025,15:53:47,COMPLETED,0,1
79KWH,8,3,FULL,24-07-2025,15:53:37,24-07-2025,15:53:38,24-07-2025,15:55:36,COMPLETED,0,1
79KWH,8,1,FULL,24-07-2025,15:53:56,24-07-2025,15:53:59,24-07-2025,15:55:39,COMPLETED,0,1
79KWH,8,2,FULL,24-07-2025,15:54:31,24-07-2025,15:54:32,24-07-2025,15:56:07,COMPLETED,0,1
79KWH,8,3,FULL,24-07-2025,15:55:42,24-07-2025,15:55:46,24-07-2025,15:57:43,COMPLETED,0,1
79KWH,8,1,FULL,24-07-2025,15:55:45,24-07-2025,15:55:48,24-07-2025,15:57:27,COMPLETED,0,1
79KWH,8,2,FULL,24-07-2025,15:57:14,24-07-2025,15:58:46,24-07-2025,16:00:48,COMPLETED,0,1
79KWH,8,1,FULL,24-07-2025,15:57:35,24-07-2025,15:59:32,24-07-2025,16:01:44,COMPLETED,0,1
79KWH,8,3,FULL,24-07-2025,15:57:51,24-07-2025,15:59:09,24-07-2025,16:01:25,COMPLETED,0,1
79KWH,8,2,FULL,24-07-2025,16:00:56,24-07-2025,16:02:24,24-07-2025,16:04:29,COMPLETED,0,1
79KWH,8,3,FULL,24-07-2025,16:01:32,24-07-2025,16:01:35,24-07-2025,16:03:32,COMPLETED,0,1
79KWH,8,1,FULL,24-07-2025,16:01:50,24-07-2025,16:01:56,24-07-2025,16:03:35,COMPLETED,0,1
79KWH,8,3,FULL,24-07-2025,16:03:40,24-07-2025,16:05:04,24-07-2025,16:07:21,COMPLETED,0,1
79KWH,8,1,FULL,24-07-2025,16:03:45,24-07-2025,16:05:39,24-07-2025,16:07:46,COMPLETED,0,1
79KWH,8,2,FULL,24-07-2025,16:04:35,24-07-2025,16:04:38,24-07-2025,16:06:15,COMPLETED,0,1
79KWH,8,2,FULL,24-07-2025,16:06:22,24-07-2025,16:07:54,24-07-2025,16:10:00,COMPLETED,0,1
79KWH,8,3,FULL,24-07-2025,16:07:27,24-07-2025,16:07:30,24-07-2025,16:09:28,COMPLETED,0,1
79KWH,8,1,FULL,24-07-2025,16:07:52,24-07-2025,16:07:55,24-07-2025,16:09:35,COMPLETED,0,1
79KWH,8,3,FULL,24-07-2025,16:09:36,24-07-2025,16:10:54,24-07-2025,16:13:11,COMPLETED,0,1
79KWH,8,1,FULL,24-07-2025,16:09:44,24-07-2025,16:11:43,24-07-2025,16:13:52,COMPLETED,0,1
79KWH,8,2,FULL,24-07-2025,16:10:06,24-07-2025,16:10:08,24-07-2025,16:11:44,COMPLETED,0,1
79KWH,8,2,FULL,24-07-2025,16:12:17,24-07-2025,16:13:19,24-07-2025,16:15:24,COMPLETED,0,1
79KWH,8,3,FULL,24-07-2025,16:13:17,24-07-2025,16:14:44,24-07-2025,16:16:59,COMPLETED,0,1
79KWH,8,1,FULL,24-07-2025,16:13:58,24-07-2025,16:14:00,24-07-2025,16:15:41,COMPLETED,0,1
79KWH,8,2,FULL,24-07-2025,16:15:30,24-07-2025,16:15:33,24-07-2025,16:17:09,COMPLETED,0,1
79KWH,8,1,FULL,24-07-2025,16:15:49,24-07-2025,16:17:43,24-07-2025,16:19:52,COMPLETED,0,1
79KWH,8,3,FULL,24-07-2025,16:17:08,24-07-2025,16:18:26,24-07-2025,16:20:44,COMPLETED,0,1
79KWH,8,2,FULL,24-07-2025,16:17:52,24-07-2025,16:18:50,24-07-2025,16:20:56,COMPLETED,0,1
79KWH,8,1,FULL,24-07-2025,16:19:58,24-07-2025,16:20:01,24-07-2025,16:21:43,COMPLETED,0,1
79KWH,8,3,FULL,24-07-2025,16:20:50,24-07-2025,16:22:15,24-07-2025,16:24:29,COMPLETED,0,1
79KWH,8,2,FULL,24-07-2025,16:21:03,24-07-2025,16:21:06,24-07-2025,16:22:45,COMPLETED,0,1
79KWH,8,1,FULL,24-07-2025,16:21:51,24-07-2025,16:23:49,24-07-2025,16:25:58,COMPLETED,0,1
79KWH,8,2,FULL,24-07-2025,16:23:26,24-07-2025,16:24:21,24-07-2025,16:26:28,COMPLETED,0,1
79KWH,8,3,FULL,24-07-2025,16:24:38,24-07-2025,16:24:39,24-07-2025,16:26:42,COMPLETED,0,1
79KWH,8,1,FULL,24-07-2025,16:26:05,24-07-2025,16:26:07,24-07-2025,16:27:51,COMPLETED,0,1
79KWH,8,2,FULL,24-07-2025,16:26:33,24-07-2025,16:28:09,24-07-2025,16:30:14,COMPLETED,0,1
79KWH,8,3,FULL,24-07-2025,16:26:48,24-07-2025,16:28:08,24-07-2025,16:30:24,COMPLETED,0,1
79KWH,8,1,FULL,24-07-2025,16:27:59,24-07-2025,16:28:00,24-07-2025,16:29:46,COMPLETED,0,1
79KWH,8,1,FULL,24-07-2025,16:29:53,24-07-2025,16:29:55,24-07-2025,16:31:39,COMPLETED,0,1
79KWH,8,2,FULL,24-07-2025,16:30:21,24-07-2025,16:31:49,24-07-2025,16:33:56,COMPLETED,0,1
79KWH,8,3,FULL,24-07-2025,16:30:33,24-07-2025,16:31:53,24-07-2025,16:34:11,COMPLETED,0,1
79KWH,8,1,FULL,24-07-2025,16:31:47,24-07-2025,16:33:40,24-07-2025,16:35:51,COMPLETED,0,1
79KWH,8,2,FULL,24-07-2025,16:34:03,24-07-2025,16:34:06,24-07-2025,16:35:45,COMPLETED,0,1
79KWH,8,3,FULL,24-07-2025,16:34:17,24-07-2025,16:34:21,24-07-2025,16:36:23,COMPLETED,0,1
79KWH,8,2,FULL,24-07-2025,16:35:52,24-07-2025,16:35:53,24-07-2025,16:37:35,COMPLETED,0,1
79KWH,8,1,FULL,24-07-2025,16:35:57,24-07-2025,16:38:00,24-07-2025,16:40:08,COMPLETED,0,1
79KWH,8,3,FULL,24-07-2025,16:36:31,24-07-2025,16:37:46,24-07-2025,16:40:06,COMPLETED,0,1
79KWH,8,2,FULL,24-07-2025,16:37:41,24-07-2025,16:37:44,24-07-2025,16:39:24,COMPLETED,0,1
79KWH,8,2,FULL,24-07-2025,16:39:52,24-07-2025,16:39:54,24-07-2025,16:41:37,COMPLETED,0,1
79KWH,8,3,FULL,24-07-2025,16:40:12,24-07-2025,16:41:35,24-07-2025,16:43:53,COMPLETED,0,1
79KWH,8,1,FULL,24-07-2025,16:40:16,24-07-2025,16:40:17,24-07-2025,16:42:06,COMPLETED,0,1
79KWH,8,1,FULL,24-07-2025,16:42:12,24-07-2025,16:42:15,24-07-2025,16:44:02,COMPLETED,0,1
79KWH,8,2,FULL,24-07-2025,16:42:44,24-07-2025,16:42:45,24-07-2025,16:44:27,COMPLETED,0,1
79KWH,8,3,FULL,24-07-2025,16:44:01,24-07-2025,16:45:16,24-07-2025,16:47:37,COMPLETED,0,1
79KWH,8,1,FULL,24-07-2025,16:44:10,24-07-2025,16:44:10,24-07-2025,16:45:59,COMPLETED,0,1
79KWH,8,2,FULL,24-07-2025,16:45:51,24-07-2025,16:45:51,24-07-2025,16:47:34,COMPLETED,0,1
79KWH,8,1,FULL,24-07-2025,16:46:05,24-07-2025,16:46:09,24-07-2025,16:47:57,COMPLETED,0,1
79KWH,8,3,FULL,24-07-2025,16:47:42,24-07-2025,16:49:06,24-07-2025,16:51:24,COMPLETED,0,1
79KWH,8,2,FULL,24-07-2025,16:47:54,24-07-2025,16:47:56,24-07-2025,16:49:37,COMPLETED,0,1
79KWH,8,1,FULL,24-07-2025,16:48:05,24-07-2025,16:48:05,24-07-2025,16:49:55,COMPLETED,0,1
79KWH,8,1,FULL,24-07-2025,16:50:01,24-07-2025,16:50:04,24-07-2025,16:51:53,COMPLETED,0,1
79KWH,8,2,FULL,24-07-2025,16:50:35,24-07-2025,16:50:35,24-07-2025,16:52:20,COMPLETED,0,1
79KWH,8,3,FULL,24-07-2025,16:51:33,24-07-2025,16:51:34,24-07-2025,16:53:40,COMPLETED,0,1
79KWH,8,1,FULL,24-07-2025,16:52:01,24-07-2025,16:53:56,24-07-2025,16:56:08,COMPLETED,0,1
79KWH,8,2,FULL,24-07-2025,16:53:13,24-07-2025,16:54:02,24-07-2025,16:56:08,COMPLETED,0,1
79KWH,8,3,FULL,24-07-2025,16:53:46,24-07-2025,16:53:49,24-07-2025,16:55:53,COMPLETED,0,1
79KWH,8,3,FULL,24-07-2025,16:56:02,24-07-2025,16:57:15,24-07-2025,16:59:36,COMPLETED,0,1
79KWH,8,1,FULL,24-07-2025,16:56:15,24-07-2025,16:56:17,24-07-2025,16:58:06,COMPLETED,0,1
79KWH,8,2,FULL,24-07-2025,16:56:17,24-07-2025,16:57:45,24-07-2025,16:59:54,COMPLETED,0,1
79KWH,8,1,FULL,24-07-2025,16:58:14,24-07-2025,17:00:15,24-07-2025,17:02:28,COMPLETED,0,1
79KWH,8,3,FULL,24-07-2025,16:59:42,24-07-2025,16:59:45,24-07-2025,17:01:51,COMPLETED,0,1
79KWH,8,3,FULL,24-07-2025,17:02:00,24-07-2025,17:02:01,24-07-2025,17:04:10,COMPLETED,0,1
79KWH,8,1,FULL,24-07-2025,17:02:34,24-07-2025,17:02:36,24-07-2025,17:04:26,COMPLETED,0,1
79KWH,8,3,FULL,24-07-2025,17:04:16,24-07-2025,17:04:19,24-07-2025,17:06:26,COMPLETED,0,1
79KWH,8,2,FULL,24-07-2025,17:06:06,24-07-2025,17:06:06,24-07-2025,17:07:52,COMPLETED,0,1
79KWH,8,3,FULL,24-07-2025,17:06:35,24-07-2025,17:06:36,24-07-2025,17:08:46,COMPLETED,0,1
79KWH,8,1,FULL,24-07-2025,17:07:18,24-07-2025,17:07:19,24-07-2025,17:09:12,COMPLETED,0,1
79KWH,8,3,FULL,24-07-2025,17:08:52,24-07-2025,17:08:55,24-07-2025,17:11:04,COMPLETED,0,1
79KWH,8,3,FULL,24-07-2025,17:19:43,24-07-2025,17:19:44,24-07-2025,17:22:08,COMPLETED,0,1
79KWH,8,2,FULL,24-07-2025,17:19:57,24-07-2025,17:19:58,24-07-2025,17:22:08,COMPLETED,0,1
79KWH,8,1,FULL,24-07-2025,17:21:19,24-07-2025,17:21:20,24-07-2025,17:23:33,COMPLETED,0,1
79KWH,8,3,FULL,24-07-2025,17:22:32,24-07-2025,17:22:32,24-07-2025,17:24:42,COMPLETED,0,1
79KWH,8,2,FULL,24-07-2025,17:22:39,24-07-2025,17:22:40,24-07-2025,17:24:24,COMPLETED,0,1
79KWH,8,1,FULL,24-07-2025,17:24:11,24-07-2025,17:24:12,24-07-2025,17:26:05,COMPLETED,0,1
79KWH,8,3,FULL,24-07-2025,17:25:18,24-07-2025,17:25:18,24-07-2025,17:27:30,COMPLETED,0,1
79KWH,8,2,FULL,24-07-2025,17:25:33,24-07-2025,17:25:35,24-07-2025,17:27:22,COMPLETED,0,1
79KWH,8,1,FULL,24-07-2025,17:26:53,24-07-2025,17:26:54,24-07-2025,17:28:46,COMPLETED,0,1
79KWH,8,3,FULL,24-07-2025,17:28:05,24-07-2025,17:28:07,24-07-2025,17:30:17,COMPLETED,0,1
79KWH,8,2,FULL,24-07-2025,17:28:13,24-07-2025,17:28:14,24-07-2025,17:30:00,COMPLETED,0,1
79KWH,8,1,FULL,24-07-2025,17:29:44,24-07-2025,17:29:46,24-07-2025,17:31:40,COMPLETED,0,1
79KWH,8,3,FULL,24-07-2025,17:30:54,24-07-2025,17:30:55,24-07-2025,17:33:08,COMPLETED,0,1
79KWH,8,2,FULL,24-07-2025,17:31:05,24-07-2025,17:31:06,24-07-2025,17:32:53,COMPLETED,0,1
79KWH,8,1,FULL,24-07-2025,17:32:27,24-07-2025,17:32:28,24-07-2025,17:34:21,COMPLETED,0,1
79KWH,8,3,FULL,24-07-2025,17:33:41,24-07-2025,17:33:41,24-07-2025,17:35:52,COMPLETED,0,1
79KWH,8,2,FULL,24-07-2025,17:33:47,24-07-2025,17:33:49,24-07-2025,17:35:34,COMPLETED,0,1
79KWH,8,1,FULL,24-07-2025,17:35:20,24-07-2025,17:35:21,24-07-2025,17:37:16,COMPLETED,0,1
79KWH,8,3,FULL,24-07-2025,17:36:28,24-07-2025,17:36:29,24-07-2025,17:38:43,COMPLETED,0,1
79KWH,8,2,FULL,24-07-2025,17:36:41,24-07-2025,17:36:41,24-07-2025,17:38:31,COMPLETED,0,1
79KWH,8,1,FULL,24-07-2025,17:38:02,24-07-2025,17:39:28,24-07-2025,17:41:41,COMPLETED,0,1
79KWH,8,3,FULL,24-07-2025,17:39:16,24-07-2025,17:40:09,24-07-2025,17:42:31,COMPLETED,0,1
79KWH,8,2,FULL,24-07-2025,17:39:22,24-07-2025,17:40:58,24-07-2025,17:43:07,COMPLETED,0,1
79KWH,8,1,FULL,24-07-2025,17:41:49,24-07-2025,17:43:45,24-07-2025,17:46:00,COMPLETED,0,1
79KWH,8,3,FULL,24-07-2025,17:42:39,24-07-2025,17:43:49,24-07-2025,17:46:12,COMPLETED,0,1
79KWH,8,2,FULL,24-07-2025,17:43:15,24-07-2025,17:43:16,24-07-2025,17:45:06,COMPLETED,0,1
79KWH,8,2,FULL,24-07-2025,17:45:12,24-07-2025,17:45:16,24-07-2025,17:47:04,COMPLETED,0,1
79KWH,8,1,FULL,24-07-2025,17:46:06,24-07-2025,17:46:09,24-07-2025,17:48:04,COMPLETED,0,1
79KWH,8,3,FULL,24-07-2025,17:46:18,24-07-2025,17:46:22,24-07-2025,17:48:36,COMPLETED,0,1
79KWH,8,2,FULL,24-07-2025,17:47:49,24-07-2025,17:47:50,24-07-2025,17:49:43,COMPLETED,0,1
79KWH,8,1,FULL,24-07-2025,17:48:12,24-07-2025,17:48:13,24-07-2025,17:50:11,COMPLETED,0,1
79KWH,8,3,FULL,24-07-2025,17:48:44,24-07-2025,17:48:44,24-07-2025,17:51:00,COMPLETED,0,1
79KWH,8,1,FULL,24-07-2025,17:50:17,24-07-2025,17:50:20,24-07-2025,17:52:15,COMPLETED,0,1
79KWH,8,2,FULL,24-07-2025,17:50:32,24-07-2025,17:50:33,24-07-2025,17:52:21,COMPLETED,0,1
79KWH,8,3,FULL,24-07-2025,17:51:07,24-07-2025,17:51:09,24-07-2025,17:53:23,COMPLETED,0,1
79KWH,8,1,FULL,24-07-2025,17:52:24,24-07-2025,17:52:25,24-07-2025,17:54:23,COMPLETED,0,1
79KWH,8,2,FULL,24-07-2025,17:53:23,24-07-2025,17:53:24,24-07-2025,17:55:16,COMPLETED,0,1
79KWH,8,3,FULL,24-07-2025,17:53:31,24-07-2025,17:53:32,24-07-2025,17:55:49,COMPLETED,0,1
79KWH,8,1,FULL,24-07-2025,17:54:46,24-07-2025,17:54:46,24-07-2025,17:56:42,COMPLETED,0,1
79KWH,8,3,FULL,24-07-2025,17:56:00,24-07-2025,17:56:01,24-07-2025,17:58:16,COMPLETED,0,1
79KWH,8,2,FULL,24-07-2025,17:56:07,24-07-2025,17:56:08,24-07-2025,17:57:59,COMPLETED,0,1
79KWH,8,1,FULL,25-07-2025,07:22:51,25-07-2025,07:22:51,25-07-2025,07:25:08,COMPLETED,0,1
79KWH,8,3,FULL,25-07-2025,07:23:58,25-07-2025,07:24:00,25-07-2025,07:26:25,COMPLETED,0,1
79KWH,8,1,FULL,25-07-2025,07:25:14,25-07-2025,07:25:16,25-07-2025,07:27:13,COMPLETED,0,1
79KWH,8,3,FULL,25-07-2025,07:26:30,25-07-2025,07:26:34,25-07-2025,07:28:50,COMPLETED,0,1
79KWH,8,1,FULL,25-07-2025,07:27:22,25-07-2025,07:27:22,25-07-2025,07:29:22,COMPLETED,0,1
79KWH,8,3,FULL,25-07-2025,07:28:59,25-07-2025,07:28:59,25-07-2025,07:31:18,COMPLETED,0,1
79KWH,8,1,FULL,25-07-2025,07:29:28,25-07-2025,07:29:32,25-07-2025,07:31:30,COMPLETED,0,1
79KWH,8,3,FULL,25-07-2025,07:31:24,25-07-2025,07:31:27,25-07-2025,07:33:44,COMPLETED,0,1
79KWH,8,1,FULL,25-07-2025,07:31:39,25-07-2025,07:31:40,25-07-2025,07:33:41,COMPLETED,0,1
79KWH,8,1,FULL,25-07-2025,07:33:47,25-07-2025,07:33:50,25-07-2025,07:35:49,COMPLETED,0,1
79KWH,8,3,FULL,25-07-2025,07:33:54,25-07-2025,07:33:54,25-07-2025,07:36:14,COMPLETED,0,1
79KWH,8,1,FULL,25-07-2025,07:35:57,25-07-2025,07:35:58,25-07-2025,07:37:59,COMPLETED,0,1
79KWH,8,3,FULL,25-07-2025,07:36:20,25-07-2025,07:36:23,25-07-2025,07:38:40,COMPLETED,0,1
79KWH,8,1,FULL,25-07-2025,07:38:05,25-07-2025,07:38:08,25-07-2025,07:40:08,COMPLETED,0,1
79KWH,8,3,FULL,25-07-2025,07:38:49,25-07-2025,07:38:50,25-07-2025,07:41:11,COMPLETED,0,1
79KWH,8,1,FULL,25-07-2025,07:40:15,25-07-2025,07:40:18,25-07-2025,07:42:20,COMPLETED,0,1
79KWH,8,3,FULL,25-07-2025,07:41:17,25-07-2025,07:41:20,25-07-2025,07:43:38,COMPLETED,0,1
79KWH,8,1,FULL,25-07-2025,07:42:26,25-07-2025,07:42:30,25-07-2025,07:44:31,COMPLETED,0,1
79KWH,8,3,FULL,25-07-2025,07:43:47,25-07-2025,07:43:48,25-07-2025,07:46:09,COMPLETED,0,1
79KWH,8,1,FULL,25-07-2025,07:44:39,25-07-2025,07:44:40,25-07-2025,07:46:44,COMPLETED,0,1
79KWH,8,3,FULL,25-07-2025,07:46:15,25-07-2025,07:46:20,25-07-2025,07:48:39,COMPLETED,0,1
79KWH,8,1,FULL,25-07-2025,07:46:51,25-07-2025,07:46:52,25-07-2025,07:48:54,COMPLETED,0,1
79KWH,8,3,FULL,25-07-2025,07:48:47,25-07-2025,07:48:48,25-07-2025,07:51:10,COMPLETED,0,1
79KWH,8,1,FULL,25-07-2025,07:49:02,25-07-2025,07:49:03,25-07-2025,07:51:06,COMPLETED,0,1
79KWH,8,1,FULL,25-07-2025,07:51:12,25-07-2025,07:51:15,25-07-2025,07:53:16,COMPLETED,0,1
79KWH,8,3,FULL,25-07-2025,07:51:16,25-07-2025,07:51:18,25-07-2025,07:53:38,COMPLETED,0,1
79KWH,8,1,FULL,25-07-2025,07:53:25,25-07-2025,07:53:25,25-07-2025,07:55:31,COMPLETED,0,1
79KWH,8,3,FULL,25-07-2025,07:53:47,25-07-2025,07:53:48,25-07-2025,07:56:10,COMPLETED,0,1
79KWH,8,1,FULL,25-07-2025,07:55:38,25-07-2025,07:55:40,25-07-2025,07:57:44,COMPLETED,0,1
79KWH,8,3,FULL,25-07-2025,07:56:16,25-07-2025,07:57:24,25-07-2025,07:59:50,COMPLETED,0,1
79KWH,8,1,FULL,25-07-2025,07:57:52,25-07-2025,07:59:35,25-07-2025,08:01:55,COMPLETED,0,1
79KWH,8,3,FULL,25-07-2025,07:59:59,25-07-2025,08:00:00,25-07-2025,08:02:25,COMPLETED,0,1
79KWH,8,1,FULL,25-07-2025,08:02:01,25-07-2025,08:02:04,25-07-2025,08:04:09,COMPLETED,0,1
79KWH,8,3,FULL,25-07-2025,08:02:31,25-07-2025,08:02:34,25-07-2025,08:04:56,COMPLETED,0,1
79KWH,8,1,FULL,25-07-2025,08:04:17,25-07-2025,08:06:05,25-07-2025,08:08:26,COMPLETED,0,1
79KWH,8,3,FULL,25-07-2025,08:05:05,25-07-2025,08:05:05,25-07-2025,08:07:30,COMPLETED,0,1
79KWH,8,3,FULL,25-07-2025,08:07:35,25-07-2025,08:07:39,25-07-2025,08:10:02,COMPLETED,0,1
79KWH,8,1,FULL,25-07-2025,08:08:32,25-07-2025,08:08:34,25-07-2025,08:10:40,COMPLETED,0,1
79KWH,8,3,FULL,25-07-2025,08:10:11,25-07-2025,08:10:11,25-07-2025,08:12:38,COMPLETED,0,1
79KWH,8,1,FULL,25-07-2025,08:10:48,25-07-2025,08:10:48,25-07-2025,08:12:57,COMPLETED,0,1
79KWH,8,3,FULL,25-07-2025,08:12:44,25-07-2025,08:12:46,25-07-2025,08:15:10,COMPLETED,0,1
79KWH,8,1,FULL,25-07-2025,08:13:03,25-07-2025,08:13:06,25-07-2025,08:15:12,COMPLETED,0,1
79KWH,8,3,FULL,25-07-2025,08:15:19,25-07-2025,08:15:19,25-07-2025,08:17:46,COMPLETED,0,1
79KWH,8,1,FULL,25-07-2025,08:15:21,25-07-2025,08:15:22,25-07-2025,08:17:32,COMPLETED,0,1
79KWH,8,1,FULL,25-07-2025,08:17:39,25-07-2025,08:17:41,25-07-2025,08:19:49,COMPLETED,0,1
79KWH,8,3,FULL,25-07-2025,08:17:53,25-07-2025,08:17:55,25-07-2025,08:20:20,COMPLETED,0,1
79KWH,8,1,FULL,25-07-2025,08:19:57,25-07-2025,08:19:59,25-07-2025,08:22:09,COMPLETED,0,1
79KWH,8,3,FULL,25-07-2025,08:20:28,25-07-2025,08:20:29,25-07-2025,08:22:57,COMPLETED,0,1
79KWH,8,1,FULL,25-07-2025,08:22:16,25-07-2025,08:22:18,25-07-2025,08:24:27,COMPLETED,0,1
79KWH,8,3,FULL,25-07-2025,08:23:03,25-07-2025,08:23:07,25-07-2025,08:25:32,COMPLETED,0,1
79KWH,8,1,FULL,25-07-2025,08:24:35,25-07-2025,08:24:36,25-07-2025,08:26:47,COMPLETED,0,1
79KWH,8,3,FULL,25-07-2025,08:25:41,25-07-2025,08:25:42,25-07-2025,08:28:10,COMPLETED,0,1
79KWH,8,1,FULL,25-07-2025,08:26:53,25-07-2025,08:26:55,25-07-2025,08:29:04,COMPLETED,0,1
79KWH,8,3,FULL,25-07-2025,08:28:17,25-07-2025,08:28:19,25-07-2025,08:30:47,COMPLETED,0,1
79KWH,8,1,FULL,25-07-2025,08:29:13,25-07-2025,08:29:14,25-07-2025,08:31:26,COMPLETED,0,1
79KWH,8,3,FULL,25-07-2025,08:30:56,25-07-2025,08:30:57,25-07-2025,08:33:27,COMPLETED,0,1
79KWH,8,1,FULL,25-07-2025,08:31:33,25-07-2025,08:31:36,25-07-2025,08:33:46,COMPLETED,0,1
79KWH,8,3,FULL,25-07-2025,08:33:34,25-07-2025,08:33:36,25-07-2025,08:36:04,COMPLETED,0,1
79KWH,8,1,FULL,25-07-2025,08:33:54,25-07-2025,08:33:55,25-07-2025,08:36:08,COMPLETED,0,1
79KWH,8,3,FULL,25-07-2025,08:36:13,25-07-2025,08:36:14,25-07-2025,08:38:45,COMPLETED,0,1
79KWH,8,1,FULL,25-07-2025,08:36:15,25-07-2025,08:36:16,25-07-2025,08:38:28,COMPLETED,0,1
79KWH,8,1,FULL,25-07-2025,08:38:36,25-07-2025,08:38:36,25-07-2025,08:40:50,COMPLETED,0,1
79KWH,8,3,FULL,25-07-2025,08:38:51,25-07-2025,08:38:54,25-07-2025,08:41:23,COMPLETED,0,1
79KWH,8,1,FULL,25-07-2025,08:40:56,25-07-2025,08:40:59,25-07-2025,08:43:11,COMPLETED,0,1
79KWH,8,3,FULL,25-07-2025,08:41:31,25-07-2025,08:41:32,25-07-2025,08:44:03,COMPLETED,0,1
79KWH,8,1,FULL,25-07-2025,08:43:19,25-07-2025,08:43:20,25-07-2025,08:45:36,COMPLETED,0,1
79KWH,8,3,FULL,25-07-2025,08:44:09,25-07-2025,08:44:13,25-07-2025,08:46:42,COMPLETED,0,1
79KWH,8,1,FULL,25-07-2025,08:45:42,25-07-2025,08:45:44,25-07-2025,08:47:57,COMPLETED,0,1
79KWH,8,3,FULL,25-07-2025,08:46:50,25-07-2025,08:46:52,25-07-2025,09:17:22,COMPLETED,0,1
79KWH,8,1,FULL,25-07-2025,08:48:06,25-07-2025,08:48:06,25-07-2025,08:50:22,COMPLETED,0,1
79KWH,8,1,FULL,25-07-2025,08:50:28,25-07-2025,08:50:31,25-07-2025,08:52:45,COMPLETED,0,1
79KWH,8,1,FULL,25-07-2025,08:52:53,25-07-2025,08:52:55,25-07-2025,08:55:12,COMPLETED,0,1
79KWH,8,1,FULL,25-07-2025,08:55:18,25-07-2025,08:55:21,25-07-2025,08:57:36,COMPLETED,0,1
79KWH,8,1,FULL,25-07-2025,08:57:45,25-07-2025,08:57:45,25-07-2025,09:00:02,COMPLETED,0,1
79KWH,8,1,FULL,25-07-2025,09:00:09,25-07-2025,09:00:11,25-07-2025,09:02:26,COMPLETED,0,1
79KWH,8,2,FULL,25-07-2025,09:02:18,25-07-2025,09:02:19,25-07-2025,09:04:32,COMPLETED,0,1
79KWH,8,1,FULL,25-07-2025,09:02:35,25-07-2025,09:02:35,25-07-2025,09:04:54,COMPLETED,0,1
79KWH,8,2,FULL,25-07-2025,09:04:37,25-07-2025,09:04:41,25-07-2025,09:06:32,COMPLETED,0,1
79KWH,8,1,FULL,25-07-2025,09:04:59,25-07-2025,09:05:02,25-07-2025,09:07:20,COMPLETED,0,1
79KWH,8,2,FULL,25-07-2025,09:06:41,25-07-2025,09:06:42,25-07-2025,09:08:35,COMPLETED,0,1
79KWH,8,1,FULL,25-07-2025,09:07:28,25-07-2025,09:07:30,25-07-2025,09:09:49,COMPLETED,0,1
79KWH,8,1,FULL,25-07-2025,09:09:55,25-07-2025,09:09:58,25-07-2025,09:12:17,COMPLETED,0,1
79KWH,8,1,FULL,25-07-2025,09:12:25,25-07-2025,09:12:26,25-07-2025,09:14:55,COMPLETED,0,1
79KWH,8,1,FULL,25-07-2025,09:15:01,25-07-2025,09:15:05,25-07-2025,09:17:22,COMPLETED,0,1
79KWH,8,3,FULL,25-07-2025,09:17:28,25-07-2025,09:17:33,25-07-2025,09:18:32,COMPLETED,0,1
79KWH,8,3,FULL,25-07-2025,09:18:41,25-07-2025,09:18:42,25-07-2025,09:19:36,COMPLETED,0,1
79KWH,8,3,FULL,25-07-2025,09:19:44,25-07-2025,09:19:46,25-07-2025,09:20:37,COMPLETED,0,1
79KWH,8,3,FULL,25-07-2025,09:20:52,25-07-2025,09:20:53,25-07-2025,09:21:48,COMPLETED,0,1
79KWH,8,3,FULL,25-07-2025,09:21:56,25-07-2025,09:21:57,25-07-2025,09:22:51,COMPLETED,0,1
79KWH,8,3,FULL,25-07-2025,09:23:04,25-07-2025,09:23:05,25-07-2025,09:24:02,COMPLETED,0,1
79KWH,8,3,FULL,25-07-2025,09:29:05,25-07-2025,09:29:05,25-07-2025,09:30:00,COMPLETED,0,1
79KWH,8,2,FULL,25-07-2025,09:29:10,25-07-2025,09:29:11,25-07-2025,09:31:02,COMPLETED,0,1
79KWH,8,1,FULL,25-07-2025,09:30:45,25-07-2025,09:30:47,25-07-2025,09:33:14,COMPLETED,0,1
79KWH,8,3,FULL,25-07-2025,09:31:51,25-07-2025,09:31:52,25-07-2025,09:32:51,COMPLETED,0,1
79KWH,8,2,FULL,25-07-2025,09:32:05,25-07-2025,09:32:05,25-07-2025,09:33:59,COMPLETED,0,1
79KWH,8,1,FULL,25-07-2025,09:33:25,25-07-2025,09:33:25,25-07-2025,09:35:46,COMPLETED,0,1
79KWH,8,3,FULL,25-07-2025,09:34:38,25-07-2025,09:34:39,25-07-2025,09:35:42,COMPLETED,0,1
79KWH,8,2,FULL,25-07-2025,09:34:47,25-07-2025,09:34:47,25-07-2025,09:36:39,COMPLETED,0,1
79KWH,8,1,FULL,25-07-2025,09:36:18,25-07-2025,09:36:18,25-07-2025,09:38:47,COMPLETED,0,1
79KWH,8,3,FULL,25-07-2025,09:37:25,25-07-2025,09:37:25,25-07-2025,09:38:26,COMPLETED,0,1
79KWH,8,2,FULL,25-07-2025,09:37:37,25-07-2025,09:37:38,25-07-2025,09:39:33,COMPLETED,0,1
79KWH,8,1,FULL,25-07-2025,09:38:59,25-07-2025,09:39:00,25-07-2025,09:41:21,COMPLETED,0,1
79KWH,8,3,FULL,25-07-2025,09:40:14,25-07-2025,09:40:16,25-07-2025,09:41:14,COMPLETED,0,1
79KWH,8,2,FULL,25-07-2025,09:40:20,25-07-2025,09:40:21,25-07-2025,09:42:14,COMPLETED,0,1
79KWH,8,1,FULL,25-07-2025,09:41:52,25-07-2025,09:41:53,25-07-2025,09:44:22,COMPLETED,0,1
79KWH,8,3,FULL,25-07-2025,09:43:01,25-07-2025,09:43:02,25-07-2025,09:44:04,COMPLETED,0,1
79KWH,8,2,FULL,25-07-2025,09:43:13,25-07-2025,09:43:13,25-07-2025,09:45:08,COMPLETED,0,1
79KWH,8,1,FULL,25-07-2025,09:44:35,25-07-2025,09:44:35,25-07-2025,09:47:02,COMPLETED,0,1
79KWH,8,3,FULL,25-07-2025,09:45:48,25-07-2025,09:45:48,25-07-2025,09:46:49,COMPLETED,0,1
79KWH,8,2,FULL,25-07-2025,09:45:55,25-07-2025,09:45:58,25-07-2025,09:47:51,COMPLETED,0,1
79KWH,8,1,FULL,25-07-2025,09:47:27,25-07-2025,09:47:28,25-07-2025,09:49:58,COMPLETED,0,1
79KWH,8,3,FULL,25-07-2025,09:48:35,25-07-2025,09:48:36,25-07-2025,09:49:39,COMPLETED,0,1
79KWH,8,2,FULL,25-07-2025,09:48:46,25-07-2025,09:48:47,25-07-2025,09:50:44,COMPLETED,0,1
79KWH,8,1,FULL,25-07-2025,09:50:09,25-07-2025,09:50:10,25-07-2025,09:52:31,COMPLETED,0,1
79KWH,8,1,FULL,25-07-2025,09:53:02,25-07-2025,09:53:02,25-07-2025,09:55:28,COMPLETED,0,1
79KWH,8,2,FULL,25-07-2025,10:02:02,25-07-2025,10:02:02,25-07-2025,10:03:57,COMPLETED,0,1
79KWH,8,1,FULL,25-07-2025,10:03:23,25-07-2025,10:03:24,25-07-2025,10:05:47,COMPLETED,0,1
79KWH,8,3,FULL,25-07-2025,10:03:29,25-07-2025,10:03:30,25-07-2025,10:04:32,COMPLETED,0,1
79KWH,8,2,FULL,25-07-2025,10:04:05,25-07-2025,10:04:07,25-07-2025,10:06:03,COMPLETED,0,1
79KWH,8,3,FULL,25-07-2025,10:04:40,25-07-2025,10:04:40,25-07-2025,10:05:45,COMPLETED,0,1
79KWH,8,3,FULL,25-07-2025,10:05:51,25-07-2025,10:05:53,25-07-2025,10:06:56,COMPLETED,0,1
79KWH,8,1,FULL,25-07-2025,10:05:55,25-07-2025,10:05:57,25-07-2025,10:08:23,COMPLETED,0,1
79KWH,8,2,FULL,25-07-2025,10:06:10,25-07-2025,10:06:13,25-07-2025,10:08:09,COMPLETED,0,1
79KWH,8,3,FULL,25-07-2025,10:07:04,25-07-2025,10:07:04,25-07-2025,10:08:11,COMPLETED,0,1
79KWH,8,2,FULL,25-07-2025,10:08:17,25-07-2025,10:08:19,25-07-2025,10:10:17,COMPLETED,0,1
79KWH,8,1,FULL,25-07-2025,10:08:29,25-07-2025,10:08:32,25-07-2025,10:11:00,COMPLETED,0,1
79KWH,8,3,FULL,25-07-2025,10:09:17,25-07-2025,10:09:19,25-07-2025,10:10:22,COMPLETED,0,1
79KWH,8,2,FULL,25-07-2025,10:10:24,25-07-2025,10:10:27,25-07-2025,10:12:24,COMPLETED,0,1
79KWH,8,3,FULL,25-07-2025,10:12:07,25-07-2025,10:12:07,25-07-2025,10:13:13,COMPLETED,0,1
79KWH,8,2,FULL,25-07-2025,10:12:32,25-07-2025,10:12:33,25-07-2025,10:14:33,COMPLETED,0,1
79KWH,8,3,FULL,25-07-2025,10:13:55,25-07-2025,10:13:55,25-07-2025,10:14:59,COMPLETED,0,1
79KWH,8,2,FULL,25-07-2025,10:14:39,25-07-2025,10:14:41,25-07-2025,10:16:38,COMPLETED,0,1
79KWH,8,3,FULL,25-07-2025,10:15:48,25-07-2025,10:15:49,25-07-2025,10:16:57,COMPLETED,0,1
79KWH,8,2,FULL,25-07-2025,10:16:46,25-07-2025,10:16:47,25-07-2025,10:18:48,COMPLETED,0,1
79KWH,8,3,FULL,25-07-2025,10:17:40,25-07-2025,10:17:40,25-07-2025,10:18:50,COMPLETED,0,1
79KWH,8,2,FULL,25-07-2025,10:18:54,25-07-2025,10:18:58,25-07-2025,10:20:56,COMPLETED,0,1
79KWH,8,3,FULL,25-07-2025,10:19:30,25-07-2025,10:19:30,25-07-2025,10:20:37,COMPLETED,0,1
79KWH,8,2,FULL,25-07-2025,10:21:04,25-07-2025,10:21:04,25-07-2025,10:23:05,COMPLETED,0,1
79KWH,8,3,FULL,25-07-2025,10:21:22,25-07-2025,10:21:23,25-07-2025,10:22:32,COMPLETED,0,1
79KWH,8,2,FULL,25-07-2025,10:23:11,25-07-2025,10:23:13,25-07-2025,10:25:12,COMPLETED,0,1
79KWH,8,3,FULL,25-07-2025,10:23:13,25-07-2025,10:23:13,25-07-2025,10:24:21,COMPLETED,0,1
79KWH,8,3,FULL,25-07-2025,10:24:31,25-07-2025,10:24:32,25-07-2025,10:25:44,COMPLETED,0,1
79KWH,8,2,FULL,25-07-2025,10:25:20,25-07-2025,10:25:21,25-07-2025,10:27:23,COMPLETED,0,1
79KWH,8,3,FULL,25-07-2025,10:26:06,25-07-2025,10:26:06,25-07-2025,10:27:15,COMPLETED,0,1
79KWH,8,2,FULL,25-07-2025,10:35:09,25-07-2025,10:35:10,25-07-2025,10:37:14,COMPLETED,0,1
79KWH,8,3,FULL,25-07-2025,10:36:54,25-07-2025,10:36:55,25-07-2025,10:38:07,COMPLETED,0,1
79KWH,8,2,FULL,25-07-2025,10:37:20,25-07-2025,10:37:24,25-07-2025,10:39:25,COMPLETED,0,1
79KWH,8,3,FULL,25-07-2025,10:38:48,25-07-2025,10:38:49,25-07-2025,10:39:59,COMPLETED,0,1
79KWH,8,2,FULL,25-07-2025,10:39:34,25-07-2025,10:39:34,25-07-2025,10:41:37,COMPLETED,0,1
79KWH,8,3,FULL,25-07-2025,10:40:43,25-07-2025,10:40:43,25-07-2025,10:41:57,COMPLETED,0,1
79KWH,8,2,FULL,25-07-2025,10:41:43,25-07-2025,10:41:47,25-07-2025,10:43:49,COMPLETED,0,1
79KWH,8,1,FULL,25-07-2025,10:42:21,25-07-2025,10:42:22,25-07-2025,10:44:52,COMPLETED,0,1
79KWH,8,3,FULL,25-07-2025,10:43:25,25-07-2025,10:43:26,25-07-2025,10:44:38,COMPLETED,0,1
79KWH,8,2,FULL,25-07-2025,10:43:57,25-07-2025,10:43:58,25-07-2025,10:46:02,COMPLETED,0,1
79KWH,8,1,FULL,25-07-2025,10:45:03,25-07-2025,10:45:04,25-07-2025,10:47:34,COMPLETED,0,1
79KWH,8,3,FULL,25-07-2025,10:46:17,25-07-2025,10:46:18,25-07-2025,10:47:33,COMPLETED,0,1
79KWH,8,2,FULL,25-07-2025,10:46:23,25-07-2025,10:46:23,25-07-2025,10:48:25,COMPLETED,0,1
79KWH,8,1,FULL,25-07-2025,10:47:54,25-07-2025,10:47:55,25-07-2025,10:50:27,COMPLETED,0,1
79KWH,8,3,FULL,25-07-2025,10:48:59,25-07-2025,10:49:00,25-07-2025,10:50:12,COMPLETED,0,1
79KWH,8,2,FULL,25-07-2025,10:49:15,25-07-2025,10:49:15,25-07-2025,10:51:21,COMPLETED,0,1
79KWH,8,1,FULL,25-07-2025,10:50:37,25-07-2025,10:50:37,25-07-2025,10:53:08,COMPLETED,0,1
79KWH,8,3,FULL,25-07-2025,10:51:52,25-07-2025,10:51:53,25-07-2025,10:53:08,COMPLETED,0,1
79KWH,8,2,FULL,25-07-2025,10:51:56,25-07-2025,10:51:57,25-07-2025,10:54:01,COMPLETED,0,1
79KWH,8,1,FULL,25-07-2025,11:02:26,25-07-2025,11:02:27,25-07-2025,11:04:55,COMPLETED,0,1
79KWH,8,2,FULL,25-07-2025,11:09:39,25-07-2025,11:32:45,25-07-2025,11:34:52,COMPLETED,0,1
79KWH,8,3,FULL,25-07-2025,11:09:44,25-07-2025,11:32:47,25-07-2025,11:33:59,COMPLETED,0,1
79KWH,8,1,FULL,25-07-2025,11:10:49,25-07-2025,11:32:45,25-07-2025,11:35:11,COMPLETED,0,1
79KWH,8,3,FULL,25-07-2025,11:34:07,25-07-2025,11:35:52,25-07-2025,11:37:47,COMPLETED,0,1
79KWH,8,2,FULL,25-07-2025,11:34:59,25-07-2025,11:35:01,25-07-2025,11:37:07,COMPLETED,0,1
79KWH,8,1,FULL,25-07-2025,11:35:19,25-07-2025,11:37:13,25-07-2025,11:39:45,COMPLETED,0,1
79KWH,8,2,FULL,25-07-2025,11:37:13,25-07-2025,11:39:26,25-07-2025,11:41:42,COMPLETED,0,1
79KWH,8,3,FULL,25-07-2025,11:37:53,25-07-2025,11:37:56,25-07-2025,11:39:09,COMPLETED,0,1
79KWH,8,3,FULL,25-07-2025,11:39:17,25-07-2025,11:39:19,25-07-2025,11:40:35,COMPLETED,0,1
79KWH,8,1,FULL,25-07-2025,11:39:51,25-07-2025,11:41:53,25-07-2025,11:44:22,COMPLETED,0,1
79KWH,8,3,FULL,25-07-2025,11:40:42,25-07-2025,11:40:45,25-07-2025,11:42:00,COMPLETED,0,1
79KWH,8,2,FULL,25-07-2025,11:41:50,25-07-2025,11:44:05,25-07-2025,11:46:25,COMPLETED,0,1
79KWH,8,3,FULL,25-07-2025,11:42:08,25-07-2025,11:43:56,25-07-2025,11:45:52,COMPLETED,0,1
79KWH,8,1,FULL,25-07-2025,11:44:31,25-07-2025,11:46:24,25-07-2025,11:48:56,COMPLETED,0,1
79KWH,8,3,FULL,25-07-2025,11:45:58,25-07-2025,11:47:53,25-07-2025,11:49:46,COMPLETED,0,1
79KWH,8,2,FULL,25-07-2025,11:46:31,25-07-2025,11:46:34,25-07-2025,11:48:40,COMPLETED,0,1
79KWH,8,2,FULL,25-07-2025,11:48:48,25-07-2025,11:50:59,25-07-2025,11:53:20,COMPLETED,0,1
79KWH,8,1,FULL,25-07-2025,11:49:02,25-07-2025,11:49:05,25-07-2025,11:51:33,COMPLETED,0,1
79KWH,8,3,FULL,25-07-2025,11:49:54,25-07-2025,11:51:42,25-07-2025,11:53:38,COMPLETED,0,1
79KWH,8,1,FULL,25-07-2025,11:51:41,25-07-2025,11:53:39,25-07-2025,11:55:27,COMPLETED,0,1
79KWH,8,2,FULL,25-07-2025,11:53:27,25-07-2025,11:53:30,25-07-2025,11:55:38,COMPLETED,0,1
79KWH,8,3,FULL,25-07-2025,11:53:44,25-07-2025,11:53:47,25-07-2025,11:55:03,COMPLETED,0,1
79KWH,8,3,FULL,25-07-2025,11:55:12,25-07-2025,11:56:53,25-07-2025,11:58:49,COMPLETED,0,1
79KWH,8,1,FULL,25-07-2025,11:55:36,25-07-2025,11:57:24,25-07-2025,11:59:03,COMPLETED,0,1
79KWH,8,2,FULL,25-07-2025,11:55:46,25-07-2025,11:58:00,25-07-2025,12:00:21,COMPLETED,0,1
79KWH,8,3,FULL,25-07-2025,11:58:55,25-07-2025,11:58:58,25-07-2025,12:00:15,COMPLETED,0,1
79KWH,8,1,FULL,25-07-2025,11:59:17,25-07-2025,12:01:04,25-07-2025,12:02:46,COMPLETED,0,1
79KWH,8,3,FULL,25-07-2025,12:00:23,25-07-2025,12:02:09,25-07-2025,12:04:07,COMPLETED,0,1
79KWH,8,2,FULL,25-07-2025,12:00:28,25-07-2025,12:02:43,25-07-2025,12:05:02,COMPLETED,0,1
79KWH,8,1,FULL,25-07-2025,12:02:54,25-07-2025,12:04:42,25-07-2025,12:06:21,COMPLETED,0,1
79KWH,8,3,FULL,25-07-2025,12:04:13,25-07-2025,12:04:17,25-07-2025,12:05:36,COMPLETED,0,1
79KWH,8,2,FULL,25-07-2025,12:05:11,25-07-2025,12:07:27,25-07-2025,12:09:48,COMPLETED,0,1
79KWH,8,3,FULL,25-07-2025,12:05:45,25-07-2025,12:07:26,25-07-2025,12:09:24,COMPLETED,0,1
79KWH,8,1,FULL,25-07-2025,12:06:34,25-07-2025,12:08:21,25-07-2025,12:10:04,COMPLETED,0,1
79KWH,8,3,FULL,25-07-2025,12:09:30,25-07-2025,12:11:22,25-07-2025,12:13:18,COMPLETED,0,1
79KWH,8,2,FULL,25-07-2025,12:09:54,25-07-2025,12:12:06,25-07-2025,12:14:26,COMPLETED,0,1
79KWH,8,1,FULL,25-07-2025,12:10:12,25-07-2025,12:10:13,25-07-2025,12:11:05,COMPLETED,0,1
79KWH,8,1,FULL,25-07-2025,12:11:18,25-07-2025,12:12:59,25-07-2025,12:14:44,COMPLETED,0,1
79KWH,8,3,FULL,25-07-2025,12:13:26,25-07-2025,12:15:07,25-07-2025,12:17:05,COMPLETED,0,1
79KWH,8,2,FULL,25-07-2025,12:14:35,25-07-2025,12:16:45,25-07-2025,12:19:08,COMPLETED,0,1
79KWH,8,1,FULL,25-07-2025,12:14:50,25-07-2025,12:16:45,25-07-2025,12:18:27,COMPLETED,0,1
79KWH,8,3,FULL,25-07-2025,12:17:11,25-07-2025,12:19:00,25-07-2025,12:20:55,COMPLETED,0,1
79KWH,8,1,FULL,25-07-2025,12:18:39,25-07-2025,12:20:22,25-07-2025,12:22:08,COMPLETED,0,1
79KWH,8,2,FULL,25-07-2025,12:19:14,25-07-2025,12:21:27,25-07-2025,12:23:48,COMPLETED,0,1
79KWH,8,3,FULL,25-07-2025,12:21:04,25-07-2025,12:21:05,25-07-2025,12:22:28,COMPLETED,0,1
79KWH,8,1,FULL,25-07-2025,12:22:15,25-07-2025,12:24:08,25-07-2025,12:25:51,COMPLETED,0,1
79KWH,8,3,FULL,25-07-2025,12:22:34,25-07-2025,12:22:37,25-07-2025,12:23:57,COMPLETED,0,1
79KWH,8,2,FULL,25-07-2025,12:23:56,25-07-2025,12:26:12,25-07-2025,12:28:35,COMPLETED,0,1
79KWH,8,3,FULL,25-07-2025,12:24:05,25-07-2025,12:25:54,25-07-2025,12:27:53,COMPLETED,0,1
79KWH,8,1,FULL,25-07-2025,12:26:01,25-07-2025,12:26:02,25-07-2025,12:27:01,COMPLETED,0,1
79KWH,8,1,FULL,25-07-2025,12:27:07,25-07-2025,12:27:09,25-07-2025,12:28:07,COMPLETED,0,1
79KWH,8,3,FULL,25-07-2025,12:28:00,25-07-2025,12:28:03,25-07-2025,12:29:25,COMPLETED,0,1
79KWH,8,1,FULL,25-07-2025,12:28:18,25-07-2025,12:29:59,25-07-2025,12:31:46,COMPLETED,0,1
79KWH,8,2,FULL,25-07-2025,12:28:41,25-07-2025,12:30:52,25-07-2025,12:33:15,COMPLETED,0,1
79KWH,8,3,FULL,25-07-2025,12:29:33,25-07-2025,12:31:33,25-07-2025,12:33:33,COMPLETED,0,1
79KWH,8,1,FULL,25-07-2025,12:32:02,25-07-2025,12:32:02,25-07-2025,12:33:08,COMPLETED,0,1
79KWH,8,1,FULL,25-07-2025,12:33:14,25-07-2025,12:33:17,25-07-2025,12:34:18,COMPLETED,0,1
79KWH,8,2,FULL,25-07-2025,12:33:23,25-07-2025,12:35:37,25-07-2025,12:38:00,COMPLETED,0,1
79KWH,8,3,FULL,25-07-2025,12:33:39,25-07-2025,12:35:47,25-07-2025,12:37:45,COMPLETED,0,1
79KWH,8,1,FULL,25-07-2025,12:34:24,25-07-2025,12:34:25,25-07-2025,12:35:26,COMPLETED,0,1
79KWH,8,1,FULL,25-07-2025,12:35:34,25-07-2025,12:35:35,25-07-2025,12:36:38,COMPLETED,0,1
79KWH,8,3,FULL,25-07-2025,12:37:53,25-07-2025,12:39:54,25-07-2025,12:41:54,COMPLETED,0,1
79KWH,8,3,FULL,25-07-2025,12:42:00,25-07-2025,12:42:02,25-07-2025,12:43:25,COMPLETED,0,1
79KWH,8,3,FULL,25-07-2025,12:52:48,25-07-2025,12:52:50,25-07-2025,12:54:50,COMPLETED,0,1
79KWH,8,2,FULL,25-07-2025,12:52:54,25-07-2025,12:52:55,25-07-2025,12:55:17,COMPLETED,0,1
79KWH,8,1,FULL,25-07-2025,12:54:24,25-07-2025,12:54:25,25-07-2025,12:56:15,COMPLETED,0,1
79KWH,8,3,FULL,25-07-2025,12:55:30,25-07-2025,12:55:31,25-07-2025,12:56:56,COMPLETED,0,1
79KWH,8,2,FULL,25-07-2025,12:55:45,25-07-2025,12:55:47,25-07-2025,12:58:03,COMPLETED,0,1
79KWH,8,1,FULL,25-07-2025,12:57:08,25-07-2025,12:57:09,25-07-2025,12:58:16,COMPLETED,0,1
79KWH,8,3,FULL,25-07-2025,12:58:24,25-07-2025,12:58:24,25-07-2025,12:59:52,COMPLETED,0,1
79KWH,8,2,FULL,25-07-2025,12:58:28,25-07-2025,12:58:29,25-07-2025,13:00:43,COMPLETED,0,1
79KWH,8,1,FULL,25-07-2025,12:59:58,25-07-2025,12:59:58,25-07-2025,13:01:02,COMPLETED,0,1
79KWH,8,3,FULL,25-07-2025,13:01:07,25-07-2025,13:01:08,25-07-2025,13:02:33,COMPLETED,0,1
79KWH,8,2,FULL,25-07-2025,13:01:20,25-07-2025,13:01:20,25-07-2025,13:03:36,COMPLETED,0,1
79KWH,8,1,FULL,25-07-2025,13:02:44,25-07-2025,13:02:45,25-07-2025,13:03:52,COMPLETED,0,1
79KWH,8,3,FULL,25-07-2025,13:03:59,25-07-2025,13:04:01,25-07-2025,13:05:29,COMPLETED,0,1
79KWH,8,2,FULL,25-07-2025,13:04:03,25-07-2025,13:04:03,25-07-2025,13:06:18,COMPLETED,0,1
79KWH,8,1,FULL,25-07-2025,13:05:33,25-07-2025,13:05:34,25-07-2025,13:06:39,COMPLETED,0,1
79KWH,8,3,FULL,25-07-2025,13:06:42,25-07-2025,13:06:43,25-07-2025,13:08:09,COMPLETED,0,1
79KWH,8,2,FULL,25-07-2025,13:06:56,25-07-2025,13:06:56,25-07-2025,13:09:13,COMPLETED,0,1
79KWH,8,1,FULL,25-07-2025,13:08:21,25-07-2025,13:08:22,25-07-2025,13:09:30,COMPLETED,0,1
79KWH,8,3,FULL,25-07-2025,13:09:33,25-07-2025,13:09:33,25-07-2025,13:11:01,COMPLETED,0,1
79KWH,8,2,FULL,25-07-2025,13:09:37,25-07-2025,13:09:38,25-07-2025,13:11:53,COMPLETED,0,1
79KWH,8,1,FULL,25-07-2025,13:11:08,25-07-2025,13:11:09,25-07-2025,13:12:16,COMPLETED,0,1
79KWH,8,3,FULL,25-07-2025,13:12:15,25-07-2025,13:13:51,25-07-2025,13:15:50,COMPLETED,0,1
79KWH,8,2,FULL,25-07-2025,13:12:31,25-07-2025,13:14:11,25-07-2025,13:16:37,COMPLETED,0,1
79KWH,8,1,FULL,25-07-2025,13:13:56,25-07-2025,13:14:10,25-07-2025,13:16:01,COMPLETED,0,1
79KWH,8,3,FULL,25-07-2025,13:15:59,25-07-2025,13:18:03,25-07-2025,13:20:05,COMPLETED,0,1
79KWH,8,2,FULL,25-07-2025,13:16:44,25-07-2025,13:16:45,25-07-2025,13:19:02,COMPLETED,0,1
79KWH,8,1,FULL,25-07-2025,13:16:45,25-07-2025,13:16:45,25-07-2025,13:17:52,COMPLETED,0,1
79KWH,8,2,FULL,25-07-2025,13:19:11,25-07-2025,13:21:23,25-07-2025,13:23:50,COMPLETED,0,1
79KWH,8,1,FULL,25-07-2025,13:19:30,25-07-2025,13:19:31,25-07-2025,13:20:41,COMPLETED,0,1
79KWH,8,3,FULL,25-07-2025,13:20:11,25-07-2025,13:20:14,25-07-2025,13:21:42,COMPLETED,0,1
79KWH,8,3,FULL,25-07-2025,13:21:51,25-07-2025,13:21:52,25-07-2025,13:23:24,COMPLETED,0,1
79KWH,8,1,FULL,25-07-2025,13:22:19,25-07-2025,13:22:19,25-07-2025,13:23:27,COMPLETED,0,1
79KWH,8,3,FULL,25-07-2025,13:23:29,25-07-2025,13:23:33,25-07-2025,13:25:03,COMPLETED,0,1
79KWH,8,2,FULL,25-07-2025,13:23:57,25-07-2025,13:24:00,25-07-2025,13:26:19,COMPLETED,0,1
79KWH,8,1,FULL,25-07-2025,13:24:12,25-07-2025,13:24:12,25-07-2025,13:25:23,COMPLETED,0,1
79KWH,8,3,FULL,25-07-2025,13:25:20,25-07-2025,13:25:21,25-07-2025,13:26:54,COMPLETED,0,1
79KWH,8,2,FULL,25-07-2025,13:26:27,25-07-2025,13:26:29,25-07-2025,13:28:49,COMPLETED,0,1
79KWH,8,1,FULL,25-07-2025,13:26:54,25-07-2025,13:26:55,25-07-2025,13:28:04,COMPLETED,0,1
79KWH,8,3,FULL,25-07-2025,13:28:09,25-07-2025,13:28:10,25-07-2025,13:29:39,COMPLETED,0,1
79KWH,8,2,FULL,25-07-2025,13:28:54,25-07-2025,13:28:58,25-07-2025,13:31:16,COMPLETED,0,1
79KWH,8,1,FULL,25-07-2025,13:29:48,25-07-2025,13:29:48,25-07-2025,13:31:01,COMPLETED,0,1
79KWH,8,3,FULL,25-07-2025,13:30:54,25-07-2025,13:30:54,25-07-2025,13:32:27,COMPLETED,0,1
79KWH,8,2,FULL,25-07-2025,13:33:40,25-07-2025,13:33:40,25-07-2025,13:36:00,COMPLETED,0,1
79KWH,8,1,FULL,25-07-2025,13:35:02,25-07-2025,13:35:02,25-07-2025,13:36:13,COMPLETED,0,1
79KWH,8,3,FULL,25-07-2025,13:36:15,25-07-2025,13:36:17,25-07-2025,13:37:47,COMPLETED,0,1
79KWH,8,2,FULL,25-07-2025,13:36:22,25-07-2025,13:36:23,25-07-2025,13:38:42,COMPLETED,0,1
79KWH,8,1,FULL,25-07-2025,13:44:19,25-07-2025,13:44:49,25-07-2025,13:46:42,COMPLETED,0,1
79KWH,8,3,FULL,25-07-2025,13:45:27,25-07-2025,13:46:29,25-07-2025,13:48:34,COMPLETED,0,1
79KWH,8,2,FULL,25-07-2025,13:45:38,25-07-2025,13:46:36,25-07-2025,13:49:03,COMPLETED,0,1
79KWH,8,1,FULL,25-07-2025,13:47:02,25-07-2025,13:48:36,25-07-2025,13:50:27,COMPLETED,0,1
79KWH,8,3,FULL,25-07-2025,13:48:49,25-07-2025,13:50:57,25-07-2025,13:53:01,COMPLETED,0,1
79KWH,8,2,FULL,25-07-2025,13:49:09,25-07-2025,13:49:13,25-07-2025,13:51:32,COMPLETED,0,1
79KWH,8,1,FULL,25-07-2025,13:50:36,25-07-2025,13:50:36,25-07-2025,13:51:49,COMPLETED,0,1
79KWH,8,2,FULL,25-07-2025,13:51:40,25-07-2025,13:51:41,25-07-2025,13:54:04,COMPLETED,0,1
79KWH,8,1,FULL,25-07-2025,13:52:35,25-07-2025,13:52:35,25-07-2025,13:53:48,COMPLETED,0,1
79KWH,8,3,FULL,25-07-2025,13:53:07,25-07-2025,13:53:11,25-07-2025,13:54:44,COMPLETED,0,1
79KWH,8,3,FULL,25-07-2025,14:40:23,25-07-2025,14:40:24,25-07-2025,14:42:40,COMPLETED,0,1
79KWH,8,2,FULL,25-07-2025,14:40:27,25-07-2025,14:40:27,25-07-2025,14:43:11,COMPLETED,0,1
79KWH,8,1,FULL,25-07-2025,14:41:59,25-07-2025,14:41:59,25-07-2025,14:44:03,COMPLETED,0,1
79KWH,8,3,FULL,25-07-2025,14:43:04,25-07-2025,14:43:06,25-07-2025,14:44:45,COMPLETED,0,1
79KWH,8,2,FULL,25-07-2025,14:43:20,25-07-2025,14:43:21,25-07-2025,14:46:02,COMPLETED,0,1
79KWH,8,1,FULL,25-07-2025,14:44:43,25-07-2025,14:44:44,25-07-2025,14:45:58,COMPLETED,0,1
79KWH,8,3,FULL,25-07-2025,14:45:57,25-07-2025,14:45:58,25-07-2025,14:47:40,COMPLETED,0,1
79KWH,8,2,FULL,25-07-2025,14:46:07,25-07-2025,14:46:11,25-07-2025,14:48:51,COMPLETED,0,1
79KWH,8,1,FULL,25-07-2025,14:47:34,25-07-2025,14:47:34,25-07-2025,14:48:51,COMPLETED,0,1
79KWH,8,3,FULL,25-07-2025,14:48:39,25-07-2025,14:48:39,25-07-2025,14:50:19,COMPLETED,0,1
79KWH,8,2,FULL,25-07-2025,14:48:59,25-07-2025,14:48:59,25-07-2025,14:51:42,COMPLETED,0,1
79KWH,8,1,FULL,25-07-2025,14:50:16,25-07-2025,14:50:18,25-07-2025,14:51:33,COMPLETED,0,1
79KWH,8,3,FULL,25-07-2025,14:51:32,25-07-2025,14:51:34,25-07-2025,14:53:16,COMPLETED,0,1
79KWH,8,2,FULL,25-07-2025,14:51:48,25-07-2025,14:51:51,25-07-2025,14:54:31,COMPLETED,0,1
79KWH,8,1,FULL,25-07-2025,14:53:10,25-07-2025,14:53:11,25-07-2025,14:54:29,COMPLETED,0,1
79KWH,8,3,FULL,25-07-2025,14:54:13,25-07-2025,14:56:24,25-07-2025,14:58:39,COMPLETED,0,1
79KWH,8,2,FULL,25-07-2025,14:54:40,25-07-2025,14:57:08,25-07-2025,14:59:55,COMPLETED,0,1
79KWH,8,1,FULL,25-07-2025,14:55:51,25-07-2025,14:56:21,25-07-2025,14:58:23,COMPLETED,0,1
79KWH,8,1,FULL,25-07-2025,14:58:43,25-07-2025,00:00:00,25-07-2025,00:00:00,ABORT,0,1
79KWH,8,3,FULL,25-07-2025,14:58:47,25-07-2025,15:01:01,25-07-2025,15:03:19,COMPLETED,0,1
79KWH,8,2,FULL,25-07-2025,15:00:02,25-07-2025,15:02:26,25-07-2025,15:05:12,COMPLETED,0,1
79KWH,8,3,FULL,25-07-2025,15:03:26,25-07-2025,15:03:29,25-07-2025,15:05:11,COMPLETED,0,1
79KWH,8,3,FULL,25-07-2025,15:05:20,25-07-2025,15:05:22,25-07-2025,15:07:07,COMPLETED,0,1
79KWH,8,2,FULL,25-07-2025,15:05:21,25-07-2025,15:05:22,25-07-2025,15:08:07,COMPLETED,0,1
79KWH,8,3,FULL,25-07-2025,15:07:14,25-07-2025,15:07:17,25-07-2025,15:09:00,COMPLETED,0,1
79KWH,8,2,FULL,25-07-2025,15:08:14,25-07-2025,15:08:17,25-07-2025,15:11:00,COMPLETED,0,1
79KWH,8,3,FULL,25-07-2025,15:09:09,25-07-2025,15:09:10,25-07-2025,15:10:58,COMPLETED,0,1
79KWH,8,1,FULL,25-07-2025,15:20:26,25-07-2025,15:20:27,25-07-2025,15:22:26,COMPLETED,0,1
79KWH,8,3,FULL,25-07-2025,15:21:22,25-07-2025,15:21:23,25-07-2025,15:23:09,COMPLETED,0,1
79KWH,8,2,FULL,25-07-2025,15:21:37,25-07-2025,15:21:38,25-07-2025,15:24:24,COMPLETED,0,1
79KWH,8,1,FULL,25-07-2025,15:22:32,25-07-2025,15:22:35,25-07-2025,15:25:11,COMPLETED,0,1
79KWH,8,3,FULL,25-07-2025,15:24:16,25-07-2025,15:24:16,25-07-2025,15:26:03,COMPLETED,0,1
79KWH,8,2,FULL,25-07-2025,15:24:30,25-07-2025,15:24:33,25-07-2025,15:27:19,COMPLETED,0,1
79KWH,8,1,FULL,25-07-2025,15:25:26,25-07-2025,15:25:27,25-07-2025,15:28:06,COMPLETED,0,1
79KWH,8,1,FULL,25-07-2025,15:28:13,25-07-2025,15:28:16,25-07-2025,15:30:54,COMPLETED,0,1
79KWH,8,1,FULL,25-07-2025,15:31:11,25-07-2025,15:31:12,25-07-2025,15:33:51,COMPLETED,0,1
79KWH,8,1,FULL,25-07-2025,15:33:57,25-07-2025,15:34:00,25-07-2025,15:36:38,COMPLETED,0,1
79KWH,8,3,FULL,25-07-2025,15:36:02,25-07-2025,15:36:04,25-07-2025,15:37:49,COMPLETED,0,1
79KWH,8,2,FULL,25-07-2025,15:36:17,25-07-2025,15:36:18,25-07-2025,15:39:05,COMPLETED,0,1
79KWH,8,1,FULL,25-07-2025,15:36:55,25-07-2025,15:36:56,25-07-2025,15:39:39,COMPLETED,0,1
79KWH,8,3,FULL,25-07-2025,15:38:55,25-07-2025,15:38:55,25-07-2025,15:40:44,COMPLETED,0,1
79KWH,8,2,FULL,25-07-2025,15:39:12,25-07-2025,15:39:14,25-07-2025,15:42:00,COMPLETED,0,1
79KWH,8,1,FULL,25-07-2025,15:39:45,25-07-2025,15:39:47,25-07-2025,15:42:28,COMPLETED,0,1
79KWH,8,3,FULL,25-07-2025,15:41:37,25-07-2025,15:41:37,25-07-2025,15:43:23,COMPLETED,0,1
79KWH,8,2,FULL,25-07-2025,15:42:09,25-07-2025,15:42:09,25-07-2025,15:44:56,COMPLETED,0,1
79KWH,8,1,FULL,25-07-2025,15:42:44,25-07-2025,15:42:45,25-07-2025,15:45:28,COMPLETED,0,1
79KWH,8,3,FULL,25-07-2025,15:44:30,25-07-2025,15:44:30,25-07-2025,15:46:20,COMPLETED,0,1
79KWH,8,2,FULL,25-07-2025,15:45:02,25-07-2025,15:45:06,25-07-2025,15:47:52,COMPLETED,0,1
79KWH,8,1,FULL,25-07-2025,15:45:34,25-07-2025,15:45:38,25-07-2025,15:48:19,COMPLETED,0,1
79KWH,8,3,FULL,25-07-2025,15:47:12,25-07-2025,15:47:15,25-07-2025,15:49:02,COMPLETED,0,1
79KWH,8,2,FULL,25-07-2025,15:48:01,25-07-2025,15:48:02,25-07-2025,15:49:53,COMPLETED,0,1
79KWH,8,1,FULL,25-07-2025,15:48:35,25-07-2025,15:48:35,25-07-2025,15:51:25,COMPLETED,0,1
79KWH,8,3,FULL,25-07-2025,15:50:05,25-07-2025,15:50:05,25-07-2025,15:51:55,COMPLETED,0,1
79KWH,8,2,FULL,25-07-2025,15:50:11,25-07-2025,15:50:12,25-07-2025,15:51:02,COMPLETED,0,1
79KWH,8,1,FULL,25-07-2025,15:51:31,25-07-2025,15:51:35,25-07-2025,15:54:25,COMPLETED,0,1
79KWH,8,3,FULL,25-07-2025,15:52:47,25-07-2025,15:52:47,25-07-2025,15:54:36,COMPLETED,0,1
79KWH,8,2,FULL,25-07-2025,15:53:02,25-07-2025,15:53:03,25-07-2025,15:53:56,COMPLETED,0,1
79KWH,8,1,FULL,25-07-2025,15:54:42,25-07-2025,15:56:26,25-07-2025,15:59:14,COMPLETED,0,1
79KWH,8,3,FULL,25-07-2025,15:55:39,25-07-2025,15:57:08,25-07-2025,15:59:31,COMPLETED,0,1
79KWH,8,2,FULL,25-07-2025,15:55:44,25-07-2025,15:56:50,25-07-2025,15:58:41,COMPLETED,0,1
79KWH,8,2,FULL,25-07-2025,15:58:58,25-07-2025,15:58:58,25-07-2025,15:59:55,COMPLETED,0,1
79KWH,8,1,FULL,25-07-2025,15:59:20,25-07-2025,15:59:22,25-07-2025,16:02:04,COMPLETED,0,1
79KWH,8,3,FULL,25-07-2025,15:59:37,25-07-2025,15:59:41,25-07-2025,16:01:32,COMPLETED,0,1
79KWH,8,2,FULL,25-07-2025,16:01:18,25-07-2025,16:01:19,25-07-2025,16:02:14,COMPLETED,0,1
79KWH,8,3,FULL,25-07-2025,16:01:41,25-07-2025,16:01:42,25-07-2025,16:03:36,COMPLETED,0,1
79KWH,8,1,FULL,25-07-2025,16:02:20,25-07-2025,16:04:10,25-07-2025,16:07:00,COMPLETED,0,1
79KWH,8,3,FULL,25-07-2025,16:04:02,25-07-2025,16:04:03,25-07-2025,16:05:54,COMPLETED,0,1
79KWH,8,2,FULL,25-07-2025,16:04:17,25-07-2025,16:04:18,25-07-2025,16:05:16,COMPLETED,0,1
79KWH,8,3,FULL,25-07-2025,16:06:55,25-07-2025,16:06:56,25-07-2025,16:08:51,COMPLETED,0,1
79KWH,8,2,FULL,25-07-2025,16:06:59,25-07-2025,16:07:00,25-07-2025,16:07:58,COMPLETED,0,1
79KWH,8,1,FULL,25-07-2025,16:07:05,25-07-2025,16:07:08,25-07-2025,16:09:53,COMPLETED,0,1
79KWH,8,3,FULL,25-07-2025,16:09:36,25-07-2025,16:09:37,25-07-2025,16:11:30,COMPLETED,0,1
79KWH,8,2,FULL,25-07-2025,16:09:53,25-07-2025,16:09:54,25-07-2025,16:10:54,COMPLETED,0,1
79KWH,8,1,FULL,25-07-2025,16:10:08,25-07-2025,16:10:09,25-07-2025,16:12:57,COMPLETED,0,1
79KWH,8,3,FULL,25-07-2025,16:12:31,25-07-2025,16:12:36,25-07-2025,16:14:32,COMPLETED,0,1
79KWH,8,2,FULL,25-07-2025,16:12:36,25-07-2025,16:12:37,25-07-2025,16:13:34,COMPLETED,0,1
79KWH,8,1,FULL,25-07-2025,16:13:04,25-07-2025,16:13:06,25-07-2025,16:15:52,COMPLETED,0,1
79KWH,8,3,FULL,25-07-2025,16:15:12,25-07-2025,16:15:13,25-07-2025,16:17:08,COMPLETED,0,1
79KWH,8,2,FULL,25-07-2025,16:15:27,25-07-2025,16:15:27,25-07-2025,16:16:28,COMPLETED,0,1
79KWH,8,1,FULL,25-07-2025,16:16:07,25-07-2025,16:16:07,25-07-2025,16:18:56,COMPLETED,0,1
79KWH,8,3,FULL,25-07-2025,16:18:20,25-07-2025,16:18:21,25-07-2025,16:20:18,COMPLETED,0,1
79KWH,8,2,FULL,25-07-2025,16:18:25,25-07-2025,16:18:25,25-07-2025,16:19:25,COMPLETED,0,1
79KWH,8,1,FULL,25-07-2025,16:19:02,25-07-2025,16:19:05,25-07-2025,16:21:52,COMPLETED,0,1
79KWH,8,3,FULL,25-07-2025,16:21:02,25-07-2025,16:21:03,25-07-2025,16:22:58,COMPLETED,0,1
79KWH,8,2,FULL,25-07-2025,16:21:17,25-07-2025,16:22:08,25-07-2025,16:24:03,COMPLETED,0,1
79KWH,8,1,FULL,25-07-2025,16:22:01,25-07-2025,16:23:56,25-07-2025,16:26:01,COMPLETED,0,1
79KWH,8,3,FULL,25-07-2025,16:23:54,25-07-2025,16:23:54,25-07-2025,16:25:52,COMPLETED,0,1
79KWH,8,2,FULL,25-07-2025,16:24:15,25-07-2025,16:26:10,25-07-2025,16:28:04,COMPLETED,0,1
79KWH,8,1,FULL,25-07-2025,16:26:07,25-07-2025,16:26:09,25-07-2025,16:27:26,COMPLETED,0,1
79KWH,8,3,FULL,25-07-2025,16:26:38,25-07-2025,16:26:38,25-07-2025,16:28:34,COMPLETED,0,1
79KWH,8,1,FULL,25-07-2025,16:27:35,25-07-2025,16:29:18,25-07-2025,16:31:23,COMPLETED,0,1
79KWH,8,2,FULL,25-07-2025,16:28:12,25-07-2025,16:28:13,25-07-2025,16:29:17,COMPLETED,0,1
79KWH,8,3,FULL,25-07-2025,16:29:29,25-07-2025,16:29:29,25-07-2025,16:31:28,COMPLETED,0,1
79KWH,8,2,FULL,25-07-2025,16:29:35,25-07-2025,16:29:36,25-07-2025,16:30:38,COMPLETED,0,1
79KWH,8,1,FULL,25-07-2025,16:31:29,25-07-2025,16:31:33,25-07-2025,16:32:51,COMPLETED,0,1
79KWH,8,1,FULL,25-07-2025,16:32:59,25-07-2025,16:32:59,25-07-2025,16:34:20,COMPLETED,0,1
79KWH,8,3,FULL,25-07-2025,16:33:25,25-07-2025,16:33:26,25-07-2025,16:35:23,COMPLETED,0,1
79KWH,8,2,FULL,25-07-2025,16:33:40,25-07-2025,16:33:40,25-07-2025,16:34:45,COMPLETED,0,1
79KWH,8,1,FULL,25-07-2025,16:34:26,25-07-2025,16:34:30,25-07-2025,16:35:49,COMPLETED,0,1
79KWH,8,1,FULL,25-07-2025,16:35:57,25-07-2025,16:35:58,25-07-2025,16:37:22,COMPLETED,0,1
79KWH,8,3,FULL,25-07-2025,16:36:17,25-07-2025,16:36:18,25-07-2025,16:38:18,COMPLETED,0,1
79KWH,8,2,FULL,25-07-2025,16:36:22,25-07-2025,16:36:24,25-07-2025,16:37:26,COMPLETED,0,1
79KWH,8,1,FULL,25-07-2025,16:37:28,25-07-2025,16:37:30,25-07-2025,16:38:52,COMPLETED,0,1
79KWH,8,3,FULL,25-07-2025,16:38:58,25-07-2025,16:38:58,25-07-2025,16:41:04,COMPLETED,0,1
79KWH,8,1,FULL,25-07-2025,16:39:00,25-07-2025,16:39:01,25-07-2025,16:40:25,COMPLETED,0,1
79KWH,8,2,FULL,25-07-2025,16:39:15,25-07-2025,16:39:15,25-07-2025,16:40:21,COMPLETED,0,1
79KWH,8,1,FULL,25-07-2025,16:40:38,25-07-2025,16:40:39,25-07-2025,16:42:02,COMPLETED,0,1
79KWH,8,2,FULL,25-07-2025,16:41:04,25-07-2025,16:41:04,25-07-2025,16:42:07,COMPLETED,0,1
79KWH,8,1,FULL,25-07-2025,16:42:32,25-07-2025,16:42:33,25-07-2025,16:43:59,COMPLETED,0,1
79KWH,8,1,FULL,25-07-2025,16:44:07,25-07-2025,16:44:07,25-07-2025,16:45:31,COMPLETED,0,1
79KWH,8,1,FULL,25-07-2025,16:45:39,25-07-2025,16:45:40,25-07-2025,16:47:07,COMPLETED,0,1
79KWH,8,1,FULL,25-07-2025,16:47:13,25-07-2025,16:47:17,25-07-2025,16:48:41,COMPLETED,0,1
79KWH,8,1,FULL,25-07-2025,16:48:50,25-07-2025,16:48:51,25-07-2025,16:50:19,COMPLETED,0,1
79KWH,8,1,FULL,25-07-2025,16:50:25,25-07-2025,16:50:28,25-07-2025,16:51:55,COMPLETED,0,1
79KWH,8,1,FULL,25-07-2025,16:52:03,25-07-2025,16:52:04,25-07-2025,16:53:32,COMPLETED,0,1
79KWH,8,1,FULL,25-07-2025,16:53:38,25-07-2025,16:53:40,25-07-2025,16:55:06,COMPLETED,0,1
79KWH,8,1,FULL,25-07-2025,16:55:14,25-07-2025,16:55:15,25-07-2025,16:56:45,COMPLETED,0,1
79KWH,8,1,FULL,25-07-2025,16:56:51,25-07-2025,16:56:54,25-07-2025,16:58:22,COMPLETED,0,1
79KWH,8,1,FULL,25-07-2025,16:58:30,25-07-2025,16:58:31,25-07-2025,17:00:03,COMPLETED,0,1
79KWH,8,1,FULL,25-07-2025,17:00:09,25-07-2025,17:00:11,25-07-2025,17:01:40,COMPLETED,0,1
79KWH,8,1,FULL,25-07-2025,17:01:49,25-07-2025,17:01:50,25-07-2025,17:03:23,COMPLETED,0,1
79KWH,8,1,FULL,25-07-2025,17:03:28,25-07-2025,17:03:31,25-07-2025,17:05:01,COMPLETED,0,1
79KWH,8,1,FULL,25-07-2025,17:05:10,25-07-2025,17:05:10,25-07-2025,17:06:42,COMPLETED,0,1
79KWH,8,1,FULL,25-07-2025,17:06:49,25-07-2025,17:06:50,25-07-2025,17:08:21,COMPLETED,0,1
79KWH,8,1,FULL,25-07-2025,17:08:29,25-07-2025,17:08:29,25-07-2025,17:10:03,COMPLETED,0,1
79KWH,8,1,FULL,25-07-2025,17:10:09,25-07-2025,17:11:52,25-07-2025,17:14:02,COMPLETED,0,1
79KWH,8,1,FULL,25-07-2025,17:14:11,25-07-2025,17:14:13,25-07-2025,17:15:48,COMPLETED,0,1
79KWH,8,1,FULL,25-07-2025,17:15:54,25-07-2025,17:15:57,25-07-2025,17:17:31,COMPLETED,0,1
79KWH,8,1,FULL,25-07-2025,17:17:40,25-07-2025,17:17:40,25-07-2025,17:19:17,COMPLETED,0,1
79KWH,8,1,FULL,25-07-2025,17:19:23,25-07-2025,17:19:25,25-07-2025,17:21:00,COMPLETED,0,1
79KWH,8,1,FULL,25-07-2025,17:21:09,25-07-2025,17:21:11,25-07-2025,17:22:47,COMPLETED,0,1
79KWH,8,1,FULL,26-07-2025,07:28:41,26-07-2025,07:28:41,26-07-2025,07:30:56,COMPLETED,0,1
79KWH,8,1,FULL,26-07-2025,07:31:02,26-07-2025,07:31:05,26-07-2025,07:32:41,COMPLETED,0,1
79KWH,8,1,FULL,26-07-2025,07:32:49,26-07-2025,07:34:27,26-07-2025,07:36:47,COMPLETED,0,1
79KWH,8,2,FULL,26-07-2025,07:35:57,26-07-2025,07:36:34,26-07-2025,07:38:33,COMPLETED,0,1
79KWH,8,1,FULL,26-07-2025,07:36:53,26-07-2025,07:36:55,26-07-2025,07:38:33,COMPLETED,0,1
79KWH,8,3,FULL,26-07-2025,07:37:09,26-07-2025,07:37:09,26-07-2025,07:39:10,COMPLETED,0,1
79KWH,8,2,FULL,26-07-2025,07:38:39,26-07-2025,07:38:41,26-07-2025,07:39:46,COMPLETED,0,1
79KWH,8,1,FULL,26-07-2025,07:38:41,26-07-2025,07:38:42,26-07-2025,07:40:22,COMPLETED,0,1
79KWH,8,3,FULL,26-07-2025,07:39:17,26-07-2025,07:39:20,26-07-2025,07:41:19,COMPLETED,0,1
79KWH,8,2,FULL,26-07-2025,07:40:13,26-07-2025,07:41:49,26-07-2025,07:43:50,COMPLETED,0,1
79KWH,8,1,FULL,26-07-2025,07:40:28,26-07-2025,07:40:31,26-07-2025,07:42:08,COMPLETED,0,1
79KWH,8,3,FULL,26-07-2025,07:41:26,26-07-2025,07:41:27,26-07-2025,07:43:29,COMPLETED,0,1
79KWH,8,1,FULL,26-07-2025,07:42:16,26-07-2025,07:42:17,26-07-2025,07:43:58,COMPLETED,0,1
79KWH,8,3,FULL,26-07-2025,07:43:35,26-07-2025,07:43:38,26-07-2025,07:45:38,COMPLETED,0,1
79KWH,8,2,FULL,26-07-2025,07:43:56,26-07-2025,07:43:58,26-07-2025,07:45:06,COMPLETED,0,1
79KWH,8,2,FULL,26-07-2025,07:45:16,26-07-2025,07:47:02,26-07-2025,07:49:04,COMPLETED,0,1
79KWH,8,3,FULL,26-07-2025,07:45:46,26-07-2025,07:45:47,26-07-2025,07:47:50,COMPLETED,0,1
79KWH,8,3,FULL,26-07-2025,07:47:57,26-07-2025,07:48:00,26-07-2025,07:50:01,COMPLETED,0,1
79KWH,8,1,FULL,26-07-2025,07:49:08,26-07-2025,07:49:09,26-07-2025,07:50:48,COMPLETED,0,1
79KWH,8,2,FULL,26-07-2025,07:49:10,26-07-2025,07:49:12,26-07-2025,07:50:20,COMPLETED,0,1
79KWH,8,3,FULL,26-07-2025,07:50:09,26-07-2025,07:50:10,26-07-2025,07:52:15,COMPLETED,0,1
79KWH,8,2,FULL,26-07-2025,07:50:32,26-07-2025,07:50:33,26-07-2025,07:51:44,COMPLETED,0,1
79KWH,8,1,FULL,26-07-2025,07:51:54,26-07-2025,07:51:54,26-07-2025,07:53:37,COMPLETED,0,1
79KWH,8,3,FULL,26-07-2025,07:52:21,26-07-2025,07:52:23,26-07-2025,07:54:25,COMPLETED,0,1
79KWH,8,2,FULL,26-07-2025,07:53:12,26-07-2025,07:53:13,26-07-2025,07:54:21,COMPLETED,0,1
79KWH,8,3,FULL,26-07-2025,07:54:34,26-07-2025,07:54:34,26-07-2025,07:56:39,COMPLETED,0,1
79KWH,8,1,FULL,26-07-2025,07:54:43,26-07-2025,07:54:44,26-07-2025,07:56:24,COMPLETED,0,1
79KWH,8,2,FULL,26-07-2025,07:56:07,26-07-2025,07:56:07,26-07-2025,07:57:17,COMPLETED,0,1
79KWH,8,3,FULL,26-07-2025,07:56:46,26-07-2025,07:56:48,26-07-2025,07:58:50,COMPLETED,0,1
79KWH,8,1,FULL,26-07-2025,07:57:30,26-07-2025,07:57:31,26-07-2025,07:59:15,COMPLETED,0,1
79KWH,8,2,FULL,26-07-2025,07:58:48,26-07-2025,07:58:48,26-07-2025,07:59:58,COMPLETED,0,1
79KWH,8,3,FULL,26-07-2025,07:58:59,26-07-2025,07:58:59,26-07-2025,08:01:05,COMPLETED,0,1
79KWH,8,1,FULL,26-07-2025,08:00:19,26-07-2025,08:01:24,26-07-2025,08:03:39,COMPLETED,0,1
79KWH,8,3,FULL,26-07-2025,08:01:12,26-07-2025,08:01:15,26-07-2025,08:03:20,COMPLETED,0,1
79KWH,8,2,FULL,26-07-2025,08:01:40,26-07-2025,08:02:40,26-07-2025,08:04:43,COMPLETED,0,1
79KWH,8,3,FULL,26-07-2025,08:03:28,26-07-2025,08:03:29,26-07-2025,08:05:37,COMPLETED,0,1
79KWH,8,1,FULL,26-07-2025,08:03:47,26-07-2025,08:05:21,26-07-2025,08:07:39,COMPLETED,0,1
79KWH,8,2,FULL,26-07-2025,08:04:50,26-07-2025,08:04:52,26-07-2025,08:06:03,COMPLETED,0,1
79KWH,8,3,FULL,26-07-2025,08:05:43,26-07-2025,08:05:46,26-07-2025,08:07:51,COMPLETED,0,1
79KWH,8,2,FULL,26-07-2025,08:07:15,26-07-2025,08:07:59,26-07-2025,08:10:00,COMPLETED,0,1
79KWH,8,1,FULL,26-07-2025,08:07:44,26-07-2025,08:07:48,26-07-2025,08:09:30,COMPLETED,0,1
79KWH,8,3,FULL,26-07-2025,08:07:59,26-07-2025,08:08:00,26-07-2025,08:10:08,COMPLETED,0,1
79KWH,8,1,FULL,26-07-2025,08:09:38,26-07-2025,08:09:39,26-07-2025,08:11:25,COMPLETED,0,1
79KWH,8,2,FULL,26-07-2025,08:10:07,26-07-2025,08:10:10,26-07-2025,08:11:23,COMPLETED,0,1
79KWH,8,3,FULL,26-07-2025,08:10:14,26-07-2025,08:10:18,26-07-2025,08:12:24,COMPLETED,0,1
79KWH,8,1,FULL,26-07-2025,08:11:31,26-07-2025,08:11:34,26-07-2025,08:13:19,COMPLETED,0,1
79KWH,8,3,FULL,26-07-2025,08:12:32,26-07-2025,08:12:33,26-07-2025,08:14:43,COMPLETED,0,1
79KWH,8,2,FULL,26-07-2025,08:12:50,26-07-2025,08:13:22,26-07-2025,08:15:26,COMPLETED,0,1
79KWH,8,1,FULL,26-07-2025,08:14:15,26-07-2025,08:14:16,26-07-2025,08:16:03,COMPLETED,0,1
79KWH,8,3,FULL,26-07-2025,08:14:49,26-07-2025,08:14:52,26-07-2025,08:17:00,COMPLETED,0,1
79KWH,8,2,FULL,26-07-2025,08:15:32,26-07-2025,08:15:35,26-07-2025,08:16:49,COMPLETED,0,1
79KWH,8,1,FULL,26-07-2025,08:17:03,26-07-2025,08:17:04,26-07-2025,08:18:49,COMPLETED,0,1
79KWH,8,3,FULL,26-07-2025,08:17:08,26-07-2025,08:17:09,26-07-2025,08:19:19,COMPLETED,0,1
79KWH,8,2,FULL,26-07-2025,08:18:26,26-07-2025,08:18:28,26-07-2025,08:19:44,COMPLETED,0,1
79KWH,8,3,FULL,26-07-2025,08:19:25,26-07-2025,08:19:28,26-07-2025,08:21:37,COMPLETED,0,1
79KWH,8,1,FULL,26-07-2025,08:19:49,26-07-2025,08:19:49,26-07-2025,08:21:37,COMPLETED,0,1
79KWH,8,2,FULL,26-07-2025,08:21:08,26-07-2025,08:21:10,26-07-2025,08:22:24,COMPLETED,0,1
79KWH,8,3,FULL,26-07-2025,08:21:46,26-07-2025,08:21:46,26-07-2025,08:23:58,COMPLETED,0,1
79KWH,8,1,FULL,26-07-2025,08:22:38,26-07-2025,08:22:39,26-07-2025,08:24:26,COMPLETED,0,1
79KWH,8,2,FULL,26-07-2025,08:23:59,26-07-2025,08:24:00,26-07-2025,08:25:16,COMPLETED,0,1
79KWH,8,3,FULL,26-07-2025,08:24:04,26-07-2025,08:24:07,26-07-2025,08:26:22,COMPLETED,0,1
79KWH,8,1,FULL,26-07-2025,08:25:24,26-07-2025,08:25:25,26-07-2025,08:27:13,COMPLETED,0,1
79KWH,8,3,FULL,26-07-2025,08:26:36,26-07-2025,08:26:37,26-07-2025,08:28:50,COMPLETED,0,1
79KWH,8,2,FULL,26-07-2025,08:26:43,26-07-2025,08:26:44,26-07-2025,08:28:00,COMPLETED,0,1
79KWH,8,1,FULL,26-07-2025,08:28:13,26-07-2025,08:28:14,26-07-2025,08:30:02,COMPLETED,0,1
79KWH,8,3,FULL,26-07-2025,08:29:20,26-07-2025,08:29:21,26-07-2025,08:31:32,COMPLETED,0,1
79KWH,8,2,FULL,26-07-2025,08:29:35,26-07-2025,08:29:36,26-07-2025,08:30:54,COMPLETED,0,1
79KWH,8,1,FULL,26-07-2025,08:30:59,26-07-2025,08:30:59,26-07-2025,08:32:50,COMPLETED,0,1
79KWH,8,3,FULL,26-07-2025,08:32:11,26-07-2025,08:32:13,26-07-2025,08:34:27,COMPLETED,0,1
79KWH,8,2,FULL,26-07-2025,08:32:17,26-07-2025,08:32:17,26-07-2025,08:33:36,COMPLETED,0,1
79KWH,8,1,FULL,26-07-2025,08:33:48,26-07-2025,08:33:49,26-07-2025,08:35:37,COMPLETED,0,1
79KWH,8,3,FULL,26-07-2025,08:34:55,26-07-2025,08:34:55,26-07-2025,08:37:08,COMPLETED,0,1
79KWH,8,2,FULL,26-07-2025,08:35:10,26-07-2025,08:35:11,26-07-2025,08:36:31,COMPLETED,0,1
79KWH,8,1,FULL,26-07-2025,08:36:34,26-07-2025,08:36:36,26-07-2025,08:38:27,COMPLETED,0,1
79KWH,8,3,FULL,26-07-2025,08:37:47,26-07-2025,08:37:47,26-07-2025,08:40:02,COMPLETED,0,1
79KWH,8,2,FULL,26-07-2025,08:37:52,26-07-2025,08:37:53,26-07-2025,08:39:10,COMPLETED,0,1
79KWH,8,1,FULL,26-07-2025,08:39:22,26-07-2025,08:39:22,26-07-2025,08:41:12,COMPLETED,0,1
79KWH,8,3,FULL,26-07-2025,08:40:30,26-07-2025,08:40:31,26-07-2025,08:42:44,COMPLETED,0,1
79KWH,8,2,FULL,26-07-2025,08:40:45,26-07-2025,08:40:46,26-07-2025,08:42:09,COMPLETED,0,1
79KWH,8,1,FULL,26-07-2025,08:42:09,26-07-2025,08:42:10,26-07-2025,08:44:03,COMPLETED,0,1
79KWH,8,3,FULL,26-07-2025,08:43:21,26-07-2025,08:43:22,26-07-2025,08:45:39,COMPLETED,0,1
79KWH,8,2,FULL,26-07-2025,08:43:27,26-07-2025,08:43:28,28-07-2025,09:33:44,ABORT,0,1
79KWH,8,1,FULL,26-07-2025,08:44:57,26-07-2025,08:44:58,26-07-2025,08:46:48,COMPLETED,0,1
79KWH,8,3,FULL,26-07-2025,08:46:04,26-07-2025,08:46:05,26-07-2025,08:48:19,COMPLETED,0,1
79KWH,8,1,FULL,26-07-2025,08:47:44,26-07-2025,08:47:44,26-07-2025,08:49:37,COMPLETED,0,1
79KWH,8,3,FULL,26-07-2025,08:48:56,26-07-2025,08:48:57,26-07-2025,08:51:15,COMPLETED,0,1
79KWH,8,1,FULL,26-07-2025,08:49:44,26-07-2025,08:49:45,26-07-2025,08:51:37,COMPLETED,0,1
79KWH,8,3,FULL,26-07-2025,08:51:21,26-07-2025,08:51:24,26-07-2025,08:53:39,COMPLETED,0,1
79KWH,8,1,FULL,26-07-2025,08:51:45,26-07-2025,08:51:46,26-07-2025,08:53:41,COMPLETED,0,1
79KWH,8,1,FULL,26-07-2025,08:53:47,26-07-2025,08:53:49,26-07-2025,08:55:42,COMPLETED,0,1
79KWH,8,3,FULL,26-07-2025,08:53:47,26-07-2025,08:53:48,26-07-2025,08:56:06,COMPLETED,0,1
79KWH,8,3,FULL,26-07-2025,09:31:45,26-07-2025,10:09:51,26-07-2025,10:13:20,COMPLETED,0,1
79KWH,8,1,FULL,26-07-2025,09:32:24,26-07-2025,09:33:17,26-07-2025,09:35:41,COMPLETED,0,1
79KWH,8,1,FULL,26-07-2025,09:35:48,26-07-2025,09:35:50,26-07-2025,09:37:44,COMPLETED,0,1
79KWH,8,1,FULL,26-07-2025,09:37:52,26-07-2025,09:39:17,26-07-2025,09:41:42,COMPLETED,0,1
79KWH,8,1,FULL,26-07-2025,09:41:48,26-07-2025,09:41:50,26-07-2025,09:43:45,COMPLETED,0,1
79KWH,8,1,FULL,26-07-2025,09:43:53,26-07-2025,09:45:22,26-07-2025,09:47:47,COMPLETED,0,1
79KWH,8,1,FULL,26-07-2025,09:47:53,26-07-2025,09:47:56,26-07-2025,09:49:51,COMPLETED,0,1
79KWH,8,1,FULL,26-07-2025,09:49:59,26-07-2025,09:51:21,26-07-2025,09:53:55,COMPLETED,0,1
79KWH,8,1,FULL,26-07-2025,09:54:00,26-07-2025,09:55:31,26-07-2025,09:57:54,COMPLETED,0,1
79KWH,8,1,FULL,26-07-2025,09:58:02,26-07-2025,09:59:24,26-07-2025,10:01:51,COMPLETED,0,1
79KWH,8,1,FULL,26-07-2025,10:01:56,26-07-2025,10:01:59,26-07-2025,10:04:00,COMPLETED,0,1
79KWH,8,1,FULL,26-07-2025,10:04:08,26-07-2025,10:05:35,26-07-2025,10:08:01,COMPLETED,0,1
79KWH,8,1,FULL,26-07-2025,10:08:07,26-07-2025,10:09:33,26-07-2025,10:11:58,COMPLETED,0,1
79KWH,8,1,FULL,26-07-2025,10:12:07,26-07-2025,10:13:33,26-07-2025,10:16:00,COMPLETED,0,1
79KWH,8,3,FULL,26-07-2025,10:13:28,26-07-2025,10:13:28,26-07-2025,10:15:48,COMPLETED,0,1
79KWH,8,3,FULL,26-07-2025,10:15:55,26-07-2025,10:15:56,26-07-2025,10:18:14,COMPLETED,0,1
79KWH,8,1,FULL,26-07-2025,10:16:06,26-07-2025,10:17:34,26-07-2025,10:19:59,COMPLETED,0,1
79KWH,8,3,FULL,26-07-2025,10:18:22,26-07-2025,10:18:23,26-07-2025,10:20:44,COMPLETED,0,1
79KWH,8,1,FULL,26-07-2025,10:20:07,26-07-2025,10:36:05,26-07-2025,10:38:42,COMPLETED,0,1
79KWH,8,3,FULL,26-07-2025,10:20:50,26-07-2025,10:20:52,26-07-2025,10:23:11,COMPLETED,0,1
79KWH,8,3,FULL,26-07-2025,10:23:20,26-07-2025,10:23:20,26-07-2025,10:25:42,COMPLETED,0,1
79KWH,8,3,FULL,26-07-2025,10:25:49,26-07-2025,10:25:52,26-07-2025,10:28:12,COMPLETED,0,1
79KWH,8,3,FULL,26-07-2025,10:28:20,26-07-2025,10:28:21,26-07-2025,10:30:44,COMPLETED,0,1
79KWH,8,3,FULL,26-07-2025,10:30:50,26-07-2025,10:30:53,26-07-2025,10:33:14,COMPLETED,0,1
79KWH,8,3,FULL,26-07-2025,10:33:22,26-07-2025,10:33:23,26-07-2025,10:35:47,COMPLETED,0,1
79KWH,8,3,FULL,26-07-2025,10:35:53,26-07-2025,10:35:56,26-07-2025,10:38:18,COMPLETED,0,1
79KWH,8,3,FULL,26-07-2025,10:38:27,26-07-2025,10:38:27,26-07-2025,10:40:52,COMPLETED,0,1
79KWH,8,1,FULL,26-07-2025,10:38:48,26-07-2025,10:38:51,26-07-2025,10:41:12,COMPLETED,0,1
79KWH,8,3,FULL,26-07-2025,10:40:59,26-07-2025,10:41:02,26-07-2025,10:43:25,COMPLETED,0,1
79KWH,8,1,FULL,26-07-2025,10:41:21,26-07-2025,10:42:39,26-07-2025,10:45:06,COMPLETED,0,1
79KWH,8,3,FULL,26-07-2025,10:43:32,26-07-2025,10:43:34,26-07-2025,10:46:00,COMPLETED,0,1
79KWH,8,1,FULL,26-07-2025,10:45:12,26-07-2025,10:45:16,26-07-2025,10:47:17,COMPLETED,0,1
79KWH,8,3,FULL,26-07-2025,10:46:05,26-07-2025,10:46:09,26-07-2025,10:48:33,COMPLETED,0,1
79KWH,8,1,FULL,26-07-2025,10:47:25,26-07-2025,10:48:46,26-07-2025,10:51:14,COMPLETED,0,1
79KWH,8,3,FULL,26-07-2025,10:48:41,26-07-2025,10:48:42,26-07-2025,10:51:09,COMPLETED,0,1
79KWH,8,3,FULL,26-07-2025,10:51:15,26-07-2025,10:51:19,26-07-2025,10:53:45,COMPLETED,0,1
79KWH,8,1,FULL,26-07-2025,10:51:21,26-07-2025,10:51:23,26-07-2025,10:53:25,COMPLETED,0,1
79KWH,8,1,FULL,26-07-2025,10:53:33,26-07-2025,10:54:58,26-07-2025,10:57:27,COMPLETED,0,1
79KWH,8,3,FULL,26-07-2025,10:53:53,26-07-2025,10:53:54,26-07-2025,10:56:22,COMPLETED,0,1
79KWH,8,3,FULL,26-07-2025,10:56:29,26-07-2025,10:56:32,26-07-2025,10:58:58,COMPLETED,0,1
79KWH,8,1,FULL,26-07-2025,10:57:33,26-07-2025,10:58:58,26-07-2025,11:01:23,COMPLETED,0,1
79KWH,8,3,FULL,26-07-2025,10:59:06,26-07-2025,10:59:08,26-07-2025,11:01:37,COMPLETED,0,1
79KWH,8,1,FULL,26-07-2025,11:01:32,26-07-2025,11:03:00,26-07-2025,11:05:29,COMPLETED,0,1
79KWH,8,3,FULL,26-07-2025,11:01:43,26-07-2025,11:01:46,26-07-2025,11:04:14,COMPLETED,0,1
79KWH,8,3,FULL,26-07-2025,11:04:21,26-07-2025,11:04:21,26-07-2025,11:06:52,COMPLETED,0,1
79KWH,8,1,FULL,26-07-2025,11:05:36,26-07-2025,11:05:38,26-07-2025,11:07:42,COMPLETED,0,1
79KWH,8,3,FULL,26-07-2025,11:06:58,26-07-2025,11:07:01,26-07-2025,11:09:29,COMPLETED,0,1
79KWH,8,1,FULL,26-07-2025,11:07:50,26-07-2025,11:09:13,26-07-2025,11:11:43,COMPLETED,0,1
79KWH,8,3,FULL,26-07-2025,11:09:36,26-07-2025,11:09:37,26-07-2025,11:12:09,COMPLETED,0,1
79KWH,8,1,FULL,26-07-2025,11:11:48,26-07-2025,11:13:19,26-07-2025,11:15:46,COMPLETED,0,1
79KWH,8,3,FULL,26-07-2025,11:12:15,26-07-2025,11:12:18,26-07-2025,11:14:47,COMPLETED,0,1
79KWH,8,3,FULL,26-07-2025,11:14:55,26-07-2025,11:14:56,26-07-2025,11:17:30,COMPLETED,0,1
79KWH,8,1,FULL,26-07-2025,11:15:53,26-07-2025,11:17:16,26-07-2025,11:19:46,COMPLETED,0,1
79KWH,8,3,FULL,26-07-2025,11:17:36,26-07-2025,11:17:39,26-07-2025,11:20:11,COMPLETED,0,1
79KWH,8,1,FULL,26-07-2025,11:19:52,26-07-2025,11:19:54,26-07-2025,11:22:01,COMPLETED,0,1
79KWH,8,3,FULL,26-07-2025,11:20:19,26-07-2025,11:20:20,26-07-2025,11:22:54,COMPLETED,0,1
79KWH,8,1,FULL,26-07-2025,11:22:09,26-07-2025,11:23:34,26-07-2025,11:26:05,COMPLETED,0,1
79KWH,8,3,FULL,26-07-2025,11:23:00,26-07-2025,11:23:03,26-07-2025,11:25:36,COMPLETED,0,1
79KWH,8,3,FULL,26-07-2025,11:25:43,26-07-2025,11:25:45,26-07-2025,11:28:20,COMPLETED,0,1
79KWH,8,1,FULL,26-07-2025,11:26:13,26-07-2025,11:27:36,26-07-2025,11:30:04,COMPLETED,0,1
79KWH,8,3,FULL,26-07-2025,11:28:26,26-07-2025,11:28:29,26-07-2025,11:31:02,COMPLETED,0,1
79KWH,8,1,FULL,26-07-2025,11:30:11,26-07-2025,11:31:38,26-07-2025,11:34:09,COMPLETED,0,1
79KWH,8,3,FULL,26-07-2025,11:31:10,26-07-2025,11:31:11,26-07-2025,11:33:47,COMPLETED,0,1
79KWH,8,3,FULL,26-07-2025,11:33:54,26-07-2025,11:33:57,26-07-2025,11:36:36,COMPLETED,0,1
79KWH,8,1,FULL,26-07-2025,11:34:15,26-07-2025,11:34:18,26-07-2025,11:36:26,COMPLETED,0,1
79KWH,8,1,FULL,26-07-2025,11:36:34,26-07-2025,11:37:57,26-07-2025,11:40:28,COMPLETED,0,1
79KWH,8,3,FULL,26-07-2025,11:36:45,26-07-2025,11:36:49,26-07-2025,11:39:26,COMPLETED,0,1
79KWH,8,3,FULL,26-07-2025,11:39:31,26-07-2025,11:39:36,26-07-2025,11:42:11,COMPLETED,0,1
79KWH,8,1,FULL,26-07-2025,11:40:34,26-07-2025,11:40:38,26-07-2025,11:42:48,COMPLETED,0,1
79KWH,8,3,FULL,26-07-2025,11:42:19,26-07-2025,11:42:20,26-07-2025,11:44:58,COMPLETED,0,1
79KWH,8,1,FULL,26-07-2025,11:42:56,26-07-2025,11:44:21,26-07-2025,11:46:54,COMPLETED,0,1
79KWH,8,3,FULL,26-07-2025,11:45:05,26-07-2025,11:45:08,26-07-2025,11:47:44,COMPLETED,0,1
79KWH,8,1,FULL,26-07-2025,11:47:00,26-07-2025,11:48:25,26-07-2025,11:50:55,COMPLETED,0,1
79KWH,8,3,FULL,26-07-2025,11:47:52,26-07-2025,11:47:53,26-07-2025,11:50:32,COMPLETED,0,1
79KWH,8,1,FULL,26-07-2025,12:03:34,26-07-2025,12:03:35,26-07-2025,12:06:07,COMPLETED,0,1
79KWH,8,3,FULL,26-07-2025,12:04:41,26-07-2025,12:04:42,26-07-2025,12:07:19,COMPLETED,0,1
79KWH,8,1,FULL,26-07-2025,12:06:13,26-07-2025,12:06:16,26-07-2025,12:08:28,COMPLETED,0,1
79KWH,8,3,FULL,26-07-2025,12:07:28,26-07-2025,12:07:28,26-07-2025,12:10:08,COMPLETED,0,1
79KWH,8,1,FULL,26-07-2025,12:08:37,26-07-2025,12:08:37,26-07-2025,12:11:01,COMPLETED,0,1
79KWH,8,3,FULL,26-07-2025,12:10:14,26-07-2025,12:10:18,26-07-2025,12:12:56,COMPLETED,0,1
79KWH,8,1,FULL,26-07-2025,12:11:07,26-07-2025,12:11:10,26-07-2025,12:13:24,COMPLETED,0,1
79KWH,8,3,FULL,26-07-2025,12:13:03,26-07-2025,12:13:04,26-07-2025,12:15:45,COMPLETED,0,1
79KWH,8,1,FULL,26-07-2025,12:13:33,26-07-2025,12:15:31,26-07-2025,12:18:05,COMPLETED,0,1
79KWH,8,3,FULL,26-07-2025,12:15:52,26-07-2025,12:15:55,26-07-2025,12:18:35,COMPLETED,0,1
79KWH,8,1,FULL,26-07-2025,12:18:11,26-07-2025,12:18:14,26-07-2025,12:20:28,COMPLETED,0,1
79KWH,8,3,FULL,26-07-2025,12:18:42,26-07-2025,12:18:43,26-07-2025,12:21:26,COMPLETED,0,1
79KWH,8,1,FULL,26-07-2025,12:20:37,26-07-2025,12:21:54,26-07-2025,12:24:28,COMPLETED,0,1
79KWH,8,3,FULL,26-07-2025,12:21:32,26-07-2025,12:21:35,26-07-2025,12:24:16,COMPLETED,0,1
79KWH,8,3,FULL,26-07-2025,12:24:24,26-07-2025,12:24:26,26-07-2025,12:27:10,COMPLETED,0,1
79KWH,8,1,FULL,26-07-2025,12:24:35,26-07-2025,12:26:00,26-07-2025,12:28:31,COMPLETED,0,1
79KWH,8,3,FULL,26-07-2025,12:27:16,26-07-2025,12:27:19,26-07-2025,12:30:01,COMPLETED,0,1
79KWH,8,1,FULL,26-07-2025,12:28:39,26-07-2025,12:29:56,26-07-2025,12:32:32,COMPLETED,0,1
79KWH,8,3,FULL,26-07-2025,12:30:08,26-07-2025,12:30:10,26-07-2025,12:32:54,COMPLETED,0,1
79KWH,8,1,FULL,26-07-2025,12:32:38,26-07-2025,12:34:02,26-07-2025,12:36:36,COMPLETED,0,1
79KWH,8,3,FULL,26-07-2025,12:33:00,26-07-2025,12:33:03,26-07-2025,12:35:46,COMPLETED,0,1
79KWH,8,3,FULL,26-07-2025,12:35:54,26-07-2025,12:35:55,26-07-2025,12:38:40,COMPLETED,0,1
79KWH,8,1,FULL,26-07-2025,12:36:44,26-07-2025,12:36:45,26-07-2025,12:39:06,COMPLETED,0,1
79KWH,8,3,FULL,26-07-2025,12:38:46,26-07-2025,12:38:50,26-07-2025,12:41:34,COMPLETED,0,1
79KWH,8,1,FULL,26-07-2025,12:39:12,26-07-2025,12:39:14,26-07-2025,12:41:34,COMPLETED,0,1
79KWH,8,3,FULL,26-07-2025,12:41:43,26-07-2025,12:41:43,26-07-2025,12:44:30,COMPLETED,0,1
79KWH,8,1,FULL,26-07-2025,12:41:43,26-07-2025,12:43:41,26-07-2025,12:46:19,COMPLETED,0,1
79KWH,8,3,FULL,26-07-2025,12:44:36,26-07-2025,12:44:40,26-07-2025,12:47:25,COMPLETED,0,1
79KWH,8,1,FULL,26-07-2025,12:46:25,26-07-2025,12:46:27,26-07-2025,12:48:48,COMPLETED,0,1
79KWH,8,3,FULL,26-07-2025,12:47:32,26-07-2025,12:47:33,26-07-2025,12:50:22,COMPLETED,0,1
79KWH,8,1,FULL,26-07-2025,12:48:55,26-07-2025,12:50:58,26-07-2025,12:53:36,COMPLETED,0,1
79KWH,8,3,FULL,26-07-2025,12:50:27,26-07-2025,12:50:30,26-07-2025,12:53:22,COMPLETED,0,1
79KWH,8,3,FULL,26-07-2025,12:53:30,26-07-2025,12:53:33,26-07-2025,12:56:24,COMPLETED,0,1
79KWH,8,1,FULL,26-07-2025,12:53:42,26-07-2025,12:55:00,26-07-2025,12:57:35,COMPLETED,0,1
79KWH,8,3,FULL,26-07-2025,12:56:29,26-07-2025,12:56:33,26-07-2025,12:59:20,COMPLETED,0,1
79KWH,8,1,FULL,26-07-2025,12:57:44,26-07-2025,12:59:02,26-07-2025,13:01:40,COMPLETED,0,1
79KWH,8,3,FULL,26-07-2025,12:59:28,26-07-2025,12:59:29,26-07-2025,13:01:21,COMPLETED,0,1
79KWH,8,3,FULL,26-07-2025,13:01:30,26-07-2025,13:01:30,26-07-2025,13:02:21,COMPLETED,0,1
79KWH,8,1,FULL,26-07-2025,13:01:46,26-07-2025,13:01:49,26-07-2025,13:04:12,COMPLETED,0,1
79KWH,8,3,FULL,26-07-2025,13:02:34,26-07-2025,13:02:36,26-07-2025,13:03:30,COMPLETED,0,1
79KWH,8,1,FULL,26-07-2025,13:04:21,26-07-2025,13:06:18,26-07-2025,13:08:55,COMPLETED,0,1
79KWH,8,1,FULL,26-07-2025,13:15:03,26-07-2025,13:15:03,26-07-2025,13:17:25,COMPLETED,0,1
79KWH,8,3,FULL,26-07-2025,13:15:56,26-07-2025,13:15:56,26-07-2025,13:16:50,COMPLETED,0,1
79KWH,8,3,FULL,26-07-2025,13:17:17,26-07-2025,13:17:18,26-07-2025,13:18:16,COMPLETED,0,1
79KWH,8,1,FULL,26-07-2025,13:17:34,26-07-2025,13:17:34,26-07-2025,13:20:00,COMPLETED,0,1
79KWH,8,3,FULL,26-07-2025,13:19:08,26-07-2025,13:19:08,26-07-2025,13:20:03,COMPLETED,0,1
79KWH,8,1,FULL,26-07-2025,13:20:06,26-07-2025,13:20:09,26-07-2025,13:22:33,COMPLETED,0,1
79KWH,8,3,FULL,26-07-2025,13:21:00,26-07-2025,13:21:01,26-07-2025,13:21:59,COMPLETED,0,1
79KWH,8,1,FULL,26-07-2025,13:22:41,26-07-2025,13:22:42,26-07-2025,13:25:09,COMPLETED,0,1
79KWH,8,3,FULL,26-07-2025,13:22:51,26-07-2025,13:22:51,26-07-2025,13:23:48,COMPLETED,0,1
79KWH,8,3,FULL,26-07-2025,13:24:44,26-07-2025,13:24:45,26-07-2025,13:25:46,COMPLETED,0,1
79KWH,8,1,FULL,26-07-2025,13:25:15,26-07-2025,13:25:17,26-07-2025,13:27:43,COMPLETED,0,1
79KWH,8,3,FULL,26-07-2025,13:26:34,26-07-2025,13:26:35,26-07-2025,13:27:33,COMPLETED,0,1
79KWH,8,1,FULL,26-07-2025,13:27:51,26-07-2025,13:29:56,26-07-2025,13:32:36,COMPLETED,0,1
79KWH,8,3,FULL,26-07-2025,13:28:27,26-07-2025,13:28:28,26-07-2025,13:29:30,COMPLETED,0,1
79KWH,8,3,FULL,26-07-2025,13:30:18,26-07-2025,13:30:19,26-07-2025,13:31:20,COMPLETED,0,1
79KWH,8,3,FULL,26-07-2025,13:32:11,26-07-2025,13:32:11,26-07-2025,13:33:14,COMPLETED,0,1
79KWH,8,1,FULL,26-07-2025,13:32:42,26-07-2025,13:32:45,26-07-2025,13:35:12,COMPLETED,0,1
79KWH,8,3,FULL,26-07-2025,13:33:22,26-07-2025,13:33:24,26-07-2025,13:34:25,COMPLETED,0,1
79KWH,8,3,FULL,26-07-2025,13:34:55,26-07-2025,13:34:56,26-07-2025,13:36:00,COMPLETED,0,1
79KWH,8,1,FULL,26-07-2025,13:35:20,26-07-2025,13:36:44,26-07-2025,13:39:25,COMPLETED,0,1
79KWH,8,3,FULL,26-07-2025,13:36:08,26-07-2025,13:36:10,26-07-2025,13:37:12,COMPLETED,0,1
79KWH,8,3,FULL,26-07-2025,13:37:46,26-07-2025,13:37:47,26-07-2025,13:38:54,COMPLETED,0,1
79KWH,8,3,FULL,26-07-2025,13:38:59,26-07-2025,13:39:02,26-07-2025,13:40:06,COMPLETED,0,1
79KWH,8,1,FULL,26-07-2025,13:39:30,26-07-2025,13:39:33,26-07-2025,13:42:00,COMPLETED,0,1
79KWH,8,3,FULL,26-07-2025,13:40:15,26-07-2025,13:40:15,26-07-2025,13:41:22,COMPLETED,0,1
79KWH,8,1,FULL,26-07-2025,13:42:09,26-07-2025,13:43:29,26-07-2025,13:46:10,COMPLETED,0,1
79KWH,8,1,FULL,26-07-2025,13:46:16,26-07-2025,13:46:18,26-07-2025,13:48:46,COMPLETED,0,1
79KWH,8,1,FULL,26-07-2025,13:48:54,26-07-2025,13:50:10,26-07-2025,13:52:51,COMPLETED,0,1
79KWH,8,1,FULL,26-07-2025,13:52:57,26-07-2025,13:53:00,26-07-2025,13:55:38,COMPLETED,0,1
79KWH,8,3,FULL,26-07-2025,14:26:14,26-07-2025,14:26:15,26-07-2025,14:27:19,COMPLETED,0,1
79KWH,8,1,FULL,26-07-2025,14:26:55,26-07-2025,14:28:09,26-07-2025,14:30:51,COMPLETED,0,1
79KWH,8,3,FULL,26-07-2025,14:28:09,26-07-2025,14:28:09,26-07-2025,14:29:16,COMPLETED,0,1
79KWH,8,3,FULL,26-07-2025,14:29:58,26-07-2025,14:29:58,26-07-2025,14:31:03,COMPLETED,0,1
79KWH,8,1,FULL,26-07-2025,14:30:58,26-07-2025,14:31:00,26-07-2025,14:33:30,COMPLETED,0,1
79KWH,8,3,FULL,26-07-2025,14:31:52,26-07-2025,14:31:53,26-07-2025,14:33:03,COMPLETED,0,1
79KWH,8,1,FULL,26-07-2025,14:33:38,26-07-2025,14:33:38,26-07-2025,14:36:11,COMPLETED,0,1
79KWH,8,3,FULL,26-07-2025,14:33:42,26-07-2025,14:33:43,26-07-2025,14:34:50,COMPLETED,0,1
79KWH,8,3,FULL,26-07-2025,14:35:37,26-07-2025,14:35:38,26-07-2025,14:36:48,COMPLETED,0,1
79KWH,8,1,FULL,26-07-2025,14:36:17,26-07-2025,14:36:21,26-07-2025,14:38:52,COMPLETED,0,1
79KWH,8,3,FULL,26-07-2025,14:37:27,26-07-2025,14:37:28,26-07-2025,14:38:35,COMPLETED,0,1
79KWH,8,1,FULL,26-07-2025,14:39:00,26-07-2025,14:39:01,26-07-2025,14:41:38,COMPLETED,0,1
79KWH,8,3,FULL,26-07-2025,14:39:18,26-07-2025,14:39:20,26-07-2025,14:40:31,COMPLETED,0,1
79KWH,8,3,FULL,26-07-2025,14:41:08,26-07-2025,14:41:08,26-07-2025,14:42:18,COMPLETED,0,1
79KWH,8,1,FULL,26-07-2025,14:41:43,26-07-2025,14:41:45,26-07-2025,14:44:18,COMPLETED,0,1
79KWH,8,3,FULL,26-07-2025,14:43:02,26-07-2025,14:43:03,26-07-2025,14:44:16,COMPLETED,0,1
79KWH,8,1,FULL,26-07-2025,14:44:26,26-07-2025,14:45:42,26-07-2025,14:48:25,COMPLETED,0,1
79KWH,8,3,FULL,26-07-2025,14:44:51,26-07-2025,14:44:52,26-07-2025,14:46:02,COMPLETED,0,1
79KWH,8,3,FULL,26-07-2025,14:46:45,26-07-2025,14:46:46,26-07-2025,14:47:58,COMPLETED,0,1
79KWH,8,3,FULL,26-07-2025,14:48:05,26-07-2025,14:48:08,26-07-2025,14:49:20,COMPLETED,0,1
79KWH,8,1,FULL,26-07-2025,14:48:31,26-07-2025,14:48:35,26-07-2025,14:51:08,COMPLETED,0,1
79KWH,8,3,FULL,26-07-2025,14:49:28,26-07-2025,14:49:29,26-07-2025,14:50:44,COMPLETED,0,1
79KWH,8,3,FULL,26-07-2025,14:50:51,26-07-2025,14:50:54,26-07-2025,14:52:07,COMPLETED,0,1
79KWH,8,1,FULL,26-07-2025,14:51:17,26-07-2025,14:52:36,26-07-2025,14:55:21,COMPLETED,0,1
79KWH,8,3,FULL,26-07-2025,14:52:15,26-07-2025,14:52:16,26-07-2025,14:53:33,COMPLETED,0,1
79KWH,8,3,FULL,26-07-2025,14:53:39,26-07-2025,14:53:42,26-07-2025,14:54:58,COMPLETED,0,1
79KWH,8,3,FULL,26-07-2025,14:55:07,26-07-2025,14:55:08,26-07-2025,14:56:28,COMPLETED,0,1
79KWH,8,1,FULL,26-07-2025,14:55:28,26-07-2025,14:55:30,26-07-2025,14:58:05,COMPLETED,0,1
79KWH,8,3,FULL,26-07-2025,14:56:34,26-07-2025,14:56:37,26-07-2025,14:57:55,COMPLETED,0,1
79KWH,8,3,FULL,26-07-2025,14:58:03,26-07-2025,14:58:03,26-07-2025,14:59:23,COMPLETED,0,1
79KWH,8,1,FULL,26-07-2025,14:58:12,26-07-2025,14:59:27,26-07-2025,15:02:12,COMPLETED,0,1
79KWH,8,3,FULL,26-07-2025,14:59:29,26-07-2025,14:59:33,26-07-2025,15:00:51,COMPLETED,0,1
79KWH,8,3,FULL,26-07-2025,15:00:59,26-07-2025,15:01:00,26-07-2025,15:02:21,COMPLETED,0,1
79KWH,8,1,FULL,26-07-2025,15:02:19,26-07-2025,15:03:41,26-07-2025,15:06:23,COMPLETED,0,1
79KWH,8,3,FULL,26-07-2025,15:02:27,26-07-2025,15:02:30,26-07-2025,15:03:49,COMPLETED,0,1
79KWH,8,3,FULL,26-07-2025,15:03:57,26-07-2025,15:03:57,26-07-2025,15:05:19,COMPLETED,0,1
79KWH,8,3,FULL,26-07-2025,15:05:26,26-07-2025,15:05:29,26-07-2025,15:06:49,COMPLETED,0,1
79KWH,8,1,FULL,26-07-2025,15:06:31,26-07-2025,15:07:46,26-07-2025,15:10:31,COMPLETED,0,1
79KWH,8,1,FULL,26-07-2025,15:10:38,26-07-2025,15:10:40,26-07-2025,15:13:18,COMPLETED,0,1
79KWH,8,1,FULL,26-07-2025,15:13:26,26-07-2025,15:13:27,26-07-2025,15:16:07,COMPLETED,0,1
79KWH,8,1,FULL,26-07-2025,17:19:12,26-07-2025,17:19:54,26-07-2025,17:56:05,COMPLETED,0,1
79KWH,8,3,FULL,26-07-2025,17:20:06,26-07-2025,17:20:08,26-07-2025,17:21:32,COMPLETED,0,1
79KWH,8,3,FULL,26-07-2025,17:21:38,26-07-2025,17:21:41,26-07-2025,17:23:03,COMPLETED,0,1
79KWH,8,3,FULL,26-07-2025,17:23:12,26-07-2025,17:23:12,26-07-2025,17:24:37,COMPLETED,0,1
79KWH,8,3,FULL,26-07-2025,17:24:56,26-07-2025,17:24:56,26-07-2025,17:26:19,COMPLETED,0,1
79KWH,8,3,FULL,26-07-2025,17:26:48,26-07-2025,17:26:49,26-07-2025,17:28:15,COMPLETED,0,1
79KWH,8,3,FULL,26-07-2025,17:28:21,26-07-2025,17:28:25,26-07-2025,17:29:50,COMPLETED,0,1
79KWH,8,3,FULL,26-07-2025,17:29:58,26-07-2025,17:29:59,26-07-2025,17:31:27,COMPLETED,0,1
79KWH,8,3,FULL,26-07-2025,17:31:34,26-07-2025,17:31:35,26-07-2025,17:33:00,COMPLETED,0,1
79KWH,8,3,FULL,26-07-2025,17:33:08,26-07-2025,17:33:08,26-07-2025,17:34:36,COMPLETED,0,1
79KWH,8,3,FULL,26-07-2025,17:34:42,26-07-2025,17:34:45,26-07-2025,17:36:11,COMPLETED,0,1
79KWH,8,3,FULL,26-07-2025,17:36:20,26-07-2025,17:36:20,26-07-2025,17:37:50,COMPLETED,0,1
79KWH,8,3,FULL,26-07-2025,17:37:56,26-07-2025,17:37:59,26-07-2025,17:39:26,COMPLETED,0,1
79KWH,8,3,FULL,26-07-2025,17:39:35,26-07-2025,17:39:36,26-07-2025,17:41:07,COMPLETED,0,1
79KWH,8,3,FULL,26-07-2025,17:41:13,26-07-2025,17:41:16,26-07-2025,17:42:45,COMPLETED,0,1
79KWH,8,3,FULL,26-07-2025,17:42:54,26-07-2025,17:42:55,26-07-2025,17:44:26,COMPLETED,0,1
79KWH,8,3,FULL,26-07-2025,17:44:32,26-07-2025,17:44:35,26-07-2025,17:46:05,COMPLETED,0,1
79KWH,8,3,FULL,26-07-2025,17:46:13,26-07-2025,17:46:13,26-07-2025,17:47:46,COMPLETED,0,1
79KWH,8,3,FULL,26-07-2025,17:47:51,26-07-2025,17:47:55,26-07-2025,17:49:26,COMPLETED,0,1
79KWH,8,3,FULL,26-07-2025,17:49:34,26-07-2025,17:49:34,26-07-2025,17:51:09,COMPLETED,0,1
79KWH,8,3,FULL,26-07-2025,17:51:15,26-07-2025,17:51:17,26-07-2025,17:52:49,COMPLETED,0,1
79KWH,8,3,FULL,26-07-2025,17:52:58,26-07-2025,17:52:59,26-07-2025,17:54:35,COMPLETED,0,1
79KWH,8,3,FULL,26-07-2025,17:54:40,26-07-2025,17:54:43,26-07-2025,17:56:16,COMPLETED,0,1
79KWH,8,1,FULL,26-07-2025,17:56:13,26-07-2025,17:58:53,26-07-2025,18:00:49,COMPLETED,0,1
79KWH,8,3,FULL,26-07-2025,17:56:25,26-07-2025,17:56:25,26-07-2025,17:58:01,COMPLETED,0,1
79KWH,8,3,FULL,26-07-2025,17:58:07,26-07-2025,17:58:11,26-07-2025,17:59:45,COMPLETED,0,1
79KWH,8,3,FULL,26-07-2025,17:59:54,26-07-2025,17:59:55,26-07-2025,18:01:32,COMPLETED,0,1
79KWH,8,1,FULL,26-07-2025,18:00:54,26-07-2025,18:00:57,26-07-2025,18:01:54,COMPLETED,0,1
79KWH,8,3,FULL,26-07-2025,18:01:38,26-07-2025,18:01:41,26-07-2025,18:03:16,COMPLETED,0,1
79KWH,8,1,FULL,26-07-2025,18:02:03,26-07-2025,18:03:58,26-07-2025,18:06:45,COMPLETED,0,1
79KWH,8,3,FULL,26-07-2025,18:03:24,26-07-2025,18:03:24,26-07-2025,18:05:02,COMPLETED,0,1
79KWH,8,3,FULL,26-07-2025,18:05:08,26-07-2025,18:05:12,26-07-2025,18:06:48,COMPLETED,0,1
79KWH,8,1,FULL,26-07-2025,18:06:51,26-07-2025,18:06:53,26-07-2025,18:09:33,COMPLETED,0,1
79KWH,8,3,FULL,26-07-2025,18:06:56,26-07-2025,18:06:57,26-07-2025,18:08:36,COMPLETED,0,1
79KWH,8,3,FULL,26-07-2025,18:08:42,26-07-2025,18:08:44,26-07-2025,18:10:22,COMPLETED,0,1
79KWH,8,1,FULL,26-07-2025,18:09:41,26-07-2025,18:12:18,26-07-2025,18:15:04,COMPLETED,0,1
79KWH,8,3,FULL,26-07-2025,18:10:30,26-07-2025,18:10:30,26-07-2025,18:12:11,COMPLETED,0,1
79KWH,8,3,FULL,26-07-2025,18:12:16,26-07-2025,18:12:20,26-07-2025,18:13:58,COMPLETED,0,1
79KWH,8,3,FULL,26-07-2025,18:14:07,26-07-2025,18:14:07,26-07-2025,18:15:49,COMPLETED,0,1
79KWH,8,1,FULL,26-07-2025,18:15:10,26-07-2025,18:15:13,26-07-2025,18:17:53,COMPLETED,0,1
79KWH,8,3,FULL,26-07-2025,18:15:55,26-07-2025,18:15:58,26-07-2025,18:17:38,COMPLETED,0,1
79KWH,8,3,FULL,26-07-2025,18:17:47,26-07-2025,18:17:48,26-07-2025,18:19:31,COMPLETED,0,1
79KWH,8,1,FULL,26-07-2025,18:18:01,26-07-2025,18:20:04,26-07-2025,18:22:52,COMPLETED,0,1
79KWH,8,1,FULL,26-07-2025,18:22:58,26-07-2025,18:23:00,26-07-2025,18:25:42,COMPLETED,0,1
79KWH,8,1,FULL,26-07-2025,18:28:02,26-07-2025,18:28:03,26-07-2025,18:30:51,COMPLETED,0,1
79KWH,8,3,FULL,26-07-2025,18:29:07,26-07-2025,18:29:08,26-07-2025,18:30:48,COMPLETED,0,1
79KWH,8,1,FULL,26-07-2025,18:31:00,26-07-2025,18:33:05,26-07-2025,18:35:52,COMPLETED,0,1
79KWH,8,3,FULL,26-07-2025,18:31:01,26-07-2025,18:31:02,26-07-2025,18:32:46,COMPLETED,0,1
79KWH,8,3,FULL,26-07-2025,18:32:52,26-07-2025,18:32:55,26-07-2025,18:34:37,COMPLETED,0,1
79KWH,8,3,FULL,26-07-2025,18:34:46,26-07-2025,18:34:47,26-07-2025,18:36:32,COMPLETED,0,1
79KWH,8,1,FULL,26-07-2025,18:36:00,26-07-2025,18:38:07,26-07-2025,18:40:57,COMPLETED,0,1
79KWH,8,3,FULL,26-07-2025,18:36:39,26-07-2025,18:36:42,26-07-2025,18:38:25,COMPLETED,0,1
79KWH,8,3,FULL,26-07-2025,18:38:33,26-07-2025,18:38:33,26-07-2025,18:40:20,COMPLETED,0,1
79KWH,8,3,FULL,26-07-2025,18:40:26,26-07-2025,18:40:29,26-07-2025,18:42:15,COMPLETED,0,1
79KWH,8,1,FULL,26-07-2025,18:41:02,26-07-2025,18:41:05,26-07-2025,18:43:50,COMPLETED,0,1
79KWH,8,3,FULL,26-07-2025,18:42:23,26-07-2025,18:42:24,26-07-2025,18:44:11,COMPLETED,0,1
79KWH,8,1,FULL,26-07-2025,18:43:57,26-07-2025,18:49:34,26-07-2025,18:52:24,COMPLETED,0,1
79KWH,8,3,FULL,26-07-2025,18:44:17,26-07-2025,18:44:20,26-07-2025,18:46:05,COMPLETED,0,1
79KWH,8,3,FULL,26-07-2025,18:46:13,26-07-2025,18:46:14,26-07-2025,18:48:02,COMPLETED,0,1
79KWH,8,3,FULL,26-07-2025,18:48:08,26-07-2025,18:48:11,26-07-2025,18:49:58,COMPLETED,0,1
79KWH,8,3,FULL,26-07-2025,18:50:06,26-07-2025,18:50:06,26-07-2025,18:51:55,COMPLETED,0,1
79KWH,8,3,FULL,26-07-2025,18:52:01,26-07-2025,18:52:04,26-07-2025,18:53:51,COMPLETED,0,1
79KWH,8,1,FULL,26-07-2025,18:52:30,26-07-2025,18:52:32,26-07-2025,18:55:17,COMPLETED,0,1
79KWH,8,3,FULL,26-07-2025,18:53:59,26-07-2025,18:54:01,26-07-2025,18:55:52,COMPLETED,0,1
79KWH,8,1,FULL,26-07-2025,18:55:25,26-07-2025,18:58:05,26-07-2025,19:00:55,COMPLETED,0,1
79KWH,8,3,FULL,26-07-2025,18:55:57,26-07-2025,18:56:00,26-07-2025,18:57:48,COMPLETED,0,1
79KWH,8,3,FULL,26-07-2025,18:57:56,26-07-2025,18:57:58,26-07-2025,18:59:49,COMPLETED,0,1
79KWH,8,3,FULL,26-07-2025,18:59:54,26-07-2025,18:59:58,26-07-2025,19:01:47,COMPLETED,0,1
79KWH,8,1,FULL,26-07-2025,19:01:01,26-07-2025,19:01:03,26-07-2025,19:03:49,COMPLETED,0,1
79KWH,8,3,FULL,26-07-2025,19:01:55,26-07-2025,19:01:56,26-07-2025,19:03:48,COMPLETED,0,1
79KWH,8,3,FULL,26-07-2025,19:03:54,26-07-2025,19:03:58,26-07-2025,19:05:48,COMPLETED,0,1
79KWH,8,1,FULL,26-07-2025,19:03:57,26-07-2025,19:06:00,26-07-2025,19:08:51,COMPLETED,0,1
79KWH,8,3,FULL,26-07-2025,19:05:57,26-07-2025,19:05:58,26-07-2025,19:07:51,COMPLETED,0,1
79KWH,8,3,FULL,26-07-2025,19:07:57,26-07-2025,19:08:00,26-07-2025,19:09:52,COMPLETED,0,1
79KWH,8,1,FULL,26-07-2025,19:08:58,26-07-2025,19:08:59,26-07-2025,19:11:47,COMPLETED,0,1
79KWH,8,3,FULL,26-07-2025,19:10:00,26-07-2025,19:10:00,26-07-2025,19:11:55,COMPLETED,0,1
79KWH,8,1,FULL,26-07-2025,19:11:55,26-07-2025,19:14:04,26-07-2025,19:15:57,COMPLETED,0,1
79KWH,8,3,FULL,26-07-2025,19:12:02,26-07-2025,19:12:04,26-07-2025,19:13:57,COMPLETED,0,1
79KWH,8,3,FULL,26-07-2025,19:14:06,26-07-2025,19:14:07,26-07-2025,19:16:03,COMPLETED,0,1
79KWH,8,1,FULL,26-07-2025,19:16:04,26-07-2025,19:16:05,26-07-2025,19:17:00,COMPLETED,0,1
79KWH,8,3,FULL,26-07-2025,19:16:09,26-07-2025,19:16:12,26-07-2025,19:18:06,COMPLETED,0,1
79KWH,8,1,FULL,26-07-2025,19:17:11,26-07-2025,19:29:12,26-07-2025,19:31:07,COMPLETED,0,1
79KWH,8,3,FULL,26-07-2025,19:18:15,26-07-2025,19:18:15,26-07-2025,19:20:11,COMPLETED,0,1
79KWH,8,3,FULL,26-07-2025,19:20:17,26-07-2025,19:20:21,26-07-2025,19:22:16,COMPLETED,0,1
79KWH,8,3,FULL,26-07-2025,19:22:25,26-07-2025,19:22:26,26-07-2025,19:24:23,COMPLETED,0,1
79KWH,8,3,FULL,26-07-2025,19:24:30,26-07-2025,19:24:33,26-07-2025,19:26:28,COMPLETED,0,1
79KWH,8,3,FULL,26-07-2025,19:26:36,26-07-2025,19:26:36,26-07-2025,19:28:35,COMPLETED,0,1
79KWH,8,3,FULL,26-07-2025,19:28:42,26-07-2025,19:28:44,26-07-2025,19:30:41,COMPLETED,0,1
79KWH,8,3,FULL,26-07-2025,19:30:50,26-07-2025,19:30:51,26-07-2025,19:32:51,COMPLETED,0,1
79KWH,8,1,FULL,26-07-2025,19:31:13,26-07-2025,19:33:15,26-07-2025,19:35:08,COMPLETED,0,1
79KWH,8,3,FULL,26-07-2025,19:32:57,26-07-2025,19:33:00,26-07-2025,19:34:58,COMPLETED,0,1
79KWH,8,3,FULL,26-07-2025,19:35:06,26-07-2025,19:35:07,26-07-2025,19:37:08,COMPLETED,0,1
79KWH,8,1,FULL,26-07-2025,19:35:18,26-07-2025,19:37:09,26-07-2025,19:39:04,COMPLETED,0,1
79KWH,8,3,FULL,26-07-2025,19:37:14,26-07-2025,19:37:17,26-07-2025,19:39:16,COMPLETED,0,1
79KWH,8,1,FULL,26-07-2025,19:39:11,26-07-2025,19:41:11,26-07-2025,19:43:05,COMPLETED,0,1
79KWH,8,3,FULL,26-07-2025,19:39:25,26-07-2025,19:39:25,26-07-2025,19:41:27,COMPLETED,0,1
79KWH,8,3,FULL,26-07-2025,19:41:33,26-07-2025,19:41:35,26-07-2025,19:43:34,COMPLETED,0,1
79KWH,8,1,FULL,26-07-2025,19:43:13,26-07-2025,19:45:05,26-07-2025,19:47:01,COMPLETED,0,1
79KWH,8,3,FULL,26-07-2025,19:43:42,26-07-2025,19:43:43,26-07-2025,19:45:47,COMPLETED,0,1
79KWH,8,3,FULL,26-07-2025,19:45:53,26-07-2025,19:45:57,26-07-2025,19:47:59,COMPLETED,0,1
79KWH,8,1,FULL,26-07-2025,19:47:07,26-07-2025,19:47:10,26-07-2025,19:48:10,COMPLETED,0,1
79KWH,8,3,FULL,26-07-2025,19:48:08,26-07-2025,19:48:08,26-07-2025,19:50:12,COMPLETED,0,1
79KWH,8,1,FULL,26-07-2025,19:48:24,26-07-2025,19:50:14,26-07-2025,19:52:11,COMPLETED,0,1
79KWH,8,3,FULL,26-07-2025,19:50:19,26-07-2025,19:50:22,26-07-2025,19:52:24,COMPLETED,0,1
79KWH,8,1,FULL,26-07-2025,19:52:19,26-07-2025,19:52:20,26-07-2025,19:53:21,COMPLETED,0,1
79KWH,8,3,FULL,26-07-2025,19:52:32,26-07-2025,19:52:33,26-07-2025,19:54:38,COMPLETED,0,1
79KWH,8,1,FULL,26-07-2025,19:53:35,26-07-2025,19:55:21,26-07-2025,19:57:19,COMPLETED,0,1
79KWH,8,3,FULL,26-07-2025,19:54:44,26-07-2025,19:54:48,26-07-2025,19:56:51,COMPLETED,0,1
79KWH,8,3,FULL,26-07-2025,19:56:59,26-07-2025,19:57:00,26-07-2025,19:59:06,COMPLETED,0,1
79KWH,8,1,FULL,26-07-2025,19:57:24,26-07-2025,19:59:24,26-07-2025,20:01:20,COMPLETED,0,1
79KWH,8,3,FULL,26-07-2025,19:59:13,26-07-2025,19:59:15,26-07-2025,20:01:19,COMPLETED,0,1
79KWH,8,3,FULL,26-07-2025,20:01:28,26-07-2025,20:01:28,26-07-2025,20:03:36,COMPLETED,0,1
79KWH,8,1,FULL,26-07-2025,20:01:34,26-07-2025,20:03:20,26-07-2025,20:05:19,COMPLETED,0,1
79KWH,8,3,FULL,26-07-2025,20:03:42,26-07-2025,20:03:45,26-07-2025,20:05:51,COMPLETED,0,1
79KWH,8,1,FULL,26-07-2025,20:05:25,26-07-2025,20:05:28,26-07-2025,20:06:32,COMPLETED,0,1
79KWH,8,3,FULL,26-07-2025,20:05:59,26-07-2025,20:05:59,26-07-2025,20:08:08,COMPLETED,0,1
79KWH,8,1,FULL,26-07-2025,20:06:46,26-07-2025,20:08:36,26-07-2025,20:10:36,COMPLETED,0,1
79KWH,8,3,FULL,26-07-2025,20:08:15,26-07-2025,20:08:17,26-07-2025,20:10:24,COMPLETED,0,1
79KWH,8,3,FULL,26-07-2025,20:10:33,26-07-2025,20:10:34,26-07-2025,20:12:44,COMPLETED,0,1
79KWH,8,1,FULL,26-07-2025,20:10:43,26-07-2025,20:10:44,26-07-2025,20:11:50,COMPLETED,0,1
79KWH,8,1,FULL,26-07-2025,20:12:03,26-07-2025,20:13:48,26-07-2025,20:15:48,COMPLETED,0,1
79KWH,8,3,FULL,26-07-2025,20:12:50,26-07-2025,20:12:53,26-07-2025,20:15:00,COMPLETED,0,1
79KWH,8,3,FULL,26-07-2025,20:15:09,26-07-2025,20:15:11,26-07-2025,20:17:21,COMPLETED,0,1
79KWH,8,1,FULL,26-07-2025,20:15:55,26-07-2025,20:15:56,26-07-2025,20:34:09,COMPLETED,0,1
79KWH,8,3,FULL,26-07-2025,20:17:28,26-07-2025,20:17:31,26-07-2025,20:19:39,COMPLETED,0,1
79KWH,8,3,FULL,26-07-2025,20:19:49,26-07-2025,20:19:50,26-07-2025,20:22:01,COMPLETED,0,1
79KWH,8,3,FULL,26-07-2025,20:22:07,26-07-2025,20:22:11,26-07-2025,20:24:21,COMPLETED,0,1
79KWH,8,1,FULL,26-07-2025,20:34:22,26-07-2025,20:36:17,26-07-2025,20:38:17,COMPLETED,0,1
79KWH,8,1,FULL,26-07-2025,20:38:23,26-07-2025,20:38:25,26-07-2025,20:39:33,COMPLETED,0,1
79KWH,8,1,FULL,26-07-2025,20:39:47,26-07-2025,20:41:31,26-07-2025,20:43:31,COMPLETED,0,1
79KWH,8,3,FULL,26-07-2025,20:54:34,26-07-2025,20:54:35,26-07-2025,20:56:48,COMPLETED,0,1
79KWH,8,3,FULL,26-07-2025,20:56:54,26-07-2025,20:56:57,26-07-2025,20:59:08,COMPLETED,0,1
79KWH,8,3,FULL,26-07-2025,20:59:16,26-07-2025,20:59:17,26-07-2025,21:01:30,COMPLETED,0,1
79KWH,8,3,FULL,26-07-2025,21:01:37,26-07-2025,21:01:40,26-07-2025,21:03:52,COMPLETED,0,1
79KWH,8,3,FULL,26-07-2025,21:04:00,26-07-2025,21:04:01,26-07-2025,21:06:16,COMPLETED,0,1
79KWH,8,3,FULL,26-07-2025,21:17:57,26-07-2025,21:17:57,26-07-2025,21:20:10,COMPLETED,0,1
79KWH,8,1,FULL,26-07-2025,21:19:43,26-07-2025,21:21:27,26-07-2025,21:23:26,COMPLETED,0,1
79KWH,8,3,FULL,26-07-2025,21:20:33,26-07-2025,21:20:33,26-07-2025,21:22:51,COMPLETED,0,1
79KWH,8,3,FULL,26-07-2025,21:22:57,26-07-2025,21:22:59,26-07-2025,21:25:13,COMPLETED,0,1
79KWH,8,1,FULL,26-07-2025,21:23:39,26-07-2025,21:25:27,26-07-2025,21:27:29,COMPLETED,0,1
79KWH,8,3,FULL,26-07-2025,21:25:22,26-07-2025,21:25:23,26-07-2025,21:27:40,COMPLETED,0,1
79KWH,8,1,FULL,26-07-2025,21:27:34,26-07-2025,21:27:37,26-07-2025,21:28:46,COMPLETED,0,1
79KWH,8,3,FULL,26-07-2025,21:27:46,26-07-2025,21:27:50,26-07-2025,21:30:05,COMPLETED,0,1
79KWH,8,1,FULL,26-07-2025,21:29:00,26-07-2025,21:30:13,26-07-2025,21:31:42,COMPLETED,0,1
79KWH,8,3,FULL,26-07-2025,21:30:13,26-07-2025,21:30:14,26-07-2025,21:32:32,COMPLETED,0,1
79KWH,8,1,FULL,26-07-2025,21:31:48,26-07-2025,21:33:44,26-07-2025,21:35:44,COMPLETED,0,1
79KWH,8,3,FULL,26-07-2025,21:32:38,26-07-2025,21:32:41,26-07-2025,21:34:57,COMPLETED,0,1
79KWH,8,3,FULL,26-07-2025,21:35:06,26-07-2025,21:35:07,26-07-2025,21:37:27,COMPLETED,0,1
79KWH,8,1,FULL,26-07-2025,21:35:57,26-07-2025,21:35:57,26-07-2025,21:37:11,COMPLETED,0,1
79KWH,8,1,FULL,26-07-2025,21:37:16,26-07-2025,21:37:19,26-07-2025,21:38:31,COMPLETED,0,1
79KWH,8,3,FULL,26-07-2025,21:37:32,26-07-2025,21:37:36,26-07-2025,21:39:55,COMPLETED,0,1
79KWH,8,1,FULL,26-07-2025,21:39:33,26-07-2025,21:39:38,26-07-2025,21:40:53,COMPLETED,0,1
79KWH,8,3,FULL,26-07-2025,21:40:03,26-07-2025,21:40:04,26-07-2025,21:42:26,COMPLETED,0,1
79KWH,8,1,FULL,26-07-2025,21:41:00,26-07-2025,21:41:03,26-07-2025,21:42:17,COMPLETED,0,1
79KWH,8,1,FULL,26-07-2025,21:42:25,26-07-2025,21:42:35,26-07-2025,00:00:00,ABORT,0,1
79KWH,8,3,FULL,26-07-2025,21:42:33,26-07-2025,21:42:35,26-07-2025,21:44:55,COMPLETED,0,1
79KWH,8,1,FULL,26-07-2025,21:43:08,26-07-2025,21:43:08,26-07-2025,21:44:25,COMPLETED,0,1
79KWH,8,1,FULL,26-07-2025,21:44:32,26-07-2025,21:44:34,26-07-2025,21:45:49,COMPLETED,0,1
79KWH,8,3,FULL,26-07-2025,21:45:03,26-07-2025,21:45:04,26-07-2025,21:47:26,COMPLETED,0,1
79KWH,8,1,FULL,26-07-2025,21:45:57,26-07-2025,21:46:08,26-07-2025,00:00:00,ABORT,0,1
79KWH,8,1,FULL,26-07-2025,21:46:17,26-07-2025,21:46:19,26-07-2025,21:47:37,COMPLETED,0,1
79KWH,8,3,FULL,26-07-2025,21:47:32,26-07-2025,21:47:36,26-07-2025,21:49:57,COMPLETED,0,1
79KWH,8,1,FULL,26-07-2025,21:47:43,26-07-2025,21:47:45,26-07-2025,21:49:01,COMPLETED,0,1
79KWH,8,1,FULL,26-07-2025,21:49:09,26-07-2025,21:49:09,26-07-2025,21:50:28,COMPLETED,0,1
79KWH,8,3,FULL,26-07-2025,21:50:05,26-07-2025,21:50:05,26-07-2025,21:52:29,COMPLETED,0,1
79KWH,8,1,FULL,26-07-2025,21:50:34,26-07-2025,21:50:37,26-07-2025,21:51:53,COMPLETED,0,1
79KWH,8,1,FULL,26-07-2025,21:52:04,26-07-2025,21:52:05,26-07-2025,21:53:26,COMPLETED,0,1
79KWH,8,3,FULL,26-07-2025,21:52:35,26-07-2025,21:52:38,26-07-2025,21:55:00,COMPLETED,0,1
79KWH,8,1,FULL,26-07-2025,21:53:47,26-07-2025,21:53:48,26-07-2025,21:55:06,COMPLETED,0,1
79KWH,8,3,FULL,26-07-2025,21:55:08,26-07-2025,21:55:09,26-07-2025,21:57:35,COMPLETED,0,1
79KWH,8,1,FULL,26-07-2025,21:55:43,26-07-2025,21:55:44,26-07-2025,21:57:06,COMPLETED,0,1
79KWH,8,1,FULL,26-07-2025,21:57:31,26-07-2025,21:57:32,26-07-2025,21:58:52,COMPLETED,0,1
79KWH,8,3,FULL,26-07-2025,21:57:41,26-07-2025,21:57:43,26-07-2025,22:00:07,COMPLETED,0,1
79KWH,8,3,FULL,26-07-2025,22:00:16,26-07-2025,22:00:17,26-07-2025,22:02:43,COMPLETED,0,1
79KWH,8,3,FULL,26-07-2025,22:02:49,26-07-2025,22:02:52,26-07-2025,22:05:17,COMPLETED,0,1
79KWH,8,3,FULL,26-07-2025,22:05:26,26-07-2025,22:05:26,26-07-2025,22:07:53,COMPLETED,0,1
79KWH,8,1,FULL,26-07-2025,22:29:33,26-07-2025,22:29:34,26-07-2025,22:30:56,COMPLETED,0,1
79KWH,8,3,FULL,26-07-2025,22:30:39,26-07-2025,22:30:41,26-07-2025,22:33:07,COMPLETED,0,1
79KWH,8,1,FULL,26-07-2025,22:31:22,26-07-2025,22:31:23,26-07-2025,22:32:43,COMPLETED,0,1
79KWH,8,3,FULL,26-07-2025,22:33:16,26-07-2025,22:33:17,26-07-2025,22:35:46,COMPLETED,0,1
79KWH,8,1,FULL,26-07-2025,22:33:17,26-07-2025,22:33:18,26-07-2025,22:34:41,COMPLETED,0,1
79KWH,8,1,FULL,26-07-2025,22:35:06,26-07-2025,22:35:06,26-07-2025,22:36:28,COMPLETED,0,1
79KWH,8,3,FULL,26-07-2025,22:35:51,26-07-2025,22:35:54,26-07-2025,22:38:21,COMPLETED,0,1
79KWH,8,1,FULL,26-07-2025,22:37:01,26-07-2025,22:43:58,26-07-2025,22:46:06,COMPLETED,0,1
79KWH,8,3,FULL,26-07-2025,22:44:13,26-07-2025,22:44:13,26-07-2025,22:46:42,COMPLETED,0,1
79KWH,8,1,FULL,26-07-2025,22:46:12,26-07-2025,22:46:14,26-07-2025,22:47:36,COMPLETED,0,1
79KWH,8,3,FULL,26-07-2025,22:46:48,26-07-2025,22:46:51,26-07-2025,22:49:18,COMPLETED,0,1
79KWH,8,1,FULL,26-07-2025,22:47:44,26-07-2025,22:49:35,26-07-2025,22:51:44,COMPLETED,0,1
79KWH,8,3,FULL,26-07-2025,22:49:27,26-07-2025,22:49:28,26-07-2025,22:51:58,COMPLETED,0,1
79KWH,8,1,FULL,26-07-2025,22:51:49,26-07-2025,22:51:53,26-07-2025,22:53:17,COMPLETED,0,1
79KWH,8,3,FULL,26-07-2025,22:52:05,26-07-2025,22:52:07,26-07-2025,22:54:36,COMPLETED,0,1
79KWH,8,1,FULL,26-07-2025,22:53:25,26-07-2025,22:55:04,26-07-2025,22:57:13,COMPLETED,0,1
79KWH,8,3,FULL,26-07-2025,22:54:44,26-07-2025,22:54:45,26-07-2025,22:57:16,COMPLETED,0,1
79KWH,8,1,FULL,26-07-2025,22:57:19,26-07-2025,22:59:01,26-07-2025,23:01:08,COMPLETED,0,1
79KWH,8,3,FULL,26-07-2025,22:57:22,26-07-2025,23:00:01,26-07-2025,23:02:40,COMPLETED,0,1
79KWH,8,1,FULL,26-07-2025,23:01:16,26-07-2025,23:02:59,26-07-2025,23:05:08,COMPLETED,0,1
79KWH,8,3,FULL,26-07-2025,23:02:49,26-07-2025,23:05:29,26-07-2025,23:08:11,COMPLETED,0,1
79KWH,8,1,FULL,26-07-2025,23:05:14,26-07-2025,23:05:18,26-07-2025,23:06:43,COMPLETED,0,1
79KWH,8,1,FULL,26-07-2025,23:06:51,26-07-2025,23:08:29,26-07-2025,23:10:38,COMPLETED,0,1
79KWH,8,3,FULL,26-07-2025,23:08:18,26-07-2025,23:08:21,26-07-2025,23:10:51,COMPLETED,0,1
79KWH,8,1,FULL,26-07-2025,23:10:44,26-07-2025,23:10:47,26-07-2025,23:12:13,COMPLETED,0,1
79KWH,8,3,FULL,26-07-2025,23:11:00,26-07-2025,23:13:43,26-07-2025,23:16:26,COMPLETED,0,1
79KWH,8,1,FULL,26-07-2025,23:12:21,26-07-2025,23:14:03,26-07-2025,23:16:13,COMPLETED,0,1
79KWH,8,1,FULL,26-07-2025,23:16:19,26-07-2025,23:17:59,26-07-2025,23:20:08,COMPLETED,0,1
79KWH,8,3,FULL,26-07-2025,23:16:32,26-07-2025,23:19:17,26-07-2025,23:21:57,COMPLETED,0,1
79KWH,8,1,FULL,26-07-2025,23:20:17,26-07-2025,23:21:57,26-07-2025,23:24:09,COMPLETED,0,1
79KWH,8,3,FULL,26-07-2025,23:22:06,26-07-2025,23:24:40,26-07-2025,23:27:24,COMPLETED,0,1
79KWH,8,1,FULL,26-07-2025,23:24:14,26-07-2025,23:24:18,26-07-2025,23:25:47,COMPLETED,0,1
79KWH,8,1,FULL,26-07-2025,23:25:54,26-07-2025,23:27:34,26-07-2025,23:29:45,COMPLETED,0,1
79KWH,8,3,FULL,26-07-2025,23:27:30,26-07-2025,23:27:33,26-07-2025,23:30:06,COMPLETED,0,1
79KWH,8,1,FULL,26-07-2025,23:29:51,26-07-2025,23:29:54,26-07-2025,23:31:24,COMPLETED,0,1
79KWH,8,3,FULL,26-07-2025,23:30:15,26-07-2025,23:33:01,26-07-2025,23:35:45,COMPLETED,0,1
79KWH,8,1,FULL,26-07-2025,23:31:33,26-07-2025,23:33:13,26-07-2025,23:35:25,COMPLETED,0,1
79KWH,8,1,FULL,26-07-2025,23:35:31,26-07-2025,23:35:35,26-07-2025,23:37:06,COMPLETED,0,1
79KWH,8,3,FULL,26-07-2025,23:35:51,26-07-2025,23:35:55,26-07-2025,23:38:29,COMPLETED,0,1
79KWH,8,1,FULL,26-07-2025,23:37:15,26-07-2025,23:38:51,26-07-2025,23:41:04,COMPLETED,0,1
79KWH,8,3,FULL,26-07-2025,23:38:37,26-07-2025,23:41:29,26-07-2025,23:44:13,COMPLETED,0,1
79KWH,8,1,FULL,26-07-2025,23:41:09,26-07-2025,23:41:12,26-07-2025,23:42:44,COMPLETED,0,1
79KWH,8,1,FULL,26-07-2025,23:42:53,26-07-2025,23:44:33,26-07-2025,23:46:47,COMPLETED,0,1
79KWH,8,3,FULL,26-07-2025,23:44:20,26-07-2025,23:44:23,26-07-2025,23:46:58,COMPLETED,0,1
79KWH,8,1,FULL,26-07-2025,23:46:52,26-07-2025,23:46:55,26-07-2025,23:48:29,COMPLETED,0,1
79KWH,8,3,FULL,26-07-2025,23:47:07,26-07-2025,23:49:47,26-07-2025,23:52:32,COMPLETED,0,1
79KWH,8,3,FULL,26-07-2025,23:52:43,26-07-2025,23:55:19,26-07-2025,23:58:01,COMPLETED,0,1
79KWH,8,3,FULL,26-07-2025,23:58:10,27-07-2025,00:00:48,27-07-2025,00:03:33,COMPLETED,0,1
79KWH,8,1,FULL,28-07-2025,07:28:03,28-07-2025,07:28:03,28-07-2025,07:29:24,COMPLETED,0,1
79KWH,8,3,FULL,28-07-2025,07:29:10,28-07-2025,07:29:11,28-07-2025,07:31:57,COMPLETED,0,1
79KWH,8,1,FULL,28-07-2025,07:29:51,28-07-2025,07:29:52,28-07-2025,07:31:26,COMPLETED,0,1
79KWH,8,1,FULL,28-07-2025,07:31:47,28-07-2025,07:31:47,28-07-2025,07:33:24,COMPLETED,0,1
79KWH,8,3,FULL,28-07-2025,07:32:03,28-07-2025,07:32:06,28-07-2025,07:34:44,COMPLETED,0,1
79KWH,8,1,FULL,28-07-2025,07:33:35,28-07-2025,07:33:35,28-07-2025,07:35:10,COMPLETED,0,1
79KWH,8,3,FULL,28-07-2025,07:34:52,28-07-2025,07:34:52,28-07-2025,07:37:32,COMPLETED,0,1
79KWH,8,1,FULL,28-07-2025,07:35:29,28-07-2025,07:35:30,28-07-2025,07:37:08,COMPLETED,0,1
79KWH,8,1,FULL,28-07-2025,07:37:17,28-07-2025,07:37:18,28-07-2025,07:38:55,COMPLETED,0,1
79KWH,8,3,FULL,28-07-2025,07:37:38,28-07-2025,07:37:42,28-07-2025,07:40:21,COMPLETED,0,1
79KWH,8,1,FULL,28-07-2025,07:39:12,28-07-2025,07:39:13,28-07-2025,07:40:51,COMPLETED,0,1
79KWH,8,3,FULL,28-07-2025,07:40:29,28-07-2025,07:42:51,28-07-2025,07:45:38,COMPLETED,0,1
79KWH,8,1,FULL,28-07-2025,07:41:00,28-07-2025,07:41:01,28-07-2025,07:42:38,COMPLETED,0,1
79KWH,8,1,FULL,28-07-2025,07:42:57,28-07-2025,07:42:58,28-07-2025,07:44:38,COMPLETED,0,1
79KWH,8,1,FULL,28-07-2025,07:44:45,28-07-2025,07:44:47,28-07-2025,07:46:25,COMPLETED,0,1
79KWH,8,3,FULL,28-07-2025,07:45:44,28-07-2025,07:45:47,28-07-2025,07:48:27,COMPLETED,0,1
79KWH,8,1,FULL,28-07-2025,07:46:39,28-07-2025,07:46:39,28-07-2025,07:48:20,COMPLETED,0,1
79KWH,8,1,FULL,28-07-2025,07:48:29,28-07-2025,07:48:30,28-07-2025,07:50:09,COMPLETED,0,1
79KWH,8,3,FULL,28-07-2025,07:48:35,28-07-2025,07:50:59,28-07-2025,07:53:47,COMPLETED,0,1
79KWH,8,1,FULL,28-07-2025,07:50:18,28-07-2025,07:50:20,28-07-2025,07:52:02,COMPLETED,0,1
79KWH,8,1,FULL,28-07-2025,07:52:08,28-07-2025,07:52:12,28-07-2025,07:53:53,COMPLETED,0,1
79KWH,8,3,FULL,28-07-2025,07:53:53,28-07-2025,07:53:56,28-07-2025,07:56:38,COMPLETED,0,1
79KWH,8,1,FULL,28-07-2025,07:54:01,28-07-2025,07:54:02,28-07-2025,07:55:46,COMPLETED,0,1
79KWH,8,1,FULL,28-07-2025,07:55:52,28-07-2025,07:55:55,28-07-2025,07:57:38,COMPLETED,0,1
79KWH,8,3,FULL,28-07-2025,07:56:46,28-07-2025,07:59:07,28-07-2025,08:01:57,COMPLETED,0,1
79KWH,8,1,FULL,28-07-2025,07:57:46,28-07-2025,07:57:46,28-07-2025,07:59:30,COMPLETED,0,1
79KWH,8,1,FULL,28-07-2025,07:59:35,28-07-2025,07:59:39,28-07-2025,08:01:22,COMPLETED,0,1
79KWH,8,1,FULL,28-07-2025,08:01:30,28-07-2025,08:01:30,28-07-2025,08:03:16,COMPLETED,0,1
79KWH,8,3,FULL,28-07-2025,08:02:03,28-07-2025,08:04:32,28-07-2025,08:07:18,COMPLETED,0,1
79KWH,8,1,FULL,28-07-2025,08:03:22,28-07-2025,08:03:25,28-07-2025,08:05:09,COMPLETED,0,1
79KWH,8,1,FULL,28-07-2025,08:05:17,28-07-2025,08:05:19,28-07-2025,08:07:05,COMPLETED,0,1
79KWH,8,1,FULL,28-07-2025,08:07:11,28-07-2025,08:07:14,28-07-2025,08:08:59,COMPLETED,0,1
79KWH,8,3,FULL,28-07-2025,08:07:26,28-07-2025,08:09:54,28-07-2025,08:12:43,COMPLETED,0,1
79KWH,8,1,FULL,28-07-2025,08:09:08,28-07-2025,08:09:08,28-07-2025,08:10:57,COMPLETED,0,1
79KWH,8,1,FULL,28-07-2025,08:11:03,28-07-2025,08:11:05,28-07-2025,08:12:51,COMPLETED,0,1
79KWH,8,3,FULL,28-07-2025,08:12:50,28-07-2025,08:12:52,28-07-2025,08:15:35,COMPLETED,0,1
79KWH,8,1,FULL,28-07-2025,08:12:59,28-07-2025,08:12:59,28-07-2025,08:14:49,COMPLETED,0,1
79KWH,8,1,FULL,28-07-2025,08:14:55,28-07-2025,08:14:59,28-07-2025,08:17:36,COMPLETED,0,1
79KWH,8,3,FULL,28-07-2025,08:15:42,28-07-2025,08:15:43,28-07-2025,08:18:30,COMPLETED,0,1
79KWH,8,1,FULL,28-07-2025,08:17:45,28-07-2025,08:17:45,28-07-2025,08:19:36,COMPLETED,0,1
79KWH,8,3,FULL,28-07-2025,08:18:37,28-07-2025,08:18:39,28-07-2025,08:21:24,COMPLETED,0,1
79KWH,8,1,FULL,28-07-2025,08:19:41,28-07-2025,08:19:44,28-07-2025,08:21:33,COMPLETED,0,1
79KWH,8,3,FULL,28-07-2025,08:21:32,28-07-2025,08:21:33,28-07-2025,08:24:21,COMPLETED,0,1
79KWH,8,1,FULL,28-07-2025,08:21:42,28-07-2025,08:21:43,28-07-2025,08:23:35,COMPLETED,0,1
79KWH,8,1,FULL,28-07-2025,08:23:41,28-07-2025,08:23:44,28-07-2025,08:25:35,COMPLETED,0,1
79KWH,8,3,FULL,28-07-2025,08:24:26,28-07-2025,08:24:30,28-07-2025,08:27:16,COMPLETED,0,1
79KWH,8,1,FULL,28-07-2025,08:25:44,28-07-2025,08:25:46,28-07-2025,08:27:39,COMPLETED,0,1
79KWH,8,3,FULL,28-07-2025,08:27:24,28-07-2025,08:27:25,28-07-2025,08:30:13,COMPLETED,0,1
79KWH,8,1,FULL,28-07-2025,08:27:45,28-07-2025,08:27:47,28-07-2025,08:29:38,COMPLETED,0,1
79KWH,8,1,FULL,28-07-2025,08:29:46,28-07-2025,08:29:47,28-07-2025,08:31:41,COMPLETED,0,1
79KWH,8,3,FULL,28-07-2025,08:30:20,28-07-2025,08:30:23,28-07-2025,08:33:10,COMPLETED,0,1
79KWH,8,3,FULL,28-07-2025,08:33:17,28-07-2025,08:33:18,28-07-2025,08:36:08,COMPLETED,0,1
79KWH,8,3,FULL,28-07-2025,08:36:13,28-07-2025,08:36:17,28-07-2025,08:39:04,COMPLETED,0,1
79KWH,8,3,FULL,28-07-2025,08:39:11,28-07-2025,08:39:12,28-07-2025,08:41:03,COMPLETED,0,1
79KWH,8,2,FULL,28-07-2025,09:33:53,28-07-2025,09:34:12,28-07-2025,09:35:35,COMPLETED,0,1
79KWH,8,2,FULL,28-07-2025,09:35:40,28-07-2025,09:35:43,28-07-2025,09:37:09,COMPLETED,0,1
79KWH,8,1,FULL,29-07-2025,07:11:27,29-07-2025,07:11:28,29-07-2025,07:13:50,COMPLETED,0,1
79KWH,8,3,FULL,29-07-2025,07:12:33,29-07-2025,07:12:34,29-07-2025,07:14:27,COMPLETED,0,1
79KWH,8,2,FULL,29-07-2025,07:20:25,29-07-2025,07:20:59,29-07-2025,07:23:38,COMPLETED,0,1
79KWH,8,1,FULL,29-07-2025,07:21:47,29-07-2025,07:21:47,29-07-2025,07:23:41,COMPLETED,0,1
79KWH,8,3,FULL,29-07-2025,07:23:10,29-07-2025,07:23:11,29-07-2025,07:25:04,COMPLETED,0,1
79KWH,8,2,FULL,29-07-2025,07:23:44,29-07-2025,07:23:47,29-07-2025,07:26:13,COMPLETED,0,1
79KWH,8,1,FULL,29-07-2025,07:24:39,29-07-2025,07:24:40,29-07-2025,07:26:36,COMPLETED,0,1
79KWH,8,3,FULL,29-07-2025,07:25:44,29-07-2025,07:28:15,29-07-2025,07:30:11,COMPLETED,0,1
79KWH,8,2,FULL,29-07-2025,07:26:21,29-07-2025,07:28:43,29-07-2025,07:31:21,COMPLETED,0,1
79KWH,8,1,FULL,29-07-2025,07:27:21,29-07-2025,07:27:22,29-07-2025,07:29:16,COMPLETED,0,1
79KWH,8,1,FULL,29-07-2025,07:30:14,29-07-2025,07:30:15,29-07-2025,07:32:12,COMPLETED,0,1
79KWH,8,3,FULL,29-07-2025,07:30:20,29-07-2025,07:30:21,29-07-2025,07:31:18,COMPLETED,0,1
79KWH,8,2,FULL,29-07-2025,07:31:27,29-07-2025,07:31:30,29-07-2025,07:33:53,COMPLETED,0,1
79KWH,8,3,FULL,29-07-2025,07:31:31,29-07-2025,07:31:38,29-07-2025,07:32:33,COMPLETED,0,1
79KWH,8,1,FULL,29-07-2025,07:32:17,29-07-2025,07:32:22,29-07-2025,07:34:24,COMPLETED,0,1
79KWH,8,3,FULL,29-07-2025,07:33:13,29-07-2025,07:34:41,29-07-2025,07:36:36,COMPLETED,0,1
79KWH,8,2,FULL,29-07-2025,07:34:01,29-07-2025,07:34:02,29-07-2025,07:35:59,COMPLETED,0,1
79KWH,8,1,FULL,29-07-2025,07:34:51,29-07-2025,07:34:51,29-07-2025,07:36:50,COMPLETED,0,1
79KWH,8,2,FULL,29-07-2025,07:36:09,29-07-2025,07:36:10,29-07-2025,07:37:36,COMPLETED,0,1
79KWH,8,3,FULL,29-07-2025,07:36:42,29-07-2025,07:36:46,29-07-2025,07:37:47,COMPLETED,0,1
79KWH,8,1,FULL,29-07-2025,07:37:41,29-07-2025,07:37:42,29-07-2025,07:39:39,COMPLETED,0,1
79KWH,8,3,FULL,29-07-2025,07:38:49,29-07-2025,07:38:49,29-07-2025,07:39:49,COMPLETED,0,1
79KWH,8,2,FULL,29-07-2025,07:39:02,29-07-2025,07:39:02,29-07-2025,07:40:32,COMPLETED,0,1
79KWH,8,1,FULL,29-07-2025,07:40:26,29-07-2025,07:40:27,29-07-2025,07:42:26,COMPLETED,0,1
79KWH,8,3,FULL,29-07-2025,07:41:37,29-07-2025,07:41:38,29-07-2025,07:42:36,COMPLETED,0,1
79KWH,8,2,FULL,29-07-2025,07:41:45,29-07-2025,07:41:46,29-07-2025,07:43:13,COMPLETED,0,1
79KWH,8,1,FULL,29-07-2025,07:43:16,29-07-2025,07:43:16,29-07-2025,07:45:14,COMPLETED,0,1
79KWH,8,3,FULL,29-07-2025,07:44:24,29-07-2025,07:44:24,29-07-2025,07:45:26,COMPLETED,0,1
79KWH,8,2,FULL,29-07-2025,07:44:37,29-07-2025,07:44:37,29-07-2025,07:46:07,COMPLETED,0,1
79KWH,8,1,FULL,29-07-2025,07:46:00,29-07-2025,07:46:01,29-07-2025,07:48:02,COMPLETED,0,1
79KWH,8,3,FULL,29-07-2025,07:47:13,29-07-2025,07:47:15,29-07-2025,07:48:20,COMPLETED,0,1
79KWH,8,2,FULL,29-07-2025,07:47:20,29-07-2025,07:47:20,29-07-2025,07:48:48,COMPLETED,0,1
79KWH,8,1,FULL,29-07-2025,07:48:48,29-07-2025,07:48:50,29-07-2025,07:50:48,COMPLETED,0,1
79KWH,8,3,FULL,29-07-2025,07:49:59,29-07-2025,07:50:50,29-07-2025,07:52:48,COMPLETED,0,1
79KWH,8,2,FULL,29-07-2025,07:50:12,29-07-2025,07:50:36,29-07-2025,07:52:47,COMPLETED,0,1
79KWH,8,1,FULL,29-07-2025,07:51:35,29-07-2025,07:51:36,29-07-2025,07:53:45,COMPLETED,0,1
79KWH,8,2,FULL,29-07-2025,07:52:54,29-07-2025,07:52:56,29-07-2025,07:54:27,COMPLETED,0,1
79KWH,8,3,FULL,29-07-2025,07:52:56,29-07-2025,07:52:57,29-07-2025,07:53:59,COMPLETED,0,1
79KWH,8,1,FULL,29-07-2025,07:54:26,29-07-2025,07:54:27,29-07-2025,07:56:32,COMPLETED,0,1
79KWH,8,3,FULL,29-07-2025,07:55:33,29-07-2025,07:56:04,29-07-2025,07:58:02,COMPLETED,0,1
79KWH,8,2,FULL,29-07-2025,07:55:46,29-07-2025,07:56:19,29-07-2025,07:58:30,COMPLETED,0,1
79KWH,8,1,FULL,29-07-2025,08:01:08,29-07-2025,08:01:09,29-07-2025,08:03:12,COMPLETED,0,1
79KWH,8,2,FULL,29-07-2025,08:01:43,29-07-2025,08:01:44,29-07-2025,08:03:16,COMPLETED,0,1
79KWH,8,3,FULL,29-07-2025,08:01:56,29-07-2025,08:01:57,29-07-2025,08:03:52,COMPLETED,0,1
79KWH,8,1,FULL,29-07-2025,08:03:18,29-07-2025,08:03:21,29-07-2025,08:05:22,COMPLETED,0,1
79KWH,8,3,FULL,29-07-2025,08:04:10,29-07-2025,08:04:10,29-07-2025,08:05:16,COMPLETED,0,1
79KWH,8,2,FULL,29-07-2025,08:04:22,29-07-2025,08:04:23,29-07-2025,08:05:58,COMPLETED,0,1
79KWH,8,1,FULL,29-07-2025,08:05:47,29-07-2025,08:05:48,29-07-2025,08:07:58,COMPLETED,0,1
79KWH,8,3,FULL,29-07-2025,08:06:57,29-07-2025,08:06:57,29-07-2025,08:08:02,COMPLETED,0,1
79KWH,8,2,FULL,29-07-2025,08:07:06,29-07-2025,08:07:06,29-07-2025,08:08:39,COMPLETED,0,1
79KWH,8,1,FULL,29-07-2025,08:08:36,29-07-2025,08:08:36,29-07-2025,08:10:44,COMPLETED,0,1
79KWH,8,3,FULL,29-07-2025,08:09:43,29-07-2025,08:09:45,29-07-2025,08:10:51,COMPLETED,0,1
79KWH,8,2,FULL,29-07-2025,08:09:57,29-07-2025,08:09:58,29-07-2025,08:11:34,COMPLETED,0,1
79KWH,8,1,FULL,29-07-2025,08:11:21,29-07-2025,08:11:22,29-07-2025,08:13:33,COMPLETED,0,1
79KWH,8,3,FULL,29-07-2025,08:12:32,29-07-2025,08:12:33,29-07-2025,08:13:39,COMPLETED,0,1
79KWH,8,2,FULL,29-07-2025,08:12:40,29-07-2025,08:12:40,29-07-2025,08:14:14,COMPLETED,0,1
79KWH,8,1,FULL,29-07-2025,08:14:08,29-07-2025,08:14:10,29-07-2025,08:16:19,COMPLETED,0,1
79KWH,8,3,FULL,29-07-2025,08:15:18,29-07-2025,08:15:19,29-07-2025,08:18:24,COMPLETED,0,1
79KWH,8,2,FULL,29-07-2025,08:15:32,29-07-2025,08:15:32,29-07-2025,08:17:10,COMPLETED,0,1
79KWH,8,1,FULL,29-07-2025,08:16:56,29-07-2025,08:16:58,29-07-2025,08:19:10,COMPLETED,0,1
79KWH,8,2,FULL,29-07-2025,08:18:14,29-07-2025,08:18:15,29-07-2025,08:19:51,COMPLETED,0,1
79KWH,8,3,FULL,29-07-2025,08:18:30,29-07-2025,08:18:33,29-07-2025,08:19:38,COMPLETED,0,1
79KWH,8,1,FULL,29-07-2025,08:19:44,29-07-2025,08:19:46,29-07-2025,08:21:56,COMPLETED,0,1
79KWH,8,3,FULL,29-07-2025,08:20:58,29-07-2025,08:20:59,29-07-2025,08:22:08,COMPLETED,0,1
79KWH,8,2,FULL,29-07-2025,08:21:16,29-07-2025,08:21:16,29-07-2025,08:22:54,COMPLETED,0,1
79KWH,8,1,FULL,29-07-2025,08:22:32,29-07-2025,08:22:32,29-07-2025,08:24:46,COMPLETED,0,1
79KWH,8,3,FULL,29-07-2025,08:23:44,29-07-2025,08:23:46,29-07-2025,08:24:53,COMPLETED,0,1
79KWH,8,2,FULL,29-07-2025,08:23:51,29-07-2025,08:23:52,29-07-2025,08:25:28,COMPLETED,0,1
79KWH,8,1,FULL,29-07-2025,08:25:20,29-07-2025,08:25:21,29-07-2025,08:27:31,COMPLETED,0,1
79KWH,8,3,FULL,29-07-2025,08:26:30,29-07-2025,08:26:31,29-07-2025,08:27:40,COMPLETED,0,1
79KWH,8,2,FULL,29-07-2025,08:26:43,29-07-2025,08:26:44,29-07-2025,08:28:23,COMPLETED,0,1
79KWH,8,1,FULL,29-07-2025,08:28:06,29-07-2025,08:28:07,29-07-2025,08:30:21,COMPLETED,0,1
79KWH,8,3,FULL,29-07-2025,08:29:18,29-07-2025,08:30:44,29-07-2025,08:32:43,COMPLETED,0,1
79KWH,8,2,FULL,29-07-2025,08:29:25,29-07-2025,08:30:29,29-07-2025,08:32:42,COMPLETED,0,1
79KWH,8,1,FULL,29-07-2025,08:30:56,29-07-2025,08:30:57,29-07-2025,08:33:04,COMPLETED,0,1
79KWH,8,2,FULL,29-07-2025,08:32:51,29-07-2025,08:34:30,29-07-2025,08:36:46,COMPLETED,0,1
79KWH,8,3,FULL,29-07-2025,08:32:51,29-07-2025,08:34:49,29-07-2025,08:36:51,COMPLETED,0,1
79KWH,8,1,FULL,29-07-2025,08:33:42,29-07-2025,08:33:43,29-07-2025,08:35:52,COMPLETED,0,1
79KWH,8,1,FULL,29-07-2025,08:36:31,29-07-2025,08:36:32,29-07-2025,08:38:40,COMPLETED,0,1
79KWH,8,2,FULL,29-07-2025,08:36:52,29-07-2025,08:36:55,29-07-2025,08:38:34,COMPLETED,0,1
79KWH,8,3,FULL,29-07-2025,08:36:57,29-07-2025,08:36:59,29-07-2025,08:38:09,COMPLETED,0,1
79KWH,8,3,FULL,29-07-2025,08:38:17,29-07-2025,08:40:09,29-07-2025,08:42:12,COMPLETED,0,1
79KWH,8,2,FULL,29-07-2025,08:38:43,29-07-2025,08:38:43,29-07-2025,08:40:24,COMPLETED,0,1
79KWH,8,1,FULL,29-07-2025,08:39:17,29-07-2025,08:39:19,29-07-2025,08:41:33,COMPLETED,0,1
79KWH,8,2,FULL,29-07-2025,08:40:37,29-07-2025,08:40:37,29-07-2025,08:42:16,COMPLETED,0,1
79KWH,8,1,FULL,29-07-2025,08:42:06,29-07-2025,08:42:07,29-07-2025,08:44:22,COMPLETED,0,1
79KWH,8,3,FULL,29-07-2025,08:42:18,29-07-2025,08:42:21,29-07-2025,08:43:31,COMPLETED,0,1
79KWH,8,2,FULL,29-07-2025,08:43:29,29-07-2025,08:43:31,29-07-2025,08:45:14,COMPLETED,0,1
79KWH,8,3,FULL,29-07-2025,08:43:39,29-07-2025,08:43:39,29-07-2025,08:44:52,COMPLETED,0,1
79KWH,8,1,FULL,29-07-2025,08:44:52,29-07-2025,08:44:53,29-07-2025,08:47:09,COMPLETED,0,1
79KWH,8,3,FULL,29-07-2025,08:46:04,29-07-2025,08:46:04,29-07-2025,08:47:16,COMPLETED,0,1
79KWH,8,2,FULL,29-07-2025,08:46:11,29-07-2025,08:46:13,29-07-2025,08:47:54,COMPLETED,0,1
79KWH,8,1,FULL,29-07-2025,08:47:41,29-07-2025,08:47:41,29-07-2025,08:49:58,COMPLETED,0,1
79KWH,8,3,FULL,29-07-2025,08:48:51,29-07-2025,08:48:51,29-07-2025,08:50:06,COMPLETED,0,1
79KWH,8,2,FULL,29-07-2025,08:49:03,29-07-2025,08:49:04,29-07-2025,08:50:48,COMPLETED,0,1
79KWH,8,1,FULL,29-07-2025,08:50:28,29-07-2025,08:50:28,29-07-2025,08:52:46,COMPLETED,0,1
79KWH,8,3,FULL,29-07-2025,08:51:44,29-07-2025,08:51:45,29-07-2025,08:52:57,COMPLETED,0,1
79KWH,8,2,FULL,29-07-2025,08:51:50,29-07-2025,08:51:51,29-07-2025,08:53:33,COMPLETED,0,1
79KWH,8,1,FULL,29-07-2025,08:53:20,29-07-2025,08:53:21,29-07-2025,08:56:12,COMPLETED,0,1
79KWH,8,3,FULL,29-07-2025,08:54:32,29-07-2025,08:54:32,29-07-2025,08:55:48,COMPLETED,0,1
79KWH,8,2,FULL,29-07-2025,09:25:32,29-07-2025,09:25:32,29-07-2025,09:27:16,COMPLETED,0,1
79KWH,8,1,FULL,29-07-2025,09:26:55,29-07-2025,09:26:55,29-07-2025,09:29:14,COMPLETED,0,1
79KWH,8,3,FULL,29-07-2025,09:28:07,29-07-2025,09:28:08,29-07-2025,09:29:22,COMPLETED,0,1
79KWH,8,2,FULL,29-07-2025,09:28:15,29-07-2025,09:28:16,29-07-2025,09:29:59,COMPLETED,0,1
79KWH,8,1,FULL,29-07-2025,09:29:45,29-07-2025,09:29:46,29-07-2025,09:32:02,COMPLETED,0,1
79KWH,8,3,FULL,29-07-2025,09:30:53,29-07-2025,09:30:54,29-07-2025,09:32:10,COMPLETED,0,1
79KWH,8,2,FULL,29-07-2025,09:31:07,29-07-2025,09:31:07,29-07-2025,09:32:52,COMPLETED,0,1
79KWH,8,1,FULL,29-07-2025,09:32:30,29-07-2025,09:32:31,29-07-2025,09:34:50,COMPLETED,0,1
79KWH,8,3,FULL,29-07-2025,09:33:42,29-07-2025,09:33:44,29-07-2025,09:34:58,COMPLETED,0,1
79KWH,8,2,FULL,29-07-2025,09:33:50,29-07-2025,09:33:51,29-07-2025,09:35:35,COMPLETED,0,1
79KWH,8,1,FULL,29-07-2025,09:35:19,29-07-2025,09:35:19,29-07-2025,09:37:38,COMPLETED,0,1
79KWH,8,3,FULL,29-07-2025,09:36:28,29-07-2025,09:36:29,29-07-2025,09:37:47,COMPLETED,0,1
79KWH,8,2,FULL,29-07-2025,09:36:43,29-07-2025,09:36:44,29-07-2025,09:38:31,COMPLETED,0,1
79KWH,8,1,FULL,29-07-2025,09:38:05,29-07-2025,09:38:06,29-07-2025,09:40:25,COMPLETED,0,1
79KWH,8,3,FULL,29-07-2025,09:39:18,29-07-2025,09:39:19,29-07-2025,09:40:34,COMPLETED,0,1
79KWH,8,2,FULL,29-07-2025,09:39:25,29-07-2025,09:39:25,29-07-2025,09:41:10,COMPLETED,0,1
79KWH,8,1,FULL,29-07-2025,09:40:56,29-07-2025,09:40:57,29-07-2025,09:43:14,COMPLETED,0,1
79KWH,8,3,FULL,29-07-2025,09:42:07,29-07-2025,09:42:07,29-07-2025,09:43:27,COMPLETED,0,1
79KWH,8,2,FULL,29-07-2025,09:42:18,29-07-2025,09:42:19,29-07-2025,09:44:07,COMPLETED,0,1
79KWH,8,1,FULL,29-07-2025,09:43:41,29-07-2025,09:43:42,29-07-2025,09:46:00,COMPLETED,0,1
79KWH,8,3,FULL,29-07-2025,09:44:54,29-07-2025,09:44:56,29-07-2025,09:46:14,COMPLETED,0,1
79KWH,8,2,FULL,29-07-2025,09:45:00,29-07-2025,09:45:01,29-07-2025,09:46:47,COMPLETED,0,1
79KWH,8,1,FULL,29-07-2025,09:46:30,29-07-2025,09:46:32,29-07-2025,09:48:49,COMPLETED,0,1
79KWH,8,3,FULL,29-07-2025,09:47:41,29-07-2025,09:47:42,29-07-2025,09:49:02,COMPLETED,0,1
79KWH,8,2,FULL,29-07-2025,09:47:54,29-07-2025,09:47:55,29-07-2025,09:49:44,COMPLETED,0,1
79KWH,8,1,FULL,29-07-2025,09:49:18,29-07-2025,09:49:18,29-07-2025,09:51:42,COMPLETED,0,1
79KWH,8,3,FULL,29-07-2025,09:50:29,29-07-2025,09:50:30,29-07-2025,09:51:53,COMPLETED,0,1
79KWH,8,2,FULL,29-07-2025,09:50:36,29-07-2025,09:50:36,29-07-2025,09:52:23,COMPLETED,0,1
79KWH,8,1,FULL,29-07-2025,09:52:07,29-07-2025,09:52:08,29-07-2025,09:54:25,COMPLETED,0,1
79KWH,8,3,FULL,29-07-2025,09:53:15,29-07-2025,09:53:15,29-07-2025,09:54:36,COMPLETED,0,1
79KWH,8,2,FULL,29-07-2025,09:53:29,29-07-2025,09:53:31,29-07-2025,09:55:21,COMPLETED,0,1
79KWH,8,1,FULL,29-07-2025,09:54:52,29-07-2025,09:54:52,29-07-2025,09:57:13,COMPLETED,0,1
79KWH,8,3,FULL,29-07-2025,09:56:03,29-07-2025,09:56:03,29-07-2025,09:57:21,COMPLETED,0,1
79KWH,8,2,FULL,29-07-2025,09:56:12,29-07-2025,09:56:13,29-07-2025,09:58:01,COMPLETED,0,1
79KWH,8,1,FULL,29-07-2025,09:57:42,29-07-2025,09:57:42,29-07-2025,10:00:02,COMPLETED,0,1
79KWH,8,3,FULL,29-07-2025,09:58:50,29-07-2025,09:58:51,29-07-2025,10:00:14,COMPLETED,0,1
79KWH,8,2,FULL,29-07-2025,09:59:06,29-07-2025,09:59:06,29-07-2025,10:00:57,COMPLETED,0,1
79KWH,8,1,FULL,29-07-2025,10:00:28,29-07-2025,10:00:29,29-07-2025,10:02:55,COMPLETED,0,1
79KWH,8,3,FULL,29-07-2025,10:01:39,29-07-2025,10:01:40,29-07-2025,10:03:01,COMPLETED,0,1
79KWH,8,2,FULL,29-07-2025,10:01:46,29-07-2025,10:01:47,29-07-2025,10:03:37,COMPLETED,0,1
79KWH,8,1,FULL,29-07-2025,10:03:16,29-07-2025,10:03:17,29-07-2025,10:05:38,COMPLETED,0,1
79KWH,8,3,FULL,29-07-2025,10:04:26,29-07-2025,10:04:27,29-07-2025,10:05:50,COMPLETED,0,1
79KWH,8,2,FULL,29-07-2025,10:04:38,29-07-2025,10:04:39,29-07-2025,10:06:33,COMPLETED,0,1
79KWH,8,1,FULL,29-07-2025,10:06:03,29-07-2025,10:06:03,29-07-2025,10:08:31,COMPLETED,0,1
79KWH,8,3,FULL,29-07-2025,10:07:14,29-07-2025,10:07:15,29-07-2025,10:08:37,COMPLETED,0,1
79KWH,8,2,FULL,29-07-2025,10:07:21,29-07-2025,10:07:22,29-07-2025,10:09:14,COMPLETED,0,1
79KWH,8,1,FULL,29-07-2025,10:08:53,29-07-2025,10:08:53,29-07-2025,10:11:19,COMPLETED,0,1
79KWH,8,3,FULL,29-07-2025,10:10:01,29-07-2025,10:10:02,29-07-2025,10:11:26,COMPLETED,0,1
79KWH,8,2,FULL,29-07-2025,10:10:14,29-07-2025,10:10:16,29-07-2025,10:12:10,COMPLETED,0,1
79KWH,8,1,FULL,29-07-2025,10:11:39,29-07-2025,10:11:40,29-07-2025,10:14:09,COMPLETED,0,1
79KWH,8,3,FULL,29-07-2025,10:12:51,29-07-2025,10:12:52,29-07-2025,10:14:15,COMPLETED,0,1
79KWH,8,2,FULL,29-07-2025,10:12:57,29-07-2025,10:12:59,29-07-2025,10:14:52,COMPLETED,0,1
79KWH,8,1,FULL,29-07-2025,10:14:30,29-07-2025,10:14:30,29-07-2025,10:16:56,COMPLETED,0,1
79KWH,8,3,FULL,29-07-2025,10:15:36,29-07-2025,10:15:36,29-07-2025,10:17:01,COMPLETED,0,1
79KWH,8,2,FULL,29-07-2025,10:15:49,29-07-2025,10:15:50,29-07-2025,10:17:46,COMPLETED,0,1
79KWH,8,1,FULL,29-07-2025,10:17:13,29-07-2025,10:17:14,29-07-2025,10:19:44,COMPLETED,0,1
79KWH,8,3,FULL,29-07-2025,10:18:27,29-07-2025,10:18:27,29-07-2025,10:19:51,COMPLETED,0,1
79KWH,8,2,FULL,29-07-2025,10:18:32,29-07-2025,10:18:32,29-07-2025,10:20:26,COMPLETED,0,1
79KWH,8,1,FULL,29-07-2025,10:20:03,29-07-2025,10:20:04,29-07-2025,10:22:31,COMPLETED,0,1
79KWH,8,3,FULL,29-07-2025,10:21:13,29-07-2025,10:21:14,29-07-2025,10:22:41,COMPLETED,0,1
79KWH,8,2,FULL,29-07-2025,10:21:26,29-07-2025,10:21:27,29-07-2025,10:23:23,COMPLETED,0,1
79KWH,8,1,FULL,29-07-2025,10:22:50,29-07-2025,10:22:51,29-07-2025,10:25:21,COMPLETED,0,1
79KWH,8,3,FULL,29-07-2025,10:24:00,29-07-2025,10:24:00,29-07-2025,10:25:25,COMPLETED,0,1
79KWH,8,2,FULL,29-07-2025,10:24:07,29-07-2025,10:24:08,29-07-2025,10:26:03,COMPLETED,0,1
79KWH,8,1,FULL,29-07-2025,10:25:38,29-07-2025,10:25:39,29-07-2025,10:28:06,COMPLETED,0,1
79KWH,8,3,FULL,29-07-2025,10:26:48,29-07-2025,10:26:48,29-07-2025,10:28:16,COMPLETED,0,1
79KWH,8,2,FULL,29-07-2025,10:27:01,29-07-2025,10:27:02,29-07-2025,10:28:59,COMPLETED,0,1
79KWH,8,1,FULL,29-07-2025,10:28:25,29-07-2025,10:28:26,29-07-2025,10:30:57,COMPLETED,0,1
79KWH,8,3,FULL,29-07-2025,10:29:36,29-07-2025,10:29:36,29-07-2025,10:31:02,COMPLETED,0,1
79KWH,8,2,FULL,29-07-2025,10:29:43,29-07-2025,10:29:44,29-07-2025,10:31:40,COMPLETED,0,1
79KWH,8,1,FULL,29-07-2025,10:31:13,29-07-2025,10:31:14,29-07-2025,10:33:44,COMPLETED,0,1
79KWH,8,3,FULL,29-07-2025,10:32:23,29-07-2025,10:32:24,29-07-2025,10:33:53,COMPLETED,0,1
79KWH,8,2,FULL,29-07-2025,10:32:37,29-07-2025,10:32:38,29-07-2025,10:34:36,COMPLETED,0,1
79KWH,8,1,FULL,29-07-2025,10:34:01,29-07-2025,10:34:02,29-07-2025,10:36:34,COMPLETED,0,1
79KWH,8,3,FULL,29-07-2025,10:35:12,29-07-2025,10:35:13,29-07-2025,10:36:39,COMPLETED,0,1
79KWH,8,2,FULL,29-07-2025,10:35:20,29-07-2025,10:35:21,29-07-2025,10:37:18,COMPLETED,0,1
79KWH,8,1,FULL,29-07-2025,10:36:48,29-07-2025,10:36:49,29-07-2025,10:39:20,COMPLETED,0,1
79KWH,8,3,FULL,29-07-2025,10:37:59,29-07-2025,10:38:00,29-07-2025,10:39:30,COMPLETED,0,1
79KWH,8,2,FULL,29-07-2025,10:38:12,29-07-2025,10:38:13,29-07-2025,10:40:12,COMPLETED,0,1
79KWH,8,1,FULL,29-07-2025,10:39:35,29-07-2025,10:39:36,29-07-2025,10:42:10,COMPLETED,0,1
79KWH,8,3,FULL,29-07-2025,10:40:49,29-07-2025,10:40:49,29-07-2025,10:42:17,COMPLETED,0,1
79KWH,8,2,FULL,29-07-2025,10:40:54,29-07-2025,10:40:56,29-07-2025,10:42:53,COMPLETED,0,1
79KWH,8,1,FULL,29-07-2025,10:42:24,29-07-2025,10:42:25,29-07-2025,10:44:52,COMPLETED,0,1
79KWH,8,3,FULL,29-07-2025,10:43:32,29-07-2025,10:43:33,29-07-2025,10:45:04,COMPLETED,0,1
79KWH,8,1,FULL,29-07-2025,12:43:43,29-07-2025,12:43:44,29-07-2025,12:46:12,COMPLETED,0,1
79KWH,8,2,FULL,29-07-2025,12:44:26,29-07-2025,12:44:26,29-07-2025,12:46:52,COMPLETED,0,1
79KWH,8,3,FULL,29-07-2025,12:44:31,29-07-2025,12:44:31,29-07-2025,12:46:01,COMPLETED,0,1
79KWH,8,1,FULL,29-07-2025,12:46:19,29-07-2025,12:46:21,29-07-2025,12:48:48,COMPLETED,0,1
79KWH,8,1,FULL,29-07-2025,12:48:56,29-07-2025,12:48:57,29-07-2025,12:51:28,COMPLETED,0,1
79KWH,8,1,FULL,29-07-2025,12:51:34,29-07-2025,12:51:37,29-07-2025,12:54:05,COMPLETED,0,1
79KWH,8,1,FULL,29-07-2025,12:54:14,29-07-2025,12:54:14,29-07-2025,12:56:45,COMPLETED,0,1
79KWH,8,1,FULL,29-07-2025,12:56:51,29-07-2025,12:56:55,29-07-2025,12:59:24,COMPLETED,0,1
79KWH,8,1,FULL,29-07-2025,12:59:32,29-07-2025,12:59:33,29-07-2025,13:02:09,COMPLETED,0,1
79KWH,8,1,FULL,29-07-2025,13:02:15,29-07-2025,13:02:18,29-07-2025,13:04:53,COMPLETED,0,1
79KWH,8,1,FULL,29-07-2025,13:05:01,29-07-2025,13:05:01,29-07-2025,13:07:33,COMPLETED,0,1
79KWH,8,1,FULL,29-07-2025,13:07:39,29-07-2025,13:07:43,29-07-2025,13:10:13,COMPLETED,0,1
79KWH,8,1,FULL,29-07-2025,13:10:22,29-07-2025,13:10:23,29-07-2025,13:12:57,COMPLETED,0,1
79KWH,8,1,FULL,29-07-2025,13:13:03,29-07-2025,13:13:06,29-07-2025,13:15:40,COMPLETED,0,1
79KWH,8,1,FULL,29-07-2025,13:15:48,29-07-2025,13:15:48,29-07-2025,13:18:24,COMPLETED,0,1
79KWH,8,1,FULL,29-07-2025,13:18:30,29-07-2025,13:18:32,29-07-2025,13:21:06,COMPLETED,0,1
79KWH,8,1,FULL,29-07-2025,13:21:14,29-07-2025,13:21:15,29-07-2025,13:23:51,COMPLETED,0,1
79KWH,8,1,FULL,29-07-2025,13:23:58,29-07-2025,13:24:01,29-07-2025,13:26:36,COMPLETED,0,1
79KWH,8,1,FULL,29-07-2025,13:26:44,29-07-2025,13:26:44,29-07-2025,13:29:21,COMPLETED,0,1
79KWH,8,1,FULL,29-07-2025,13:29:27,29-07-2025,13:29:30,29-07-2025,13:32:06,COMPLETED,0,1
79KWH,8,1,FULL,29-07-2025,13:32:15,29-07-2025,13:32:16,29-07-2025,13:34:54,COMPLETED,0,1
79KWH,8,1,FULL,29-07-2025,13:35:00,29-07-2025,13:35:03,29-07-2025,13:37:40,COMPLETED,0,1
79KWH,8,1,FULL,29-07-2025,13:37:48,29-07-2025,13:37:49,29-07-2025,13:40:29,COMPLETED,0,1
79KWH,8,1,FULL,29-07-2025,13:40:36,29-07-2025,13:40:39,29-07-2025,13:43:17,COMPLETED,0,1
79KWH,8,1,FULL,29-07-2025,13:43:26,29-07-2025,13:43:26,29-07-2025,13:46:07,COMPLETED,0,1
79KWH,8,1,FULL,29-07-2025,13:46:12,29-07-2025,13:46:15,29-07-2025,13:48:55,COMPLETED,0,1
79KWH,8,1,FULL,29-07-2025,13:49:03,29-07-2025,13:49:04,29-07-2025,13:51:46,COMPLETED,0,1
79KWH,8,1,FULL,29-07-2025,13:51:52,29-07-2025,13:51:54,29-07-2025,13:54:34,COMPLETED,0,1
79KWH,8,1,FULL,29-07-2025,14:52:58,29-07-2025,14:52:59,29-07-2025,14:55:48,COMPLETED,0,1
79KWH,8,2,FULL,29-07-2025,14:53:01,29-07-2025,14:53:02,29-07-2025,14:54:59,COMPLETED,0,1
79KWH,8,3,FULL,29-07-2025,14:53:04,29-07-2025,14:53:04,29-07-2025,14:54:35,COMPLETED,0,1
79KWH,8,3,FULL,29-07-2025,14:54:40,29-07-2025,14:54:44,29-07-2025,14:56:14,COMPLETED,0,1
79KWH,8,2,FULL,29-07-2025,14:55:07,29-07-2025,14:56:40,29-07-2025,14:59:06,COMPLETED,0,1
79KWH,8,1,FULL,29-07-2025,14:55:54,29-07-2025,14:55:56,29-07-2025,14:58:38,COMPLETED,0,1
79KWH,8,3,FULL,29-07-2025,14:56:22,29-07-2025,14:58:01,29-07-2025,15:00:13,COMPLETED,0,1
79KWH,8,1,FULL,29-07-2025,14:58:46,29-07-2025,14:58:47,29-07-2025,15:01:31,COMPLETED,0,1
79KWH,8,3,FULL,29-07-2025,15:00:19,29-07-2025,15:32:16,29-07-2025,15:34:26,COMPLETED,0,1
79KWH,8,1,FULL,29-07-2025,15:01:37,29-07-2025,15:32:11,29-07-2025,15:34:54,COMPLETED,0,1
79KWH,8,2,FULL,29-07-2025,15:31:44,29-07-2025,15:32:12,29-07-2025,15:34:35,COMPLETED,0,1
79KWH,8,3,FULL,29-07-2025,15:34:35,29-07-2025,15:36:11,29-07-2025,15:38:24,COMPLETED,0,1
79KWH,8,2,FULL,29-07-2025,15:34:43,29-07-2025,15:37:19,29-07-2025,15:39:46,COMPLETED,0,1
79KWH,8,1,FULL,29-07-2025,15:35:01,29-07-2025,15:35:03,29-07-2025,15:37:48,COMPLETED,0,1
79KWH,8,1,FULL,29-07-2025,15:37:55,29-07-2025,15:37:57,29-07-2025,15:40:42,COMPLETED,0,1
79KWH,8,3,FULL,29-07-2025,15:38:31,29-07-2025,15:38:34,29-07-2025,15:40:06,COMPLETED,0,1
79KWH,8,2,FULL,29-07-2025,15:39:52,29-07-2025,15:39:56,29-07-2025,15:41:57,COMPLETED,0,1
79KWH,8,3,FULL,29-07-2025,15:40:15,29-07-2025,15:41:57,29-07-2025,15:44:10,COMPLETED,0,1
79KWH,8,1,FULL,29-07-2025,15:40:51,29-07-2025,15:40:51,29-07-2025,15:43:38,COMPLETED,0,1
79KWH,8,2,FULL,29-07-2025,15:42:04,29-07-2025,15:44:33,29-07-2025,15:47:02,COMPLETED,0,1
79KWH,8,1,FULL,29-07-2025,15:43:45,29-07-2025,15:43:47,29-07-2025,15:46:34,COMPLETED,0,1
79KWH,8,3,FULL,29-07-2025,15:44:16,29-07-2025,15:44:20,29-07-2025,15:45:53,COMPLETED,0,1
79KWH,8,3,FULL,29-07-2025,15:46:01,29-07-2025,15:47:37,29-07-2025,15:49:52,COMPLETED,0,1
79KWH,8,1,FULL,29-07-2025,15:46:42,29-07-2025,15:46:43,29-07-2025,15:49:32,COMPLETED,0,1
79KWH,8,2,FULL,29-07-2025,15:48:52,29-07-2025,15:49:45,29-07-2025,15:52:12,COMPLETED,0,1
79KWH,8,1,FULL,29-07-2025,15:49:39,29-07-2025,15:49:42,29-07-2025,15:52:28,COMPLETED,0,1
79KWH,8,3,FULL,29-07-2025,15:49:58,29-07-2025,15:50:00,29-07-2025,15:51:34,COMPLETED,0,1
79KWH,8,3,FULL,29-07-2025,15:51:42,29-07-2025,15:53:23,29-07-2025,15:55:43,COMPLETED,0,1
79KWH,8,2,FULL,29-07-2025,15:52:19,29-07-2025,15:55:24,29-07-2025,15:57:53,COMPLETED,0,1
79KWH,8,1,FULL,29-07-2025,15:52:37,29-07-2025,15:52:38,29-07-2025,15:54:28,COMPLETED,0,1
79KWH,8,1,FULL,29-07-2025,15:54:38,29-07-2025,15:54:39,29-07-2025,15:55:28,COMPLETED,0,1
79KWH,8,1,FULL,29-07-2025,15:55:53,29-07-2025,15:55:53,29-07-2025,15:56:46,COMPLETED,0,1
79KWH,8,3,FULL,29-07-2025,15:55:54,29-07-2025,15:55:55,29-07-2025,15:57:34,COMPLETED,0,1
79KWH,8,3,FULL,29-07-2025,15:57:40,29-07-2025,15:57:43,29-07-2025,15:59:20,COMPLETED,0,1
79KWH,8,1,FULL,29-07-2025,15:57:44,29-07-2025,15:57:46,29-07-2025,15:58:36,COMPLETED,0,1
79KWH,8,2,FULL,29-07-2025,15:57:59,29-07-2025,16:00:35,29-07-2025,16:03:02,COMPLETED,0,1
79KWH,8,3,FULL,29-07-2025,15:59:27,29-07-2025,16:01:03,29-07-2025,16:03:19,COMPLETED,0,1
79KWH,8,1,FULL,29-07-2025,16:00:35,29-07-2025,16:00:36,29-07-2025,16:01:30,COMPLETED,0,1
79KWH,8,1,FULL,29-07-2025,16:02:25,29-07-2025,16:02:26,29-07-2025,16:03:18,COMPLETED,0,1
79KWH,8,2,FULL,29-07-2025,16:03:09,29-07-2025,16:05:38,29-07-2025,16:08:07,COMPLETED,0,1
79KWH,8,3,FULL,29-07-2025,16:03:25,29-07-2025,16:03:27,29-07-2025,16:05:05,COMPLETED,0,1
79KWH,8,3,FULL,29-07-2025,16:05:13,29-07-2025,16:06:51,29-07-2025,16:09:08,COMPLETED,0,1
79KWH,8,1,FULL,29-07-2025,16:06:28,29-07-2025,16:06:29,29-07-2025,16:07:25,COMPLETED,0,1
79KWH,8,2,FULL,29-07-2025,16:08:13,29-07-2025,16:10:49,29-07-2025,16:13:16,COMPLETED,0,1
79KWH,8,1,FULL,29-07-2025,16:08:19,29-07-2025,16:08:20,29-07-2025,16:09:15,COMPLETED,0,1
79KWH,8,3,FULL,29-07-2025,16:09:15,29-07-2025,16:10:52,29-07-2025,16:13:06,COMPLETED,0,1
79KWH,8,1,FULL,29-07-2025,16:11:10,29-07-2025,16:11:12,29-07-2025,16:12:09,COMPLETED,0,1
79KWH,8,1,FULL,29-07-2025,16:13:00,29-07-2025,16:13:01,29-07-2025,16:13:57,COMPLETED,0,1
79KWH,8,3,FULL,29-07-2025,16:13:14,29-07-2025,16:14:51,29-07-2025,16:17:08,COMPLETED,0,1
79KWH,8,2,FULL,29-07-2025,16:13:23,29-07-2025,16:15:51,29-07-2025,16:18:21,COMPLETED,0,1
79KWH,8,1,FULL,29-07-2025,16:16:30,29-07-2025,16:16:30,29-07-2025,16:17:33,COMPLETED,0,1
79KWH,8,3,FULL,29-07-2025,16:17:14,29-07-2025,16:18:51,29-07-2025,16:21:06,COMPLETED,0,1
79KWH,8,2,FULL,29-07-2025,16:18:27,29-07-2025,16:18:29,29-07-2025,16:20:35,COMPLETED,0,1
79KWH,8,3,FULL,29-07-2025,16:21:14,29-07-2025,16:22:52,29-07-2025,16:25:10,COMPLETED,0,1
79KWH,8,3,FULL,29-07-2025,16:28:07,29-07-2025,16:28:54,29-07-2025,16:31:09,COMPLETED,0,1
79KWH,8,2,FULL,29-07-2025,16:28:17,29-07-2025,16:28:18,29-07-2025,16:30:49,COMPLETED,0,1
79KWH,8,1,FULL,29-07-2025,16:29:46,29-07-2025,16:29:46,29-07-2025,16:30:44,COMPLETED,0,1
79KWH,8,2,FULL,29-07-2025,16:31:06,29-07-2025,16:31:07,29-07-2025,16:33:12,COMPLETED,0,1
79KWH,8,3,FULL,29-07-2025,16:31:17,29-07-2025,16:32:50,29-07-2025,16:35:08,COMPLETED,0,1
79KWH,8,1,FULL,29-07-2025,16:32:33,29-07-2025,16:32:33,29-07-2025,16:33:34,COMPLETED,0,1
79KWH,8,2,FULL,29-07-2025,16:33:52,29-07-2025,16:33:53,29-07-2025,16:36:02,COMPLETED,0,1
79KWH,8,3,FULL,29-07-2025,16:35:14,29-07-2025,16:35:18,29-07-2025,16:37:00,COMPLETED,0,1
79KWH,8,1,FULL,29-07-2025,16:35:21,29-07-2025,16:35:22,29-07-2025,16:36:22,COMPLETED,0,1
79KWH,8,3,FULL,29-07-2025,16:37:08,29-07-2025,16:38:45,29-07-2025,16:41:04,COMPLETED,0,1
79KWH,8,2,FULL,29-07-2025,19:00:06,29-07-2025,19:00:07,29-07-2025,19:02:35,COMPLETED,0,1
79KWH,8,1,FULL,29-07-2025,19:01:32,29-07-2025,19:01:33,29-07-2025,19:02:35,COMPLETED,0,1
79KWH,8,3,FULL,29-07-2025,19:04:54,29-07-2025,19:04:54,29-07-2025,19:07:11,COMPLETED,0,1
79KWH,8,2,FULL,29-07-2025,19:05:05,29-07-2025,19:05:05,29-07-2025,19:07:16,COMPLETED,0,1
79KWH,8,1,FULL,29-07-2025,19:06:33,29-07-2025,19:06:34,29-07-2025,19:07:35,COMPLETED,0,1
79KWH,8,3,FULL,29-07-2025,19:07:42,29-07-2025,19:07:43,29-07-2025,19:09:30,COMPLETED,0,1
79KWH,8,2,FULL,29-07-2025,19:07:53,29-07-2025,19:07:54,29-07-2025,19:10:02,COMPLETED,0,1
79KWH,8,1,FULL,29-07-2025,19:09:19,29-07-2025,19:09:20,29-07-2025,19:10:23,COMPLETED,0,1
79KWH,8,3,FULL,29-07-2025,19:10:30,29-07-2025,19:10:32,29-07-2025,19:12:18,COMPLETED,0,1
79KWH,8,2,FULL,29-07-2025,19:10:40,29-07-2025,19:10:41,29-07-2025,19:12:51,COMPLETED,0,1
79KWH,8,1,FULL,29-07-2025,19:12:08,29-07-2025,19:12:09,29-07-2025,19:13:11,COMPLETED,0,1
79KWH,8,3,FULL,29-07-2025,19:13:17,29-07-2025,19:13:18,29-07-2025,19:15:05,COMPLETED,0,1
79KWH,8,2,FULL,29-07-2025,19:13:29,29-07-2025,19:13:29,29-07-2025,19:15:39,COMPLETED,0,1
79KWH,8,1,FULL,29-07-2025,19:14:56,29-07-2025,19:14:56,29-07-2025,19:16:01,COMPLETED,0,1
79KWH,8,3,FULL,29-07-2025,19:16:05,29-07-2025,19:16:05,29-07-2025,19:17:51,COMPLETED,0,1
79KWH,8,2,FULL,29-07-2025,19:16:13,29-07-2025,19:16:14,29-07-2025,19:18:26,COMPLETED,0,1
79KWH,8,1,FULL,29-07-2025,19:17:42,29-07-2025,19:17:43,29-07-2025,19:18:46,COMPLETED,0,1
79KWH,8,3,FULL,29-07-2025,19:18:52,29-07-2025,19:18:52,29-07-2025,19:20:41,COMPLETED,0,1
79KWH,8,2,FULL,29-07-2025,19:23:38,29-07-2025,19:23:39,29-07-2025,19:25:50,COMPLETED,0,1
79KWH,8,1,FULL,29-07-2025,19:25:06,29-07-2025,19:25:07,29-07-2025,19:26:13,COMPLETED,0,1
79KWH,8,3,FULL,29-07-2025,19:26:17,29-07-2025,19:26:18,29-07-2025,19:28:04,COMPLETED,0,1
79KWH,8,2,FULL,29-07-2025,19:26:25,29-07-2025,19:26:26,29-07-2025,19:28:39,COMPLETED,0,1
79KWH,8,1,FULL,29-07-2025,19:27:53,29-07-2025,19:27:54,29-07-2025,19:28:59,COMPLETED,0,1
79KWH,8,3,FULL,29-07-2025,19:29:03,29-07-2025,19:29:44,29-07-2025,19:32:05,COMPLETED,0,1
79KWH,8,2,FULL,29-07-2025,19:29:13,29-07-2025,19:31:20,29-07-2025,19:33:50,COMPLETED,0,1
79KWH,8,1,FULL,29-07-2025,19:30:40,29-07-2025,19:30:41,29-07-2025,19:31:48,COMPLETED,0,1
79KWH,8,3,FULL,29-07-2025,19:32:11,29-07-2025,19:32:13,29-07-2025,19:34:01,COMPLETED,0,1
79KWH,8,1,FULL,29-07-2025,19:33:29,29-07-2025,19:33:29,29-07-2025,19:34:34,COMPLETED,0,1
79KWH,8,2,FULL,29-07-2025,19:33:57,29-07-2025,19:36:24,29-07-2025,19:38:58,COMPLETED,0,1
79KWH,8,3,FULL,29-07-2025,19:34:37,29-07-2025,19:35:38,29-07-2025,19:37:59,COMPLETED,0,1
79KWH,8,1,FULL,29-07-2025,19:36:14,29-07-2025,19:36:16,29-07-2025,19:37:25,COMPLETED,0,1
79KWH,8,1,FULL,29-07-2025,19:38:03,29-07-2025,19:38:03,29-07-2025,19:39:11,COMPLETED,0,1
79KWH,8,3,FULL,29-07-2025,19:38:05,29-07-2025,19:38:08,29-07-2025,19:39:54,COMPLETED,0,1
79KWH,8,2,FULL,29-07-2025,19:39:03,29-07-2025,19:39:08,29-07-2025,19:41:21,COMPLETED,0,1
79KWH,8,3,FULL,29-07-2025,19:40:03,29-07-2025,19:41:37,29-07-2025,19:43:57,COMPLETED,0,1
79KWH,8,1,FULL,29-07-2025,19:40:57,29-07-2025,19:40:57,29-07-2025,19:42:08,COMPLETED,0,1
79KWH,8,2,FULL,29-07-2025,19:41:28,29-07-2025,19:41:29,29-07-2025,19:43:44,COMPLETED,0,1
79KWH,8,1,FULL,29-07-2025,19:43:39,29-07-2025,19:43:40,29-07-2025,19:44:48,COMPLETED,0,1
79KWH,8,2,FULL,29-07-2025,19:43:51,29-07-2025,19:43:52,29-07-2025,19:46:06,COMPLETED,0,1
79KWH,8,3,FULL,29-07-2025,19:44:03,29-07-2025,19:44:07,29-07-2025,19:45:55,COMPLETED,0,1
79KWH,8,3,FULL,29-07-2025,19:46:03,29-07-2025,19:46:04,29-07-2025,19:47:57,COMPLETED,0,1
79KWH,8,2,FULL,29-07-2025,19:46:14,29-07-2025,19:46:14,29-07-2025,19:48:31,COMPLETED,0,1
79KWH,8,1,FULL,29-07-2025,19:46:32,29-07-2025,19:46:32,29-07-2025,19:47:44,COMPLETED,0,1
79KWH,8,3,FULL,29-07-2025,19:48:03,29-07-2025,19:48:06,29-07-2025,19:49:57,COMPLETED,0,1
79KWH,8,2,FULL,29-07-2025,19:48:37,29-07-2025,19:48:40,29-07-2025,19:50:55,COMPLETED,0,1
79KWH,8,1,FULL,29-07-2025,19:49:14,29-07-2025,19:49:15,29-07-2025,19:50:25,COMPLETED,0,1
79KWH,8,3,FULL,29-07-2025,19:50:31,29-07-2025,19:50:32,29-07-2025,19:52:26,COMPLETED,0,1
79KWH,8,2,FULL,29-07-2025,19:51:02,29-07-2025,19:51:02,29-07-2025,19:53:21,COMPLETED,0,1
79KWH,8,1,FULL,29-07-2025,19:52:07,29-07-2025,19:52:07,29-07-2025,19:53:19,COMPLETED,0,1
79KWH,8,3,FULL,29-07-2025,19:53:14,29-07-2025,19:53:15,29-07-2025,19:55:07,COMPLETED,0,1
79KWH,8,2,FULL,29-07-2025,19:53:26,29-07-2025,19:53:30,29-07-2025,19:55:46,COMPLETED,0,1
79KWH,8,1,FULL,29-07-2025,19:54:50,29-07-2025,19:54:50,29-07-2025,19:56:01,COMPLETED,0,1
79KWH,8,3,FULL,29-07-2025,19:56:05,29-07-2025,19:56:06,29-07-2025,19:58:01,COMPLETED,0,1
79KWH,8,2,FULL,29-07-2025,19:56:11,29-07-2025,19:56:12,29-07-2025,19:58:31,COMPLETED,0,1
79KWH,8,1,FULL,29-07-2025,19:57:42,29-07-2025,19:57:42,29-07-2025,19:58:55,COMPLETED,0,1
79KWH,8,3,FULL,29-07-2025,19:58:47,29-07-2025,19:58:47,29-07-2025,20:00:40,COMPLETED,0,1
79KWH,8,2,FULL,29-07-2025,19:59:03,29-07-2025,19:59:04,29-07-2025,20:01:21,COMPLETED,0,1
79KWH,8,1,FULL,29-07-2025,20:00:24,29-07-2025,20:00:24,29-07-2025,20:01:36,COMPLETED,0,1
79KWH,8,3,FULL,29-07-2025,20:01:40,29-07-2025,20:01:41,29-07-2025,20:03:36,COMPLETED,0,1
79KWH,8,2,FULL,29-07-2025,20:01:47,29-07-2025,20:01:47,29-07-2025,20:04:07,COMPLETED,0,1
79KWH,8,1,FULL,29-07-2025,20:03:16,29-07-2025,20:03:18,29-07-2025,20:04:31,COMPLETED,0,1
79KWH,8,3,FULL,29-07-2025,20:04:23,29-07-2025,20:04:24,29-07-2025,20:06:17,COMPLETED,0,1
79KWH,8,2,FULL,29-07-2025,20:04:37,29-07-2025,20:04:38,29-07-2025,20:06:57,COMPLETED,0,1
79KWH,8,1,FULL,29-07-2025,20:05:59,29-07-2025,20:06:00,29-07-2025,20:07:12,COMPLETED,0,1
79KWH,8,3,FULL,29-07-2025,20:07:14,29-07-2025,20:08:00,29-07-2025,20:10:25,COMPLETED,0,1
79KWH,8,2,FULL,29-07-2025,20:07:22,29-07-2025,20:09:39,29-07-2025,20:12:15,COMPLETED,0,1
79KWH,8,1,FULL,29-07-2025,20:54:18,29-07-2025,20:54:18,29-07-2025,20:55:33,COMPLETED,0,1
79KWH,8,3,FULL,29-07-2025,20:55:29,29-07-2025,20:55:29,29-07-2025,20:57:54,COMPLETED,0,1
79KWH,8,2,FULL,29-07-2025,20:55:36,29-07-2025,20:55:37,29-07-2025,20:58:12,COMPLETED,0,1
79KWH,8,1,FULL,29-07-2025,21:02:31,29-07-2025,21:02:31,29-07-2025,21:03:46,COMPLETED,0,1
79KWH,8,3,FULL,29-07-2025,21:03:53,29-07-2025,21:04:17,29-07-2025,21:06:40,COMPLETED,0,1
79KWH,8,2,FULL,29-07-2025,21:03:55,29-07-2025,21:05:22,29-07-2025,21:07:59,COMPLETED,0,1
79KWH,8,1,FULL,29-07-2025,21:05:05,29-07-2025,21:05:07,29-07-2025,21:06:23,COMPLETED,0,1
79KWH,8,3,FULL,29-07-2025,21:06:48,29-07-2025,21:06:48,29-07-2025,21:08:47,COMPLETED,0,1
79KWH,8,1,FULL,29-07-2025,21:07:38,29-07-2025,21:07:39,29-07-2025,21:08:53,COMPLETED,0,1
79KWH,8,2,FULL,29-07-2025,21:08:06,29-07-2025,21:08:08,29-07-2025,21:10:27,COMPLETED,0,1
79KWH,8,3,FULL,29-07-2025,21:08:54,29-07-2025,21:08:56,29-07-2025,21:10:53,COMPLETED,0,1
79KWH,8,1,FULL,29-07-2025,21:10:17,29-07-2025,21:10:17,29-07-2025,21:11:35,COMPLETED,0,1
79KWH,8,2,FULL,29-07-2025,21:10:35,29-07-2025,21:10:36,29-07-2025,21:12:58,COMPLETED,0,1
79KWH,8,3,FULL,29-07-2025,21:11:26,29-07-2025,21:11:27,29-07-2025,21:13:27,COMPLETED,0,1
79KWH,8,1,FULL,29-07-2025,21:12:59,29-07-2025,21:13:00,29-07-2025,21:14:16,COMPLETED,0,1
79KWH,8,2,FULL,29-07-2025,21:13:04,29-07-2025,21:13:08,29-07-2025,21:15:29,COMPLETED,0,1
79KWH,8,3,FULL,29-07-2025,21:14:13,29-07-2025,21:14:14,29-07-2025,21:16:12,COMPLETED,0,1
79KWH,8,2,FULL,29-07-2025,21:15:36,29-07-2025,21:15:37,29-07-2025,21:18:02,COMPLETED,0,1
79KWH,8,1,FULL,29-07-2025,21:16:38,29-07-2025,21:16:39,29-07-2025,21:18:04,COMPLETED,0,1
79KWH,8,3,FULL,29-07-2025,21:17:33,29-07-2025,21:17:34,29-07-2025,21:19:35,COMPLETED,0,1
79KWH,8,2,FULL,29-07-2025,21:18:08,29-07-2025,21:18:11,29-07-2025,21:20:34,COMPLETED,0,1
79KWH,8,1,FULL,29-07-2025,21:18:49,29-07-2025,21:18:50,29-07-2025,21:20:07,COMPLETED,0,1
79KWH,8,3,FULL,29-07-2025,21:20:02,29-07-2025,21:20:04,29-07-2025,21:22:04,COMPLETED,0,1
79KWH,8,2,FULL,29-07-2025,21:20:59,29-07-2025,21:20:59,29-07-2025,21:23:24,COMPLETED,0,1
79KWH,8,1,FULL,29-07-2025,21:22:09,29-07-2025,21:22:10,29-07-2025,21:23:29,COMPLETED,0,1
79KWH,8,2,FULL,29-07-2025,21:23:30,29-07-2025,21:23:34,29-07-2025,21:25:57,COMPLETED,0,1
79KWH,8,3,FULL,29-07-2025,21:23:32,29-07-2025,21:23:33,29-07-2025,21:25:35,COMPLETED,0,1
79KWH,8,1,FULL,29-07-2025,21:24:34,29-07-2025,21:24:34,29-07-2025,21:25:53,COMPLETED,0,1
79KWH,8,3,FULL,29-07-2025,21:25:42,29-07-2025,21:25:44,29-07-2025,21:27:44,COMPLETED,0,1
79KWH,8,2,FULL,29-07-2025,21:26:05,29-07-2025,21:26:05,29-07-2025,21:28:31,COMPLETED,0,1
79KWH,8,1,FULL,29-07-2025,21:27:15,29-07-2025,21:27:16,29-07-2025,21:28:38,COMPLETED,0,1
79KWH,8,3,FULL,29-07-2025,21:28:24,29-07-2025,21:28:25,29-07-2025,21:30:28,COMPLETED,0,1
79KWH,8,2,FULL,29-07-2025,21:28:37,29-07-2025,21:28:41,29-07-2025,21:31:06,COMPLETED,0,1
79KWH,8,1,FULL,29-07-2025,21:29:58,29-07-2025,21:29:59,29-07-2025,21:31:21,COMPLETED,0,1
79KWH,8,3,FULL,29-07-2025,21:31:10,29-07-2025,21:31:11,29-07-2025,21:33:12,COMPLETED,0,1
79KWH,8,2,FULL,29-07-2025,21:31:21,29-07-2025,21:31:21,29-07-2025,21:33:50,COMPLETED,0,1
79KWH,8,1,FULL,29-07-2025,21:32:51,29-07-2025,21:32:53,29-07-2025,21:34:17,COMPLETED,0,1
79KWH,8,3,FULL,29-07-2025,21:33:59,29-07-2025,21:33:59,29-07-2025,21:36:03,COMPLETED,0,1
79KWH,8,2,FULL,29-07-2025,21:34:09,29-07-2025,21:34:09,29-07-2025,21:36:35,COMPLETED,0,1
79KWH,8,1,FULL,29-07-2025,21:35:33,29-07-2025,21:35:34,29-07-2025,21:36:57,COMPLETED,0,1
79KWH,8,3,FULL,29-07-2025,21:36:46,29-07-2025,21:36:48,29-07-2025,21:38:49,COMPLETED,0,1
79KWH,8,2,FULL,29-07-2025,21:36:55,29-07-2025,21:36:56,29-07-2025,21:39:25,COMPLETED,0,1
79KWH,8,1,FULL,29-07-2025,21:38:26,29-07-2025,21:38:27,29-07-2025,21:39:52,COMPLETED,0,1
79KWH,8,3,FULL,29-07-2025,21:39:34,29-07-2025,21:39:36,29-07-2025,21:41:42,COMPLETED,0,1
79KWH,8,2,FULL,29-07-2025,21:39:44,29-07-2025,21:39:45,29-07-2025,21:42:12,COMPLETED,0,1
79KWH,8,1,FULL,29-07-2025,21:41:07,29-07-2025,21:41:08,29-07-2025,21:42:32,COMPLETED,0,1
79KWH,8,3,FULL,29-07-2025,21:42:22,29-07-2025,21:42:22,29-07-2025,21:44:26,COMPLETED,0,1
79KWH,8,2,FULL,29-07-2025,21:42:30,29-07-2025,21:42:30,29-07-2025,21:45:00,COMPLETED,0,1
79KWH,8,1,FULL,29-07-2025,21:44:00,29-07-2025,21:44:01,29-07-2025,21:45:27,COMPLETED,0,1
79KWH,8,3,FULL,29-07-2025,21:45:09,29-07-2025,21:45:10,29-07-2025,21:47:17,COMPLETED,0,1
79KWH,8,2,FULL,29-07-2025,21:45:19,29-07-2025,21:45:20,29-07-2025,21:47:48,COMPLETED,0,1
79KWH,8,1,FULL,29-07-2025,21:46:43,29-07-2025,21:46:45,29-07-2025,21:48:09,COMPLETED,0,1
79KWH,8,3,FULL,29-07-2025,21:47:57,29-07-2025,21:47:58,29-07-2025,21:50:03,COMPLETED,0,1
79KWH,8,2,FULL,29-07-2025,21:48:05,29-07-2025,21:48:07,29-07-2025,21:50:37,COMPLETED,0,1
79KWH,8,1,FULL,29-07-2025,21:49:36,29-07-2025,21:49:37,29-07-2025,21:51:04,COMPLETED,0,1
79KWH,8,3,FULL,29-07-2025,21:50:44,29-07-2025,21:51:31,29-07-2025,21:54:01,COMPLETED,0,1
79KWH,8,2,FULL,29-07-2025,21:50:54,29-07-2025,21:53:24,29-07-2025,21:56:04,COMPLETED,0,1
79KWH,8,1,FULL,29-07-2025,21:52:19,29-07-2025,21:52:20,29-07-2025,21:53:46,COMPLETED,0,1
79KWH,8,3,FULL,29-07-2025,21:54:07,29-07-2025,21:54:11,29-07-2025,21:56:17,COMPLETED,0,1
79KWH,8,1,FULL,29-07-2025,21:55:11,29-07-2025,21:55:12,29-07-2025,21:56:42,COMPLETED,0,1
79KWH,8,2,FULL,29-07-2025,21:56:11,29-07-2025,21:58:42,29-07-2025,22:01:23,COMPLETED,0,1
79KWH,8,3,FULL,29-07-2025,21:56:25,29-07-2025,21:57:50,29-07-2025,22:00:21,COMPLETED,0,1
79KWH,8,1,FULL,29-07-2025,21:57:53,29-07-2025,21:57:53,29-07-2025,21:59:21,COMPLETED,0,1
79KWH,8,1,FULL,29-07-2025,21:59:46,29-07-2025,21:59:46,29-07-2025,22:01:19,COMPLETED,0,1
79KWH,8,3,FULL,29-07-2025,22:00:27,29-07-2025,22:00:31,29-07-2025,22:02:38,COMPLETED,0,1
79KWH,8,2,FULL,29-07-2025,22:01:29,29-07-2025,22:01:33,29-07-2025,22:04:03,COMPLETED,0,1
79KWH,8,1,FULL,29-07-2025,22:01:38,29-07-2025,22:01:39,29-07-2025,22:03:08,COMPLETED,0,1
79KWH,8,3,FULL,29-07-2025,22:02:46,29-07-2025,22:04:04,29-07-2025,22:06:36,COMPLETED,0,1
79KWH,8,2,FULL,29-07-2025,22:04:10,29-07-2025,22:04:11,29-07-2025,22:06:44,COMPLETED,0,1
79KWH,8,1,FULL,29-07-2025,22:04:29,29-07-2025,22:04:30,29-07-2025,22:06:02,COMPLETED,0,1
79KWH,8,3,FULL,29-07-2025,22:06:42,29-07-2025,22:06:45,29-07-2025,22:08:53,COMPLETED,0,1
79KWH,8,2,FULL,29-07-2025,22:06:50,29-07-2025,22:06:54,29-07-2025,22:09:26,COMPLETED,0,1
79KWH,8,1,FULL,29-07-2025,22:07:12,29-07-2025,22:07:13,29-07-2025,22:08:43,COMPLETED,0,1
79KWH,8,3,FULL,29-07-2025,22:09:02,29-07-2025,22:09:02,29-07-2025,22:11:14,COMPLETED,0,1
79KWH,8,2,FULL,29-07-2025,22:09:35,29-07-2025,22:09:35,29-07-2025,22:12:10,COMPLETED,0,1
79KWH,8,1,FULL,29-07-2025,22:10:04,29-07-2025,22:10:05,29-07-2025,22:11:38,COMPLETED,0,1
79KWH,8,3,FULL,29-07-2025,22:11:20,29-07-2025,22:11:23,29-07-2025,22:13:31,COMPLETED,0,1
79KWH,8,2,FULL,29-07-2025,22:12:16,29-07-2025,22:12:20,29-07-2025,22:14:53,COMPLETED,0,1
79KWH,8,1,FULL,29-07-2025,22:12:48,29-07-2025,22:12:49,29-07-2025,22:14:21,COMPLETED,0,1
79KWH,8,3,FULL,29-07-2025,22:13:39,29-07-2025,22:13:40,29-07-2025,22:15:52,COMPLETED,0,1
79KWH,8,2,FULL,29-07-2025,22:15:02,29-07-2025,22:15:02,29-07-2025,22:17:37,COMPLETED,0,1
79KWH,8,3,FULL,29-07-2025,22:16:01,29-07-2025,22:16:03,29-07-2025,22:18:13,COMPLETED,0,1
79KWH,8,1,FULL,29-07-2025,22:33:21,29-07-2025,22:33:22,29-07-2025,22:34:56,COMPLETED,0,1
79KWH,8,3,FULL,29-07-2025,22:34:28,29-07-2025,22:34:29,29-07-2025,22:36:43,COMPLETED,0,1
79KWH,8,2,FULL,29-07-2025,22:34:39,29-07-2025,22:34:39,29-07-2025,22:37:13,COMPLETED,0,1
79KWH,8,1,FULL,29-07-2025,22:36:03,29-07-2025,22:36:05,29-07-2025,22:37:37,COMPLETED,0,1
79KWH,8,3,FULL,29-07-2025,22:37:16,29-07-2025,22:38:13,29-07-2025,22:40:44,COMPLETED,0,1
79KWH,8,2,FULL,29-07-2025,22:37:25,29-07-2025,22:39:59,29-07-2025,22:42:43,COMPLETED,0,1
79KWH,8,1,FULL,29-07-2025,22:38:55,29-07-2025,22:38:55,29-07-2025,22:40:30,COMPLETED,0,1
79KWH,8,3,FULL,29-07-2025,22:40:53,29-07-2025,22:42:11,29-07-2025,22:44:45,COMPLETED,0,1
79KWH,8,1,FULL,29-07-2025,22:41:37,29-07-2025,22:41:39,29-07-2025,22:43:12,COMPLETED,0,1
79KWH,8,2,FULL,29-07-2025,22:42:49,29-07-2025,22:42:52,29-07-2025,22:45:28,COMPLETED,0,1
79KWH,8,1,FULL,29-07-2025,22:44:32,29-07-2025,22:44:33,29-07-2025,22:46:09,COMPLETED,0,1
79KWH,8,3,FULL,29-07-2025,22:44:50,29-07-2025,22:44:53,29-07-2025,22:47:06,COMPLETED,0,1
79KWH,8,2,FULL,29-07-2025,22:45:36,29-07-2025,22:48:08,29-07-2025,22:50:54,COMPLETED,0,1
79KWH,8,1,FULL,29-07-2025,22:47:12,29-07-2025,22:47:13,29-07-2025,22:48:46,COMPLETED,0,1
79KWH,8,3,FULL,29-07-2025,22:47:14,29-07-2025,22:48:35,29-07-2025,22:51:09,COMPLETED,0,1
79KWH,8,1,FULL,29-07-2025,22:49:06,29-07-2025,22:49:07,29-07-2025,22:50:50,COMPLETED,0,1
79KWH,8,1,FULL,29-07-2025,22:50:57,29-07-2025,22:50:58,29-07-2025,22:52:33,COMPLETED,0,1
79KWH,8,2,FULL,29-07-2025,22:51:00,29-07-2025,22:51:02,29-07-2025,22:53:38,COMPLETED,0,1
79KWH,8,3,FULL,29-07-2025,22:51:15,29-07-2025,22:51:17,29-07-2025,22:53:30,COMPLETED,0,1
79KWH,8,3,FULL,29-07-2025,22:53:39,29-07-2025,22:53:40,29-07-2025,22:55:57,COMPLETED,0,1
79KWH,8,2,FULL,29-07-2025,22:53:46,29-07-2025,22:53:47,29-07-2025,22:56:24,COMPLETED,0,1
79KWH,8,1,FULL,29-07-2025,22:53:48,29-07-2025,22:53:49,29-07-2025,22:55:27,COMPLETED,0,1
79KWH,8,3,FULL,29-07-2025,22:56:03,29-07-2025,22:56:06,29-07-2025,22:58:21,COMPLETED,0,1
79KWH,8,2,FULL,29-07-2025,22:56:30,29-07-2025,22:56:34,29-07-2025,22:59:11,COMPLETED,0,1
79KWH,8,1,FULL,29-07-2025,22:56:31,29-07-2025,22:56:31,29-07-2025,22:58:07,COMPLETED,0,1
79KWH,8,3,FULL,29-07-2025,22:58:30,29-07-2025,22:58:31,29-07-2025,23:00:49,COMPLETED,0,1
79KWH,8,2,FULL,29-07-2025,22:59:18,29-07-2025,22:59:19,29-07-2025,23:02:00,COMPLETED,0,1
79KWH,8,1,FULL,29-07-2025,22:59:23,29-07-2025,22:59:23,29-07-2025,23:01:02,COMPLETED,0,1
79KWH,8,3,FULL,29-07-2025,23:00:55,29-07-2025,23:00:58,29-07-2025,23:03:14,COMPLETED,0,1
79KWH,8,2,FULL,29-07-2025,23:02:06,29-07-2025,23:02:09,29-07-2025,23:04:47,COMPLETED,0,1
79KWH,8,1,FULL,29-07-2025,23:02:06,29-07-2025,23:02:07,29-07-2025,23:03:45,COMPLETED,0,1
79KWH,8,3,FULL,29-07-2025,23:03:23,29-07-2025,23:03:23,29-07-2025,23:05:42,COMPLETED,0,1
79KWH,8,2,FULL,29-07-2025,23:04:55,29-07-2025,23:04:56,29-07-2025,23:07:37,COMPLETED,0,1
79KWH,8,1,FULL,29-07-2025,23:04:59,29-07-2025,23:04:59,29-07-2025,23:06:39,COMPLETED,0,1
79KWH,8,3,FULL,29-07-2025,23:05:49,29-07-2025,23:05:50,29-07-2025,23:08:07,COMPLETED,0,1
79KWH,8,3,FULL,29-07-2025,23:08:15,29-07-2025,23:08:17,29-07-2025,23:10:37,COMPLETED,0,1
79KWH,8,2,FULL,30-07-2025,07:15:51,30-07-2025,07:15:51,30-07-2025,07:18:38,COMPLETED,0,1
79KWH,8,1,FULL,30-07-2025,07:17:09,30-07-2025,07:17:09,30-07-2025,07:18:50,COMPLETED,0,1
79KWH,8,3,FULL,30-07-2025,07:18:22,30-07-2025,07:18:23,30-07-2025,07:20:59,COMPLETED,0,1
79KWH,8,2,FULL,30-07-2025,07:18:44,30-07-2025,07:18:46,30-07-2025,07:21:25,COMPLETED,0,1
79KWH,8,1,FULL,30-07-2025,07:19:58,30-07-2025,07:19:58,30-07-2025,07:21:38,COMPLETED,0,1
79KWH,8,3,FULL,30-07-2025,07:21:06,30-07-2025,07:21:07,30-07-2025,07:23:27,COMPLETED,0,1
79KWH,8,2,FULL,30-07-2025,07:24:28,30-07-2025,07:24:28,30-07-2025,07:27:14,COMPLETED,0,1
79KWH,8,1,FULL,30-07-2025,07:25:52,30-07-2025,07:25:53,30-07-2025,07:27:35,COMPLETED,0,1
79KWH,8,3,FULL,30-07-2025,07:27:04,30-07-2025,07:27:57,30-07-2025,07:30:33,COMPLETED,0,1
79KWH,8,2,FULL,30-07-2025,07:27:20,30-07-2025,07:27:24,30-07-2025,07:30:04,COMPLETED,0,1
79KWH,8,1,FULL,30-07-2025,07:28:40,30-07-2025,07:28:41,30-07-2025,07:30:22,COMPLETED,0,1
79KWH,8,2,FULL,30-07-2025,07:30:12,30-07-2025,07:32:40,30-07-2025,07:35:28,COMPLETED,0,1
79KWH,8,3,FULL,30-07-2025,07:30:39,30-07-2025,07:30:43,30-07-2025,07:33:03,COMPLETED,0,1
79KWH,8,1,FULL,30-07-2025,07:31:36,30-07-2025,07:31:38,30-07-2025,07:33:21,COMPLETED,0,1
79KWH,8,3,FULL,30-07-2025,07:35:07,30-07-2025,07:35:08,30-07-2025,07:37:30,COMPLETED,0,1
79KWH,8,2,FULL,30-07-2025,07:35:34,30-07-2025,07:35:37,30-07-2025,07:38:18,COMPLETED,0,1
79KWH,8,1,FULL,30-07-2025,07:36:43,30-07-2025,07:36:43,30-07-2025,07:38:25,COMPLETED,0,1
79KWH,8,3,FULL,30-07-2025,07:37:51,30-07-2025,07:37:52,30-07-2025,07:40:13,COMPLETED,0,1
79KWH,8,2,FULL,30-07-2025,07:39:19,30-07-2025,07:39:19,30-07-2025,07:42:04,COMPLETED,0,1
79KWH,8,1,FULL,30-07-2025,07:40:43,30-07-2025,07:40:44,30-07-2025,07:42:28,COMPLETED,0,1
79KWH,8,3,FULL,30-07-2025,07:41:57,30-07-2025,07:41:58,30-07-2025,07:44:26,COMPLETED,0,1
79KWH,8,2,FULL,30-07-2025,07:42:10,30-07-2025,07:42:12,30-07-2025,07:44:54,COMPLETED,0,1
79KWH,8,1,FULL,30-07-2025,07:43:32,30-07-2025,07:43:33,30-07-2025,07:45:15,COMPLETED,0,1
79KWH,8,3,FULL,30-07-2025,07:44:40,30-07-2025,07:44:42,30-07-2025,07:47:04,COMPLETED,0,1
79KWH,8,2,FULL,30-07-2025,07:45:02,30-07-2025,07:45:03,30-07-2025,07:47:48,COMPLETED,0,1
79KWH,8,1,FULL,30-07-2025,07:46:18,30-07-2025,07:46:19,30-07-2025,07:48:04,COMPLETED,0,1
79KWH,8,3,FULL,30-07-2025,07:47:32,30-07-2025,07:47:32,30-07-2025,07:50:06,COMPLETED,0,1
79KWH,8,2,FULL,30-07-2025,07:47:55,30-07-2025,07:47:57,30-07-2025,07:50:40,COMPLETED,0,1
79KWH,8,1,FULL,30-07-2025,07:49:08,30-07-2025,07:49:08,30-07-2025,07:50:52,COMPLETED,0,1
79KWH,8,3,FULL,30-07-2025,07:50:15,30-07-2025,07:50:16,30-07-2025,07:52:39,COMPLETED,0,1
79KWH,8,2,FULL,30-07-2025,07:50:47,30-07-2025,07:50:48,30-07-2025,07:53:34,COMPLETED,0,1
79KWH,8,1,FULL,30-07-2025,07:51:53,30-07-2025,07:51:54,30-07-2025,07:53:41,COMPLETED,0,1
79KWH,8,3,FULL,30-07-2025,07:53:06,30-07-2025,07:53:07,30-07-2025,07:55:33,COMPLETED,0,1
79KWH,8,2,FULL,30-07-2025,07:53:40,30-07-2025,07:53:43,30-07-2025,07:56:30,COMPLETED,0,1
79KWH,8,1,FULL,30-07-2025,07:54:42,30-07-2025,07:54:43,30-07-2025,07:56:29,COMPLETED,0,1
79KWH,8,3,FULL,30-07-2025,07:55:49,30-07-2025,07:55:49,30-07-2025,07:58:12,COMPLETED,0,1
79KWH,8,2,FULL,30-07-2025,07:56:38,30-07-2025,07:56:39,30-07-2025,07:59:28,COMPLETED,0,1
79KWH,8,1,FULL,30-07-2025,07:57:29,30-07-2025,07:57:30,30-07-2025,07:59:18,COMPLETED,0,1
79KWH,8,3,FULL,30-07-2025,07:58:42,30-07-2025,07:58:42,30-07-2025,08:01:09,COMPLETED,0,1
79KWH,8,2,FULL,30-07-2025,07:59:33,30-07-2025,07:59:37,30-07-2025,08:02:24,COMPLETED,0,1
79KWH,8,1,FULL,30-07-2025,08:00:17,30-07-2025,08:00:18,30-07-2025,08:02:04,COMPLETED,0,1
79KWH,8,3,FULL,30-07-2025,08:01:25,30-07-2025,08:01:25,30-07-2025,08:03:50,COMPLETED,0,1
79KWH,8,2,FULL,30-07-2025,08:02:32,30-07-2025,08:02:34,30-07-2025,08:04:23,COMPLETED,0,1
79KWH,8,1,FULL,30-07-2025,08:03:04,30-07-2025,08:03:05,30-07-2025,08:04:54,COMPLETED,0,1
79KWH,8,3,FULL,30-07-2025,08:04:19,30-07-2025,08:04:20,30-07-2025,08:06:48,COMPLETED,0,1
79KWH,8,2,FULL,30-07-2025,08:04:40,30-07-2025,08:04:41,30-07-2025,08:05:31,COMPLETED,0,1
79KWH,8,1,FULL,30-07-2025,08:05:53,30-07-2025,08:05:53,30-07-2025,08:07:41,COMPLETED,0,1
79KWH,8,3,FULL,30-07-2025,08:07:00,30-07-2025,08:07:02,30-07-2025,08:09:33,COMPLETED,0,1
79KWH,8,2,FULL,30-07-2025,08:07:14,30-07-2025,08:07:15,30-07-2025,08:08:06,COMPLETED,0,1
79KWH,8,1,FULL,30-07-2025,08:08:40,30-07-2025,08:08:41,30-07-2025,08:10:31,COMPLETED,0,1
79KWH,8,3,FULL,30-07-2025,08:09:54,30-07-2025,08:09:55,30-07-2025,08:12:24,COMPLETED,0,1
79KWH,8,2,FULL,30-07-2025,08:09:58,30-07-2025,08:09:59,30-07-2025,08:10:49,COMPLETED,0,1
79KWH,8,1,FULL,30-07-2025,08:11:28,30-07-2025,08:11:28,30-07-2025,08:13:17,COMPLETED,0,1
79KWH,8,3,FULL,30-07-2025,08:12:39,30-07-2025,08:12:39,30-07-2025,08:15:12,COMPLETED,0,1
79KWH,8,2,FULL,30-07-2025,08:12:50,30-07-2025,08:12:51,30-07-2025,08:13:44,COMPLETED,0,1
79KWH,8,1,FULL,30-07-2025,08:14:14,30-07-2025,08:14:15,30-07-2025,08:16:06,COMPLETED,0,1
79KWH,8,3,FULL,30-07-2025,08:15:28,30-07-2025,08:15:28,30-07-2025,08:17:58,COMPLETED,0,1
79KWH,8,2,FULL,30-07-2025,08:15:34,30-07-2025,08:15:35,30-07-2025,08:16:27,COMPLETED,0,1
79KWH,8,1,FULL,30-07-2025,08:17:05,30-07-2025,08:17:05,30-07-2025,08:18:55,COMPLETED,0,1
79KWH,8,3,FULL,30-07-2025,08:18:11,30-07-2025,08:18:12,30-07-2025,08:20:40,COMPLETED,0,1
79KWH,8,2,FULL,30-07-2025,08:18:27,30-07-2025,08:18:27,30-07-2025,08:19:24,COMPLETED,0,1
79KWH,8,1,FULL,30-07-2025,08:19:50,30-07-2025,08:19:51,30-07-2025,08:21:42,COMPLETED,0,1
79KWH,8,3,FULL,30-07-2025,08:21:05,30-07-2025,08:21:06,30-07-2025,08:23:37,COMPLETED,0,1
79KWH,8,2,FULL,30-07-2025,08:21:08,30-07-2025,08:21:09,30-07-2025,08:22:03,COMPLETED,0,1
79KWH,8,1,FULL,30-07-2025,08:22:39,30-07-2025,08:22:39,30-07-2025,08:24:29,COMPLETED,0,1
79KWH,8,3,FULL,30-07-2025,08:23:46,30-07-2025,08:23:48,30-07-2025,08:26:17,COMPLETED,0,1
79KWH,8,2,FULL,30-07-2025,08:24:01,30-07-2025,08:24:02,30-07-2025,08:25:00,COMPLETED,0,1
79KWH,8,1,FULL,30-07-2025,08:25:25,30-07-2025,08:25:26,30-07-2025,08:27:18,COMPLETED,0,1
79KWH,8,3,FULL,30-07-2025,08:26:41,30-07-2025,08:26:42,30-07-2025,08:29:16,COMPLETED,0,1
79KWH,8,2,FULL,30-07-2025,08:26:44,30-07-2025,08:26:44,30-07-2025,08:27:41,COMPLETED,0,1
79KWH,8,1,FULL,30-07-2025,08:28:13,30-07-2025,08:28:14,30-07-2025,08:30:05,COMPLETED,0,1
79KWH,8,3,FULL,30-07-2025,08:29:22,30-07-2025,08:29:25,30-07-2025,08:31:58,COMPLETED,0,1
79KWH,8,2,FULL,30-07-2025,08:29:37,30-07-2025,08:29:38,30-07-2025,08:30:38,COMPLETED,0,1
79KWH,8,1,FULL,30-07-2025,08:31:00,30-07-2025,08:31:00,30-07-2025,08:32:54,COMPLETED,0,1
79KWH,8,3,FULL,30-07-2025,08:32:14,30-07-2025,08:32:15,30-07-2025,08:34:53,COMPLETED,0,1
79KWH,8,2,FULL,30-07-2025,08:32:19,30-07-2025,08:32:20,30-07-2025,08:33:18,COMPLETED,0,1
79KWH,8,1,FULL,30-07-2025,08:33:49,30-07-2025,08:33:50,30-07-2025,08:35:43,COMPLETED,0,1
79KWH,8,3,FULL,30-07-2025,08:34:59,30-07-2025,08:36:13,30-07-2025,08:38:59,COMPLETED,0,1
79KWH,8,2,FULL,30-07-2025,08:35:11,30-07-2025,08:36:12,30-07-2025,08:38:07,COMPLETED,0,1
79KWH,8,1,FULL,30-07-2025,08:36:36,30-07-2025,08:36:36,30-07-2025,08:38:32,COMPLETED,0,1
79KWH,8,2,FULL,30-07-2025,08:38:14,30-07-2025,08:38:16,30-07-2025,08:39:14,COMPLETED,0,1
79KWH,8,3,FULL,30-07-2025,08:39:07,30-07-2025,08:40:11,30-07-2025,08:42:55,COMPLETED,0,1
79KWH,8,1,FULL,30-07-2025,08:39:26,30-07-2025,08:39:27,30-07-2025,08:41:21,COMPLETED,0,1
79KWH,8,2,FULL,30-07-2025,08:40:48,30-07-2025,08:41:15,30-07-2025,08:43:12,COMPLETED,0,1
79KWH,8,1,FULL,30-07-2025,08:42:10,30-07-2025,08:42:11,30-07-2025,08:44:08,COMPLETED,0,1
79KWH,8,3,FULL,30-07-2025,08:43:01,30-07-2025,08:44:14,30-07-2025,08:46:56,COMPLETED,0,1
79KWH,8,2,FULL,30-07-2025,08:43:29,30-07-2025,08:43:30,30-07-2025,08:44:29,COMPLETED,0,1
79KWH,8,1,FULL,30-07-2025,08:45:00,30-07-2025,08:45:01,30-07-2025,08:46:56,COMPLETED,0,1
79KWH,8,2,FULL,30-07-2025,08:46:23,30-07-2025,08:46:23,30-07-2025,08:47:26,COMPLETED,0,1
79KWH,8,3,FULL,30-07-2025,08:47:04,30-07-2025,08:47:04,30-07-2025,08:49:40,COMPLETED,0,1
79KWH,8,1,FULL,30-07-2025,08:47:45,30-07-2025,08:47:45,30-07-2025,08:49:43,COMPLETED,0,1
79KWH,8,2,FULL,30-07-2025,08:49:06,30-07-2025,08:49:07,30-07-2025,08:50:09,COMPLETED,0,1
79KWH,8,3,FULL,30-07-2025,08:49:47,30-07-2025,08:49:49,30-07-2025,08:52:23,COMPLETED,0,1
79KWH,8,1,FULL,30-07-2025,08:50:36,30-07-2025,08:50:37,30-07-2025,08:52:33,COMPLETED,0,1
79KWH,8,2,FULL,30-07-2025,08:51:57,30-07-2025,08:51:57,30-07-2025,08:53:02,COMPLETED,0,1
79KWH,8,3,FULL,30-07-2025,08:52:31,30-07-2025,08:52:32,30-07-2025,08:55:13,COMPLETED,0,1
79KWH,8,1,FULL,30-07-2025,08:53:22,30-07-2025,08:53:23,30-07-2025,08:55:21,COMPLETED,0,1
79KWH,8,2,FULL,30-07-2025,08:54:40,30-07-2025,08:54:42,30-07-2025,08:55:44,COMPLETED,0,1
79KWH,8,3,FULL,30-07-2025,08:55:19,30-07-2025,08:55:23,30-07-2025,08:58:03,COMPLETED,0,1
79KWH,8,1,FULL,30-07-2025,08:56:11,30-07-2025,08:56:11,30-07-2025,08:58:08,COMPLETED,0,1
79KWH,8,2,FULL,30-07-2025,08:57:32,30-07-2025,08:57:33,30-07-2025,08:58:40,COMPLETED,0,1
79KWH,8,3,FULL,30-07-2025,08:58:12,30-07-2025,08:58:13,30-07-2025,09:00:50,COMPLETED,0,1
79KWH,8,1,FULL,30-07-2025,08:58:57,30-07-2025,08:58:57,30-07-2025,09:00:56,COMPLETED,0,1
79KWH,8,2,FULL,30-07-2025,09:00:16,30-07-2025,09:00:17,30-07-2025,09:01:21,COMPLETED,0,1
79KWH,8,3,FULL,30-07-2025,09:00:57,30-07-2025,09:00:59,30-07-2025,09:03:35,COMPLETED,0,1
79KWH,8,1,FULL,30-07-2025,09:01:46,30-07-2025,09:01:47,30-07-2025,09:03:45,COMPLETED,0,1
79KWH,8,2,FULL,30-07-2025,09:03:09,30-07-2025,09:03:10,30-07-2025,09:04:17,COMPLETED,0,1
79KWH,8,3,FULL,30-07-2025,09:03:43,30-07-2025,09:04:51,30-07-2025,09:07:41,COMPLETED,0,1
79KWH,8,1,FULL,30-07-2025,09:04:31,30-07-2025,09:04:31,30-07-2025,09:06:32,COMPLETED,0,1
79KWH,8,2,FULL,30-07-2025,09:05:51,30-07-2025,09:06:21,30-07-2025,09:08:18,COMPLETED,0,1
79KWH,8,3,FULL,30-07-2025,09:07:47,30-07-2025,09:07:51,30-07-2025,09:10:27,COMPLETED,0,1
79KWH,8,3,FULL,30-07-2025,09:10:35,30-07-2025,09:11:46,30-07-2025,09:14:31,COMPLETED,0,1
79KWH,8,1,FULL,30-07-2025,09:29:38,30-07-2025,09:29:39,30-07-2025,09:31:39,COMPLETED,0,1
79KWH,8,3,FULL,30-07-2025,09:30:46,30-07-2025,09:30:47,30-07-2025,09:33:37,COMPLETED,0,1
79KWH,8,2,FULL,30-07-2025,09:31:00,30-07-2025,09:31:01,30-07-2025,09:33:02,COMPLETED,0,1
79KWH,8,1,FULL,30-07-2025,09:32:25,30-07-2025,09:32:27,30-07-2025,09:34:36,COMPLETED,0,1
79KWH,8,3,FULL,30-07-2025,09:33:44,30-07-2025,09:33:47,30-07-2025,09:36:29,COMPLETED,0,1
79KWH,8,2,FULL,30-07-2025,09:33:49,30-07-2025,09:33:49,30-07-2025,09:34:55,COMPLETED,0,1
79KWH,8,1,FULL,30-07-2025,09:35:13,30-07-2025,09:35:13,30-07-2025,09:37:12,COMPLETED,0,1
79KWH,8,3,FULL,30-07-2025,09:36:35,30-07-2025,09:36:38,30-07-2025,09:39:18,COMPLETED,0,1
79KWH,8,2,FULL,30-07-2025,09:36:36,30-07-2025,09:36:38,30-07-2025,09:37:46,COMPLETED,0,1
79KWH,8,1,FULL,30-07-2025,09:37:59,30-07-2025,09:38:00,30-07-2025,09:40:08,COMPLETED,0,1
79KWH,8,2,FULL,30-07-2025,09:39:17,30-07-2025,09:39:17,30-07-2025,09:40:24,COMPLETED,0,1
79KWH,8,3,FULL,30-07-2025,09:39:25,30-07-2025,09:39:26,30-07-2025,09:42:08,COMPLETED,0,1
79KWH,8,1,FULL,30-07-2025,09:40:48,30-07-2025,09:40:50,30-07-2025,09:42:57,COMPLETED,0,1
79KWH,8,2,FULL,30-07-2025,09:42:11,30-07-2025,09:42:36,30-07-2025,09:44:37,COMPLETED,0,1
79KWH,8,3,FULL,30-07-2025,09:42:14,30-07-2025,09:42:18,30-07-2025,09:44:59,COMPLETED,0,1
79KWH,8,1,FULL,30-07-2025,09:43:34,30-07-2025,09:43:35,30-07-2025,09:45:45,COMPLETED,0,1
79KWH,8,2,FULL,30-07-2025,09:44:53,30-07-2025,09:46:35,30-07-2025,09:48:33,COMPLETED,0,1
79KWH,8,3,FULL,30-07-2025,09:45:06,30-07-2025,09:46:20,30-07-2025,09:49:08,COMPLETED,0,1
79KWH,8,1,FULL,30-07-2025,09:46:23,30-07-2025,09:46:24,30-07-2025,09:48:27,COMPLETED,0,1
79KWH,8,2,FULL,30-07-2025,09:48:41,30-07-2025,09:48:42,30-07-2025,09:49:52,COMPLETED,0,1
79KWH,8,1,FULL,30-07-2025,09:49:10,30-07-2025,09:49:12,30-07-2025,09:51:22,COMPLETED,0,1
79KWH,8,3,FULL,30-07-2025,09:49:15,30-07-2025,09:50:27,30-07-2025,09:53:14,COMPLETED,0,1
79KWH,8,2,FULL,30-07-2025,09:50:28,30-07-2025,09:50:29,30-07-2025,09:51:38,COMPLETED,0,1
79KWH,8,1,FULL,30-07-2025,09:51:59,30-07-2025,09:51:59,30-07-2025,09:54:09,COMPLETED,0,1
79KWH,8,3,FULL,30-07-2025,09:53:22,30-07-2025,09:54:34,30-07-2025,09:57:23,COMPLETED,0,1
79KWH,8,2,FULL,30-07-2025,09:53:22,30-07-2025,09:53:23,30-07-2025,09:54:36,COMPLETED,0,1
79KWH,8,1,FULL,30-07-2025,09:54:45,30-07-2025,09:54:45,30-07-2025,09:56:58,COMPLETED,0,1
79KWH,8,2,FULL,30-07-2025,09:56:04,30-07-2025,09:56:05,30-07-2025,09:57:15,COMPLETED,0,1
79KWH,8,3,FULL,30-07-2025,09:57:30,30-07-2025,09:57:32,30-07-2025,10:00:15,COMPLETED,0,1
79KWH,8,1,FULL,30-07-2025,09:57:33,30-07-2025,09:57:34,30-07-2025,09:59:53,COMPLETED,0,1
79KWH,8,2,FULL,30-07-2025,09:58:58,30-07-2025,09:58:59,30-07-2025,10:00:12,COMPLETED,0,1
79KWH,8,1,FULL,30-07-2025,10:00:21,30-07-2025,10:00:22,30-07-2025,10:02:35,COMPLETED,0,1
79KWH,8,3,FULL,30-07-2025,10:00:23,30-07-2025,10:00:24,30-07-2025,10:03:15,COMPLETED,0,1
79KWH,8,2,FULL,30-07-2025,10:01:39,30-07-2025,10:02:35,30-07-2025,10:04:35,COMPLETED,0,1
79KWH,8,1,FULL,30-07-2025,10:03:11,30-07-2025,10:03:12,30-07-2025,10:05:18,COMPLETED,0,1
79KWH,8,3,FULL,30-07-2025,10:03:21,30-07-2025,10:04:32,30-07-2025,10:07:24,COMPLETED,0,1
79KWH,8,2,FULL,30-07-2025,10:04:44,30-07-2025,10:06:30,30-07-2025,10:08:33,COMPLETED,0,1
79KWH,8,1,FULL,30-07-2025,10:05:56,30-07-2025,10:05:58,30-07-2025,10:08:07,COMPLETED,0,1
79KWH,8,3,FULL,30-07-2025,10:07:32,30-07-2025,10:08:45,30-07-2025,10:11:39,COMPLETED,0,1
79KWH,8,2,FULL,30-07-2025,10:08:40,30-07-2025,10:08:43,30-07-2025,10:09:56,COMPLETED,0,1
79KWH,8,1,FULL,30-07-2025,10:08:44,30-07-2025,10:08:45,30-07-2025,10:10:56,COMPLETED,0,1
79KWH,8,2,FULL,30-07-2025,10:10:06,30-07-2025,10:10:06,30-07-2025,10:11:22,COMPLETED,0,1
79KWH,8,1,FULL,30-07-2025,10:11:31,30-07-2025,10:11:32,30-07-2025,10:13:47,COMPLETED,0,1
79KWH,8,3,FULL,30-07-2025,10:11:45,30-07-2025,10:11:48,30-07-2025,10:14:33,COMPLETED,0,1
79KWH,8,2,FULL,30-07-2025,10:12:51,30-07-2025,10:12:52,30-07-2025,10:14:06,COMPLETED,0,1
79KWH,8,1,FULL,30-07-2025,10:14:21,30-07-2025,10:14:22,30-07-2025,10:16:36,COMPLETED,0,1
79KWH,8,3,FULL,30-07-2025,10:14:41,30-07-2025,10:15:50,30-07-2025,10:18:41,COMPLETED,0,1
79KWH,8,2,FULL,30-07-2025,10:15:41,30-07-2025,10:15:43,30-07-2025,10:16:59,COMPLETED,0,1
79KWH,8,1,FULL,30-07-2025,10:17:07,30-07-2025,10:17:07,30-07-2025,10:19:23,COMPLETED,0,1
79KWH,8,2,FULL,30-07-2025,10:18:25,30-07-2025,10:18:26,30-07-2025,10:19:41,COMPLETED,0,1
79KWH,8,3,FULL,30-07-2025,10:18:46,30-07-2025,10:18:49,30-07-2025,10:21:36,COMPLETED,0,1
79KWH,8,1,FULL,30-07-2025,10:19:56,30-07-2025,10:19:57,30-07-2025,10:22:12,COMPLETED,0,1
79KWH,8,2,FULL,30-07-2025,10:21:17,30-07-2025,10:21:17,30-07-2025,10:22:35,COMPLETED,0,1
79KWH,8,3,FULL,30-07-2025,10:21:44,30-07-2025,10:21:45,30-07-2025,10:24:34,COMPLETED,0,1
79KWH,8,1,FULL,30-07-2025,10:22:41,30-07-2025,10:22:42,30-07-2025,10:24:54,COMPLETED,0,1
79KWH,8,3,FULL,30-07-2025,10:24:40,30-07-2025,10:24:43,30-07-2025,10:27:30,COMPLETED,0,1
79KWH,8,2,FULL,30-07-2025,10:24:43,30-07-2025,10:24:44,30-07-2025,10:26:00,COMPLETED,0,1
79KWH,8,3,FULL,30-07-2025,10:27:38,30-07-2025,10:27:38,30-07-2025,10:29:29,COMPLETED,0,1
79KWH,8,1,FULL,30-07-2025,10:29:34,30-07-2025,10:29:35,30-07-2025,10:31:45,COMPLETED,0,1
79KWH,8,3,FULL,30-07-2025,10:29:39,30-07-2025,10:29:40,30-07-2025,10:30:30,COMPLETED,0,1
79KWH,8,3,FULL,30-07-2025,10:30:45,30-07-2025,10:30:45,30-07-2025,10:31:38,COMPLETED,0,1
79KWH,8,3,FULL,30-07-2025,10:31:54,30-07-2025,10:31:54,30-07-2025,10:32:46,COMPLETED,0,1
79KWH,8,2,FULL,30-07-2025,10:32:02,30-07-2025,10:32:03,30-07-2025,10:33:21,COMPLETED,0,1
79KWH,8,1,FULL,30-07-2025,10:33:26,30-07-2025,10:33:28,30-07-2025,10:35:45,COMPLETED,0,1
79KWH,8,3,FULL,30-07-2025,10:34:40,30-07-2025,10:34:41,30-07-2025,10:35:35,COMPLETED,0,1
79KWH,8,2,FULL,30-07-2025,10:34:46,30-07-2025,10:34:46,30-07-2025,10:36:04,COMPLETED,0,1
79KWH,8,1,FULL,30-07-2025,10:36:16,30-07-2025,10:36:17,30-07-2025,10:38:29,COMPLETED,0,1
79KWH,8,3,FULL,30-07-2025,10:37:23,30-07-2025,10:37:23,30-07-2025,10:38:16,COMPLETED,0,1
79KWH,8,2,FULL,30-07-2025,10:38:04,30-07-2025,10:38:06,30-07-2025,10:39:25,COMPLETED,0,1
79KWH,8,1,FULL,30-07-2025,10:39:29,30-07-2025,10:39:30,30-07-2025,10:41:46,COMPLETED,0,1
79KWH,8,3,FULL,30-07-2025,10:40:42,30-07-2025,10:40:43,30-07-2025,10:41:40,COMPLETED,0,1
79KWH,8,2,FULL,30-07-2025,10:40:48,30-07-2025,10:40:48,30-07-2025,10:42:07,COMPLETED,0,1
79KWH,8,1,FULL,30-07-2025,10:42:18,30-07-2025,10:42:21,30-07-2025,10:44:33,COMPLETED,0,1
79KWH,8,3,FULL,30-07-2025,10:43:25,30-07-2025,10:43:27,30-07-2025,10:44:22,COMPLETED,0,1
79KWH,8,2,FULL,30-07-2025,10:46:58,30-07-2025,10:46:59,30-07-2025,10:49:06,COMPLETED,0,1
79KWH,8,1,FULL,30-07-2025,10:48:22,30-07-2025,10:48:22,30-07-2025,10:50:37,COMPLETED,0,1
79KWH,8,3,FULL,30-07-2025,10:49:37,30-07-2025,10:49:38,30-07-2025,10:51:34,COMPLETED,0,1
79KWH,8,2,FULL,30-07-2025,10:49:54,30-07-2025,10:51:31,30-07-2025,10:53:38,COMPLETED,0,1
79KWH,8,1,FULL,30-07-2025,10:51:17,30-07-2025,10:51:18,30-07-2025,10:53:33,COMPLETED,0,1
79KWH,8,3,FULL,30-07-2025,10:52:25,30-07-2025,10:52:26,30-07-2025,10:53:23,COMPLETED,0,1
79KWH,8,2,FULL,30-07-2025,10:53:45,30-07-2025,10:53:48,30-07-2025,10:55:10,COMPLETED,0,1
79KWH,8,1,FULL,30-07-2025,10:54:04,30-07-2025,10:54:06,30-07-2025,10:56:24,COMPLETED,0,1
79KWH,8,3,FULL,30-07-2025,10:55:18,30-07-2025,10:55:18,30-07-2025,10:56:18,COMPLETED,0,1
79KWH,8,2,FULL,30-07-2025,10:55:23,30-07-2025,10:55:24,30-07-2025,10:56:44,COMPLETED,0,1
79KWH,8,1,FULL,30-07-2025,10:56:53,30-07-2025,10:56:54,30-07-2025,10:59:12,COMPLETED,0,1
79KWH,8,3,FULL,30-07-2025,10:58:02,30-07-2025,10:58:03,30-07-2025,10:59:01,COMPLETED,0,1
79KWH,8,2,FULL,30-07-2025,10:58:16,30-07-2025,10:58:17,30-07-2025,10:59:39,COMPLETED,0,1
79KWH,8,1,FULL,30-07-2025,10:59:39,30-07-2025,10:59:39,30-07-2025,11:01:59,COMPLETED,0,1
79KWH,8,3,FULL,30-07-2025,11:00:52,30-07-2025,11:00:53,30-07-2025,11:01:54,COMPLETED,0,1
79KWH,8,2,FULL,30-07-2025,11:00:59,30-07-2025,11:01:00,30-07-2025,11:02:22,COMPLETED,0,1
79KWH,8,1,FULL,30-07-2025,11:02:29,30-07-2025,11:02:31,30-07-2025,11:04:48,COMPLETED,0,1
79KWH,8,3,FULL,30-07-2025,11:03:35,30-07-2025,11:03:36,30-07-2025,11:04:36,COMPLETED,0,1
79KWH,8,2,FULL,30-07-2025,11:03:51,30-07-2025,11:03:51,30-07-2025,11:05:17,COMPLETED,0,1
79KWH,8,1,FULL,30-07-2025,11:05:14,30-07-2025,11:05:15,30-07-2025,11:07:36,COMPLETED,0,1
79KWH,8,3,FULL,30-07-2025,11:06:31,30-07-2025,11:06:32,30-07-2025,11:07:35,COMPLETED,0,1
79KWH,8,2,FULL,30-07-2025,11:06:34,30-07-2025,11:06:35,30-07-2025,11:07:58,COMPLETED,0,1
79KWH,8,1,FULL,30-07-2025,11:08:06,30-07-2025,11:08:06,30-07-2025,11:10:25,COMPLETED,0,1
79KWH,8,3,FULL,30-07-2025,11:09:13,30-07-2025,11:09:14,30-07-2025,11:10:16,COMPLETED,0,1
79KWH,8,2,FULL,30-07-2025,11:09:26,30-07-2025,11:09:27,30-07-2025,11:10:54,COMPLETED,0,1
79KWH,8,1,FULL,30-07-2025,11:10:50,30-07-2025,11:10:51,30-07-2025,11:13:18,COMPLETED,0,1
79KWH,8,3,FULL,30-07-2025,11:12:05,30-07-2025,11:12:41,30-07-2025,11:14:39,COMPLETED,0,1
79KWH,8,2,FULL,30-07-2025,11:12:10,30-07-2025,11:12:56,30-07-2025,11:15:10,COMPLETED,0,1
79KWH,8,1,FULL,30-07-2025,11:13:40,30-07-2025,11:13:41,30-07-2025,11:16:00,COMPLETED,0,1
79KWH,8,3,FULL,30-07-2025,11:14:48,30-07-2025,11:16:45,30-07-2025,11:18:40,COMPLETED,0,1
79KWH,8,2,FULL,30-07-2025,11:15:18,30-07-2025,11:17:05,30-07-2025,11:19:15,COMPLETED,0,1
79KWH,8,1,FULL,30-07-2025,11:16:28,30-07-2025,11:16:28,30-07-2025,11:18:50,COMPLETED,0,1
79KWH,8,3,FULL,30-07-2025,11:18:49,30-07-2025,11:20:44,30-07-2025,11:22:43,COMPLETED,0,1
79KWH,8,1,FULL,30-07-2025,11:19:17,30-07-2025,11:19:17,30-07-2025,11:21:37,COMPLETED,0,1
79KWH,8,2,FULL,30-07-2025,11:19:21,30-07-2025,11:19:25,30-07-2025,11:20:51,COMPLETED,0,1
79KWH,8,2,FULL,30-07-2025,11:20:59,30-07-2025,11:21:00,30-07-2025,11:22:28,COMPLETED,0,1
79KWH,8,1,FULL,30-07-2025,11:22:02,30-07-2025,11:22:03,30-07-2025,11:24:32,COMPLETED,0,1
79KWH,8,3,FULL,30-07-2025,11:22:49,30-07-2025,11:22:53,30-07-2025,11:23:57,COMPLETED,0,1
79KWH,8,2,FULL,30-07-2025,11:23:20,30-07-2025,11:23:21,30-07-2025,11:24:47,COMPLETED,0,1
79KWH,8,3,FULL,30-07-2025,11:24:04,30-07-2025,11:24:05,30-07-2025,11:25:12,COMPLETED,0,1
79KWH,8,1,FULL,30-07-2025,11:24:50,30-07-2025,11:24:52,30-07-2025,11:27:22,COMPLETED,0,1
79KWH,8,3,FULL,30-07-2025,11:25:58,30-07-2025,11:25:59,30-07-2025,11:27:04,COMPLETED,0,1
79KWH,8,2,FULL,30-07-2025,11:26:14,30-07-2025,11:26:16,30-07-2025,11:27:46,COMPLETED,0,1
79KWH,8,1,FULL,30-07-2025,11:27:37,30-07-2025,11:27:38,30-07-2025,11:30:08,COMPLETED,0,1
79KWH,8,3,FULL,30-07-2025,11:28:51,30-07-2025,11:28:52,30-07-2025,11:29:58,COMPLETED,0,1
79KWH,8,2,FULL,30-07-2025,11:28:57,30-07-2025,11:28:58,30-07-2025,11:30:26,COMPLETED,0,1
79KWH,8,1,FULL,30-07-2025,11:30:28,30-07-2025,11:30:28,30-07-2025,11:32:55,COMPLETED,0,1
79KWH,8,3,FULL,30-07-2025,11:31:34,30-07-2025,11:31:35,30-07-2025,11:32:40,COMPLETED,0,1
79KWH,8,2,FULL,30-07-2025,11:31:50,30-07-2025,11:31:51,30-07-2025,11:33:22,COMPLETED,0,1
79KWH,8,1,FULL,30-07-2025,11:33:14,30-07-2025,11:33:14,30-07-2025,11:35:45,COMPLETED,0,1
79KWH,8,3,FULL,30-07-2025,11:34:27,30-07-2025,11:34:27,30-07-2025,11:35:36,COMPLETED,0,1
79KWH,8,2,FULL,30-07-2025,11:34:34,30-07-2025,11:34:34,30-07-2025,11:36:03,COMPLETED,0,1
79KWH,8,1,FULL,30-07-2025,11:36:03,30-07-2025,11:36:04,30-07-2025,11:38:30,COMPLETED,0,1
79KWH,8,3,FULL,30-07-2025,11:37:13,30-07-2025,11:37:14,30-07-2025,11:38:21,COMPLETED,0,1
79KWH,8,2,FULL,30-07-2025,11:37:24,30-07-2025,11:37:24,30-07-2025,11:38:56,COMPLETED,0,1
79KWH,8,1,FULL,30-07-2025,11:38:49,30-07-2025,11:38:49,30-07-2025,11:41:21,COMPLETED,0,1
79KWH,8,3,FULL,30-07-2025,11:40:01,30-07-2025,11:40:03,30-07-2025,11:41:12,COMPLETED,0,1
79KWH,8,2,FULL,30-07-2025,11:40:07,30-07-2025,11:40:07,30-07-2025,11:41:39,COMPLETED,0,1
79KWH,8,1,FULL,30-07-2025,12:31:30,30-07-2025,12:31:31,30-07-2025,12:34:01,COMPLETED,0,1
79KWH,8,3,FULL,30-07-2025,12:32:40,30-07-2025,12:32:40,30-07-2025,12:34:39,COMPLETED,0,1
79KWH,8,2,FULL,30-07-2025,12:32:56,30-07-2025,12:32:57,30-07-2025,12:35:09,COMPLETED,0,1
79KWH,8,1,FULL,30-07-2025,12:34:19,30-07-2025,12:34:20,30-07-2025,12:36:51,COMPLETED,0,1
79KWH,8,3,FULL,30-07-2025,12:35:31,30-07-2025,12:35:32,30-07-2025,12:36:43,COMPLETED,0,1
79KWH,8,2,FULL,30-07-2025,12:35:36,30-07-2025,12:35:37,30-07-2025,12:37:08,COMPLETED,0,1
79KWH,8,1,FULL,30-07-2025,12:37:07,30-07-2025,12:37:08,30-07-2025,12:39:39,COMPLETED,0,1
79KWH,8,3,FULL,30-07-2025,12:38:14,30-07-2025,12:38:15,30-07-2025,12:39:24,COMPLETED,0,1
79KWH,8,2,FULL,30-07-2025,12:38:29,30-07-2025,12:38:30,30-07-2025,12:40:04,COMPLETED,0,1
79KWH,8,1,FULL,30-07-2025,12:39:54,30-07-2025,12:39:56,30-07-2025,12:42:28,COMPLETED,0,1
79KWH,8,3,FULL,30-07-2025,12:41:07,30-07-2025,12:41:08,30-07-2025,12:42:20,COMPLETED,0,1
79KWH,8,2,FULL,30-07-2025,12:41:13,30-07-2025,12:41:14,30-07-2025,12:42:46,COMPLETED,0,1
79KWH,8,1,FULL,30-07-2025,12:42:44,30-07-2025,12:42:45,30-07-2025,12:45:17,COMPLETED,0,1
79KWH,8,3,FULL,30-07-2025,12:43:50,30-07-2025,12:43:50,30-07-2025,12:45:01,COMPLETED,0,1
79KWH,8,2,FULL,30-07-2025,12:44:05,30-07-2025,12:44:06,30-07-2025,12:45:40,COMPLETED,0,1
79KWH,8,1,FULL,30-07-2025,12:45:31,30-07-2025,12:45:32,30-07-2025,12:48:04,COMPLETED,0,1
79KWH,8,3,FULL,30-07-2025,12:46:46,30-07-2025,12:46:46,30-07-2025,12:48:00,COMPLETED,0,1
79KWH,8,2,FULL,30-07-2025,12:46:48,30-07-2025,12:46:49,30-07-2025,12:48:22,COMPLETED,0,1
79KWH,8,1,FULL,30-07-2025,12:48:18,30-07-2025,12:48:20,30-07-2025,12:50:53,COMPLETED,0,1
79KWH,8,3,FULL,30-07-2025,12:49:25,30-07-2025,12:50:02,30-07-2025,12:52:02,COMPLETED,0,1
79KWH,8,2,FULL,30-07-2025,12:49:39,30-07-2025,12:50:20,30-07-2025,12:52:35,COMPLETED,0,1
79KWH,8,1,FULL,30-07-2025,12:51:04,30-07-2025,12:51:05,30-07-2025,12:53:42,COMPLETED,0,1
79KWH,8,3,FULL,30-07-2025,12:52:20,30-07-2025,12:53:58,30-07-2025,12:56:02,COMPLETED,0,1
79KWH,8,2,FULL,30-07-2025,12:52:40,30-07-2025,12:52:44,30-07-2025,12:54:19,COMPLETED,0,1
79KWH,8,1,FULL,30-07-2025,12:53:54,30-07-2025,12:53:55,30-07-2025,12:56:33,COMPLETED,0,1
79KWH,8,2,FULL,30-07-2025,12:55:18,30-07-2025,12:56:14,30-07-2025,12:58:28,COMPLETED,0,1
79KWH,8,3,FULL,30-07-2025,12:56:08,30-07-2025,12:56:10,30-07-2025,12:57:23,COMPLETED,0,1
79KWH,8,1,FULL,30-07-2025,12:56:41,30-07-2025,12:56:42,30-07-2025,12:59:14,COMPLETED,0,1
79KWH,8,3,FULL,30-07-2025,12:57:54,30-07-2025,12:59:22,30-07-2025,13:01:26,COMPLETED,0,1
79KWH,8,2,FULL,30-07-2025,12:58:34,30-07-2025,12:58:38,30-07-2025,13:00:14,COMPLETED,0,1
79KWH,8,1,FULL,30-07-2025,12:59:30,30-07-2025,12:59:31,30-07-2025,13:02:05,COMPLETED,0,1
79KWH,8,2,FULL,30-07-2025,13:00:52,30-07-2025,13:00:53,30-07-2025,13:02:32,COMPLETED,0,1
79KWH,8,3,FULL,30-07-2025,13:01:32,30-07-2025,13:01:35,30-07-2025,13:02:49,COMPLETED,0,1
79KWH,8,1,FULL,30-07-2025,13:02:16,30-07-2025,13:02:16,30-07-2025,13:04:56,COMPLETED,0,1
79KWH,8,3,FULL,30-07-2025,13:03:30,30-07-2025,13:03:30,30-07-2025,13:04:46,COMPLETED,0,1
79KWH,8,2,FULL,30-07-2025,13:03:34,30-07-2025,13:03:35,30-07-2025,13:05:12,COMPLETED,0,1
79KWH,8,1,FULL,30-07-2025,13:05:05,30-07-2025,13:05:06,30-07-2025,13:07:47,COMPLETED,0,1
79KWH,8,3,FULL,30-07-2025,13:06:13,30-07-2025,13:06:13,30-07-2025,13:07:27,COMPLETED,0,1
79KWH,8,2,FULL,30-07-2025,13:06:27,30-07-2025,13:06:28,30-07-2025,13:08:07,COMPLETED,0,1
79KWH,8,1,FULL,30-07-2025,13:07:55,30-07-2025,13:07:55,30-07-2025,13:10:29,COMPLETED,0,1
79KWH,8,3,FULL,30-07-2025,13:09:05,30-07-2025,13:09:37,30-07-2025,13:11:41,COMPLETED,0,1
79KWH,8,2,FULL,30-07-2025,13:09:10,30-07-2025,13:10:09,30-07-2025,13:12:23,COMPLETED,0,1
79KWH,8,1,FULL,30-07-2025,13:10:41,30-07-2025,13:10:42,30-07-2025,13:13:13,COMPLETED,0,1
79KWH,8,3,FULL,30-07-2025,13:11:47,30-07-2025,13:11:51,30-07-2025,13:13:07,COMPLETED,0,1
79KWH,8,2,FULL,30-07-2025,13:12:32,30-07-2025,13:14:18,30-07-2025,13:16:35,COMPLETED,0,1
79KWH,8,1,FULL,30-07-2025,13:13:27,30-07-2025,13:13:27,30-07-2025,13:16:02,COMPLETED,0,1
79KWH,8,3,FULL,30-07-2025,13:14:40,30-07-2025,13:15:03,30-07-2025,13:17:08,COMPLETED,0,1
79KWH,8,2,FULL,30-07-2025,13:16:41,30-07-2025,13:16:44,30-07-2025,13:18:24,COMPLETED,0,1
79KWH,8,1,FULL,30-07-2025,13:24:39,30-07-2025,13:24:39,30-07-2025,13:27:17,COMPLETED,0,1
79KWH,8,3,FULL,30-07-2025,13:25:47,30-07-2025,13:25:47,30-07-2025,13:27:53,COMPLETED,0,1
79KWH,8,2,FULL,30-07-2025,13:25:58,30-07-2025,13:25:59,30-07-2025,13:27:41,COMPLETED,0,1
79KWH,8,1,FULL,30-07-2025,13:27:23,30-07-2025,13:27:26,30-07-2025,13:29:59,COMPLETED,0,1
79KWH,8,3,FULL,30-07-2025,13:28:35,30-07-2025,13:28:36,30-07-2025,13:29:54,COMPLETED,0,1
79KWH,8,2,FULL,30-07-2025,13:28:44,30-07-2025,13:28:44,30-07-2025,13:30:28,COMPLETED,0,1
79KWH,8,1,FULL,30-07-2025,13:30:12,30-07-2025,13:30:14,30-07-2025,13:32:51,COMPLETED,0,1
79KWH,8,3,FULL,30-07-2025,13:31:22,30-07-2025,13:31:23,30-07-2025,13:32:43,COMPLETED,0,1
79KWH,8,2,FULL,30-07-2025,13:31:33,30-07-2025,13:31:33,30-07-2025,13:33:14,COMPLETED,0,1
79KWH,8,1,FULL,30-07-2025,13:32:59,30-07-2025,13:32:59,30-07-2025,13:35:37,COMPLETED,0,1
79KWH,8,3,FULL,30-07-2025,13:34:57,30-07-2025,13:34:58,30-07-2025,13:36:16,COMPLETED,0,1
79KWH,8,2,FULL,30-07-2025,13:35:06,30-07-2025,13:35:08,30-07-2025,13:36:52,COMPLETED,0,1
79KWH,8,1,FULL,30-07-2025,14:24:18,30-07-2025,14:24:18,30-07-2025,14:26:55,COMPLETED,0,1
79KWH,8,3,FULL,30-07-2025,14:25:27,30-07-2025,14:26:16,30-07-2025,14:28:24,COMPLETED,0,1
79KWH,8,2,FULL,30-07-2025,14:25:37,30-07-2025,14:25:49,30-07-2025,14:28:05,COMPLETED,0,1
79KWH,8,1,FULL,30-07-2025,14:27:04,30-07-2025,14:27:05,30-07-2025,14:29:43,COMPLETED,0,1
79KWH,8,2,FULL,30-07-2025,14:28:24,30-07-2025,14:29:59,30-07-2025,14:32:16,COMPLETED,0,1
79KWH,8,3,FULL,30-07-2025,14:28:30,30-07-2025,14:28:32,30-07-2025,14:29:53,COMPLETED,0,1
79KWH,8,1,FULL,30-07-2025,14:29:52,30-07-2025,14:29:53,30-07-2025,14:32:29,COMPLETED,0,1
79KWH,8,3,FULL,30-07-2025,14:31:00,30-07-2025,14:32:13,30-07-2025,14:34:21,COMPLETED,0,1
79KWH,8,2,FULL,30-07-2025,14:32:23,30-07-2025,14:32:26,30-07-2025,14:34:08,COMPLETED,0,1
79KWH,8,1,FULL,30-07-2025,14:32:39,30-07-2025,14:32:40,30-07-2025,14:35:24,COMPLETED,0,1
79KWH,8,2,FULL,30-07-2025,14:34:15,30-07-2025,14:34:16,30-07-2025,14:36:03,COMPLETED,0,1
79KWH,8,3,FULL,30-07-2025,14:34:27,30-07-2025,14:34:31,30-07-2025,14:35:53,COMPLETED,0,1
79KWH,8,1,FULL,30-07-2025,14:35:30,30-07-2025,14:35:33,30-07-2025,14:38:11,COMPLETED,0,1
79KWH,8,3,FULL,30-07-2025,14:36:37,30-07-2025,14:38:11,30-07-2025,14:40:19,COMPLETED,0,1
79KWH,8,2,FULL,30-07-2025,14:36:48,30-07-2025,14:36:49,30-07-2025,14:38:33,COMPLETED,0,1
79KWH,8,1,FULL,30-07-2025,14:38:20,30-07-2025,14:38:21,30-07-2025,14:41:00,COMPLETED,0,1
79KWH,8,2,FULL,30-07-2025,14:39:34,30-07-2025,14:39:35,30-07-2025,14:41:22,COMPLETED,0,1
79KWH,8,3,FULL,30-07-2025,14:40:25,30-07-2025,14:40:29,30-07-2025,14:41:51,COMPLETED,0,1
79KWH,8,1,FULL,30-07-2025,14:41:07,30-07-2025,14:41:09,30-07-2025,14:43:48,COMPLETED,0,1
79KWH,8,3,FULL,30-07-2025,14:42:12,30-07-2025,14:42:14,30-07-2025,14:43:40,COMPLETED,0,1
79KWH,8,2,FULL,30-07-2025,14:42:24,30-07-2025,14:42:25,30-07-2025,14:44:10,COMPLETED,0,1
79KWH,8,1,FULL,30-07-2025,14:43:55,30-07-2025,14:43:55,30-07-2025,14:46:36,COMPLETED,0,1
79KWH,8,3,FULL,30-07-2025,14:45:02,30-07-2025,14:45:02,30-07-2025,14:46:27,COMPLETED,0,1
79KWH,8,2,FULL,30-07-2025,14:45:10,30-07-2025,14:45:11,30-07-2025,14:47:00,COMPLETED,0,1
79KWH,8,1,FULL,30-07-2025,14:46:42,30-07-2025,14:46:45,30-07-2025,14:49:24,COMPLETED,0,1
79KWH,8,3,FULL,30-07-2025,14:47:48,30-07-2025,14:47:49,30-07-2025,14:49:17,COMPLETED,0,1
79KWH,8,2,FULL,30-07-2025,14:47:58,30-07-2025,14:48:00,30-07-2025,14:49:48,COMPLETED,0,1
79KWH,8,1,FULL,30-07-2025,14:49:32,30-07-2025,14:49:33,30-07-2025,14:52:15,COMPLETED,0,1
79KWH,8,3,FULL,30-07-2025,14:50:37,30-07-2025,14:50:38,30-07-2025,14:52:04,COMPLETED,0,1
79KWH,8,2,FULL,30-07-2025,14:50:45,30-07-2025,14:50:46,30-07-2025,14:52:35,COMPLETED,0,1
79KWH,8,1,FULL,30-07-2025,14:52:20,30-07-2025,14:52:24,30-07-2025,14:55:04,COMPLETED,0,1
79KWH,8,3,FULL,30-07-2025,14:53:23,30-07-2025,14:53:24,30-07-2025,14:54:51,COMPLETED,0,1
79KWH,8,2,FULL,30-07-2025,14:53:34,30-07-2025,14:53:35,30-07-2025,14:55:23,COMPLETED,0,1
79KWH,8,1,FULL,30-07-2025,14:55:12,30-07-2025,14:55:13,30-07-2025,14:57:56,COMPLETED,0,1
79KWH,8,3,FULL,30-07-2025,14:56:12,30-07-2025,14:56:13,30-07-2025,14:57:39,COMPLETED,0,1
79KWH,8,2,FULL,30-07-2025,14:56:20,30-07-2025,14:56:21,30-07-2025,14:58:10,COMPLETED,0,1
79KWH,8,1,FULL,30-07-2025,14:58:02,30-07-2025,14:58:04,30-07-2025,15:00:46,COMPLETED,0,1
79KWH,8,3,FULL,30-07-2025,14:58:58,30-07-2025,14:59:00,30-07-2025,15:00:30,COMPLETED,0,1
79KWH,8,2,FULL,30-07-2025,14:59:09,30-07-2025,14:59:09,30-07-2025,15:00:57,COMPLETED,0,1
79KWH,8,1,FULL,30-07-2025,15:00:55,30-07-2025,15:00:55,30-07-2025,15:03:39,COMPLETED,0,1
79KWH,8,3,FULL,30-07-2025,15:01:47,30-07-2025,15:01:48,30-07-2025,15:03:16,COMPLETED,0,1
79KWH,8,2,FULL,30-07-2025,15:01:55,30-07-2025,15:01:56,30-07-2025,15:03:47,COMPLETED,0,1
79KWH,8,1,FULL,30-07-2025,15:03:44,30-07-2025,15:03:48,30-07-2025,15:06:30,COMPLETED,0,1
79KWH,8,3,FULL,30-07-2025,15:04:33,30-07-2025,15:04:34,30-07-2025,15:06:04,COMPLETED,0,1
79KWH,8,2,FULL,30-07-2025,15:04:45,30-07-2025,15:04:46,30-07-2025,15:06:35,COMPLETED,0,1
79KWH,8,1,FULL,30-07-2025,15:06:38,30-07-2025,15:06:39,30-07-2025,15:09:25,COMPLETED,0,1
79KWH,8,3,FULL,30-07-2025,15:07:21,30-07-2025,15:07:22,30-07-2025,15:08:51,COMPLETED,0,1
79KWH,8,2,FULL,30-07-2025,15:07:31,30-07-2025,15:07:33,30-07-2025,15:09:25,COMPLETED,0,1
79KWH,8,1,FULL,30-07-2025,15:09:31,30-07-2025,15:09:33,30-07-2025,15:12:17,COMPLETED,0,1
79KWH,8,3,FULL,30-07-2025,15:10:08,30-07-2025,15:10:09,30-07-2025,15:11:39,COMPLETED,0,1
79KWH,8,2,FULL,30-07-2025,15:10:21,30-07-2025,15:10:22,30-07-2025,15:12:14,COMPLETED,0,1
79KWH,8,1,FULL,30-07-2025,15:12:25,30-07-2025,15:12:26,30-07-2025,15:15:12,COMPLETED,0,1
79KWH,8,3,FULL,30-07-2025,16:02:58,30-07-2025,16:04:18,30-07-2025,16:06:27,COMPLETED,0,1
79KWH,8,2,FULL,30-07-2025,16:03:12,30-07-2025,16:03:13,30-07-2025,16:05:35,COMPLETED,0,1
79KWH,8,1,FULL,30-07-2025,16:04:34,30-07-2025,16:04:35,30-07-2025,16:07:19,COMPLETED,0,1
79KWH,8,2,FULL,30-07-2025,16:05:55,30-07-2025,16:05:57,30-07-2025,16:07:49,COMPLETED,0,1
79KWH,8,3,FULL,30-07-2025,16:06:34,30-07-2025,16:06:34,30-07-2025,16:08:06,COMPLETED,0,1
79KWH,8,1,FULL,30-07-2025,16:07:27,30-07-2025,16:07:28,30-07-2025,16:10:16,COMPLETED,0,1
79KWH,8,3,FULL,30-07-2025,16:08:31,30-07-2025,16:08:32,30-07-2025,16:10:02,COMPLETED,0,1
79KWH,8,2,FULL,30-07-2025,16:08:47,30-07-2025,16:08:48,30-07-2025,16:10:43,COMPLETED,0,1
79KWH,8,1,FULL,30-07-2025,16:10:22,30-07-2025,16:10:24,30-07-2025,16:13:11,COMPLETED,0,1
79KWH,8,3,FULL,30-07-2025,16:11:23,30-07-2025,16:11:25,30-07-2025,16:12:58,COMPLETED,0,1
79KWH,8,2,FULL,30-07-2025,16:11:30,30-07-2025,16:11:31,30-07-2025,16:13:24,COMPLETED,0,1
79KWH,8,1,FULL,30-07-2025,16:13:19,30-07-2025,16:13:20,30-07-2025,16:16:08,COMPLETED,0,1
79KWH,8,3,FULL,30-07-2025,16:14:09,30-07-2025,16:14:10,30-07-2025,16:15:41,COMPLETED,0,1
79KWH,8,2,FULL,30-07-2025,16:14:22,30-07-2025,16:14:23,30-07-2025,16:16:18,COMPLETED,0,1
79KWH,8,1,FULL,30-07-2025,16:16:14,30-07-2025,16:16:17,30-07-2025,16:19:03,COMPLETED,0,1
79KWH,8,3,FULL,30-07-2025,16:17:00,30-07-2025,16:17:01,30-07-2025,16:18:36,COMPLETED,0,1
79KWH,8,2,FULL,30-07-2025,16:17:05,30-07-2025,16:17:06,30-07-2025,16:19:00,COMPLETED,0,1
79KWH,8,1,FULL,30-07-2025,16:19:11,30-07-2025,16:19:12,30-07-2025,16:21:03,COMPLETED,0,1
79KWH,8,3,FULL,30-07-2025,16:19:43,30-07-2025,16:19:44,30-07-2025,16:21:17,COMPLETED,0,1
79KWH,8,2,FULL,30-07-2025,16:21:12,30-07-2025,16:21:12,30-07-2025,16:23:09,COMPLETED,0,1
79KWH,8,1,FULL,30-07-2025,16:22:34,30-07-2025,16:22:35,30-07-2025,16:23:29,COMPLETED,0,1
79KWH,8,3,FULL,30-07-2025,16:23:49,30-07-2025,16:23:50,30-07-2025,16:25:26,COMPLETED,0,1
79KWH,8,2,FULL,30-07-2025,16:23:54,30-07-2025,16:23:55,30-07-2025,16:25:51,COMPLETED,0,1
79KWH,8,1,FULL,30-07-2025,16:25:27,30-07-2025,16:25:27,30-07-2025,16:26:23,COMPLETED,0,1
79KWH,8,3,FULL,30-07-2025,16:26:32,30-07-2025,16:27:52,30-07-2025,16:30:04,COMPLETED,0,1
79KWH,8,2,FULL,30-07-2025,16:26:46,30-07-2025,16:27:53,30-07-2025,16:30:18,COMPLETED,0,1
79KWH,8,1,FULL,30-07-2025,16:28:09,30-07-2025,16:28:09,30-07-2025,16:29:02,COMPLETED,0,1
79KWH,8,3,FULL,30-07-2025,16:30:12,30-07-2025,16:32:23,30-07-2025,16:34:38,COMPLETED,0,1
79KWH,8,2,FULL,30-07-2025,16:30:25,30-07-2025,16:30:28,30-07-2025,16:32:24,COMPLETED,0,1
79KWH,8,1,FULL,30-07-2025,16:31:01,30-07-2025,16:31:03,30-07-2025,16:31:59,COMPLETED,0,1
79KWH,8,2,FULL,30-07-2025,16:32:32,30-07-2025,16:34:22,30-07-2025,16:36:47,COMPLETED,0,1
79KWH,8,1,FULL,30-07-2025,16:33:44,30-07-2025,16:33:45,30-07-2025,16:34:38,COMPLETED,0,1
79KWH,8,3,FULL,30-07-2025,16:34:45,30-07-2025,16:34:48,30-07-2025,16:36:23,COMPLETED,0,1
79KWH,8,3,FULL,30-07-2025,16:36:32,30-07-2025,16:38:46,30-07-2025,16:41:03,COMPLETED,0,1
79KWH,8,2,FULL,30-07-2025,16:36:53,30-07-2025,16:36:57,30-07-2025,16:38:54,COMPLETED,0,1
79KWH,8,1,FULL,30-07-2025,16:39:11,30-07-2025,16:39:12,30-07-2025,16:40:07,COMPLETED,0,1
79KWH,8,2,FULL,30-07-2025,16:40:31,30-07-2025,16:40:32,30-07-2025,16:42:33,COMPLETED,0,1
79KWH,8,3,FULL,30-07-2025,16:41:09,30-07-2025,16:41:11,30-07-2025,16:42:48,COMPLETED,0,1
79KWH,8,1,FULL,30-07-2025,16:41:53,30-07-2025,16:41:55,30-07-2025,16:53:18,COMPLETED,0,1
79KWH,8,3,FULL,30-07-2025,16:43:09,30-07-2025,16:43:11,30-07-2025,16:44:50,COMPLETED,0,1
79KWH,8,2,FULL,30-07-2025,16:43:14,30-07-2025,16:43:15,30-07-2025,16:45:14,COMPLETED,0,1
79KWH,8,3,FULL,30-07-2025,16:45:51,30-07-2025,16:45:52,30-07-2025,16:47:30,COMPLETED,0,1
79KWH,8,2,FULL,30-07-2025,16:46:06,30-07-2025,16:46:06,30-07-2025,16:48:09,COMPLETED,0,1
79KWH,8,3,FULL,30-07-2025,16:48:45,30-07-2025,16:50:51,30-07-2025,16:53:07,COMPLETED,0,1
79KWH,8,2,FULL,30-07-2025,16:48:49,30-07-2025,16:50:38,30-07-2025,16:53:02,COMPLETED,0,1
79KWH,8,2,FULL,30-07-2025,16:53:10,30-07-2025,16:55:02,30-07-2025,16:57:29,COMPLETED,0,1
79KWH,8,3,FULL,30-07-2025,16:53:13,30-07-2025,16:55:33,30-07-2025,16:57:48,COMPLETED,0,1
79KWH,8,1,FULL,30-07-2025,16:53:26,30-07-2025,16:53:27,30-07-2025,16:54:25,COMPLETED,0,1
79KWH,8,1,FULL,30-07-2025,16:54:30,30-07-2025,16:54:33,30-07-2025,16:55:29,COMPLETED,0,1
79KWH,8,1,FULL,30-07-2025,16:55:38,30-07-2025,16:55:39,30-07-2025,16:56:38,COMPLETED,0,1
79KWH,8,1,FULL,30-07-2025,16:56:45,30-07-2025,16:56:46,30-07-2025,16:57:44,COMPLETED,0,1
79KWH,8,2,FULL,30-07-2025,16:57:35,30-07-2025,16:57:38,30-07-2025,16:59:38,COMPLETED,0,1
79KWH,8,1,FULL,30-07-2025,16:57:53,30-07-2025,16:57:55,30-07-2025,16:58:56,COMPLETED,0,1
79KWH,8,3,FULL,30-07-2025,16:57:56,30-07-2025,17:00:07,30-07-2025,17:02:24,COMPLETED,0,1
79KWH,8,1,FULL,30-07-2025,16:59:02,30-07-2025,16:59:05,30-07-2025,17:00:04,COMPLETED,0,1
79KWH,8,2,FULL,30-07-2025,16:59:46,30-07-2025,16:59:47,30-07-2025,17:01:50,COMPLETED,0,1
79KWH,8,1,FULL,30-07-2025,17:00:33,30-07-2025,17:00:34,30-07-2025,17:01:36,COMPLETED,0,1
79KWH,8,3,FULL,30-07-2025,17:02:29,30-07-2025,17:02:33,30-07-2025,17:04:13,COMPLETED,0,1
79KWH,8,3,FULL,30-07-2025,17:04:24,30-07-2025,17:04:25,30-07-2025,17:06:06,COMPLETED,0,1
79KWH,8,3,FULL,30-07-2025,17:06:13,30-07-2025,17:06:16,30-07-2025,17:07:56,COMPLETED,0,1
79KWH,8,2,FULL,30-07-2025,17:07:59,30-07-2025,17:10:10,30-07-2025,17:12:35,COMPLETED,0,1
79KWH,8,1,FULL,30-07-2025,17:09:09,30-07-2025,17:09:09,30-07-2025,17:10:09,COMPLETED,0,1
79KWH,8,3,FULL,30-07-2025,17:10:04,30-07-2025,17:10:20,30-07-2025,17:12:39,COMPLETED,0,1
79KWH,8,1,FULL,30-07-2025,17:11:22,30-07-2025,17:11:24,30-07-2025,17:12:33,COMPLETED,0,1
79KWH,8,2,FULL,30-07-2025,17:12:43,30-07-2025,17:12:44,30-07-2025,17:14:48,COMPLETED,0,1
79KWH,8,3,FULL,30-07-2025,17:13:33,30-07-2025,17:14:22,30-07-2025,17:16:38,COMPLETED,0,1
79KWH,8,2,FULL,31-07-2025,07:38:41,31-07-2025,07:38:41,31-07-2025,07:41:09,COMPLETED,0,1
79KWH,8,1,FULL,31-07-2025,07:40:02,31-07-2025,07:40:03,31-07-2025,07:41:07,COMPLETED,0,1
79KWH,8,3,FULL,31-07-2025,07:41:16,31-07-2025,07:41:17,31-07-2025,07:43:36,COMPLETED,0,1
79KWH,8,2,FULL,31-07-2025,07:41:21,31-07-2025,07:42:43,31-07-2025,07:45:09,COMPLETED,0,1
79KWH,8,1,FULL,31-07-2025,07:42:50,31-07-2025,07:42:51,31-07-2025,07:43:54,COMPLETED,0,1
79KWH,8,3,FULL,31-07-2025,07:43:59,31-07-2025,07:43:59,31-07-2025,07:45:42,COMPLETED,0,1
79KWH,8,2,FULL,31-07-2025,07:45:17,31-07-2025,07:46:37,31-07-2025,07:49:05,COMPLETED,0,1
79KWH,8,1,FULL,31-07-2025,07:45:38,31-07-2025,07:45:39,31-07-2025,07:46:45,COMPLETED,0,1
79KWH,8,3,FULL,31-07-2025,07:47:04,31-07-2025,07:47:04,31-07-2025,07:48:51,COMPLETED,0,1
79KWH,8,1,FULL,31-07-2025,07:48:40,31-07-2025,07:48:40,31-07-2025,07:49:44,COMPLETED,0,1
79KWH,8,2,FULL,31-07-2025,07:49:10,31-07-2025,07:49:14,31-07-2025,07:51:18,COMPLETED,0,1
79KWH,8,3,FULL,31-07-2025,07:49:46,31-07-2025,07:49:46,31-07-2025,07:51:31,COMPLETED,0,1
79KWH,8,2,FULL,31-07-2025,07:51:25,31-07-2025,07:51:26,31-07-2025,07:53:35,COMPLETED,0,1
79KWH,8,1,FULL,31-07-2025,07:51:26,31-07-2025,07:51:27,31-07-2025,07:52:34,COMPLETED,0,1
79KWH,8,3,FULL,31-07-2025,07:52:40,31-07-2025,07:52:40,31-07-2025,07:54:27,COMPLETED,0,1
79KWH,8,2,FULL,31-07-2025,07:53:41,31-07-2025,07:53:43,31-07-2025,07:55:48,COMPLETED,0,1
79KWH,8,1,FULL,31-07-2025,07:54:12,31-07-2025,07:54:13,31-07-2025,07:55:18,COMPLETED,0,1
79KWH,8,3,FULL,31-07-2025,07:55:21,31-07-2025,07:55:22,31-07-2025,07:57:07,COMPLETED,0,1
79KWH,8,2,FULL,31-07-2025,07:55:56,31-07-2025,07:55:57,31-07-2025,07:58:06,COMPLETED,0,1
79KWH,8,1,FULL,31-07-2025,07:56:59,31-07-2025,07:56:59,31-07-2025,07:58:08,COMPLETED,0,1
79KWH,8,3,FULL,31-07-2025,07:58:13,31-07-2025,07:58:14,31-07-2025,08:00:02,COMPLETED,0,1
79KWH,8,2,FULL,31-07-2025,07:58:19,31-07-2025,07:59:40,31-07-2025,08:02:08,COMPLETED,0,1
79KWH,8,1,FULL,31-07-2025,07:59:49,31-07-2025,07:59:49,31-07-2025,08:00:55,COMPLETED,0,1
79KWH,8,3,FULL,31-07-2025,08:00:56,31-07-2025,08:00:57,31-07-2025,08:02:43,COMPLETED,0,1
79KWH,8,2,FULL,31-07-2025,08:02:16,31-07-2025,08:03:34,31-07-2025,08:06:05,COMPLETED,0,1
79KWH,8,1,FULL,31-07-2025,08:02:47,31-07-2025,08:02:48,31-07-2025,08:03:57,COMPLETED,0,1
79KWH,8,3,FULL,31-07-2025,08:04:29,31-07-2025,08:04:30,31-07-2025,08:06:18,COMPLETED,0,1
79KWH,8,1,FULL,31-07-2025,08:06:03,31-07-2025,08:06:03,31-07-2025,08:07:10,COMPLETED,0,1
79KWH,8,2,FULL,31-07-2025,08:06:16,31-07-2025,08:07:37,31-07-2025,08:10:08,COMPLETED,0,1
79KWH,8,3,FULL,31-07-2025,08:07:12,31-07-2025,08:07:13,31-07-2025,08:09:00,COMPLETED,0,1
79KWH,8,1,FULL,31-07-2025,08:08:49,31-07-2025,08:08:50,31-07-2025,08:10:03,COMPLETED,0,1
79KWH,8,3,FULL,31-07-2025,08:10:03,31-07-2025,08:10:05,31-07-2025,08:11:55,COMPLETED,0,1
79KWH,8,2,FULL,31-07-2025,08:10:14,31-07-2025,08:10:17,31-07-2025,08:12:25,COMPLETED,0,1
79KWH,8,1,FULL,31-07-2025,08:10:41,31-07-2025,08:10:42,31-07-2025,08:11:50,COMPLETED,0,1
79KWH,8,3,FULL,31-07-2025,09:11:03,31-07-2025,09:11:04,31-07-2025,09:12:53,COMPLETED,0,1
79KWH,8,2,FULL,31-07-2025,09:11:10,31-07-2025,09:11:42,31-07-2025,09:14:09,COMPLETED,0,1
79KWH,8,1,FULL,31-07-2025,09:12:44,31-07-2025,09:12:44,31-07-2025,09:13:56,COMPLETED,0,1
79KWH,8,3,FULL,31-07-2025,09:13:51,31-07-2025,09:13:51,31-07-2025,09:15:43,COMPLETED,0,1
79KWH,8,2,FULL,31-07-2025,09:14:17,31-07-2025,09:15:41,31-07-2025,09:18:12,COMPLETED,0,1
79KWH,8,1,FULL,31-07-2025,09:15:24,31-07-2025,09:15:25,31-07-2025,09:16:34,COMPLETED,0,1
79KWH,8,3,FULL,31-07-2025,09:29:54,31-07-2025,09:29:55,31-07-2025,09:31:43,COMPLETED,0,1
79KWH,8,2,FULL,31-07-2025,09:30:01,31-07-2025,09:40:32,31-07-2025,09:43:01,COMPLETED,0,1
79KWH,8,1,FULL,31-07-2025,09:31:32,31-07-2025,09:31:33,31-07-2025,09:32:46,COMPLETED,0,1
79KWH,8,3,FULL,31-07-2025,09:32:41,31-07-2025,09:32:42,31-07-2025,09:34:34,COMPLETED,0,1
79KWH,8,1,FULL,31-07-2025,09:34:15,31-07-2025,09:34:15,31-07-2025,09:35:25,COMPLETED,0,1
79KWH,8,3,FULL,31-07-2025,09:35:29,31-07-2025,09:35:30,31-07-2025,09:37:21,COMPLETED,0,1
79KWH,8,1,FULL,31-07-2025,09:36:09,31-07-2025,09:36:10,31-07-2025,09:37:23,COMPLETED,0,1
79KWH,8,3,FULL,31-07-2025,09:37:29,31-07-2025,09:37:32,31-07-2025,09:39:25,COMPLETED,0,1
79KWH,8,1,FULL,31-07-2025,09:37:59,31-07-2025,09:38:00,31-07-2025,09:39:10,COMPLETED,0,1
79KWH,8,3,FULL,31-07-2025,09:39:32,31-07-2025,09:39:34,31-07-2025,09:41:25,COMPLETED,0,1
79KWH,8,1,FULL,31-07-2025,09:39:53,31-07-2025,09:39:54,31-07-2025,09:41:08,COMPLETED,0,1
79KWH,8,2,FULL,31-07-2025,09:43:09,31-07-2025,09:44:32,31-07-2025,09:47:03,COMPLETED,0,1
79KWH,8,2,FULL,31-07-2025,09:48:48,31-07-2025,09:50:01,31-07-2025,09:52:30,COMPLETED,0,1
79KWH,8,3,FULL,31-07-2025,09:48:57,31-07-2025,09:48:57,31-07-2025,09:50:51,COMPLETED,0,1
79KWH,8,1,FULL,31-07-2025,09:49:58,31-07-2025,09:49:59,31-07-2025,09:51:10,COMPLETED,0,1
79KWH,8,3,FULL,31-07-2025,09:50:57,31-07-2025,09:51:00,31-07-2025,09:52:53,COMPLETED,0,1
79KWH,8,1,FULL,31-07-2025,09:52:27,31-07-2025,09:52:28,31-07-2025,09:53:43,COMPLETED,0,1
79KWH,8,2,FULL,31-07-2025,09:52:38,31-07-2025,09:53:56,31-07-2025,09:56:29,COMPLETED,0,1
79KWH,8,3,FULL,31-07-2025,09:53:39,31-07-2025,09:53:39,31-07-2025,09:55:35,COMPLETED,0,1
79KWH,8,2,FULL,31-07-2025,09:56:35,31-07-2025,09:58:00,31-07-2025,10:00:30,COMPLETED,0,1
79KWH,8,1,FULL,31-07-2025,09:57:53,31-07-2025,09:57:53,31-07-2025,09:59:07,COMPLETED,0,1
79KWH,8,2,FULL,31-07-2025,10:00:59,31-07-2025,10:01:55,31-07-2025,10:04:28,COMPLETED,0,1
79KWH,8,3,FULL,31-07-2025,10:01:05,31-07-2025,10:01:07,31-07-2025,10:03:00,COMPLETED,0,1
79KWH,8,1,FULL,31-07-2025,10:02:11,31-07-2025,10:02:11,31-07-2025,10:03:28,COMPLETED,0,1
79KWH,8,3,FULL,31-07-2025,10:03:08,31-07-2025,10:03:08,31-07-2025,10:05:05,COMPLETED,0,1
79KWH,8,2,FULL,31-07-2025,10:04:34,31-07-2025,10:05:58,31-07-2025,10:08:28,COMPLETED,0,1
79KWH,8,1,FULL,31-07-2025,10:04:40,31-07-2025,10:04:41,31-07-2025,10:05:56,COMPLETED,0,1
79KWH,8,3,FULL,31-07-2025,10:05:46,31-07-2025,10:05:46,31-07-2025,10:07:41,COMPLETED,0,1
79KWH,8,1,FULL,31-07-2025,10:07:26,31-07-2025,10:07:27,31-07-2025,10:08:46,COMPLETED,0,1
79KWH,8,2,FULL,31-07-2025,10:08:36,31-07-2025,10:09:52,31-07-2025,10:12:25,COMPLETED,0,1
79KWH,8,3,FULL,31-07-2025,10:08:39,31-07-2025,10:08:40,31-07-2025,10:10:38,COMPLETED,0,1
79KWH,8,1,FULL,31-07-2025,10:10:14,31-07-2025,10:10:16,31-07-2025,10:11:32,COMPLETED,0,1
79KWH,8,3,FULL,31-07-2025,10:11:21,31-07-2025,10:11:23,31-07-2025,10:13:18,COMPLETED,0,1
79KWH,8,1,FULL,31-07-2025,10:12:08,31-07-2025,10:12:09,31-07-2025,10:13:28,COMPLETED,0,1
79KWH,8,2,FULL,31-07-2025,10:12:31,31-07-2025,10:12:34,31-07-2025,10:14:49,COMPLETED,0,1
79KWH,8,3,FULL,31-07-2025,10:13:26,31-07-2025,10:13:26,31-07-2025,10:15:25,COMPLETED,0,1
79KWH,8,1,FULL,31-07-2025,10:14:50,31-07-2025,10:14:51,31-07-2025,10:16:31,COMPLETED,0,1
79KWH,8,2,FULL,31-07-2025,10:14:57,31-07-2025,10:16:18,31-07-2025,10:18:51,COMPLETED,0,1
79KWH,8,3,FULL,31-07-2025,10:16:05,31-07-2025,10:16:06,31-07-2025,10:18:02,COMPLETED,0,1
79KWH,8,1,FULL,31-07-2025,10:17:42,31-07-2025,10:17:43,31-07-2025,10:19:04,COMPLETED,0,1
79KWH,8,3,FULL,31-07-2025,10:18:51,31-07-2025,10:18:52,31-07-2025,10:20:52,COMPLETED,0,1
79KWH,8,2,FULL,31-07-2025,10:18:58,31-07-2025,10:19:01,31-07-2025,10:21:16,COMPLETED,0,1
79KWH,8,1,FULL,31-07-2025,10:19:33,31-07-2025,10:19:34,31-07-2025,10:20:53,COMPLETED,0,1
79KWH,8,3,FULL,31-07-2025,10:20:58,31-07-2025,10:21:01,31-07-2025,10:22:59,COMPLETED,0,1
79KWH,8,2,FULL,31-07-2025,10:21:24,31-07-2025,10:22:40,31-07-2025,10:25:15,COMPLETED,0,1
79KWH,8,1,FULL,31-07-2025,10:22:19,31-07-2025,10:22:20,31-07-2025,10:23:41,COMPLETED,0,1
79KWH,8,3,FULL,31-07-2025,10:23:33,31-07-2025,10:23:34,31-07-2025,10:25:35,COMPLETED,0,1
79KWH,8,1,FULL,31-07-2025,10:25:09,31-07-2025,10:25:11,31-07-2025,10:26:31,COMPLETED,0,1
79KWH,8,2,FULL,31-07-2025,10:25:21,31-07-2025,10:26:44,31-07-2025,10:29:18,COMPLETED,0,1
79KWH,8,3,FULL,31-07-2025,10:26:17,31-07-2025,10:26:18,31-07-2025,10:28:18,COMPLETED,0,1
79KWH,8,1,FULL,31-07-2025,10:27:56,31-07-2025,10:27:56,31-07-2025,10:29:24,COMPLETED,0,1
79KWH,8,3,FULL,31-07-2025,10:29:10,31-07-2025,10:29:10,31-07-2025,10:31:12,COMPLETED,0,1
79KWH,8,2,FULL,31-07-2025,10:29:26,31-07-2025,10:30:43,31-07-2025,10:33:20,COMPLETED,0,1
79KWH,8,1,FULL,31-07-2025,10:29:46,31-07-2025,10:29:46,31-07-2025,10:31:06,COMPLETED,0,1
79KWH,8,3,FULL,31-07-2025,10:31:42,31-07-2025,10:31:44,31-07-2025,10:33:43,COMPLETED,0,1
79KWH,8,1,FULL,31-07-2025,10:33:21,31-07-2025,10:33:22,31-07-2025,10:34:45,COMPLETED,0,1
79KWH,8,2,FULL,31-07-2025,10:33:27,31-07-2025,10:34:48,31-07-2025,10:37:21,COMPLETED,0,1
79KWH,8,3,FULL,31-07-2025,10:34:28,31-07-2025,10:34:29,31-07-2025,10:36:32,COMPLETED,0,1
79KWH,8,1,FULL,31-07-2025,10:36:05,31-07-2025,10:36:05,31-07-2025,10:37:28,COMPLETED,0,1
79KWH,8,3,FULL,31-07-2025,10:37:19,31-07-2025,10:37:21,31-07-2025,10:39:22,COMPLETED,0,1
79KWH,8,2,FULL,31-07-2025,10:37:28,31-07-2025,10:38:45,31-07-2025,10:41:20,COMPLETED,0,1
79KWH,8,1,FULL,31-07-2025,10:37:57,31-07-2025,10:37:58,31-07-2025,10:39:22,COMPLETED,0,1
79KWH,8,3,FULL,31-07-2025,10:39:31,31-07-2025,10:39:31,31-07-2025,10:41:35,COMPLETED,0,1
79KWH,8,1,FULL,31-07-2025,10:40:45,31-07-2025,10:40:46,31-07-2025,10:42:08,COMPLETED,0,1
79KWH,8,2,FULL,31-07-2025,10:41:27,31-07-2025,10:41:29,31-07-2025,10:43:49,COMPLETED,0,1
79KWH,8,3,FULL,31-07-2025,10:41:55,31-07-2025,10:41:55,31-07-2025,10:43:57,COMPLETED,0,1
79KWH,8,1,FULL,31-07-2025,10:43:32,31-07-2025,10:43:33,31-07-2025,10:44:59,COMPLETED,0,1
79KWH,8,2,FULL,31-07-2025,10:43:58,31-07-2025,10:45:16,31-07-2025,10:47:53,COMPLETED,0,1
79KWH,8,3,FULL,31-07-2025,10:44:46,31-07-2025,10:44:47,31-07-2025,10:46:52,COMPLETED,0,1
79KWH,8,1,FULL,31-07-2025,10:46:20,31-07-2025,10:46:21,31-07-2025,10:47:49,COMPLETED,0,1
79KWH,8,3,FULL,31-07-2025,10:47:29,31-07-2025,10:47:30,31-07-2025,10:49:34,COMPLETED,0,1
79KWH,8,2,FULL,31-07-2025,10:47:59,31-07-2025,10:48:02,31-07-2025,10:50:23,COMPLETED,0,1
79KWH,8,1,FULL,31-07-2025,10:48:15,31-07-2025,10:48:15,31-07-2025,10:49:41,COMPLETED,0,1
79KWH,8,3,FULL,31-07-2025,10:49:42,31-07-2025,10:49:43,31-07-2025,10:51:48,COMPLETED,0,1
79KWH,8,2,FULL,31-07-2025,10:50:31,31-07-2025,10:53:00,31-07-2025,10:55:38,COMPLETED,0,1
79KWH,8,1,FULL,31-07-2025,10:50:58,31-07-2025,10:50:59,31-07-2025,10:52:24,COMPLETED,0,1
79KWH,8,3,FULL,31-07-2025,10:52:10,31-07-2025,10:52:11,31-07-2025,10:54:15,COMPLETED,0,1
79KWH,8,2,FULL,31-07-2025,10:55:45,31-07-2025,10:55:46,31-07-2025,10:58:08,COMPLETED,0,1
79KWH,8,1,FULL,31-07-2025,11:06:22,31-07-2025,11:06:22,31-07-2025,11:07:49,COMPLETED,0,1
79KWH,8,3,FULL,31-07-2025,11:07:29,31-07-2025,11:07:29,31-07-2025,11:09:37,COMPLETED,0,1
79KWH,8,2,FULL,31-07-2025,11:07:42,31-07-2025,11:07:43,31-07-2025,11:10:09,COMPLETED,0,1
79KWH,8,1,FULL,31-07-2025,11:09:03,31-07-2025,11:09:03,31-07-2025,11:10:29,COMPLETED,0,1
79KWH,8,3,FULL,31-07-2025,11:10:18,31-07-2025,11:10:19,31-07-2025,11:12:25,COMPLETED,0,1
79KWH,8,2,FULL,31-07-2025,11:10:26,31-07-2025,11:10:27,31-07-2025,11:12:51,COMPLETED,0,1
79KWH,8,1,FULL,31-07-2025,11:11:57,31-07-2025,11:11:58,31-07-2025,11:13:26,COMPLETED,0,1
79KWH,8,3,FULL,31-07-2025,11:13:05,31-07-2025,11:13:05,31-07-2025,11:15:14,COMPLETED,0,1
79KWH,8,2,FULL,31-07-2025,11:13:18,31-07-2025,11:13:18,31-07-2025,11:15:43,COMPLETED,0,1
79KWH,8,1,FULL,31-07-2025,11:14:39,31-07-2025,11:14:40,31-07-2025,11:16:06,COMPLETED,0,1
79KWH,8,3,FULL,31-07-2025,11:15:52,31-07-2025,11:15:54,31-07-2025,11:18:01,COMPLETED,0,1
79KWH,8,2,FULL,31-07-2025,11:15:59,31-07-2025,11:15:59,31-07-2025,11:18:24,COMPLETED,0,1
79KWH,8,1,FULL,31-07-2025,11:17:31,31-07-2025,11:17:31,31-07-2025,11:19:00,COMPLETED,0,1
79KWH,8,3,FULL,31-07-2025,11:18:39,31-07-2025,11:18:40,31-07-2025,11:20:50,COMPLETED,0,1
79KWH,8,2,FULL,31-07-2025,11:18:50,31-07-2025,11:18:52,31-07-2025,11:21:19,COMPLETED,0,1
79KWH,8,1,FULL,31-07-2025,11:20:15,31-07-2025,11:20:15,31-07-2025,11:21:42,COMPLETED,0,1
79KWH,8,3,FULL,31-07-2025,11:21:27,31-07-2025,11:21:28,31-07-2025,11:23:36,COMPLETED,0,1
79KWH,8,2,FULL,31-07-2025,11:21:35,31-07-2025,11:21:36,31-07-2025,11:24:01,COMPLETED,0,1
79KWH,8,1,FULL,31-07-2025,11:23:07,31-07-2025,11:23:07,31-07-2025,11:24:38,COMPLETED,0,1
79KWH,8,3,FULL,31-07-2025,11:24:15,31-07-2025,11:24:15,31-07-2025,11:26:26,COMPLETED,0,1
79KWH,8,2,FULL,31-07-2025,11:24:29,31-07-2025,11:24:30,31-07-2025,11:26:58,COMPLETED,0,1
79KWH,8,1,FULL,31-07-2025,11:25:50,31-07-2025,11:25:51,31-07-2025,11:27:20,COMPLETED,0,1
79KWH,8,3,FULL,31-07-2025,11:27:04,31-07-2025,11:27:05,31-07-2025,11:29:13,COMPLETED,0,1
79KWH,8,2,FULL,31-07-2025,11:27:10,31-07-2025,11:27:10,31-07-2025,11:29:38,COMPLETED,0,1
79KWH,8,1,FULL,31-07-2025,11:28:43,31-07-2025,11:28:44,31-07-2025,11:30:16,COMPLETED,0,1
79KWH,8,3,FULL,31-07-2025,11:29:49,31-07-2025,11:29:50,31-07-2025,11:32:01,COMPLETED,0,1
79KWH,8,2,FULL,31-07-2025,11:30:03,31-07-2025,11:30:04,31-07-2025,11:32:34,COMPLETED,0,1
79KWH,8,1,FULL,31-07-2025,11:31:24,31-07-2025,11:31:25,31-07-2025,11:32:55,COMPLETED,0,1
79KWH,8,3,FULL,31-07-2025,12:16:48,31-07-2025,12:16:53,31-07-2025,12:19:23,COMPLETED,0,1
79KWH,8,2,FULL,31-07-2025,12:16:52,31-07-2025,12:18:04,31-07-2025,12:20:42,COMPLETED,0,1
79KWH,8,1,FULL,31-07-2025,12:18:26,31-07-2025,12:19:07,31-07-2025,12:20:24,COMPLETED,0,1
79KWH,8,3,FULL,31-07-2025,12:19:32,31-07-2025,12:20:52,31-07-2025,12:23:24,COMPLETED,0,1
79KWH,8,2,FULL,31-07-2025,12:20:50,31-07-2025,12:23:32,31-07-2025,12:26:14,COMPLETED,0,1
79KWH,8,1,FULL,31-07-2025,12:21:08,31-07-2025,12:22:09,31-07-2025,12:25:01,COMPLETED,0,1
79KWH,8,3,FULL,31-07-2025,12:23:30,31-07-2025,12:23:34,31-07-2025,12:25:45,COMPLETED,0,1
79KWH,8,1,FULL,31-07-2025,12:25:09,31-07-2025,12:26:50,31-07-2025,12:29:02,COMPLETED,0,1
79KWH,8,3,FULL,31-07-2025,12:25:53,31-07-2025,12:27:19,31-07-2025,12:29:52,COMPLETED,0,1
79KWH,8,2,FULL,31-07-2025,12:26:20,31-07-2025,12:29:10,31-07-2025,12:31:48,COMPLETED,0,1
79KWH,8,1,FULL,31-07-2025,12:29:09,31-07-2025,12:29:12,31-07-2025,12:30:44,COMPLETED,0,1
79KWH,8,3,FULL,31-07-2025,12:30:04,31-07-2025,12:30:05,31-07-2025,12:32:20,COMPLETED,0,1
79KWH,8,1,FULL,31-07-2025,12:31:33,31-07-2025,12:31:33,31-07-2025,12:33:08,COMPLETED,0,1
79KWH,8,2,FULL,31-07-2025,12:31:56,31-07-2025,12:34:38,31-07-2025,12:37:20,COMPLETED,0,1
79KWH,8,3,FULL,31-07-2025,12:32:45,31-07-2025,12:33:50,31-07-2025,12:36:22,COMPLETED,0,1
79KWH,8,1,FULL,31-07-2025,12:35:50,31-07-2025,12:35:51,31-07-2025,12:37:25,COMPLETED,0,1
79KWH,8,3,FULL,31-07-2025,12:36:59,31-07-2025,12:37:55,31-07-2025,12:40:29,COMPLETED,0,1
79KWH,8,2,FULL,31-07-2025,12:37:26,31-07-2025,12:37:29,31-07-2025,12:40:00,COMPLETED,0,1
79KWH,8,1,FULL,31-07-2025,12:37:50,31-07-2025,12:39:44,31-07-2025,12:41:58,COMPLETED,0,1
79KWH,8,2,FULL,31-07-2025,12:40:08,31-07-2025,12:42:55,31-07-2025,12:45:39,COMPLETED,0,1
79KWH,8,3,FULL,31-07-2025,12:40:35,31-07-2025,12:41:58,31-07-2025,12:44:30,COMPLETED,0,1
79KWH,8,1,FULL,31-07-2025,12:42:05,31-07-2025,12:43:41,31-07-2025,12:45:52,COMPLETED,0,1
79KWH,8,3,FULL,31-07-2025,12:44:37,31-07-2025,12:46:03,31-07-2025,12:48:38,COMPLETED,0,1
79KWH,8,2,FULL,31-07-2025,12:45:45,31-07-2025,12:45:47,31-07-2025,12:48:19,COMPLETED,0,1
79KWH,8,1,FULL,31-07-2025,12:46:00,31-07-2025,12:47:38,31-07-2025,12:49:36,COMPLETED,0,1
79KWH,8,2,FULL,31-07-2025,12:48:28,31-07-2025,12:51:10,31-07-2025,12:53:53,COMPLETED,0,1
79KWH,8,3,FULL,31-07-2025,12:48:44,31-07-2025,12:48:47,31-07-2025,12:51:03,COMPLETED,0,1
79KWH,8,1,FULL,31-07-2025,12:49:42,31-07-2025,12:49:44,31-07-2025,12:50:45,COMPLETED,0,1
79KWH,8,1,FULL,31-07-2025,12:50:53,31-07-2025,12:52:40,31-07-2025,12:55:15,COMPLETED,0,1
79KWH,8,3,FULL,31-07-2025,12:51:11,31-07-2025,12:52:30,31-07-2025,12:55:05,COMPLETED,0,1
79KWH,8,2,FULL,31-07-2025,12:53:59,31-07-2025,12:54:02,31-07-2025,12:56:34,COMPLETED,0,1
79KWH,8,3,FULL,31-07-2025,12:55:11,31-07-2025,12:55:15,31-07-2025,12:57:31,COMPLETED,0,1
79KWH,8,1,FULL,31-07-2025,12:55:21,31-07-2025,12:55:23,31-07-2025,12:57:39,COMPLETED,0,1
79KWH,8,2,FULL,31-07-2025,12:56:43,31-07-2025,12:59:29,31-07-2025,13:02:13,COMPLETED,0,1
79KWH,8,3,FULL,31-07-2025,12:57:39,31-07-2025,12:59:02,31-07-2025,13:01:38,COMPLETED,0,1
79KWH,8,1,FULL,31-07-2025,12:57:52,31-07-2025,13:00:17,31-07-2025,13:02:31,COMPLETED,0,1
79KWH,8,3,FULL,31-07-2025,13:01:45,31-07-2025,13:01:48,31-07-2025,13:04:07,COMPLETED,0,1
79KWH,8,2,FULL,31-07-2025,13:02:18,31-07-2025,13:05:05,31-07-2025,13:07:47,COMPLETED,0,1
79KWH,8,1,FULL,31-07-2025,13:02:37,31-07-2025,13:04:13,31-07-2025,13:06:24,COMPLETED,0,1
79KWH,8,3,FULL,31-07-2025,13:04:15,31-07-2025,13:05:33,31-07-2025,13:08:11,COMPLETED,0,1
79KWH,8,1,FULL,31-07-2025,13:06:31,31-07-2025,13:06:33,31-07-2025,13:07:53,COMPLETED,0,1
79KWH,8,1,FULL,31-07-2025,13:07:59,31-07-2025,13:08:03,31-07-2025,13:09:04,COMPLETED,0,1
79KWH,8,3,FULL,31-07-2025,13:08:16,31-07-2025,13:08:20,31-07-2025,13:10:40,COMPLETED,0,1
79KWH,8,1,FULL,31-07-2025,13:09:16,31-07-2025,13:09:18,31-07-2025,13:10:40,COMPLETED,0,1
79KWH,8,1,FULL,31-07-2025,13:10:46,31-07-2025,13:10:48,31-07-2025,13:12:25,COMPLETED,0,1
79KWH,8,3,FULL,31-07-2025,13:10:47,31-07-2025,13:12:13,31-07-2025,13:14:51,COMPLETED,0,1
79KWH,8,1,FULL,31-07-2025,13:12:38,31-07-2025,13:14:10,31-07-2025,13:16:25,COMPLETED,0,1
79KWH,8,3,FULL,31-07-2025,13:14:56,31-07-2025,13:14:59,31-07-2025,13:17:20,COMPLETED,0,1
79KWH,8,3,FULL,31-07-2025,13:17:29,31-07-2025,13:20:07,31-07-2025,13:22:45,COMPLETED,0,1
79KWH,8,3,FULL,31-07-2025,13:22:51,31-07-2025,13:22:54,31-07-2025,13:25:16,COMPLETED,0,1
79KWH,8,1,FULL,31-07-2025,13:32:10,31-07-2025,13:33:38,31-07-2025,13:35:51,COMPLETED,0,1
79KWH,8,3,FULL,31-07-2025,13:33:07,31-07-2025,13:33:08,31-07-2025,13:35:47,COMPLETED,0,1
79KWH,8,3,FULL,31-07-2025,13:35:54,31-07-2025,13:35:57,31-07-2025,13:38:20,COMPLETED,0,1
79KWH,8,1,FULL,31-07-2025,13:36:05,31-07-2025,13:37:36,31-07-2025,13:39:51,COMPLETED,0,1
79KWH,8,3,FULL,31-07-2025,13:38:28,31-07-2025,13:38:29,31-07-2025,13:40:55,COMPLETED,0,1
79KWH,8,1,FULL,31-07-2025,13:40:03,31-07-2025,13:41:19,31-07-2025,00:00:00,ABORT,0,1
79KWH,8,3,FULL,31-07-2025,13:41:01,31-07-2025,13:41:04,31-07-2025,13:43:27,COMPLETED,0,1
79KWH,8,1,FULL,31-07-2025,13:41:26,31-07-2025,13:41:27,31-07-2025,13:43:12,COMPLETED,0,1
79KWH,8,1,FULL,31-07-2025,13:43:20,31-07-2025,13:43:21,31-07-2025,13:45:03,COMPLETED,0,1
79KWH,8,3,FULL,31-07-2025,13:43:36,31-07-2025,13:44:58,31-07-2025,13:47:38,COMPLETED,0,1
79KWH,8,1,FULL,31-07-2025,13:45:09,31-07-2025,13:45:12,31-07-2025,13:46:51,COMPLETED,0,1
79KWH,8,1,FULL,31-07-2025,13:46:59,31-07-2025,13:47:01,31-07-2025,13:48:44,COMPLETED,0,1
79KWH,8,3,FULL,31-07-2025,13:47:45,31-07-2025,13:47:47,31-07-2025,13:50:13,COMPLETED,0,1
79KWH,8,2,FULL,31-07-2025,13:48:32,31-07-2025,13:48:33,31-07-2025,13:51:16,COMPLETED,0,1
79KWH,8,1,FULL,31-07-2025,13:48:50,31-07-2025,13:48:52,31-07-2025,13:50:34,COMPLETED,0,1
79KWH,8,3,FULL,31-07-2025,13:50:21,31-07-2025,13:50:23,31-07-2025,13:52:50,COMPLETED,0,1
79KWH,8,1,FULL,31-07-2025,13:50:41,31-07-2025,13:50:43,31-07-2025,13:52:26,COMPLETED,0,1
79KWH,8,2,FULL,31-07-2025,13:51:22,31-07-2025,13:51:26,31-07-2025,13:54:00,COMPLETED,0,1
79KWH,8,1,FULL,31-07-2025,13:52:32,31-07-2025,13:52:35,31-07-2025,13:54:17,COMPLETED,0,1
79KWH,8,3,FULL,31-07-2025,13:52:56,31-07-2025,13:53:00,31-07-2025,13:55:26,COMPLETED,0,1
79KWH,8,2,FULL,31-07-2025,13:54:07,31-07-2025,13:54:08,31-07-2025,13:56:45,COMPLETED,0,1
79KWH,8,1,FULL,31-07-2025,13:54:25,31-07-2025,13:54:26,31-07-2025,13:56:11,COMPLETED,0,1
79KWH,8,3,FULL,31-07-2025,13:55:35,31-07-2025,13:55:36,31-07-2025,13:58:05,COMPLETED,0,1
79KWH,8,1,FULL,31-07-2025,13:56:17,31-07-2025,13:56:20,31-07-2025,14:53:30,COMPLETED,0,1
79KWH,8,2,FULL,31-07-2025,13:56:52,31-07-2025,13:56:53,31-07-2025,13:59:28,COMPLETED,0,1
79KWH,8,3,FULL,31-07-2025,13:58:11,31-07-2025,13:58:13,31-07-2025,14:00:40,COMPLETED,0,1
79KWH,8,2,FULL,31-07-2025,13:59:35,31-07-2025,13:59:36,31-07-2025,14:02:14,COMPLETED,0,1
79KWH,8,3,FULL,31-07-2025,14:00:48,31-07-2025,14:02:14,31-07-2025,14:04:55,COMPLETED,0,1
79KWH,8,3,FULL,31-07-2025,14:05:01,31-07-2025,14:05:04,31-07-2025,14:07:32,COMPLETED,0,1
79KWH,8,3,FULL,31-07-2025,14:07:41,31-07-2025,14:09:01,31-07-2025,14:11:43,COMPLETED,0,1
79KWH,8,3,FULL,31-07-2025,14:11:49,31-07-2025,14:11:52,31-07-2025,14:14:22,COMPLETED,0,1
79KWH,8,3,FULL,31-07-2025,14:14:31,31-07-2025,14:14:31,31-07-2025,14:17:03,COMPLETED,0,1
79KWH,8,1,FULL,31-07-2025,14:53:38,31-07-2025,14:55:11,31-07-2025,14:57:30,COMPLETED,0,1
79KWH,8,1,FULL,31-07-2025,14:57:36,31-07-2025,14:57:38,31-07-2025,14:59:22,COMPLETED,0,1
79KWH,8,1,FULL,31-07-2025,14:59:30,31-07-2025,14:59:31,31-07-2025,15:01:18,COMPLETED,0,1
79KWH,8,2,FULL,01-08-2025,07:10:58,01-08-2025,07:10:58,01-08-2025,07:13:44,COMPLETED,0,1
79KWH,8,1,FULL,01-08-2025,07:12:21,01-08-2025,07:12:21,01-08-2025,07:14:41,COMPLETED,0,1
79KWH,8,3,FULL,01-08-2025,07:13:35,01-08-2025,07:13:36,01-08-2025,07:16:18,COMPLETED,0,1
79KWH,8,2,FULL,01-08-2025,07:13:50,01-08-2025,07:13:52,01-08-2025,07:16:29,COMPLETED,0,1
79KWH,8,1,FULL,01-08-2025,07:15:10,01-08-2025,07:15:12,01-08-2025,07:16:58,COMPLETED,0,1
79KWH,8,3,FULL,01-08-2025,07:16:25,01-08-2025,07:16:28,01-08-2025,07:18:59,COMPLETED,0,1
79KWH,8,2,FULL,01-08-2025,07:16:36,01-08-2025,07:16:36,01-08-2025,07:19:16,COMPLETED,0,1
79KWH,8,1,FULL,01-08-2025,07:17:58,01-08-2025,07:17:59,01-08-2025,07:19:48,COMPLETED,0,1
79KWH,8,3,FULL,01-08-2025,07:19:10,01-08-2025,07:19:11,01-08-2025,07:21:45,COMPLETED,0,1
79KWH,8,2,FULL,01-08-2025,07:19:22,01-08-2025,07:19:26,01-08-2025,07:22:04,COMPLETED,0,1
79KWH,8,1,FULL,01-08-2025,07:22:33,01-08-2025,07:22:34,01-08-2025,07:24:21,COMPLETED,0,1
79KWH,8,3,FULL,01-08-2025,07:23:40,01-08-2025,07:23:42,01-08-2025,07:26:15,COMPLETED,0,1
79KWH,8,2,FULL,01-08-2025,07:23:55,01-08-2025,07:23:56,01-08-2025,07:26:36,COMPLETED,0,1
79KWH,8,1,FULL,01-08-2025,07:25:19,01-08-2025,07:25:19,01-08-2025,07:27:10,COMPLETED,0,1
79KWH,8,3,FULL,01-08-2025,07:26:32,01-08-2025,07:26:33,01-08-2025,07:29:08,COMPLETED,0,1
79KWH,8,2,FULL,01-08-2025,07:26:43,01-08-2025,07:26:46,01-08-2025,07:29:26,COMPLETED,0,1
79KWH,8,1,FULL,01-08-2025,07:28:09,01-08-2025,07:28:09,01-08-2025,07:30:18,COMPLETED,0,1
79KWH,8,3,FULL,01-08-2025,07:29:15,01-08-2025,07:29:18,01-08-2025,07:31:52,COMPLETED,0,1
79KWH,8,2,FULL,01-08-2025,07:29:33,01-08-2025,07:29:33,01-08-2025,07:32:15,COMPLETED,0,1
79KWH,8,1,FULL,01-08-2025,07:30:54,01-08-2025,07:30:55,01-08-2025,07:32:47,COMPLETED,0,1
79KWH,8,3,FULL,01-08-2025,07:32:08,01-08-2025,07:32:08,01-08-2025,07:34:44,COMPLETED,0,1
79KWH,8,2,FULL,01-08-2025,07:32:21,01-08-2025,07:32:25,01-08-2025,07:35:05,COMPLETED,0,1
79KWH,8,1,FULL,01-08-2025,07:33:42,01-08-2025,07:33:43,01-08-2025,07:35:47,COMPLETED,0,1
79KWH,8,3,FULL,01-08-2025,07:34:51,01-08-2025,07:34:54,01-08-2025,07:37:28,COMPLETED,0,1
79KWH,8,2,FULL,01-08-2025,07:35:13,01-08-2025,07:35:14,01-08-2025,07:37:57,COMPLETED,0,1
79KWH,8,1,FULL,01-08-2025,07:36:31,01-08-2025,07:36:33,01-08-2025,07:38:26,COMPLETED,0,1
79KWH,8,3,FULL,01-08-2025,07:37:43,01-08-2025,07:37:43,01-08-2025,07:40:21,COMPLETED,0,1
79KWH,8,2,FULL,01-08-2025,07:38:03,01-08-2025,07:38:06,01-08-2025,07:40:49,COMPLETED,0,1
79KWH,8,1,FULL,01-08-2025,07:39:17,01-08-2025,07:39:18,01-08-2025,07:41:09,COMPLETED,0,1
79KWH,8,3,FULL,01-08-2025,07:40:28,01-08-2025,07:40:31,01-08-2025,07:43:07,COMPLETED,0,1
79KWH,8,2,FULL,01-08-2025,07:42:26,01-08-2025,07:42:27,01-08-2025,07:45:11,COMPLETED,0,1
79KWH,8,1,FULL,01-08-2025,07:43:49,01-08-2025,07:43:50,01-08-2025,07:45:45,COMPLETED,0,1
79KWH,8,3,FULL,01-08-2025,07:45:02,01-08-2025,07:45:03,01-08-2025,07:47:41,COMPLETED,0,1
79KWH,8,2,FULL,01-08-2025,07:45:17,01-08-2025,07:45:19,01-08-2025,07:48:01,COMPLETED,0,1
79KWH,8,1,FULL,01-08-2025,07:46:39,01-08-2025,07:46:39,01-08-2025,07:48:32,COMPLETED,0,1
79KWH,8,3,FULL,01-08-2025,07:47:47,01-08-2025,07:47:50,01-08-2025,07:50:28,COMPLETED,0,1
79KWH,8,2,FULL,01-08-2025,07:48:09,01-08-2025,07:48:10,01-08-2025,07:50:56,COMPLETED,0,1
79KWH,8,1,FULL,01-08-2025,07:49:26,01-08-2025,07:49:28,01-08-2025,07:51:29,COMPLETED,0,1
79KWH,8,3,FULL,01-08-2025,07:50:37,01-08-2025,07:50:38,01-08-2025,07:53:23,COMPLETED,0,1
79KWH,8,2,FULL,01-08-2025,07:51:02,01-08-2025,07:51:06,01-08-2025,07:53:50,COMPLETED,0,1
79KWH,8,1,FULL,01-08-2025,07:52:13,01-08-2025,07:52:13,01-08-2025,07:54:13,COMPLETED,0,1
79KWH,8,3,FULL,01-08-2025,07:53:29,01-08-2025,07:53:32,01-08-2025,07:56:11,COMPLETED,0,1
79KWH,8,2,FULL,01-08-2025,07:53:58,01-08-2025,07:53:59,01-08-2025,07:56:47,COMPLETED,0,1
79KWH,8,1,FULL,01-08-2025,07:55:00,01-08-2025,07:55:00,01-08-2025,07:56:57,COMPLETED,0,1
79KWH,8,3,FULL,01-08-2025,08:01:27,01-08-2025,08:01:28,01-08-2025,08:04:09,COMPLETED,0,1
79KWH,8,2,FULL,01-08-2025,08:01:30,01-08-2025,08:01:31,01-08-2025,08:04:15,COMPLETED,0,1
79KWH,8,1,FULL,01-08-2025,08:03:01,01-08-2025,08:03:01,01-08-2025,08:04:56,COMPLETED,0,1
79KWH,8,3,FULL,01-08-2025,08:04:15,01-08-2025,08:04:18,01-08-2025,08:06:58,COMPLETED,0,1
79KWH,8,2,FULL,01-08-2025,08:04:22,01-08-2025,08:04:25,01-08-2025,08:07:12,COMPLETED,0,1
79KWH,8,1,FULL,01-08-2025,08:05:48,01-08-2025,08:05:49,01-08-2025,08:07:46,COMPLETED,0,1
79KWH,8,3,FULL,01-08-2025,08:07:05,01-08-2025,08:07:07,01-08-2025,08:09:50,COMPLETED,0,1
79KWH,8,2,FULL,01-08-2025,08:07:18,01-08-2025,08:07:22,01-08-2025,08:10:09,COMPLETED,0,1
79KWH,8,1,FULL,01-08-2025,08:08:36,01-08-2025,08:08:37,01-08-2025,08:10:33,COMPLETED,0,1
79KWH,8,3,FULL,01-08-2025,08:09:55,01-08-2025,08:09:58,01-08-2025,08:12:38,COMPLETED,0,1
79KWH,8,2,FULL,01-08-2025,08:10:16,01-08-2025,08:10:18,01-08-2025,08:13:06,COMPLETED,0,1
79KWH,8,1,FULL,01-08-2025,08:11:22,01-08-2025,08:11:23,01-08-2025,08:13:22,COMPLETED,0,1
79KWH,8,3,FULL,01-08-2025,08:12:45,01-08-2025,08:12:46,01-08-2025,08:15:29,COMPLETED,0,1
79KWH,8,2,FULL,01-08-2025,08:13:12,01-08-2025,08:13:16,01-08-2025,08:16:03,COMPLETED,0,1
79KWH,8,1,FULL,01-08-2025,08:15:50,01-08-2025,08:15:51,01-08-2025,08:17:48,COMPLETED,0,1
79KWH,8,3,FULL,01-08-2025,08:16:58,01-08-2025,08:16:58,01-08-2025,08:19:40,COMPLETED,0,1
79KWH,8,2,FULL,01-08-2025,08:17:13,01-08-2025,08:17:14,01-08-2025,08:19:51,COMPLETED,0,1
79KWH,8,1,FULL,01-08-2025,08:18:38,01-08-2025,08:18:39,01-08-2025,08:20:45,COMPLETED,0,1
79KWH,8,3,FULL,01-08-2025,08:19:50,01-08-2025,08:19:50,01-08-2025,08:22:34,COMPLETED,0,1
79KWH,8,2,FULL,01-08-2025,08:19:57,01-08-2025,08:20:01,01-08-2025,08:22:24,COMPLETED,0,1
79KWH,8,1,FULL,01-08-2025,08:21:25,01-08-2025,08:21:26,01-08-2025,08:23:25,COMPLETED,0,1
79KWH,8,3,FULL,01-08-2025,08:22:40,01-08-2025,08:22:43,01-08-2025,08:25:26,COMPLETED,0,1
79KWH,8,2,FULL,01-08-2025,08:22:48,01-08-2025,08:22:49,01-08-2025,08:25:13,COMPLETED,0,1
79KWH,8,1,FULL,01-08-2025,08:24:12,01-08-2025,08:24:13,01-08-2025,08:27:50,COMPLETED,0,1
79KWH,8,2,FULL,01-08-2025,08:25:30,01-08-2025,08:25:31,01-08-2025,08:27:53,COMPLETED,0,1
79KWH,8,3,FULL,01-08-2025,08:25:34,01-08-2025,08:25:34,01-08-2025,08:28:20,COMPLETED,0,1
79KWH,8,1,FULL,01-08-2025,08:27:55,01-08-2025,08:27:59,01-08-2025,08:29:58,COMPLETED,0,1
79KWH,8,3,FULL,01-08-2025,08:28:26,01-08-2025,08:28:29,01-08-2025,08:31:12,COMPLETED,0,1
79KWH,8,2,FULL,01-08-2025,08:31:46,01-08-2025,08:31:47,01-08-2025,08:34:12,COMPLETED,0,1
79KWH,8,1,FULL,01-08-2025,08:33:11,01-08-2025,08:33:12,01-08-2025,08:35:15,COMPLETED,0,1
79KWH,8,3,FULL,01-08-2025,08:43:07,01-08-2025,08:43:08,01-08-2025,08:45:55,COMPLETED,0,1
79KWH,8,2,FULL,01-08-2025,08:43:12,01-08-2025,08:43:13,01-08-2025,08:45:37,COMPLETED,0,1
79KWH,8,1,FULL,01-08-2025,08:47:44,01-08-2025,08:47:45,01-08-2025,08:49:45,COMPLETED,0,1
79KWH,8,3,FULL,01-08-2025,08:48:49,01-08-2025,08:48:49,01-08-2025,08:51:35,COMPLETED,0,1
79KWH,8,2,FULL,01-08-2025,08:49:59,01-08-2025,08:50:00,01-08-2025,08:52:29,COMPLETED,0,1
79KWH,8,1,FULL,01-08-2025,08:51:25,01-08-2025,08:51:26,01-08-2025,08:53:35,COMPLETED,0,1
79KWH,8,3,FULL,01-08-2025,08:52:38,01-08-2025,08:52:39,01-08-2025,08:55:31,COMPLETED,0,1
79KWH,8,2,FULL,01-08-2025,08:52:42,01-08-2025,08:52:43,01-08-2025,08:55:09,COMPLETED,0,1
79KWH,8,1,FULL,01-08-2025,08:54:13,01-08-2025,08:54:13,01-08-2025,08:56:15,COMPLETED,0,1
79KWH,8,2,FULL,01-08-2025,08:55:35,01-08-2025,08:55:36,01-08-2025,08:58:04,COMPLETED,0,1
79KWH,8,3,FULL,01-08-2025,08:55:37,01-08-2025,08:55:41,01-08-2025,08:58:27,COMPLETED,0,1
79KWH,8,1,FULL,01-08-2025,08:57:00,01-08-2025,08:57:01,01-08-2025,08:59:11,COMPLETED,0,1
79KWH,8,2,FULL,01-08-2025,08:58:17,01-08-2025,08:58:18,01-08-2025,09:00:45,COMPLETED,0,1
79KWH,8,3,FULL,01-08-2025,08:58:35,01-08-2025,08:58:36,01-08-2025,09:01:24,COMPLETED,0,1
79KWH,8,1,FULL,01-08-2025,08:59:48,01-08-2025,08:59:50,01-08-2025,09:01:57,COMPLETED,0,1
79KWH,8,2,FULL,01-08-2025,09:01:15,01-08-2025,09:01:16,01-08-2025,09:03:44,COMPLETED,0,1
79KWH,8,3,FULL,01-08-2025,09:01:30,01-08-2025,09:01:34,01-08-2025,09:04:20,COMPLETED,0,1
79KWH,8,1,FULL,01-08-2025,09:02:35,01-08-2025,09:02:35,01-08-2025,09:04:46,COMPLETED,0,1
79KWH,8,2,FULL,01-08-2025,09:03:52,01-08-2025,09:03:54,01-08-2025,09:06:22,COMPLETED,0,1
79KWH,8,3,FULL,01-08-2025,09:04:29,01-08-2025,09:04:31,01-08-2025,09:07:19,COMPLETED,0,1
79KWH,8,1,FULL,01-08-2025,09:32:19,01-08-2025,09:32:19,01-08-2025,09:34:22,COMPLETED,0,1
79KWH,8,3,FULL,01-08-2025,09:33:28,01-08-2025,09:33:29,01-08-2025,09:36:21,COMPLETED,0,1
79KWH,8,2,FULL,01-08-2025,09:33:43,01-08-2025,09:33:44,01-08-2025,09:36:14,COMPLETED,0,1
79KWH,8,1,FULL,01-08-2025,09:35:08,01-08-2025,09:35:10,01-08-2025,09:37:22,COMPLETED,0,1
79KWH,8,2,FULL,01-08-2025,09:36:25,01-08-2025,09:36:26,01-08-2025,09:38:55,COMPLETED,0,1
79KWH,8,3,FULL,01-08-2025,09:36:29,01-08-2025,09:36:30,01-08-2025,09:38:24,COMPLETED,0,1
79KWH,8,1,FULL,01-08-2025,09:37:56,01-08-2025,09:37:56,01-08-2025,09:40:06,COMPLETED,0,1
79KWH,8,3,FULL,01-08-2025,09:39:03,01-08-2025,09:39:04,01-08-2025,09:39:57,COMPLETED,0,1
79KWH,8,2,FULL,01-08-2025,09:39:18,01-08-2025,09:39:19,01-08-2025,09:41:50,COMPLETED,0,1
79KWH,8,1,FULL,01-08-2025,09:40:42,01-08-2025,09:40:42,01-08-2025,09:43:07,COMPLETED,0,1
79KWH,8,3,FULL,01-08-2025,09:41:56,01-08-2025,09:41:57,01-08-2025,09:42:53,COMPLETED,0,1
79KWH,8,2,FULL,01-08-2025,09:42:00,01-08-2025,09:42:01,01-08-2025,09:44:31,COMPLETED,0,1
79KWH,8,1,FULL,01-08-2025,09:43:30,01-08-2025,09:43:31,01-08-2025,09:45:42,COMPLETED,0,1
79KWH,8,3,FULL,01-08-2025,09:44:38,01-08-2025,09:44:40,01-08-2025,09:45:34,COMPLETED,0,1
79KWH,8,2,FULL,01-08-2025,09:44:54,01-08-2025,09:44:55,01-08-2025,09:46:48,COMPLETED,0,1
79KWH,8,1,FULL,01-08-2025,09:46:18,01-08-2025,09:46:18,01-08-2025,09:48:27,COMPLETED,0,1
79KWH,8,2,FULL,01-08-2025,09:51:08,01-08-2025,09:51:09,01-08-2025,09:52:21,COMPLETED,0,1
79KWH,8,1,FULL,01-08-2025,09:52:14,01-08-2025,09:52:15,01-08-2025,09:54:24,COMPLETED,0,1
79KWH,8,3,FULL,01-08-2025,09:52:57,01-08-2025,09:52:57,01-08-2025,09:53:54,COMPLETED,0,1
79KWH,8,2,FULL,01-08-2025,09:53:22,01-08-2025,09:53:22,01-08-2025,09:54:30,COMPLETED,0,1
79KWH,8,3,FULL,01-08-2025,09:54:00,01-08-2025,09:54:03,01-08-2025,09:54:57,COMPLETED,0,1
79KWH,8,1,FULL,01-08-2025,09:54:45,01-08-2025,09:54:46,01-08-2025,09:57:01,COMPLETED,0,1
79KWH,8,3,FULL,01-08-2025,09:56:01,01-08-2025,09:56:01,01-08-2025,09:56:58,COMPLETED,0,1
79KWH,8,2,FULL,01-08-2025,09:56:04,01-08-2025,09:56:06,01-08-2025,09:57:02,COMPLETED,0,1
79KWH,8,1,FULL,01-08-2025,09:58:05,01-08-2025,09:58:05,01-08-2025,10:00:13,COMPLETED,0,1
79KWH,8,3,FULL,01-08-2025,09:59:12,01-08-2025,09:59:13,01-08-2025,10:00:08,COMPLETED,0,1
79KWH,8,2,FULL,01-08-2025,09:59:36,01-08-2025,09:59:36,01-08-2025,10:00:47,COMPLETED,0,1
79KWH,8,1,FULL,01-08-2025,10:01:00,01-08-2025,10:01:02,01-08-2025,10:03:18,COMPLETED,0,1
79KWH,8,3,FULL,01-08-2025,10:02:15,01-08-2025,10:02:16,01-08-2025,10:03:15,COMPLETED,0,1
79KWH,8,2,FULL,01-08-2025,10:02:19,01-08-2025,10:03:04,01-08-2025,10:05:08,COMPLETED,0,1
79KWH,8,1,FULL,01-08-2025,10:03:49,01-08-2025,10:04:44,01-08-2025,10:07:34,COMPLETED,0,1
79KWH,8,3,FULL,01-08-2025,10:04:56,01-08-2025,10:05:23,01-08-2025,10:07:21,COMPLETED,0,1
79KWH,8,2,FULL,01-08-2025,10:05:15,01-08-2025,10:07:03,01-08-2025,10:09:13,COMPLETED,0,1
79KWH,8,1,FULL,01-08-2025,10:07:41,01-08-2025,10:09:01,01-08-2025,10:11:33,COMPLETED,0,1
79KWH,8,3,FULL,01-08-2025,10:07:50,01-08-2025,10:07:50,01-08-2025,10:08:51,COMPLETED,0,1
79KWH,8,2,FULL,01-08-2025,10:09:19,01-08-2025,10:09:23,01-08-2025,10:10:46,COMPLETED,0,1
79KWH,8,3,FULL,01-08-2025,10:10:32,01-08-2025,10:10:33,01-08-2025,10:11:32,COMPLETED,0,1
79KWH,8,2,FULL,01-08-2025,10:10:54,01-08-2025,10:10:55,01-08-2025,10:12:23,COMPLETED,0,1
79KWH,8,1,FULL,01-08-2025,10:11:39,01-08-2025,10:11:42,01-08-2025,10:13:52,COMPLETED,0,1
79KWH,8,3,FULL,01-08-2025,10:13:23,01-08-2025,10:13:24,01-08-2025,10:14:27,COMPLETED,0,1
79KWH,8,1,FULL,01-08-2025,10:14:00,01-08-2025,10:14:00,01-08-2025,10:16:13,COMPLETED,0,1
79KWH,8,2,FULL,01-08-2025,10:14:15,01-08-2025,10:14:15,01-08-2025,10:15:42,COMPLETED,0,1
79KWH,8,1,FULL,01-08-2025,10:17:43,01-08-2025,10:17:44,01-08-2025,10:19:56,COMPLETED,0,1
79KWH,8,3,FULL,01-08-2025,10:18:48,01-08-2025,10:18:49,01-08-2025,10:19:48,COMPLETED,0,1
79KWH,8,2,FULL,01-08-2025,10:19:27,01-08-2025,10:19:27,01-08-2025,10:20:55,COMPLETED,0,1
79KWH,8,1,FULL,01-08-2025,10:20:52,01-08-2025,10:20:54,01-08-2025,10:23:10,COMPLETED,0,1
79KWH,8,3,FULL,01-08-2025,10:22:06,01-08-2025,10:22:07,01-08-2025,10:23:11,COMPLETED,0,1
79KWH,8,2,FULL,01-08-2025,10:22:11,01-08-2025,10:22:12,01-08-2025,10:23:39,COMPLETED,0,1
79KWH,8,1,FULL,01-08-2025,10:23:41,01-08-2025,10:23:42,01-08-2025,10:25:58,COMPLETED,0,1
79KWH,8,3,FULL,01-08-2025,10:24:48,01-08-2025,10:24:49,01-08-2025,10:25:51,COMPLETED,0,1
79KWH,8,2,FULL,01-08-2025,10:25:02,01-08-2025,10:25:03,01-08-2025,10:26:32,COMPLETED,0,1
79KWH,8,1,FULL,01-08-2025,10:26:29,01-08-2025,10:26:29,01-08-2025,10:28:44,COMPLETED,0,1
79KWH,8,3,FULL,01-08-2025,10:28:50,01-08-2025,10:28:50,01-08-2025,10:29:55,COMPLETED,0,1
79KWH,8,2,FULL,01-08-2025,10:28:54,01-08-2025,10:28:55,01-08-2025,10:30:22,COMPLETED,0,1
79KWH,8,1,FULL,01-08-2025,10:30:25,01-08-2025,10:30:26,01-08-2025,10:33:05,COMPLETED,0,1
79KWH,8,3,FULL,01-08-2025,10:31:32,01-08-2025,10:31:33,01-08-2025,10:32:36,COMPLETED,0,1
79KWH,8,2,FULL,01-08-2025,10:31:46,01-08-2025,10:31:47,01-08-2025,10:33:17,COMPLETED,0,1
79KWH,8,1,FULL,01-08-2025,10:33:13,01-08-2025,10:33:14,01-08-2025,10:35:35,COMPLETED,0,1
79KWH,8,3,FULL,01-08-2025,10:34:24,01-08-2025,10:34:24,01-08-2025,10:35:31,COMPLETED,0,1
79KWH,8,2,FULL,01-08-2025,10:34:30,01-08-2025,10:34:31,01-08-2025,10:36:00,COMPLETED,0,1
79KWH,8,1,FULL,01-08-2025,10:35:59,01-08-2025,10:36:00,01-08-2025,10:38:17,COMPLETED,0,1
79KWH,8,3,FULL,01-08-2025,10:37:08,01-08-2025,10:37:08,01-08-2025,10:38:12,COMPLETED,0,1
79KWH,8,2,FULL,01-08-2025,10:37:21,01-08-2025,10:37:22,01-08-2025,10:38:55,COMPLETED,0,1
79KWH,8,1,FULL,01-08-2025,10:38:45,01-08-2025,10:38:46,01-08-2025,10:41:04,COMPLETED,0,1
79KWH,8,2,FULL,01-08-2025,10:40:39,01-08-2025,10:40:40,01-08-2025,10:42:12,COMPLETED,0,1
79KWH,8,3,FULL,01-08-2025,10:40:54,01-08-2025,10:40:55,01-08-2025,10:42:02,COMPLETED,0,1
79KWH,8,1,FULL,01-08-2025,10:45:40,01-08-2025,10:45:40,01-08-2025,10:47:59,COMPLETED,0,1
79KWH,8,3,FULL,01-08-2025,10:46:48,01-08-2025,10:48:08,01-08-2025,10:50:05,COMPLETED,0,1
79KWH,8,2,FULL,01-08-2025,10:47:02,01-08-2025,10:47:59,01-08-2025,10:50:11,COMPLETED,0,1
79KWH,8,1,FULL,01-08-2025,10:48:28,01-08-2025,10:49:22,01-08-2025,10:51:57,COMPLETED,0,1
79KWH,8,3,FULL,01-08-2025,10:50:13,01-08-2025,10:52:06,01-08-2025,10:54:05,COMPLETED,0,1
79KWH,8,2,FULL,01-08-2025,10:50:17,01-08-2025,10:50:19,01-08-2025,10:51:50,COMPLETED,0,1
79KWH,8,1,FULL,01-08-2025,10:52:03,01-08-2025,10:52:06,01-08-2025,10:54:30,COMPLETED,0,1
79KWH,8,2,FULL,01-08-2025,10:52:37,01-08-2025,10:53:51,01-08-2025,10:56:04,COMPLETED,0,1
79KWH,8,3,FULL,01-08-2025,10:54:11,01-08-2025,10:54:14,01-08-2025,10:55:19,COMPLETED,0,1
79KWH,8,1,FULL,01-08-2025,10:54:38,01-08-2025,10:54:41,01-08-2025,10:57:02,COMPLETED,0,1
79KWH,8,3,FULL,01-08-2025,10:55:32,01-08-2025,10:55:33,01-08-2025,10:56:42,COMPLETED,0,1
79KWH,8,2,FULL,01-08-2025,10:56:09,01-08-2025,10:56:14,01-08-2025,10:57:46,COMPLETED,0,1
79KWH,8,1,FULL,01-08-2025,10:57:09,01-08-2025,10:57:12,01-08-2025,10:59:30,COMPLETED,0,1
79KWH,8,3,FULL,01-08-2025,10:58:01,01-08-2025,10:58:03,01-08-2025,10:59:10,COMPLETED,0,1
79KWH,8,2,FULL,01-08-2025,10:58:17,01-08-2025,10:58:19,01-08-2025,10:59:54,COMPLETED,0,1
79KWH,8,1,FULL,01-08-2025,10:59:40,01-08-2025,10:59:40,01-08-2025,11:02:06,COMPLETED,0,1
79KWH,8,3,FULL,01-08-2025,11:00:54,01-08-2025,11:00:55,01-08-2025,11:02:05,COMPLETED,0,1
79KWH,8,2,FULL,01-08-2025,11:00:58,01-08-2025,11:00:58,01-08-2025,11:02:30,COMPLETED,0,1
79KWH,8,1,FULL,01-08-2025,11:02:27,01-08-2025,11:02:27,01-08-2025,11:04:51,COMPLETED,0,1
79KWH,8,3,FULL,01-08-2025,11:03:35,01-08-2025,11:03:37,01-08-2025,11:04:45,COMPLETED,0,1
79KWH,8,2,FULL,01-08-2025,11:03:54,01-08-2025,11:03:55,01-08-2025,11:05:31,COMPLETED,0,1
79KWH,8,1,FULL,01-08-2025,11:05:13,01-08-2025,11:05:14,01-08-2025,11:07:41,COMPLETED,0,1
79KWH,8,3,FULL,01-08-2025,11:06:28,01-08-2025,11:06:30,01-08-2025,11:07:41,COMPLETED,0,1
79KWH,8,2,FULL,01-08-2025,11:06:33,01-08-2025,11:06:34,01-08-2025,11:08:08,COMPLETED,0,1
79KWH,8,1,FULL,01-08-2025,11:11:11,01-08-2025,11:11:12,01-08-2025,11:13:48,COMPLETED,0,1
79KWH,8,3,FULL,01-08-2025,11:12:17,01-08-2025,11:12:18,01-08-2025,11:13:27,COMPLETED,0,1
79KWH,8,2,FULL,01-08-2025,11:12:33,01-08-2025,11:12:34,01-08-2025,11:14:11,COMPLETED,0,1
79KWH,8,1,FULL,01-08-2025,11:13:57,01-08-2025,11:13:57,01-08-2025,11:16:25,COMPLETED,0,1
79KWH,8,3,FULL,01-08-2025,11:15:09,01-08-2025,11:15:10,01-08-2025,11:16:22,COMPLETED,0,1
79KWH,8,2,FULL,01-08-2025,11:15:14,01-08-2025,11:15:15,01-08-2025,11:16:50,COMPLETED,0,1
79KWH,8,1,FULL,01-08-2025,11:16:45,01-08-2025,11:16:45,01-08-2025,11:19:06,COMPLETED,0,1
79KWH,8,3,FULL,01-08-2025,11:17:52,01-08-2025,11:17:53,01-08-2025,11:19:04,COMPLETED,0,1
79KWH,8,2,FULL,01-08-2025,11:18:07,01-08-2025,11:18:07,01-08-2025,11:19:45,COMPLETED,0,1
79KWH,8,1,FULL,01-08-2025,11:19:32,01-08-2025,11:19:33,01-08-2025,11:22:03,COMPLETED,0,1
79KWH,8,3,FULL,01-08-2025,11:20:45,01-08-2025,11:20:46,01-08-2025,11:22:00,COMPLETED,0,1
79KWH,8,2,FULL,01-08-2025,11:20:51,01-08-2025,11:20:52,01-08-2025,11:22:28,COMPLETED,0,1
79KWH,8,1,FULL,01-08-2025,11:22:20,01-08-2025,11:22:21,01-08-2025,11:24:43,COMPLETED,0,1
79KWH,8,3,FULL,01-08-2025,11:23:28,01-08-2025,11:23:29,01-08-2025,11:24:41,COMPLETED,0,1
79KWH,8,2,FULL,01-08-2025,12:27:18,01-08-2025,12:27:19,01-08-2025,12:29:34,COMPLETED,0,1
79KWH,8,1,FULL,01-08-2025,12:28:43,01-08-2025,12:28:44,01-08-2025,12:31:23,COMPLETED,0,1
79KWH,8,3,FULL,01-08-2025,12:29:57,01-08-2025,12:29:58,01-08-2025,12:32:02,COMPLETED,0,1
79KWH,8,2,FULL,01-08-2025,12:30:01,01-08-2025,12:30:03,01-08-2025,12:31:40,COMPLETED,0,1
79KWH,8,1,FULL,01-08-2025,12:31:31,01-08-2025,12:32:59,01-08-2025,12:35:35,COMPLETED,0,1
79KWH,8,3,FULL,01-08-2025,12:32:40,01-08-2025,12:34:07,01-08-2025,12:36:08,COMPLETED,0,1
79KWH,8,2,FULL,01-08-2025,12:32:55,01-08-2025,12:33:30,01-08-2025,12:35:46,COMPLETED,0,1
79KWH,8,1,FULL,01-08-2025,12:35:44,01-08-2025,12:37:01,01-08-2025,12:39:39,COMPLETED,0,1
79KWH,8,2,FULL,01-08-2025,12:35:52,01-08-2025,12:37:32,01-08-2025,12:39:46,COMPLETED,0,1
79KWH,8,3,FULL,01-08-2025,12:36:16,01-08-2025,12:36:18,01-08-2025,12:37:33,COMPLETED,0,1
79KWH,8,3,FULL,01-08-2025,12:38:15,01-08-2025,12:38:16,01-08-2025,12:39:29,COMPLETED,0,1
79KWH,8,1,FULL,01-08-2025,12:39:45,01-08-2025,12:39:48,01-08-2025,12:42:12,COMPLETED,0,1
79KWH,8,2,FULL,01-08-2025,12:39:54,01-08-2025,12:39:55,01-08-2025,12:41:36,COMPLETED,0,1
79KWH,8,3,FULL,01-08-2025,12:41:07,01-08-2025,12:41:08,01-08-2025,12:42:24,COMPLETED,0,1
79KWH,8,2,FULL,01-08-2025,12:41:43,01-08-2025,12:41:44,01-08-2025,12:43:24,COMPLETED,0,1
79KWH,8,1,FULL,01-08-2025,12:42:20,01-08-2025,12:42:21,01-08-2025,12:44:48,COMPLETED,0,1
79KWH,8,3,FULL,01-08-2025,12:43:50,01-08-2025,12:43:51,01-08-2025,12:45:06,COMPLETED,0,1
79KWH,8,2,FULL,01-08-2025,12:44:04,01-08-2025,12:44:05,01-08-2025,12:45:47,COMPLETED,0,1
79KWH,8,1,FULL,01-08-2025,12:44:54,01-08-2025,12:44:57,01-08-2025,12:47:22,COMPLETED,0,1
79KWH,8,3,FULL,01-08-2025,12:46:42,01-08-2025,12:46:43,01-08-2025,12:48:01,COMPLETED,0,1
79KWH,8,2,FULL,01-08-2025,12:46:48,01-08-2025,12:46:48,01-08-2025,12:48:29,COMPLETED,0,1
79KWH,8,1,FULL,01-08-2025,12:47:31,01-08-2025,12:47:32,01-08-2025,12:50:06,COMPLETED,0,1
79KWH,8,3,FULL,01-08-2025,12:49:27,01-08-2025,12:49:28,01-08-2025,12:50:43,COMPLETED,0,1
79KWH,8,2,FULL,01-08-2025,12:49:39,01-08-2025,12:49:39,01-08-2025,12:51:24,COMPLETED,0,1
79KWH,8,1,FULL,01-08-2025,12:50:12,01-08-2025,12:50:14,01-08-2025,12:52:40,COMPLETED,0,1
79KWH,8,3,FULL,01-08-2025,12:52:17,01-08-2025,12:52:17,01-08-2025,12:53:37,COMPLETED,0,1
79KWH,8,2,FULL,01-08-2025,12:52:22,01-08-2025,12:52:24,01-08-2025,12:54:05,COMPLETED,0,1
79KWH,8,1,FULL,01-08-2025,12:52:48,01-08-2025,12:52:49,01-08-2025,12:55:19,COMPLETED,0,1
79KWH,8,3,FULL,01-08-2025,12:55:01,01-08-2025,12:55:02,01-08-2025,12:56:19,COMPLETED,0,1
79KWH,8,2,FULL,01-08-2025,12:55:14,01-08-2025,12:55:15,01-08-2025,12:57:00,COMPLETED,0,1
79KWH,8,1,FULL,01-08-2025,12:55:24,01-08-2025,12:55:28,01-08-2025,12:57:56,COMPLETED,0,1
79KWH,8,1,FULL,01-08-2025,12:58:04,01-08-2025,12:58:05,01-08-2025,13:00:41,COMPLETED,0,1
79KWH,8,3,FULL,02-08-2025,19:01:24,02-08-2025,19:01:24,02-08-2025,19:03:31,COMPLETED,0,1
79KWH,8,2,FULL,02-08-2025,19:01:29,02-08-2025,19:01:30,02-08-2025,19:04:07,COMPLETED,0,1
79KWH,8,1,FULL,02-08-2025,19:03:00,02-08-2025,19:03:01,02-08-2025,19:04:57,COMPLETED,0,1
79KWH,8,3,FULL,02-08-2025,19:04:05,02-08-2025,19:05:45,02-08-2025,19:07:54,COMPLETED,0,1
79KWH,8,2,FULL,02-08-2025,19:04:19,02-08-2025,19:04:20,02-08-2025,19:06:43,COMPLETED,0,1
79KWH,8,1,FULL,02-08-2025,19:05:42,02-08-2025,19:07:00,02-08-2025,19:08:54,COMPLETED,0,1
79KWH,8,2,FULL,02-08-2025,19:07:04,02-08-2025,19:07:04,02-08-2025,19:09:10,COMPLETED,0,1
79KWH,8,3,FULL,02-08-2025,19:08:02,02-08-2025,19:09:57,02-08-2025,19:12:03,COMPLETED,0,1
79KWH,8,1,FULL,02-08-2025,19:09:02,02-08-2025,19:11:00,02-08-2025,19:13:51,COMPLETED,0,1
79KWH,8,2,FULL,02-08-2025,19:09:53,02-08-2025,19:09:54,02-08-2025,19:11:38,COMPLETED,0,1
79KWH,8,3,FULL,02-08-2025,19:12:09,02-08-2025,19:12:12,02-08-2025,19:13:30,COMPLETED,0,1
79KWH,8,2,FULL,02-08-2025,19:12:39,02-08-2025,19:12:40,02-08-2025,19:14:26,COMPLETED,0,1
79KWH,8,3,FULL,02-08-2025,19:13:39,02-08-2025,19:15:26,02-08-2025,19:17:34,COMPLETED,0,1
79KWH,8,1,FULL,02-08-2025,19:13:57,02-08-2025,19:14:03,02-08-2025,19:16:40,COMPLETED,0,1
79KWH,8,2,FULL,02-08-2025,19:15:28,02-08-2025,19:15:29,02-08-2025,19:17:14,COMPLETED,0,1
79KWH,8,1,FULL,02-08-2025,19:16:47,02-08-2025,19:16:49,02-08-2025,19:19:33,COMPLETED,0,1
79KWH,8,3,FULL,02-08-2025,19:17:40,02-08-2025,19:17:43,02-08-2025,19:19:04,COMPLETED,0,1
79KWH,8,2,FULL,02-08-2025,19:18:14,02-08-2025,19:18:15,02-08-2025,19:20:03,COMPLETED,0,1
79KWH,8,3,FULL,02-08-2025,19:19:16,02-08-2025,19:19:16,02-08-2025,19:20:39,COMPLETED,0,1
79KWH,8,1,FULL,02-08-2025,19:19:39,02-08-2025,19:19:45,02-08-2025,19:22:24,COMPLETED,0,1
79KWH,8,3,FULL,02-08-2025,19:20:51,02-08-2025,19:20:52,02-08-2025,19:22:15,COMPLETED,0,1
79KWH,8,2,FULL,02-08-2025,19:21:04,02-08-2025,19:21:05,02-08-2025,19:22:51,COMPLETED,0,1
79KWH,8,1,FULL,02-08-2025,19:22:31,02-08-2025,19:22:34,02-08-2025,19:25:13,COMPLETED,0,1
79KWH,8,3,FULL,02-08-2025,19:23:43,02-08-2025,19:23:43,02-08-2025,19:25:07,COMPLETED,0,1
79KWH,8,2,FULL,02-08-2025,19:23:49,02-08-2025,19:23:49,02-08-2025,19:25:38,COMPLETED,0,1
79KWH,8,1,FULL,02-08-2025,19:25:20,02-08-2025,19:25:25,02-08-2025,19:28:02,COMPLETED,0,1
79KWH,8,3,FULL,02-08-2025,19:26:27,02-08-2025,19:26:27,02-08-2025,19:27:48,COMPLETED,0,1
79KWH,8,2,FULL,02-08-2025,19:26:38,02-08-2025,19:26:38,02-08-2025,19:28:26,COMPLETED,0,1
79KWH,8,1,FULL,02-08-2025,19:28:09,02-08-2025,19:30:38,02-08-2025,19:33:23,COMPLETED,0,1
79KWH,8,3,FULL,02-08-2025,19:29:18,02-08-2025,19:29:47,02-08-2025,19:31:56,COMPLETED,0,1
79KWH,8,2,FULL,02-08-2025,19:29:23,02-08-2025,19:29:23,02-08-2025,19:31:14,COMPLETED,0,1
79KWH,8,3,FULL,02-08-2025,19:32:01,02-08-2025,19:32:05,02-08-2025,19:33:28,COMPLETED,0,1
79KWH,8,2,FULL,02-08-2025,19:32:13,02-08-2025,19:32:14,02-08-2025,19:34:03,COMPLETED,0,1
79KWH,8,1,FULL,02-08-2025,19:33:29,02-08-2025,19:33:31,02-08-2025,19:36:04,COMPLETED,0,1
79KWH,8,3,FULL,02-08-2025,19:34:53,02-08-2025,19:35:20,02-08-2025,19:37:30,COMPLETED,0,1
79KWH,8,2,FULL,02-08-2025,19:35:36,02-08-2025,19:35:36,02-08-2025,19:37:29,COMPLETED,0,1
79KWH,8,1,FULL,02-08-2025,19:36:11,02-08-2025,19:36:12,02-08-2025,19:38:48,COMPLETED,0,1
79KWH,8,3,FULL,02-08-2025,19:38:13,02-08-2025,19:39:29,02-08-2025,19:41:36,COMPLETED,0,1
79KWH,8,2,FULL,02-08-2025,19:38:19,02-08-2025,19:38:20,02-08-2025,19:40:10,COMPLETED,0,1
79KWH,8,1,FULL,02-08-2025,19:38:55,02-08-2025,19:38:57,02-08-2025,19:41:30,COMPLETED,0,1
79KWH,8,2,FULL,02-08-2025,19:41:11,02-08-2025,19:41:12,02-08-2025,19:43:06,COMPLETED,0,1
79KWH,8,1,FULL,02-08-2025,19:41:39,02-08-2025,19:41:39,02-08-2025,19:44:16,COMPLETED,0,1
79KWH,8,3,FULL,02-08-2025,19:41:44,02-08-2025,19:43:29,02-08-2025,19:45:39,COMPLETED,0,1
79KWH,8,2,FULL,02-08-2025,19:43:55,02-08-2025,19:43:55,02-08-2025,19:45:46,COMPLETED,0,1
79KWH,8,1,FULL,02-08-2025,19:44:22,02-08-2025,19:44:25,02-08-2025,19:47:00,COMPLETED,0,1
79KWH,8,3,FULL,02-08-2025,19:45:45,02-08-2025,19:45:48,02-08-2025,19:47:14,COMPLETED,0,1
79KWH,8,2,FULL,02-08-2025,19:46:47,02-08-2025,19:46:47,02-08-2025,19:48:41,COMPLETED,0,1
79KWH,8,1,FULL,02-08-2025,19:47:08,02-08-2025,19:47:09,02-08-2025,19:49:47,COMPLETED,0,1
79KWH,8,3,FULL,02-08-2025,19:47:22,02-08-2025,19:47:24,02-08-2025,19:48:52,COMPLETED,0,1
79KWH,8,3,FULL,02-08-2025,19:49:23,02-08-2025,19:49:24,02-08-2025,19:50:51,COMPLETED,0,1
79KWH,8,2,FULL,02-08-2025,19:49:29,02-08-2025,19:49:30,02-08-2025,19:51:22,COMPLETED,0,1
79KWH,8,1,FULL,02-08-2025,19:49:53,02-08-2025,19:49:55,02-08-2025,19:52:31,COMPLETED,0,1
79KWH,8,3,FULL,02-08-2025,19:52:09,02-08-2025,19:52:48,02-08-2025,19:54:59,COMPLETED,0,1
79KWH,8,2,FULL,02-08-2025,19:52:22,02-08-2025,19:52:23,02-08-2025,19:54:19,COMPLETED,0,1
79KWH,8,1,FULL,02-08-2025,19:52:39,02-08-2025,19:55:14,02-08-2025,19:57:59,COMPLETED,0,1
79KWH,8,3,FULL,02-08-2025,19:55:05,02-08-2025,19:55:08,02-08-2025,19:56:36,COMPLETED,0,1
79KWH,8,2,FULL,02-08-2025,19:55:05,02-08-2025,19:55:07,02-08-2025,19:57:02,COMPLETED,0,1
79KWH,8,3,FULL,02-08-2025,19:57:44,02-08-2025,19:58:43,02-08-2025,20:00:55,COMPLETED,0,1
79KWH,8,2,FULL,02-08-2025,19:57:57,02-08-2025,19:57:58,02-08-2025,19:59:55,COMPLETED,0,1
79KWH,8,1,FULL,02-08-2025,19:58:05,02-08-2025,19:58:08,02-08-2025,20:00:45,COMPLETED,0,1
79KWH,8,2,FULL,02-08-2025,20:00:39,02-08-2025,20:00:39,02-08-2025,20:02:36,COMPLETED,0,1
79KWH,8,1,FULL,02-08-2025,20:00:52,02-08-2025,20:03:24,02-08-2025,20:06:09,COMPLETED,0,1
79KWH,8,3,FULL,02-08-2025,20:01:01,02-08-2025,20:01:04,02-08-2025,20:02:33,COMPLETED,0,1
79KWH,8,3,FULL,02-08-2025,20:03:19,02-08-2025,20:04:44,02-08-2025,20:06:56,COMPLETED,0,1
79KWH,8,2,FULL,02-08-2025,20:03:33,02-08-2025,20:03:34,02-08-2025,20:05:32,COMPLETED,0,1
79KWH,8,2,FULL,02-08-2025,20:06:14,02-08-2025,20:06:14,02-08-2025,20:08:11,COMPLETED,0,1
79KWH,8,1,FULL,02-08-2025,20:06:15,02-08-2025,20:06:18,02-08-2025,20:08:57,COMPLETED,0,1
79KWH,8,3,FULL,02-08-2025,20:07:02,02-08-2025,20:07:04,02-08-2025,20:08:33,COMPLETED,0,1
79KWH,8,1,FULL,02-08-2025,20:09:05,02-08-2025,20:09:06,02-08-2025,20:11:47,COMPLETED,0,1
79KWH,8,1,FULL,02-08-2025,20:11:53,02-08-2025,20:14:35,02-08-2025,20:17:19,COMPLETED,0,1
79KWH,8,1,FULL,02-08-2025,20:17:26,02-08-2025,20:17:27,02-08-2025,20:20:10,COMPLETED,0,1
79KWH,8,1,FULL,02-08-2025,20:58:05,02-08-2025,20:58:07,02-08-2025,21:00:46,COMPLETED,0,1
79KWH,8,3,FULL,02-08-2025,20:59:13,02-08-2025,20:59:14,02-08-2025,21:01:27,COMPLETED,0,1
79KWH,8,2,FULL,02-08-2025,20:59:30,02-08-2025,20:59:30,02-08-2025,21:01:31,COMPLETED,0,1
79KWH,8,1,FULL,02-08-2025,21:00:54,02-08-2025,21:00:55,02-08-2025,21:03:39,COMPLETED,0,1
79KWH,8,3,FULL,02-08-2025,21:02:03,02-08-2025,21:03:47,02-08-2025,21:05:56,COMPLETED,0,1
79KWH,8,2,FULL,02-08-2025,21:02:11,02-08-2025,21:02:12,02-08-2025,21:04:09,COMPLETED,0,1
79KWH,8,1,FULL,02-08-2025,21:03:44,02-08-2025,21:03:47,02-08-2025,21:06:28,COMPLETED,0,1
79KWH,8,2,FULL,02-08-2025,21:05:06,02-08-2025,21:05:07,02-08-2025,21:07:07,COMPLETED,0,1
79KWH,8,3,FULL,02-08-2025,21:06:04,02-08-2025,21:07:46,02-08-2025,21:10:00,COMPLETED,0,1
79KWH,8,1,FULL,02-08-2025,21:06:36,02-08-2025,21:06:37,02-08-2025,21:09:22,COMPLETED,0,1
79KWH,8,2,FULL,02-08-2025,21:07:45,02-08-2025,21:07:46,02-08-2025,21:09:45,COMPLETED,0,1
79KWH,8,1,FULL,02-08-2025,21:09:28,02-08-2025,21:09:30,02-08-2025,21:12:13,COMPLETED,0,1
79KWH,8,3,FULL,02-08-2025,21:10:06,02-08-2025,21:10:09,02-08-2025,21:11:40,COMPLETED,0,1
79KWH,8,2,FULL,02-08-2025,21:10:38,02-08-2025,21:10:39,02-08-2025,21:12:41,COMPLETED,0,1
79KWH,8,3,FULL,02-08-2025,21:11:48,02-08-2025,21:13:34,02-08-2025,21:15:48,COMPLETED,0,1
79KWH,8,1,FULL,02-08-2025,21:12:21,02-08-2025,21:12:22,02-08-2025,21:15:08,COMPLETED,0,1
79KWH,8,3,FULL,02-08-2025,21:15:54,02-08-2025,21:17:38,02-08-2025,21:19:50,COMPLETED,0,1
79KWH,8,2,FULL,02-08-2025,21:20:49,02-08-2025,21:20:51,02-08-2025,21:22:51,COMPLETED,0,1
79KWH,8,1,FULL,02-08-2025,21:21:43,02-08-2025,21:21:43,02-08-2025,21:24:27,COMPLETED,0,1
79KWH,8,3,FULL,02-08-2025,21:22:34,02-08-2025,21:23:35,02-08-2025,21:25:49,COMPLETED,0,1
79KWH,8,2,FULL,02-08-2025,21:22:59,02-08-2025,21:23:00,02-08-2025,21:25:03,COMPLETED,0,1
79KWH,8,1,FULL,02-08-2025,21:24:35,02-08-2025,21:24:35,02-08-2025,21:27:22,COMPLETED,0,1
79KWH,8,2,FULL,02-08-2025,21:25:09,02-08-2025,21:25:11,02-08-2025,21:27:13,COMPLETED,0,1
79KWH,8,3,FULL,02-08-2025,21:25:56,02-08-2025,21:27:38,02-08-2025,21:29:50,COMPLETED,0,1
79KWH,8,1,FULL,02-08-2025,21:27:28,02-08-2025,21:27:32,02-08-2025,21:30:18,COMPLETED,0,1
79KWH,8,2,FULL,02-08-2025,21:27:42,02-08-2025,21:27:44,02-08-2025,21:29:48,COMPLETED,0,1
79KWH,8,3,FULL,02-08-2025,21:29:58,02-08-2025,21:31:42,02-08-2025,21:33:57,COMPLETED,0,1
79KWH,8,2,FULL,02-08-2025,21:30:26,02-08-2025,21:30:26,02-08-2025,21:32:28,COMPLETED,0,1
79KWH,8,1,FULL,02-08-2025,21:30:26,02-08-2025,21:30:27,02-08-2025,21:33:16,COMPLETED,0,1
79KWH,8,1,FULL,02-08-2025,21:33:22,02-08-2025,21:33:24,02-08-2025,21:36:11,COMPLETED,0,1
79KWH,8,3,FULL,02-08-2025,21:34:03,02-08-2025,21:34:07,02-08-2025,21:35:42,COMPLETED,0,1
79KWH,8,3,FULL,02-08-2025,21:35:49,02-08-2025,21:37:29,02-08-2025,21:39:45,COMPLETED,0,1
79KWH,8,2,FULL,02-08-2025,21:47:08,02-08-2025,21:47:09,02-08-2025,21:49:15,COMPLETED,0,1
79KWH,8,1,FULL,02-08-2025,21:48:15,02-08-2025,21:48:16,02-08-2025,21:50:07,COMPLETED,0,1
79KWH,8,3,FULL,02-08-2025,21:49:00,02-08-2025,21:50:11,02-08-2025,21:52:25,COMPLETED,0,1
79KWH,8,2,FULL,02-08-2025,21:49:22,02-08-2025,21:49:24,02-08-2025,21:51:27,COMPLETED,0,1
79KWH,8,1,FULL,02-08-2025,21:50:25,02-08-2025,21:50:25,02-08-2025,21:51:19,COMPLETED,0,1
79KWH,8,2,FULL,02-08-2025,21:51:47,02-08-2025,21:51:47,02-08-2025,21:53:53,COMPLETED,0,1
79KWH,8,3,FULL,02-08-2025,21:52:33,02-08-2025,21:54:34,02-08-2025,21:56:51,COMPLETED,0,1
79KWH,8,1,FULL,02-08-2025,21:53:10,02-08-2025,21:53:10,02-08-2025,21:54:05,COMPLETED,0,1
79KWH,8,2,FULL,02-08-2025,21:54:30,02-08-2025,21:54:31,02-08-2025,21:56:36,COMPLETED,0,1
79KWH,8,1,FULL,02-08-2025,21:55:59,02-08-2025,21:55:59,02-08-2025,21:56:52,COMPLETED,0,1
79KWH,8,3,FULL,02-08-2025,21:56:57,02-08-2025,21:57:00,02-08-2025,21:58:37,COMPLETED,0,1
79KWH,8,2,FULL,02-08-2025,21:57:22,02-08-2025,21:57:23,02-08-2025,21:59:30,COMPLETED,0,1
79KWH,8,1,FULL,02-08-2025,21:58:45,02-08-2025,21:58:46,02-08-2025,21:59:41,COMPLETED,0,1
79KWH,8,3,FULL,02-08-2025,21:58:45,02-08-2025,21:58:46,02-08-2025,22:00:27,COMPLETED,0,1
79KWH,8,2,FULL,02-08-2025,22:00:04,02-08-2025,22:00:05,02-08-2025,22:02:11,COMPLETED,0,1
79KWH,8,3,FULL,02-08-2025,22:00:32,02-08-2025,22:00:35,02-08-2025,22:02:14,COMPLETED,0,1
79KWH,8,1,FULL,02-08-2025,22:01:35,02-08-2025,22:01:35,02-08-2025,22:02:29,COMPLETED,0,1
79KWH,8,3,FULL,02-08-2025,22:02:43,02-08-2025,22:04:29,02-08-2025,22:06:46,COMPLETED,0,1
79KWH,8,2,FULL,02-08-2025,22:02:56,02-08-2025,22:02:57,02-08-2025,22:05:05,COMPLETED,0,1
79KWH,8,1,FULL,02-08-2025,22:04:23,02-08-2025,22:04:25,02-08-2025,22:05:26,COMPLETED,0,1
79KWH,8,2,FULL,02-08-2025,22:05:39,02-08-2025,22:05:41,02-08-2025,22:07:47,COMPLETED,0,1
79KWH,8,3,FULL,02-08-2025,22:06:52,02-08-2025,22:08:31,02-08-2025,22:10:46,COMPLETED,0,1
79KWH,8,1,FULL,02-08-2025,22:07:10,02-08-2025,22:07:10,02-08-2025,22:08:05,COMPLETED,0,1
79KWH,8,2,FULL,02-08-2025,22:08:32,02-08-2025,22:08:33,02-08-2025,22:10:42,COMPLETED,0,1
79KWH,8,1,FULL,02-08-2025,22:09:56,02-08-2025,22:09:56,02-08-2025,22:10:53,COMPLETED,0,1
79KWH,8,3,FULL,02-08-2025,22:10:54,02-08-2025,23:05:11,02-08-2025,23:06:28,COMPLETED,0,1
79KWH,8,2,FULL,02-08-2025,22:11:14,02-08-2025,22:11:15,02-08-2025,22:13:23,COMPLETED,0,1
79KWH,8,1,FULL,02-08-2025,22:12:44,02-08-2025,22:12:45,02-08-2025,22:13:41,COMPLETED,0,1
79KWH,8,2,FULL,02-08-2025,22:35:34,02-08-2025,22:35:34,02-08-2025,22:37:45,COMPLETED,0,1
79KWH,8,1,FULL,02-08-2025,22:36:52,02-08-2025,22:36:52,02-08-2025,22:37:56,COMPLETED,0,1
79KWH,8,2,FULL,02-08-2025,22:38:11,02-08-2025,22:38:13,02-08-2025,22:40:21,COMPLETED,0,1
79KWH,8,1,FULL,02-08-2025,22:39:43,02-08-2025,22:39:44,02-08-2025,22:40:45,COMPLETED,0,1
79KWH,8,2,FULL,02-08-2025,22:41:04,02-08-2025,22:41:05,02-08-2025,22:43:17,COMPLETED,0,1
79KWH,8,1,FULL,02-08-2025,22:42:29,02-08-2025,22:42:30,02-08-2025,22:43:31,COMPLETED,0,1
79KWH,8,2,FULL,02-08-2025,22:43:47,02-08-2025,22:43:48,02-08-2025,22:45:58,COMPLETED,0,1
79KWH,8,1,FULL,02-08-2025,22:45:18,02-08-2025,22:45:19,02-08-2025,22:46:24,COMPLETED,0,1
79KWH,8,2,FULL,02-08-2025,22:46:06,02-08-2025,22:46:06,02-08-2025,22:48:18,COMPLETED,0,1
79KWH,8,1,FULL,02-08-2025,22:47:11,02-08-2025,22:47:12,02-08-2025,22:48:19,COMPLETED,0,1
79KWH,8,2,FULL,02-08-2025,22:48:24,02-08-2025,22:48:28,02-08-2025,22:50:38,COMPLETED,0,1
79KWH,8,1,FULL,02-08-2025,22:49:00,02-08-2025,22:49:02,02-08-2025,22:50:02,COMPLETED,0,1
79KWH,8,2,FULL,02-08-2025,22:50:47,02-08-2025,22:50:47,02-08-2025,22:53:01,COMPLETED,0,1
79KWH,8,1,FULL,02-08-2025,22:50:54,02-08-2025,22:50:54,02-08-2025,22:51:58,COMPLETED,0,1
79KWH,8,1,FULL,02-08-2025,22:52:44,02-08-2025,22:52:45,02-08-2025,22:53:47,COMPLETED,0,1
79KWH,8,2,FULL,02-08-2025,22:53:07,02-08-2025,22:53:11,02-08-2025,22:55:24,COMPLETED,0,1
79KWH,8,1,FULL,02-08-2025,22:54:37,02-08-2025,22:54:38,02-08-2025,22:55:43,COMPLETED,0,1
79KWH,8,2,FULL,02-08-2025,22:55:32,02-08-2025,22:55:32,02-08-2025,22:57:48,COMPLETED,0,1
79KWH,8,1,FULL,02-08-2025,22:56:28,02-08-2025,22:56:28,02-08-2025,22:57:37,COMPLETED,0,1
79KWH,8,1,FULL,02-08-2025,22:57:48,02-08-2025,22:57:49,02-08-2025,22:58:54,COMPLETED,0,1
79KWH,8,2,FULL,02-08-2025,22:57:55,02-08-2025,22:57:58,02-08-2025,23:00:13,COMPLETED,0,1
79KWH,8,1,FULL,02-08-2025,22:59:11,02-08-2025,22:59:13,02-08-2025,23:00:17,COMPLETED,0,1
79KWH,8,2,FULL,02-08-2025,23:00:20,02-08-2025,23:00:21,02-08-2025,23:02:37,COMPLETED,0,1
79KWH,8,1,FULL,02-08-2025,23:00:26,02-08-2025,23:00:26,02-08-2025,23:01:33,COMPLETED,0,1
79KWH,8,2,FULL,02-08-2025,23:02:43,02-08-2025,23:02:46,02-08-2025,23:05:00,COMPLETED,0,1
79KWH,8,1,FULL,02-08-2025,23:03:12,02-08-2025,23:03:13,02-08-2025,23:04:22,COMPLETED,0,1
79KWH,8,1,FULL,02-08-2025,23:05:04,02-08-2025,23:05:05,02-08-2025,23:06:13,COMPLETED,0,1
79KWH,8,2,FULL,02-08-2025,23:05:09,02-08-2025,23:05:09,02-08-2025,23:07:27,COMPLETED,0,1
79KWH,8,3,FULL,02-08-2025,23:06:34,02-08-2025,23:06:38,02-08-2025,23:08:18,COMPLETED,0,1
79KWH,8,1,FULL,02-08-2025,23:06:55,02-08-2025,23:06:55,02-08-2025,23:08:02,COMPLETED,0,1
79KWH,8,2,FULL,02-08-2025,23:07:32,02-08-2025,23:07:36,02-08-2025,23:09:52,COMPLETED,0,1
79KWH,8,3,FULL,02-08-2025,23:08:26,02-08-2025,23:26:06,02-08-2025,23:27:23,COMPLETED,0,1
79KWH,8,1,FULL,02-08-2025,23:09:40,02-08-2025,23:09:41,02-08-2025,23:10:54,COMPLETED,0,1
79KWH,8,2,FULL,02-08-2025,23:10:00,02-08-2025,23:10:01,02-08-2025,23:12:19,COMPLETED,0,1
79KWH,8,2,FULL,02-08-2025,23:12:25,02-08-2025,23:12:28,02-08-2025,23:14:44,COMPLETED,0,1
79KWH,8,1,FULL,02-08-2025,23:12:29,02-08-2025,23:12:31,02-08-2025,23:13:38,COMPLETED,0,1
79KWH,8,1,FULL,02-08-2025,23:14:24,02-08-2025,23:14:25,02-08-2025,23:15:34,COMPLETED,0,1
79KWH,8,2,FULL,02-08-2025,23:14:52,02-08-2025,23:14:53,02-08-2025,23:17:12,COMPLETED,0,1
79KWH,8,1,FULL,02-08-2025,23:16:12,02-08-2025,23:16:13,02-08-2025,23:17:21,COMPLETED,0,1
79KWH,8,2,FULL,02-08-2025,23:17:19,02-08-2025,23:17:20,02-08-2025,23:19:38,COMPLETED,0,1
79KWH,8,1,FULL,02-08-2025,23:17:28,02-08-2025,23:17:28,02-08-2025,23:18:45,COMPLETED,0,1
79KWH,8,1,FULL,02-08-2025,23:18:58,02-08-2025,23:18:58,02-08-2025,23:20:08,COMPLETED,0,1
79KWH,8,2,FULL,02-08-2025,23:19:46,02-08-2025,23:19:46,02-08-2025,23:22:07,COMPLETED,0,1
79KWH,8,1,FULL,02-08-2025,23:20:50,02-08-2025,23:20:51,02-08-2025,23:22:08,COMPLETED,0,1
79KWH,8,2,FULL,02-08-2025,23:22:13,02-08-2025,23:22:16,02-08-2025,23:24:35,COMPLETED,0,1
79KWH,8,1,FULL,02-08-2025,23:22:14,02-08-2025,23:22:18,02-08-2025,23:23:28,COMPLETED,0,1
79KWH,8,2,FULL,02-08-2025,23:24:43,02-08-2025,23:24:43,02-08-2025,23:27:05,COMPLETED,0,1
79KWH,8,3,FULL,02-08-2025,23:27:30,02-08-2025,23:27:33,02-08-2025,23:29:15,COMPLETED,0,1
79KWH,8,3,FULL,02-08-2025,23:29:23,02-08-2025,23:30:58,02-08-2025,23:33:16,COMPLETED,0,1
79KWH,8,3,FULL,02-08-2025,23:45:06,02-08-2025,23:45:07,02-08-2025,23:47:24,COMPLETED,0,1
79KWH,8,3,FULL,02-08-2025,23:47:34,02-08-2025,23:47:35,02-08-2025,23:49:23,COMPLETED,0,1
79KWH,8,3,FULL,02-08-2025,23:49:29,02-08-2025,23:49:32,02-08-2025,23:51:18,COMPLETED,0,1
79KWH,8,1,FULL,04-08-2025,07:13:35,04-08-2025,07:22:23,04-08-2025,09:58:32,COMPLETED,0,1
79KWH,8,3,FULL,04-08-2025,07:14:42,04-08-2025,07:14:42,04-08-2025,07:17:30,COMPLETED,0,1
79KWH,8,2,FULL,04-08-2025,07:14:54,04-08-2025,07:14:54,04-08-2025,07:17:31,COMPLETED,0,1
79KWH,8,3,FULL,04-08-2025,07:17:35,04-08-2025,07:17:39,04-08-2025,07:20:22,COMPLETED,0,1
79KWH,8,2,FULL,04-08-2025,07:17:37,04-08-2025,07:17:41,04-08-2025,07:20:02,COMPLETED,0,1
79KWH,8,2,FULL,04-08-2025,07:20:28,04-08-2025,07:20:29,04-08-2025,07:22:53,COMPLETED,0,1
79KWH,8,3,FULL,04-08-2025,07:20:30,04-08-2025,07:20:31,04-08-2025,07:22:48,COMPLETED,0,1
79KWH,8,3,FULL,04-08-2025,07:23:03,04-08-2025,07:23:04,04-08-2025,07:24:49,COMPLETED,0,1
79KWH,8,2,FULL,04-08-2025,07:23:11,04-08-2025,07:23:12,04-08-2025,07:25:33,COMPLETED,0,1
79KWH,8,3,FULL,04-08-2025,07:25:50,04-08-2025,07:25:51,04-08-2025,07:27:39,COMPLETED,0,1
79KWH,8,2,FULL,04-08-2025,07:36:04,04-08-2025,07:36:05,04-08-2025,07:38:30,COMPLETED,0,1
79KWH,8,3,FULL,04-08-2025,07:37:45,04-08-2025,07:40:20,04-08-2025,07:42:38,COMPLETED,0,1
79KWH,8,2,FULL,04-08-2025,07:38:36,04-08-2025,07:38:39,04-08-2025,07:41:03,COMPLETED,0,1
79KWH,8,2,FULL,04-08-2025,07:41:11,04-08-2025,07:42:18,04-08-2025,07:44:56,COMPLETED,0,1
79KWH,8,3,FULL,04-08-2025,07:42:45,04-08-2025,07:44:56,04-08-2025,07:46:48,COMPLETED,0,1
79KWH,8,2,FULL,04-08-2025,07:45:01,04-08-2025,07:45:05,04-08-2025,07:47:29,COMPLETED,0,1
79KWH,8,3,FULL,04-08-2025,07:46:57,04-08-2025,07:48:55,04-08-2025,07:50:46,COMPLETED,0,1
79KWH,8,2,FULL,04-08-2025,07:47:37,04-08-2025,07:48:47,04-08-2025,07:51:27,COMPLETED,0,1
79KWH,8,3,FULL,04-08-2025,07:51:00,04-08-2025,07:52:55,04-08-2025,07:55:16,COMPLETED,0,1
79KWH,8,2,FULL,04-08-2025,07:51:33,04-08-2025,07:53:41,04-08-2025,07:56:19,COMPLETED,0,1
79KWH,8,3,FULL,04-08-2025,07:55:22,04-08-2025,07:55:25,04-08-2025,07:57:12,COMPLETED,0,1
79KWH,8,2,FULL,04-08-2025,07:56:27,04-08-2025,07:58:34,04-08-2025,08:01:13,COMPLETED,0,1
79KWH,8,3,FULL,04-08-2025,07:57:20,04-08-2025,09:39:55,04-08-2025,09:42:16,COMPLETED,0,1
79KWH,8,2,FULL,04-08-2025,09:40:27,04-08-2025,09:40:28,04-08-2025,09:43:06,COMPLETED,0,1
79KWH,8,3,FULL,04-08-2025,09:42:23,04-08-2025,09:42:26,04-08-2025,09:44:15,COMPLETED,0,1
79KWH,8,2,FULL,04-08-2025,09:43:14,04-08-2025,09:43:14,04-08-2025,09:45:42,COMPLETED,0,1
79KWH,8,3,FULL,04-08-2025,09:44:23,04-08-2025,09:44:24,04-08-2025,09:46:16,COMPLETED,0,1
79KWH,8,2,FULL,04-08-2025,09:45:50,04-08-2025,09:45:52,04-08-2025,09:48:19,COMPLETED,0,1
79KWH,8,3,FULL,04-08-2025,09:46:22,04-08-2025,09:46:25,04-08-2025,09:48:15,COMPLETED,0,1
79KWH,8,3,FULL,04-08-2025,09:48:23,04-08-2025,09:50:20,04-08-2025,09:52:43,COMPLETED,0,1
79KWH,8,2,FULL,04-08-2025,09:48:27,04-08-2025,09:50:20,04-08-2025,09:53:00,COMPLETED,0,1
79KWH,8,3,FULL,04-08-2025,09:52:50,04-08-2025,09:52:52,04-08-2025,09:54:44,COMPLETED,0,1
79KWH,8,2,FULL,04-08-2025,09:53:06,04-08-2025,09:53:10,04-08-2025,09:55:38,COMPLETED,0,1
79KWH,8,3,FULL,04-08-2025,09:54:53,04-08-2025,09:56:43,04-08-2025,09:59:07,COMPLETED,0,1
79KWH,8,2,FULL,04-08-2025,09:55:46,04-08-2025,09:57:36,04-08-2025,10:00:17,COMPLETED,0,1
79KWH,8,1,FULL,04-08-2025,09:58:39,04-08-2025,10:00:22,04-08-2025,10:02:21,COMPLETED,0,1
79KWH,8,3,FULL,04-08-2025,09:59:13,04-08-2025,10:01:13,04-08-2025,10:03:34,COMPLETED,0,1
79KWH,8,2,FULL,04-08-2025,10:00:23,04-08-2025,10:00:27,04-08-2025,10:02:58,COMPLETED,0,1
79KWH,8,1,FULL,04-08-2025,10:02:29,04-08-2025,10:04:13,04-08-2025,10:06:16,COMPLETED,0,1
79KWH,8,3,FULL,04-08-2025,10:03:42,04-08-2025,10:03:43,04-08-2025,10:05:38,COMPLETED,0,1
79KWH,8,3,FULL,04-08-2025,10:05:45,04-08-2025,10:05:47,04-08-2025,10:07:42,COMPLETED,0,1
79KWH,8,1,FULL,04-08-2025,10:06:22,04-08-2025,10:06:24,04-08-2025,10:07:36,COMPLETED,0,1
79KWH,8,1,FULL,04-08-2025,10:07:45,04-08-2025,10:09:34,04-08-2025,10:11:37,COMPLETED,0,1
79KWH,8,3,FULL,04-08-2025,10:07:51,04-08-2025,10:09:41,04-08-2025,10:12:05,COMPLETED,0,1
79KWH,8,1,FULL,04-08-2025,10:11:43,04-08-2025,10:11:47,04-08-2025,10:13:00,COMPLETED,0,1
79KWH,8,1,FULL,11-08-2025,07:27:07,11-08-2025,07:27:54,11-08-2025,07:30:09,COMPLETED,0,1
79KWH,8,3,FULL,11-08-2025,07:28:16,11-08-2025,07:28:16,11-08-2025,07:29:42,COMPLETED,0,1
79KWH,8,2,FULL,11-08-2025,22:07:47,11-08-2025,22:07:48,11-08-2025,22:10:13,COMPLETED,0,1
79KWH,8,1,FULL,11-08-2025,22:09:06,11-08-2025,22:09:06,11-08-2025,22:11:21,COMPLETED,0,1
79KWH,8,3,FULL,11-08-2025,22:10:19,11-08-2025,22:10:20,11-08-2025,22:12:44,COMPLETED,0,1
79KWH,8,2,FULL,11-08-2025,22:10:25,11-08-2025,22:10:26,11-08-2025,22:12:23,COMPLETED,0,1
79KWH,8,1,FULL,11-08-2025,22:46:51,11-08-2025,22:46:52,11-08-2025,22:49:04,COMPLETED,0,1
79KWH,8,3,FULL,11-08-2025,22:47:58,11-08-2025,22:47:58,11-08-2025,22:50:20,COMPLETED,0,1
79KWH,8,2,FULL,11-08-2025,22:48:13,11-08-2025,22:48:14,11-08-2025,22:50:40,COMPLETED,0,1
79KWH,8,1,FULL,11-08-2025,22:49:36,11-08-2025,22:49:37,11-08-2025,22:51:03,COMPLETED,0,1
79KWH,8,3,FULL,11-08-2025,22:50:51,11-08-2025,22:50:52,11-08-2025,22:52:50,COMPLETED,0,1
79KWH,8,2,FULL,11-08-2025,22:50:55,11-08-2025,22:50:55,11-08-2025,22:52:54,COMPLETED,0,1
79KWH,8,1,FULL,11-08-2025,22:52:25,11-08-2025,22:52:26,11-08-2025,22:53:39,COMPLETED,0,1
79KWH,8,3,FULL,11-08-2025,22:53:32,11-08-2025,22:53:33,11-08-2025,22:55:30,COMPLETED,0,1
79KWH,8,2,FULL,11-08-2025,22:53:47,11-08-2025,22:53:48,11-08-2025,22:55:50,COMPLETED,0,1
79KWH,8,1,FULL,11-08-2025,22:55:11,11-08-2025,22:56:04,11-08-2025,22:58:09,COMPLETED,0,1
79KWH,8,3,FULL,11-08-2025,22:56:25,11-08-2025,22:57:52,11-08-2025,23:00:18,COMPLETED,0,1
79KWH,8,2,FULL,11-08-2025,22:56:28,11-08-2025,22:57:51,11-08-2025,23:00:16,COMPLETED,0,1
79KWH,8,1,FULL,11-08-2025,22:58:16,11-08-2025,22:58:18,11-08-2025,22:59:33,COMPLETED,0,1
79KWH,8,2,FULL,11-08-2025,23:00:23,11-08-2025,23:02:20,11-08-2025,23:04:46,COMPLETED,0,1
79KWH,8,3,FULL,11-08-2025,23:00:24,11-08-2025,23:00:26,11-08-2025,23:02:24,COMPLETED,0,1
79KWH,8,1,FULL,11-08-2025,23:00:46,11-08-2025,23:00:47,11-08-2025,23:02:04,COMPLETED,0,1
79KWH,8,3,FULL,11-08-2025,23:02:32,11-08-2025,23:04:44,11-08-2025,23:07:11,COMPLETED,0,1
79KWH,8,1,FULL,11-08-2025,23:03:34,11-08-2025,23:03:34,11-08-2025,23:04:56,COMPLETED,0,1
79KWH,8,2,FULL,11-08-2025,23:04:53,11-08-2025,23:04:56,11-08-2025,23:06:58,COMPLETED,0,1
79KWH,8,1,FULL,11-08-2025,23:05:27,11-08-2025,23:05:28,11-08-2025,23:06:45,COMPLETED,0,1
79KWH,8,2,FULL,11-08-2025,23:07:06,11-08-2025,23:07:07,11-08-2025,23:09:13,COMPLETED,0,1
79KWH,8,3,FULL,11-08-2025,23:07:17,11-08-2025,23:07:21,11-08-2025,23:09:21,COMPLETED,0,1
79KWH,8,1,FULL,11-08-2025,23:08:11,11-08-2025,23:08:12,11-08-2025,23:09:28,COMPLETED,0,1
79KWH,8,3,FULL,11-08-2025,23:09:29,11-08-2025,23:09:30,11-08-2025,23:11:32,COMPLETED,0,1
79KWH,8,2,FULL,11-08-2025,23:09:30,11-08-2025,23:09:30,11-08-2025,23:11:34,COMPLETED,0,1
79KWH,8,1,FULL,11-08-2025,23:11:02,11-08-2025,23:11:03,11-08-2025,23:12:22,COMPLETED,0,1
79KWH,8,3,FULL,11-08-2025,23:11:38,11-08-2025,23:11:42,11-08-2025,23:13:42,COMPLETED,0,1
79KWH,8,2,FULL,11-08-2025,23:12:22,11-08-2025,23:12:22,11-08-2025,23:14:28,COMPLETED,0,1
79KWH,8,1,FULL,11-08-2025,23:13:44,11-08-2025,23:13:46,11-08-2025,23:15:04,COMPLETED,0,1
79KWH,8,3,FULL,11-08-2025,23:13:50,11-08-2025,23:13:50,11-08-2025,23:15:54,COMPLETED,0,1
79KWH,8,2,FULL,11-08-2025,23:15:06,11-08-2025,23:15:06,11-08-2025,23:17:10,COMPLETED,0,1
79KWH,8,3,FULL,11-08-2025,23:16:00,11-08-2025,23:16:03,11-08-2025,23:18:04,COMPLETED,0,1
79KWH,8,1,FULL,11-08-2025,23:16:36,11-08-2025,23:16:37,11-08-2025,23:17:58,COMPLETED,0,1
79KWH,8,2,FULL,11-08-2025,23:17:56,11-08-2025,23:17:57,11-08-2025,23:20:04,COMPLETED,0,1
79KWH,8,3,FULL,11-08-2025,23:18:12,11-08-2025,23:18:13,11-08-2025,23:20:17,COMPLETED,0,1
79KWH,8,1,FULL,11-08-2025,23:19:19,11-08-2025,23:20:24,11-08-2025,23:22:27,COMPLETED,0,1
79KWH,8,3,FULL,11-08-2025,23:20:32,11-08-2025,23:22:46,11-08-2025,23:25:12,COMPLETED,0,1
79KWH,8,2,FULL,11-08-2025,23:20:40,11-08-2025,23:22:08,11-08-2025,23:24:36,COMPLETED,0,1
79KWH,8,1,FULL,11-08-2025,23:22:35,11-08-2025,23:22:36,11-08-2025,23:23:58,COMPLETED,0,1
79KWH,8,2,FULL,11-08-2025,23:24:44,11-08-2025,23:24:45,11-08-2025,23:26:54,COMPLETED,0,1
79KWH,8,1,FULL,11-08-2025,23:24:54,11-08-2025,23:25:53,11-08-2025,23:27:58,COMPLETED,0,1
79KWH,8,3,FULL,11-08-2025,23:25:19,11-08-2025,23:27:35,11-08-2025,23:30:04,COMPLETED,0,1
79KWH,8,3,FULL,12-08-2025,07:21:34,12-08-2025,07:21:36,12-08-2025,07:24:04,COMPLETED,0,1
79KWH,8,2,FULL,12-08-2025,07:21:42,12-08-2025,07:21:43,12-08-2025,07:24:30,COMPLETED,0,1
79KWH,8,1,FULL,12-08-2025,07:23:12,12-08-2025,07:23:14,12-08-2025,07:25:21,COMPLETED,0,1
79KWH,8,3,FULL,12-08-2025,07:24:18,12-08-2025,07:24:19,12-08-2025,07:26:24,COMPLETED,0,1
79KWH,8,2,FULL,12-08-2025,07:30:19,12-08-2025,07:30:20,12-08-2025,07:33:03,COMPLETED,0,1
79KWH,8,1,FULL,12-08-2025,07:31:42,12-08-2025,07:31:43,12-08-2025,07:33:05,COMPLETED,0,1
79KWH,8,3,FULL,12-08-2025,07:32:58,12-08-2025,07:32:58,12-08-2025,07:35:06,COMPLETED,0,1
79KWH,8,2,FULL,12-08-2025,07:33:11,12-08-2025,07:33:12,12-08-2025,07:35:50,COMPLETED,0,1
79KWH,8,1,FULL,12-08-2025,07:34:35,12-08-2025,07:34:36,12-08-2025,07:36:01,COMPLETED,0,1
79KWH,8,3,FULL,12-08-2025,07:35:42,12-08-2025,07:35:43,12-08-2025,07:37:49,COMPLETED,0,1
79KWH,8,2,FULL,12-08-2025,07:35:56,12-08-2025,07:36:00,12-08-2025,07:38:30,COMPLETED,0,1
79KWH,8,1,FULL,12-08-2025,07:37:17,12-08-2025,07:37:19,12-08-2025,07:38:42,COMPLETED,0,1
79KWH,8,3,FULL,12-08-2025,07:38:32,12-08-2025,07:38:33,12-08-2025,07:40:42,COMPLETED,0,1
79KWH,8,2,FULL,12-08-2025,07:38:40,12-08-2025,07:38:41,12-08-2025,07:41:14,COMPLETED,0,1
79KWH,8,1,FULL,12-08-2025,07:40:10,12-08-2025,07:40:10,12-08-2025,07:41:37,COMPLETED,0,1
79KWH,8,3,FULL,12-08-2025,07:41:15,12-08-2025,07:41:15,12-08-2025,07:43:22,COMPLETED,0,1
79KWH,8,2,FULL,12-08-2025,07:41:29,12-08-2025,07:41:29,12-08-2025,07:44:00,COMPLETED,0,1
79KWH,8,1,FULL,12-08-2025,07:42:52,12-08-2025,07:42:54,12-08-2025,07:44:18,COMPLETED,0,1
79KWH,8,3,FULL,12-08-2025,07:44:53,12-08-2025,07:44:53,12-08-2025,07:47:03,COMPLETED,0,1
79KWH,8,2,FULL,12-08-2025,07:44:59,12-08-2025,07:45:00,12-08-2025,07:47:34,COMPLETED,0,1
79KWH,8,1,FULL,12-08-2025,07:46:30,12-08-2025,07:46:31,12-08-2025,07:47:58,COMPLETED,0,1
79KWH,8,3,FULL,12-08-2025,07:47:36,12-08-2025,07:47:37,12-08-2025,07:49:45,COMPLETED,0,1
79KWH,8,2,FULL,12-08-2025,07:47:48,12-08-2025,07:47:49,12-08-2025,07:50:20,COMPLETED,0,1
79KWH,8,1,FULL,12-08-2025,07:49:12,12-08-2025,07:49:13,12-08-2025,07:50:38,COMPLETED,0,1
79KWH,8,3,FULL,12-08-2025,07:50:27,12-08-2025,07:50:28,12-08-2025,07:52:38,COMPLETED,0,1
79KWH,8,2,FULL,12-08-2025,07:50:33,12-08-2025,07:50:33,12-08-2025,07:53:07,COMPLETED,0,1
79KWH,8,1,FULL,12-08-2025,07:52:04,12-08-2025,07:52:04,12-08-2025,07:53:33,COMPLETED,0,1
79KWH,8,3,FULL,12-08-2025,07:53:10,12-08-2025,07:53:11,12-08-2025,07:55:20,COMPLETED,0,1
79KWH,8,2,FULL,12-08-2025,07:53:22,12-08-2025,07:53:23,12-08-2025,07:55:55,COMPLETED,0,1
79KWH,8,1,FULL,12-08-2025,07:54:46,12-08-2025,07:54:46,12-08-2025,07:56:13,COMPLETED,0,1
79KWH,8,3,FULL,12-08-2025,07:56:01,12-08-2025,07:56:02,12-08-2025,07:58:14,COMPLETED,0,1
79KWH,8,2,FULL,12-08-2025,07:56:07,12-08-2025,07:56:08,12-08-2025,07:58:42,COMPLETED,0,1
79KWH,8,1,FULL,12-08-2025,07:57:38,12-08-2025,07:57:39,12-08-2025,07:59:08,COMPLETED,0,1
79KWH,8,3,FULL,12-08-2025,07:58:44,12-08-2025,07:58:44,12-08-2025,08:00:59,COMPLETED,0,1
79KWH,8,2,FULL,12-08-2025,07:58:58,12-08-2025,07:58:59,12-08-2025,08:01:33,COMPLETED,0,1
79KWH,8,1,FULL,12-08-2025,08:00:21,12-08-2025,08:00:22,12-08-2025,08:01:49,COMPLETED,0,1
79KWH,8,3,FULL,12-08-2025,08:01:37,12-08-2025,08:01:37,12-08-2025,08:03:54,COMPLETED,0,1
79KWH,8,2,FULL,12-08-2025,08:01:44,12-08-2025,08:01:44,12-08-2025,08:04:21,COMPLETED,0,1
79KWH,8,1,FULL,12-08-2025,08:03:12,12-08-2025,08:03:13,12-08-2025,08:04:44,COMPLETED,0,1
79KWH,8,3,FULL,12-08-2025,08:04:19,12-08-2025,08:04:20,12-08-2025,08:06:31,COMPLETED,0,1
79KWH,8,2,FULL,12-08-2025,08:04:32,12-08-2025,08:04:32,12-08-2025,08:07:07,COMPLETED,0,1
79KWH,8,1,FULL,12-08-2025,08:05:55,12-08-2025,08:05:56,12-08-2025,08:07:24,COMPLETED,0,1
79KWH,8,3,FULL,12-08-2025,08:07:11,12-08-2025,08:07:12,12-08-2025,08:09:25,COMPLETED,0,1
79KWH,8,2,FULL,12-08-2025,08:07:17,12-08-2025,08:07:17,12-08-2025,08:09:54,COMPLETED,0,1
79KWH,8,1,FULL,12-08-2025,08:08:48,12-08-2025,08:08:49,12-08-2025,08:10:20,COMPLETED,0,1
79KWH,8,3,FULL,12-08-2025,08:09:52,12-08-2025,08:09:53,12-08-2025,08:12:06,COMPLETED,0,1
79KWH,8,2,FULL,13-08-2025,08:00:02,13-08-2025,08:00:03,13-08-2025,08:02:06,COMPLETED,0,1
79KWH,8,1,FULL,13-08-2025,08:01:49,13-08-2025,08:01:50,13-08-2025,08:04:19,COMPLETED,0,1
79KWH,8,2,FULL,13-08-2025,08:02:27,13-08-2025,08:02:27,13-08-2025,08:03:42,COMPLETED,0,1
79KWH,8,3,FULL,13-08-2025,08:02:35,13-08-2025,08:02:37,13-08-2025,08:04:40,COMPLETED,0,1
79KWH,8,1,FULL,13-08-2025,08:04:25,13-08-2025,08:04:28,13-08-2025,08:06:33,COMPLETED,0,1
79KWH,8,2,FULL,13-08-2025,08:04:41,13-08-2025,08:04:41,13-08-2025,08:05:45,COMPLETED,0,1
79KWH,8,3,FULL,13-08-2025,08:04:47,13-08-2025,08:04:50,13-08-2025,08:06:04,COMPLETED,0,1
79KWH,8,1,FULL,13-08-2025,08:06:41,13-08-2025,08:06:42,13-08-2025,08:08:49,COMPLETED,0,1
79KWH,8,3,FULL,13-08-2025,08:07:19,13-08-2025,08:07:19,13-08-2025,08:08:35,COMPLETED,0,1
79KWH,8,2,FULL,13-08-2025,08:07:22,13-08-2025,08:07:23,13-08-2025,08:08:12,COMPLETED,0,1
79KWH,8,1,FULL,13-08-2025,08:08:55,13-08-2025,08:08:58,13-08-2025,08:11:07,COMPLETED,0,1
79KWH,8,3,FULL,13-08-2025,08:10:00,13-08-2025,08:10:00,13-08-2025,08:11:15,COMPLETED,0,1
79KWH,8,2,FULL,13-08-2025,08:10:14,13-08-2025,08:10:15,13-08-2025,08:11:21,COMPLETED,0,1
79KWH,8,1,FULL,13-08-2025,08:11:38,13-08-2025,08:11:39,13-08-2025,08:13:47,COMPLETED,0,1
79KWH,8,3,FULL,13-08-2025,08:13:43,13-08-2025,08:13:44,13-08-2025,08:15:35,COMPLETED,0,1
79KWH,8,2,FULL,13-08-2025,08:13:50,13-08-2025,08:13:51,13-08-2025,08:15:09,COMPLETED,0,1
79KWH,8,1,FULL,13-08-2025,08:15:19,13-08-2025,08:15:20,13-08-2025,08:17:33,COMPLETED,0,1
79KWH,8,3,FULL,13-08-2025,08:16:27,13-08-2025,08:16:28,13-08-2025,08:18:40,COMPLETED,0,1
79KWH,8,2,FULL,13-08-2025,08:16:43,13-08-2025,08:16:44,13-08-2025,08:18:04,COMPLETED,0,1
79KWH,8,1,FULL,13-08-2025,08:18:06,13-08-2025,08:18:06,13-08-2025,08:20:20,COMPLETED,0,1
79KWH,8,3,FULL,13-08-2025,08:19:19,13-08-2025,08:19:20,13-08-2025,08:21:36,COMPLETED,0,1
79KWH,8,2,FULL,13-08-2025,08:19:24,13-08-2025,08:19:24,13-08-2025,08:20:43,COMPLETED,0,1
79KWH,8,1,FULL,13-08-2025,08:20:55,13-08-2025,08:20:57,13-08-2025,08:23:09,COMPLETED,0,1
79KWH,8,3,FULL,13-08-2025,08:22:01,13-08-2025,08:22:02,13-08-2025,08:24:16,COMPLETED,0,1
79KWH,8,2,FULL,13-08-2025,08:22:17,13-08-2025,08:22:18,13-08-2025,08:23:40,COMPLETED,0,1
79KWH,8,1,FULL,13-08-2025,08:23:39,13-08-2025,08:23:40,13-08-2025,08:25:56,COMPLETED,0,1
79KWH,8,3,FULL,13-08-2025,08:24:54,13-08-2025,08:24:55,13-08-2025,08:27:12,COMPLETED,0,1
79KWH,8,2,FULL,13-08-2025,08:24:58,13-08-2025,08:24:59,13-08-2025,08:26:19,COMPLETED,0,1
79KWH,8,1,FULL,13-08-2025,08:26:28,13-08-2025,08:27:30,13-08-2025,08:29:58,COMPLETED,0,1
79KWH,8,3,FULL,13-08-2025,08:27:35,13-08-2025,08:29:00,13-08-2025,08:31:32,COMPLETED,0,1
79KWH,8,2,FULL,13-08-2025,08:27:50,13-08-2025,08:27:50,13-08-2025,08:29:13,COMPLETED,0,1
79KWH,8,1,FULL,13-08-2025,08:30:06,13-08-2025,08:30:07,13-08-2025,08:32:18,COMPLETED,0,1
79KWH,8,2,FULL,13-08-2025,08:30:32,13-08-2025,08:30:33,13-08-2025,08:31:54,COMPLETED,0,1
79KWH,8,3,FULL,13-08-2025,08:31:40,13-08-2025,08:33:21,13-08-2025,08:36:01,COMPLETED,0,1
79KWH,8,1,FULL,13-08-2025,08:32:25,13-08-2025,08:32:27,13-08-2025,08:34:37,COMPLETED,0,1
79KWH,8,2,FULL,13-08-2025,08:33:25,13-08-2025,08:33:25,13-08-2025,08:34:48,COMPLETED,0,1
79KWH,8,1,FULL,13-08-2025,08:34:48,13-08-2025,08:34:49,13-08-2025,08:37:06,COMPLETED,0,1
79KWH,8,2,FULL,13-08-2025,08:36:07,13-08-2025,08:36:08,13-08-2025,08:37:29,COMPLETED,0,1
79KWH,8,3,FULL,13-08-2025,08:36:07,13-08-2025,08:36:14,13-08-2025,08:38:35,COMPLETED,0,1
79KWH,8,1,FULL,13-08-2025,08:37:37,13-08-2025,08:37:37,13-08-2025,08:39:54,COMPLETED,0,1
79KWH,8,3,FULL,13-08-2025,08:38:44,13-08-2025,08:38:46,13-08-2025,08:41:10,COMPLETED,0,1
79KWH,8,2,FULL,13-08-2025,08:38:58,13-08-2025,08:38:59,13-08-2025,08:40:24,COMPLETED,0,1
79KWH,8,1,FULL,13-08-2025,08:40:24,13-08-2025,08:40:25,13-08-2025,08:42:02,COMPLETED,0,1
79KWH,8,3,FULL,13-08-2025,08:41:16,13-08-2025,08:41:22,13-08-2025,08:43:39,COMPLETED,0,1
79KWH,8,2,FULL,13-08-2025,08:41:41,13-08-2025,08:41:42,13-08-2025,08:43:06,COMPLETED,0,1
79KWH,8,1,FULL,13-08-2025,08:43:10,13-08-2025,08:44:30,13-08-2025,08:46:22,COMPLETED,0,1
79KWH,8,3,FULL,13-08-2025,08:43:47,13-08-2025,08:45:27,13-08-2025,08:48:03,COMPLETED,0,1
79KWH,8,2,FULL,13-08-2025,08:44:34,13-08-2025,08:44:34,13-08-2025,08:46:36,COMPLETED,0,1
79KWH,8,1,FULL,13-08-2025,08:46:32,13-08-2025,08:48:31,13-08-2025,08:50:45,COMPLETED,0,1
79KWH,8,2,FULL,13-08-2025,08:47:17,13-08-2025,08:47:18,13-08-2025,08:49:53,COMPLETED,0,1
79KWH,8,3,FULL,13-08-2025,08:48:10,13-08-2025,08:48:13,13-08-2025,08:50:32,COMPLETED,0,1
79KWH,8,2,FULL,13-08-2025,08:50:07,13-08-2025,08:50:09,13-08-2025,08:52:47,COMPLETED,0,1
79KWH,8,3,FULL,13-08-2025,08:50:40,13-08-2025,08:52:20,13-08-2025,08:54:59,COMPLETED,0,1
79KWH,8,1,FULL,13-08-2025,08:50:51,13-08-2025,08:50:54,13-08-2025,08:52:26,COMPLETED,0,1
79KWH,8,1,FULL,13-08-2025,08:52:34,13-08-2025,08:52:34,13-08-2025,08:54:08,COMPLETED,0,1
79KWH,8,2,FULL,13-08-2025,08:52:53,13-08-2025,08:52:56,13-08-2025,08:55:33,COMPLETED,0,1
79KWH,8,1,FULL,13-08-2025,08:54:19,13-08-2025,08:54:19,13-08-2025,08:55:51,COMPLETED,0,1
79KWH,8,3,FULL,13-08-2025,08:55:05,13-08-2025,08:56:48,13-08-2025,08:59:23,COMPLETED,0,1
79KWH,8,2,FULL,13-08-2025,08:55:43,13-08-2025,08:55:43,13-08-2025,08:58:22,COMPLETED,0,1
79KWH,8,1,FULL,13-08-2025,08:57:06,13-08-2025,08:57:06,13-08-2025,08:58:41,COMPLETED,0,1
79KWH,8,2,FULL,13-08-2025,08:58:28,13-08-2025,08:58:31,13-08-2025,09:01:10,COMPLETED,0,1
79KWH,8,3,FULL,13-08-2025,08:59:30,13-08-2025,09:01:12,13-08-2025,09:03:49,COMPLETED,0,1
79KWH,8,3,FULL,13-08-2025,09:03:55,13-08-2025,09:05:31,13-08-2025,09:08:06,COMPLETED,0,1
79KWH,8,3,FULL,13-08-2025,09:08:14,13-08-2025,09:09:54,13-08-2025,09:12:37,COMPLETED,0,1
79KWH,8,1,FULL,13-08-2025,09:28:31,13-08-2025,09:28:32,13-08-2025,09:30:43,COMPLETED,0,1
79KWH,8,3,FULL,13-08-2025,09:29:37,13-08-2025,09:30:11,13-08-2025,09:32:47,COMPLETED,0,1
79KWH,8,2,FULL,13-08-2025,09:29:52,13-08-2025,09:29:53,13-08-2025,09:32:35,COMPLETED,0,1
79KWH,8,1,FULL,13-08-2025,09:31:15,13-08-2025,09:31:15,13-08-2025,09:32:51,COMPLETED,0,1
79KWH,8,2,FULL,13-08-2025,09:32:41,13-08-2025,09:32:43,13-08-2025,09:35:23,COMPLETED,0,1
79KWH,8,3,FULL,13-08-2025,09:32:55,13-08-2025,09:32:56,13-08-2025,09:35:21,COMPLETED,0,1
79KWH,8,1,FULL,13-08-2025,09:34:04,13-08-2025,09:34:05,13-08-2025,09:35:38,COMPLETED,0,1
79KWH,8,3,FULL,13-08-2025,09:35:27,13-08-2025,09:35:30,13-08-2025,09:37:53,COMPLETED,0,1
79KWH,8,2,FULL,13-08-2025,09:35:31,13-08-2025,09:35:31,13-08-2025,09:38:13,COMPLETED,0,1
79KWH,8,1,FULL,13-08-2025,09:36:51,13-08-2025,09:36:52,13-08-2025,09:38:29,COMPLETED,0,1
79KWH,8,3,FULL,13-08-2025,09:38:05,13-08-2025,09:38:06,13-08-2025,09:40:33,COMPLETED,0,1
79KWH,8,2,FULL,13-08-2025,09:38:19,13-08-2025,09:38:22,13-08-2025,09:41:03,COMPLETED,0,1
79KWH,8,1,FULL,13-08-2025,09:39:39,13-08-2025,09:39:39,13-08-2025,09:41:14,COMPLETED,0,1
79KWH,8,3,FULL,13-08-2025,09:40:45,13-08-2025,09:40:46,13-08-2025,09:43:10,COMPLETED,0,1
79KWH,8,2,FULL,13-08-2025,09:41:12,13-08-2025,09:41:12,13-08-2025,09:43:55,COMPLETED,0,1
79KWH,8,1,FULL,13-08-2025,09:42:23,13-08-2025,09:42:23,13-08-2025,09:44:02,COMPLETED,0,1
79KWH,8,3,FULL,13-08-2025,09:44:06,13-08-2025,09:44:07,13-08-2025,09:46:39,COMPLETED,0,1
79KWH,8,2,FULL,13-08-2025,09:44:10,13-08-2025,09:44:11,13-08-2025,09:46:53,COMPLETED,0,1
79KWH,8,1,FULL,13-08-2025,09:45:41,13-08-2025,09:45:42,13-08-2025,09:47:18,COMPLETED,0,1
79KWH,8,3,FULL,13-08-2025,09:46:47,13-08-2025,09:46:49,13-08-2025,09:49:14,COMPLETED,0,1
79KWH,8,2,FULL,13-08-2025,09:47:01,13-08-2025,09:47:01,13-08-2025,09:49:47,COMPLETED,0,1
79KWH,8,1,FULL,13-08-2025,09:48:26,13-08-2025,09:48:26,13-08-2025,09:50:05,COMPLETED,0,1
79KWH,8,3,FULL,13-08-2025,09:49:39,13-08-2025,09:49:39,13-08-2025,09:52:11,COMPLETED,0,1
79KWH,8,2,FULL,13-08-2025,09:49:54,13-08-2025,09:49:55,13-08-2025,09:52:38,COMPLETED,0,1
79KWH,8,1,FULL,13-08-2025,09:51:14,13-08-2025,09:51:58,13-08-2025,09:54:10,COMPLETED,0,1
79KWH,8,3,FULL,13-08-2025,09:52:22,13-08-2025,09:53:53,13-08-2025,09:56:32,COMPLETED,0,1
79KWH,8,2,FULL,13-08-2025,09:52:46,13-08-2025,09:52:47,13-08-2025,09:55:32,COMPLETED,0,1
79KWH,8,1,FULL,13-08-2025,09:54:18,13-08-2025,09:55:55,13-08-2025,09:58:11,COMPLETED,0,1
79KWH,8,2,FULL,13-08-2025,09:55:39,13-08-2025,09:55:41,13-08-2025,09:58:23,COMPLETED,0,1
79KWH,8,3,FULL,13-08-2025,09:56:40,13-08-2025,09:58:21,13-08-2025,10:01:02,COMPLETED,0,1
79KWH,8,1,FULL,13-08-2025,09:58:17,13-08-2025,09:58:21,13-08-2025,09:59:59,COMPLETED,0,1
79KWH,8,2,FULL,13-08-2025,09:58:32,13-08-2025,09:58:33,13-08-2025,10:01:20,COMPLETED,0,1
79KWH,8,1,FULL,13-08-2025,10:00:08,13-08-2025,10:00:08,13-08-2025,10:01:49,COMPLETED,0,1
79KWH,8,3,FULL,13-08-2025,10:01:09,13-08-2025,10:01:11,13-08-2025,10:03:43,COMPLETED,0,1
79KWH,8,2,FULL,13-08-2025,10:01:27,13-08-2025,10:01:29,13-08-2025,10:04:15,COMPLETED,0,1
79KWH,8,1,FULL,13-08-2025,10:02:23,13-08-2025,10:02:24,13-08-2025,10:04:03,COMPLETED,0,1
79KWH,8,3,FULL,13-08-2025,10:03:51,13-08-2025,10:05:26,13-08-2025,10:08:12,COMPLETED,0,1
79KWH,8,2,FULL,13-08-2025,10:04:23,13-08-2025,10:04:24,13-08-2025,10:07:13,COMPLETED,0,1
79KWH,8,1,FULL,13-08-2025,10:05:09,13-08-2025,10:05:09,13-08-2025,10:06:52,COMPLETED,0,1
79KWH,8,2,FULL,13-08-2025,10:08:16,13-08-2025,10:08:17,13-08-2025,10:11:03,COMPLETED,0,1
79KWH,8,3,FULL,13-08-2025,10:08:18,13-08-2025,10:10:00,13-08-2025,10:12:39,COMPLETED,0,1
79KWH,8,1,FULL,13-08-2025,10:09:46,13-08-2025,10:09:46,13-08-2025,10:12:01,COMPLETED,0,1
79KWH,8,2,FULL,13-08-2025,10:11:11,13-08-2025,10:11:12,13-08-2025,10:13:05,COMPLETED,0,1
79KWH,8,1,FULL,13-08-2025,10:12:35,13-08-2025,10:13:43,13-08-2025,10:16:01,COMPLETED,0,1
79KWH,8,3,FULL,13-08-2025,10:12:47,13-08-2025,10:12:49,13-08-2025,10:15:20,COMPLETED,0,1
79KWH,8,2,FULL,13-08-2025,10:13:51,13-08-2025,10:13:51,13-08-2025,10:14:47,COMPLETED,0,1
79KWH,8,3,FULL,13-08-2025,10:15:26,13-08-2025,10:15:30,13-08-2025,10:17:59,COMPLETED,0,1
79KWH,8,1,FULL,13-08-2025,10:16:07,13-08-2025,10:16:11,13-08-2025,10:17:53,COMPLETED,0,1
79KWH,8,2,FULL,13-08-2025,10:16:43,13-08-2025,10:16:43,13-08-2025,10:17:41,COMPLETED,0,1
79KWH,8,3,FULL,13-08-2025,10:18:08,13-08-2025,10:18:09,13-08-2025,10:20:41,COMPLETED,0,1
79KWH,8,1,FULL,13-08-2025,10:18:08,13-08-2025,10:18:08,13-08-2025,10:19:52,COMPLETED,0,1
79KWH,8,2,FULL,13-08-2025,10:19:25,13-08-2025,10:19:25,13-08-2025,10:20:21,COMPLETED,0,1
79KWH,8,3,FULL,13-08-2025,10:20:49,13-08-2025,10:20:51,13-08-2025,10:23:21,COMPLETED,0,1
79KWH,8,1,FULL,13-08-2025,10:20:55,13-08-2025,10:20:56,13-08-2025,10:22:40,COMPLETED,0,1
79KWH,8,2,FULL,13-08-2025,10:22:17,13-08-2025,10:22:17,13-08-2025,10:23:16,COMPLETED,0,1
79KWH,8,3,FULL,13-08-2025,10:23:30,13-08-2025,10:23:30,13-08-2025,10:26:04,COMPLETED,0,1
79KWH,8,1,FULL,13-08-2025,10:23:43,13-08-2025,10:23:45,13-08-2025,10:25:30,COMPLETED,0,1
79KWH,8,2,FULL,13-08-2025,10:25:01,13-08-2025,10:25:01,13-08-2025,10:25:57,COMPLETED,0,1
79KWH,8,3,FULL,13-08-2025,10:26:10,13-08-2025,10:26:14,13-08-2025,10:28:46,COMPLETED,0,1
79KWH,8,1,FULL,13-08-2025,10:26:30,13-08-2025,10:27:18,13-08-2025,10:29:34,COMPLETED,0,1
79KWH,8,2,FULL,13-08-2025,10:27:53,13-08-2025,10:27:53,13-08-2025,10:28:52,COMPLETED,0,1
79KWH,8,3,FULL,13-08-2025,10:28:54,13-08-2025,10:28:54,13-08-2025,10:31:29,COMPLETED,0,1
79KWH,8,1,FULL,13-08-2025,10:29:42,13-08-2025,10:29:43,13-08-2025,10:31:30,COMPLETED,0,1
79KWH,8,2,FULL,13-08-2025,10:30:35,13-08-2025,10:30:35,13-08-2025,10:31:31,COMPLETED,0,1
79KWH,8,3,FULL,13-08-2025,10:31:35,13-08-2025,10:31:39,13-08-2025,10:34:11,COMPLETED,0,1
79KWH,8,1,FULL,13-08-2025,10:32:05,13-08-2025,10:32:07,13-08-2025,10:33:51,COMPLETED,0,1
79KWH,8,2,FULL,13-08-2025,10:33:27,13-08-2025,10:33:28,13-08-2025,10:34:27,COMPLETED,0,1
79KWH,8,3,FULL,13-08-2025,10:34:19,13-08-2025,10:34:20,13-08-2025,10:36:57,COMPLETED,0,1
79KWH,8,1,FULL,13-08-2025,10:34:51,13-08-2025,10:34:53,13-08-2025,10:36:41,COMPLETED,0,1
79KWH,8,2,FULL,13-08-2025,10:36:10,13-08-2025,10:36:11,13-08-2025,10:37:08,COMPLETED,0,1
79KWH,8,3,FULL,13-08-2025,10:37:02,13-08-2025,10:37:05,13-08-2025,10:51:26,COMPLETED,0,1
79KWH,8,1,FULL,13-08-2025,10:37:39,13-08-2025,10:37:39,13-08-2025,10:39:26,COMPLETED,0,1
79KWH,8,2,FULL,13-08-2025,10:39:01,13-08-2025,10:39:02,13-08-2025,10:40:02,COMPLETED,0,1
79KWH,8,1,FULL,13-08-2025,10:40:25,13-08-2025,10:40:26,13-08-2025,10:42:15,COMPLETED,0,1
79KWH,8,2,FULL,13-08-2025,10:41:44,13-08-2025,10:41:45,13-08-2025,10:42:43,COMPLETED,0,1
79KWH,8,1,FULL,13-08-2025,10:43:14,13-08-2025,10:43:57,13-08-2025,10:46:14,COMPLETED,0,1
79KWH,8,2,FULL,13-08-2025,10:44:37,13-08-2025,10:44:38,13-08-2025,10:45:38,COMPLETED,0,1
79KWH,8,1,FULL,13-08-2025,10:46:23,13-08-2025,10:47:58,13-08-2025,10:50:19,COMPLETED,0,1
79KWH,8,2,FULL,13-08-2025,10:47:18,13-08-2025,10:47:18,13-08-2025,10:48:16,COMPLETED,0,1
79KWH,8,2,FULL,13-08-2025,10:50:11,13-08-2025,10:50:14,13-08-2025,10:51:16,COMPLETED,0,1
79KWH,8,1,FULL,13-08-2025,10:50:26,13-08-2025,10:50:28,13-08-2025,10:52:17,COMPLETED,0,1
79KWH,8,3,FULL,13-08-2025,10:51:35,13-08-2025,10:51:35,13-08-2025,10:54:16,COMPLETED,0,1
79KWH,8,1,FULL,13-08-2025,10:52:25,13-08-2025,10:53:57,13-08-2025,10:56:18,COMPLETED,0,1
79KWH,8,3,FULL,13-08-2025,10:54:23,13-08-2025,10:54:27,13-08-2025,10:57:01,COMPLETED,0,1
79KWH,8,2,FULL,13-08-2025,10:55:57,13-08-2025,10:55:58,13-08-2025,10:56:58,COMPLETED,0,1
79KWH,8,3,FULL,13-08-2025,10:57:09,13-08-2025,10:57:10,13-08-2025,10:59:49,COMPLETED,0,1
79KWH,8,1,FULL,13-08-2025,10:57:21,13-08-2025,10:57:21,13-08-2025,10:59:11,COMPLETED,0,1
79KWH,8,2,FULL,13-08-2025,10:58:44,13-08-2025,10:58:45,13-08-2025,10:59:49,COMPLETED,0,1
79KWH,8,3,FULL,13-08-2025,10:59:55,13-08-2025,10:59:58,13-08-2025,11:02:34,COMPLETED,0,1
79KWH,8,1,FULL,13-08-2025,11:00:14,13-08-2025,11:00:15,13-08-2025,11:02:07,COMPLETED,0,1
79KWH,8,2,FULL,13-08-2025,11:01:32,13-08-2025,11:01:33,13-08-2025,11:02:36,COMPLETED,0,1
79KWH,8,3,FULL,13-08-2025,11:02:42,13-08-2025,11:02:43,13-08-2025,11:05:22,COMPLETED,0,1
79KWH,8,1,FULL,13-08-2025,11:02:55,13-08-2025,11:02:56,13-08-2025,11:04:45,COMPLETED,0,1
79KWH,8,2,FULL,13-08-2025,11:04:17,13-08-2025,11:04:18,13-08-2025,11:05:23,COMPLETED,0,1
79KWH,8,3,FULL,13-08-2025,11:05:29,13-08-2025,11:05:32,13-08-2025,11:08:15,COMPLETED,0,1
79KWH,8,1,FULL,13-08-2025,11:05:48,13-08-2025,11:05:49,13-08-2025,11:07:41,COMPLETED,0,1
79KWH,8,2,FULL,13-08-2025,11:07:06,13-08-2025,11:07:06,13-08-2025,11:08:10,COMPLETED,0,1
79KWH,8,3,FULL,13-08-2025,11:08:23,13-08-2025,11:08:23,13-08-2025,11:11:03,COMPLETED,0,1
79KWH,8,1,FULL,13-08-2025,11:08:37,13-08-2025,11:08:38,13-08-2025,11:10:28,COMPLETED,0,1
79KWH,8,2,FULL,13-08-2025,11:09:58,13-08-2025,11:09:59,13-08-2025,11:11:04,COMPLETED,0,1
79KWH,8,3,FULL,13-08-2025,11:11:09,13-08-2025,11:11:13,13-08-2025,11:13:50,COMPLETED,0,1
79KWH,8,1,FULL,13-08-2025,11:11:23,13-08-2025,11:11:23,13-08-2025,11:13:18,COMPLETED,0,1
79KWH,8,2,FULL,13-08-2025,11:12:40,13-08-2025,11:12:41,13-08-2025,11:13:45,COMPLETED,0,1
79KWH,8,3,FULL,13-08-2025,11:13:58,13-08-2025,11:14:00,13-08-2025,11:16:56,COMPLETED,0,1
79KWH,8,1,FULL,13-08-2025,11:14:11,13-08-2025,11:14:12,13-08-2025,11:16:05,COMPLETED,0,1
79KWH,8,2,FULL,13-08-2025,11:15:33,13-08-2025,11:15:33,13-08-2025,11:16:41,COMPLETED,0,1
79KWH,8,1,FULL,13-08-2025,11:16:58,13-08-2025,11:16:59,13-08-2025,11:18:55,COMPLETED,0,1
79KWH,8,2,FULL,13-08-2025,11:17:39,13-08-2025,11:17:41,13-08-2025,11:18:45,COMPLETED,0,1
79KWH,8,1,FULL,13-08-2025,11:19:00,13-08-2025,11:19:03,13-08-2025,11:20:57,COMPLETED,0,1
79KWH,8,2,FULL,13-08-2025,11:19:33,13-08-2025,11:19:37,13-08-2025,11:20:45,COMPLETED,0,1
79KWH,8,1,FULL,13-08-2025,11:21:05,13-08-2025,11:22:39,13-08-2025,11:25:03,COMPLETED,0,1
79KWH,8,2,FULL,13-08-2025,11:21:20,13-08-2025,11:21:21,13-08-2025,11:22:28,COMPLETED,0,1
79KWH,8,2,FULL,13-08-2025,11:23:16,13-08-2025,11:23:17,13-08-2025,11:24:25,COMPLETED,0,1
79KWH,8,2,FULL,13-08-2025,11:25:04,13-08-2025,11:25:05,13-08-2025,11:26:11,COMPLETED,0,1
79KWH,8,1,FULL,13-08-2025,11:25:09,13-08-2025,11:25:12,13-08-2025,11:27:06,COMPLETED,0,1
79KWH,8,2,FULL,13-08-2025,11:26:59,13-08-2025,11:26:59,13-08-2025,11:28:10,COMPLETED,0,1
79KWH,8,1,FULL,13-08-2025,11:27:14,13-08-2025,11:28:43,13-08-2025,11:31:08,COMPLETED,0,1
79KWH,8,2,FULL,13-08-2025,11:28:48,13-08-2025,11:28:48,13-08-2025,11:29:56,COMPLETED,0,1
79KWH,8,2,FULL,13-08-2025,11:30:41,13-08-2025,11:30:41,13-08-2025,11:31:52,COMPLETED,0,1
79KWH,8,1,FULL,13-08-2025,11:31:15,13-08-2025,11:31:17,13-08-2025,11:33:20,COMPLETED,0,1
79KWH,8,2,FULL,13-08-2025,11:32:32,13-08-2025,11:32:34,13-08-2025,11:33:43,COMPLETED,0,1
79KWH,8,1,FULL,13-08-2025,11:33:28,13-08-2025,11:35:02,13-08-2025,11:37:27,COMPLETED,0,1
79KWH,8,1,FULL,13-08-2025,11:37:33,13-08-2025,11:37:35,13-08-2025,11:39:33,COMPLETED,0,1
79KWH,8,1,FULL,13-08-2025,11:39:40,13-08-2025,11:41:13,13-08-2025,11:43:40,COMPLETED,0,1
79KWH,8,1,FULL,13-08-2025,11:43:45,13-08-2025,11:43:48,13-08-2025,11:46:54,COMPLETED,0,1
79KWH,8,2,FULL,13-08-2025,12:23:50,13-08-2025,12:23:51,13-08-2025,12:25:03,COMPLETED,0,1
79KWH,8,1,FULL,13-08-2025,12:24:58,13-08-2025,12:25:14,13-08-2025,12:27:40,COMPLETED,0,1
79KWH,8,2,FULL,13-08-2025,12:25:39,13-08-2025,12:25:39,13-08-2025,12:26:49,COMPLETED,0,1
79KWH,8,2,FULL,13-08-2025,12:27:33,13-08-2025,12:27:34,13-08-2025,12:28:47,COMPLETED,0,1
79KWH,8,1,FULL,13-08-2025,12:27:46,13-08-2025,12:27:49,13-08-2025,12:29:48,COMPLETED,0,1
79KWH,8,2,FULL,13-08-2025,12:29:22,13-08-2025,12:29:23,13-08-2025,12:30:35,COMPLETED,0,1
79KWH,8,1,FULL,13-08-2025,12:29:56,13-08-2025,12:31:30,13-08-2025,12:33:59,COMPLETED,0,1
79KWH,8,2,FULL,13-08-2025,12:31:15,13-08-2025,12:31:15,13-08-2025,12:32:31,COMPLETED,0,1
79KWH,8,2,FULL,13-08-2025,12:33:05,13-08-2025,12:33:06,13-08-2025,12:34:18,COMPLETED,0,1
79KWH,8,1,FULL,13-08-2025,12:34:05,13-08-2025,12:34:08,13-08-2025,12:36:09,COMPLETED,0,1
79KWH,8,2,FULL,13-08-2025,12:34:58,13-08-2025,12:34:58,13-08-2025,12:36:14,COMPLETED,0,1
79KWH,8,1,FULL,13-08-2025,12:36:18,13-08-2025,12:37:55,13-08-2025,12:40:23,COMPLETED,0,1
79KWH,8,2,FULL,13-08-2025,12:36:48,13-08-2025,12:36:49,13-08-2025,12:38:03,COMPLETED,0,1
79KWH,8,2,FULL,13-08-2025,12:38:43,13-08-2025,12:38:44,13-08-2025,12:40:00,COMPLETED,0,1
79KWH,8,1,FULL,13-08-2025,12:40:29,13-08-2025,12:40:32,13-08-2025,12:42:33,COMPLETED,0,1
79KWH,8,2,FULL,13-08-2025,12:40:31,13-08-2025,12:40:31,13-08-2025,12:41:47,COMPLETED,0,1
79KWH,8,2,FULL,13-08-2025,12:42:26,13-08-2025,12:42:27,13-08-2025,12:43:43,COMPLETED,0,1
79KWH,8,1,FULL,13-08-2025,12:42:41,13-08-2025,12:42:42,13-08-2025,12:44:48,COMPLETED,0,1
79KWH,8,2,FULL,13-08-2025,12:44:15,13-08-2025,12:44:15,13-08-2025,12:45:31,COMPLETED,0,1
79KWH,8,1,FULL,13-08-2025,12:44:53,13-08-2025,12:44:56,13-08-2025,12:46:58,COMPLETED,0,1
79KWH,8,2,FULL,13-08-2025,12:45:39,13-08-2025,12:45:40,13-08-2025,12:46:58,COMPLETED,0,1
79KWH,8,2,FULL,13-08-2025,12:47:04,13-08-2025,12:47:07,13-08-2025,12:48:23,COMPLETED,0,1
79KWH,8,1,FULL,13-08-2025,12:47:06,13-08-2025,12:47:06,13-08-2025,12:49:12,COMPLETED,0,1
79KWH,8,2,FULL,13-08-2025,12:48:54,13-08-2025,12:48:55,13-08-2025,12:50:16,COMPLETED,0,1
79KWH,8,1,FULL,13-08-2025,12:49:19,13-08-2025,12:49:20,13-08-2025,12:51:23,COMPLETED,0,1
79KWH,8,2,FULL,13-08-2025,12:50:42,13-08-2025,12:50:43,13-08-2025,12:52:01,COMPLETED,0,1
79KWH,8,1,FULL,13-08-2025,12:51:32,13-08-2025,12:53:03,13-08-2025,12:55:33,COMPLETED,0,1
79KWH,8,2,FULL,13-08-2025,12:52:10,13-08-2025,12:52:11,13-08-2025,12:53:33,COMPLETED,0,1
79KWH,8,2,FULL,13-08-2025,12:53:39,13-08-2025,12:53:43,13-08-2025,12:55:02,COMPLETED,0,1
79KWH,8,2,FULL,13-08-2025,12:55:11,13-08-2025,12:55:11,13-08-2025,12:56:35,COMPLETED,0,1
79KWH,8,1,FULL,13-08-2025,12:55:38,13-08-2025,12:57:17,13-08-2025,12:59:44,COMPLETED,0,1
79KWH,8,2,FULL,13-08-2025,12:56:41,13-08-2025,12:56:43,13-08-2025,12:58:06,COMPLETED,0,1
79KWH,8,2,FULL,13-08-2025,12:58:13,13-08-2025,12:58:15,13-08-2025,12:59:38,COMPLETED,0,1
79KWH,8,2,FULL,13-08-2025,12:59:44,13-08-2025,12:59:48,13-08-2025,13:01:11,COMPLETED,0,1
79KWH,8,1,FULL,13-08-2025,12:59:52,13-08-2025,13:01:20,13-08-2025,13:03:50,COMPLETED,0,1
79KWH,8,2,FULL,13-08-2025,13:01:19,13-08-2025,13:01:20,13-08-2025,13:02:46,COMPLETED,0,1
79KWH,8,2,FULL,13-08-2025,13:02:52,13-08-2025,13:02:56,13-08-2025,13:04:19,COMPLETED,0,1
79KWH,8,1,FULL,13-08-2025,13:03:56,13-08-2025,13:05:34,13-08-2025,13:08:00,COMPLETED,0,1
79KWH,8,2,FULL,13-08-2025,13:04:28,13-08-2025,13:04:30,13-08-2025,13:05:57,COMPLETED,0,1
79KWH,8,2,FULL,13-08-2025,13:06:03,13-08-2025,13:06:06,13-08-2025,13:07:31,COMPLETED,0,1
79KWH,8,2,FULL,13-08-2025,13:07:39,13-08-2025,13:07:40,13-08-2025,13:09:08,COMPLETED,0,1
79KWH,8,1,FULL,13-08-2025,13:08:08,13-08-2025,13:09:40,13-08-2025,13:12:11,COMPLETED,0,1
79KWH,8,2,FULL,13-08-2025,13:09:13,13-08-2025,13:09:17,13-08-2025,13:10:44,COMPLETED,0,1
79KWH,8,2,FULL,13-08-2025,13:10:52,13-08-2025,13:10:53,13-08-2025,13:12:21,COMPLETED,0,1
79KWH,8,1,FULL,13-08-2025,13:12:17,13-08-2025,13:12:20,13-08-2025,13:14:26,COMPLETED,0,1
79KWH,8,2,FULL,13-08-2025,13:12:28,13-08-2025,13:12:30,13-08-2025,13:13:58,COMPLETED,0,1
79KWH,8,2,FULL,13-08-2025,13:14:06,13-08-2025,13:14:06,13-08-2025,13:15:37,COMPLETED,0,1
79KWH,8,1,FULL,13-08-2025,13:14:34,13-08-2025,13:14:36,13-08-2025,13:16:46,COMPLETED,0,1
79KWH,8,2,FULL,13-08-2025,13:15:43,13-08-2025,13:15:47,13-08-2025,13:17:16,COMPLETED,0,1
79KWH,8,1,FULL,13-08-2025,13:16:51,13-08-2025,13:16:54,13-08-2025,13:19:02,COMPLETED,0,1
79KWH,8,2,FULL,13-08-2025,13:17:24,13-08-2025,13:17:25,13-08-2025,13:18:56,COMPLETED,0,1
79KWH,8,3,FULL,13-08-2025,13:18:40,13-08-2025,13:18:40,13-08-2025,13:21:24,COMPLETED,0,1
79KWH,8,2,FULL,13-08-2025,13:19:03,13-08-2025,13:19:06,13-08-2025,13:20:34,COMPLETED,0,1
79KWH,8,1,FULL,13-08-2025,13:19:09,13-08-2025,13:19:11,13-08-2025,13:21:22,COMPLETED,0,1
79KWH,8,2,FULL,13-08-2025,13:20:42,13-08-2025,13:20:43,13-08-2025,13:22:15,COMPLETED,0,1
79KWH,8,1,FULL,13-08-2025,13:21:28,13-08-2025,13:21:31,13-08-2025,13:23:40,COMPLETED,0,1
79KWH,8,3,FULL,13-08-2025,13:21:31,13-08-2025,13:21:31,13-08-2025,13:24:14,COMPLETED,0,1
79KWH,8,2,FULL,13-08-2025,13:22:21,13-08-2025,13:22:23,13-08-2025,13:23:55,COMPLETED,0,1
79KWH,8,1,FULL,13-08-2025,13:23:48,13-08-2025,13:25:23,13-08-2025,13:27:55,COMPLETED,0,1
79KWH,8,2,FULL,13-08-2025,13:24:03,13-08-2025,13:24:03,13-08-2025,13:25:36,COMPLETED,0,1
79KWH,8,3,FULL,13-08-2025,13:24:19,13-08-2025,13:24:24,13-08-2025,13:27:04,COMPLETED,0,1
79KWH,8,2,FULL,13-08-2025,13:26:08,13-08-2025,13:26:09,13-08-2025,13:27:40,COMPLETED,0,1
79KWH,8,3,FULL,13-08-2025,13:27:11,13-08-2025,13:27:12,13-08-2025,13:29:56,COMPLETED,0,1
79KWH,8,1,FULL,13-08-2025,13:28:01,13-08-2025,13:28:04,13-08-2025,13:30:14,COMPLETED,0,1
79KWH,8,3,FULL,13-08-2025,13:30:01,13-08-2025,13:30:05,13-08-2025,13:32:47,COMPLETED,0,1
79KWH,8,1,FULL,13-08-2025,13:30:22,13-08-2025,13:32:58,13-08-2025,13:35:30,COMPLETED,0,1
79KWH,8,3,FULL,13-08-2025,13:32:55,13-08-2025,13:32:55,13-08-2025,13:35:40,COMPLETED,0,1
79KWH,8,1,FULL,13-08-2025,13:35:36,13-08-2025,13:35:39,13-08-2025,13:37:50,COMPLETED,0,1
79KWH,8,3,FULL,13-08-2025,13:35:47,13-08-2025,13:35:49,13-08-2025,13:38:30,COMPLETED,0,1
79KWH,8,1,FULL,13-08-2025,13:37:59,13-08-2025,13:40:40,13-08-2025,13:43:13,COMPLETED,0,1
79KWH,8,3,FULL,13-08-2025,13:38:38,13-08-2025,13:38:39,13-08-2025,13:41:24,COMPLETED,0,1
79KWH,8,1,FULL,13-08-2025,16:12:24,13-08-2025,16:12:25,13-08-2025,16:14:55,COMPLETED,0,1
79KWH,8,3,FULL,13-08-2025,16:13:32,13-08-2025,16:13:36,13-08-2025,16:16:21,COMPLETED,0,1
79KWH,8,2,FULL,13-08-2025,16:13:47,13-08-2025,16:13:47,13-08-2025,16:16:00,COMPLETED,0,1
79KWH,8,1,FULL,13-08-2025,16:15:13,13-08-2025,16:15:15,13-08-2025,16:17:37,COMPLETED,0,1
79KWH,8,2,FULL,13-08-2025,16:16:28,13-08-2025,16:16:28,13-08-2025,16:18:00,COMPLETED,0,1
79KWH,8,3,FULL,13-08-2025,16:16:29,13-08-2025,16:16:30,13-08-2025,16:19:17,COMPLETED,0,1
79KWH,8,1,FULL,13-08-2025,16:17:59,13-08-2025,16:20:13,13-08-2025,16:22:43,COMPLETED,0,1
79KWH,8,2,FULL,13-08-2025,16:19:21,13-08-2025,16:19:48,13-08-2025,16:22:00,COMPLETED,0,1
79KWH,8,3,FULL,13-08-2025,16:19:23,13-08-2025,16:19:25,13-08-2025,16:22:15,COMPLETED,0,1
79KWH,8,2,FULL,13-08-2025,16:22:08,13-08-2025,16:22:10,13-08-2025,16:23:42,COMPLETED,0,1
79KWH,8,3,FULL,13-08-2025,16:22:23,13-08-2025,16:22:26,13-08-2025,16:25:14,COMPLETED,0,1
79KWH,8,1,FULL,13-08-2025,16:22:51,13-08-2025,16:25:22,13-08-2025,16:27:56,COMPLETED,0,1
79KWH,8,2,FULL,13-08-2025,16:24:55,13-08-2025,16:24:56,13-08-2025,16:26:34,COMPLETED,0,1
79KWH,8,3,FULL,13-08-2025,16:25:20,13-08-2025,16:26:59,13-08-2025,16:29:48,COMPLETED,0,1
79KWH,8,2,FULL,13-08-2025,16:27:37,13-08-2025,16:27:38,13-08-2025,16:29:12,COMPLETED,0,1
79KWH,8,1,FULL,13-08-2025,16:28:02,13-08-2025,16:28:05,13-08-2025,16:30:19,COMPLETED,0,1
79KWH,8,3,FULL,13-08-2025,16:29:56,13-08-2025,16:31:26,13-08-2025,16:34:22,COMPLETED,0,1
79KWH,8,1,FULL,13-08-2025,16:30:27,13-08-2025,16:30:28,13-08-2025,16:32:45,COMPLETED,0,1
79KWH,8,2,FULL,13-08-2025,16:30:30,13-08-2025,16:30:30,13-08-2025,16:32:07,COMPLETED,0,1
79KWH,8,1,FULL,13-08-2025,16:32:51,13-08-2025,16:32:55,13-08-2025,16:35:10,COMPLETED,0,1
79KWH,8,2,FULL,13-08-2025,16:33:13,13-08-2025,16:33:14,13-08-2025,16:34:51,COMPLETED,0,1
79KWH,8,3,FULL,13-08-2025,16:34:28,13-08-2025,16:34:31,13-08-2025,16:37:24,COMPLETED,0,1
79KWH,8,1,FULL,13-08-2025,16:35:18,13-08-2025,16:35:19,13-08-2025,16:37:44,COMPLETED,0,1
79KWH,8,2,FULL,13-08-2025,16:36:35,13-08-2025,16:36:37,13-08-2025,16:38:16,COMPLETED,0,1
79KWH,8,3,FULL,13-08-2025,16:37:32,13-08-2025,16:37:33,13-08-2025,16:39:25,COMPLETED,0,1
79KWH,8,1,FULL,13-08-2025,16:37:51,13-08-2025,16:37:53,13-08-2025,16:40:16,COMPLETED,0,1
79KWH,8,2,FULL,13-08-2025,16:39:18,13-08-2025,16:40:02,13-08-2025,16:42:16,COMPLETED,0,1
79KWH,8,3,FULL,13-08-2025,16:39:33,13-08-2025,16:41:40,13-08-2025,16:43:31,COMPLETED,0,1
79KWH,8,1,FULL,13-08-2025,16:40:23,13-08-2025,16:40:25,13-08-2025,16:42:46,COMPLETED,0,1
79KWH,8,2,FULL,13-08-2025,16:42:24,13-08-2025,16:44:02,13-08-2025,16:46:18,COMPLETED,0,1
79KWH,8,1,FULL,13-08-2025,16:42:52,13-08-2025,16:42:54,13-08-2025,16:45:14,COMPLETED,0,1
79KWH,8,3,FULL,13-08-2025,16:43:45,13-08-2025,16:43:46,13-08-2025,16:44:43,COMPLETED,0,1
79KWH,8,3,FULL,13-08-2025,16:44:52,13-08-2025,16:44:52,13-08-2025,16:45:46,COMPLETED,0,1
79KWH,8,1,FULL,13-08-2025,16:45:22,13-08-2025,16:45:22,13-08-2025,16:47:44,COMPLETED,0,1
79KWH,8,3,FULL,13-08-2025,16:45:58,13-08-2025,16:45:59,13-08-2025,16:46:55,COMPLETED,0,1
79KWH,8,2,FULL,13-08-2025,16:46:25,13-08-2025,16:46:27,13-08-2025,16:48:05,COMPLETED,0,1
79KWH,8,3,FULL,13-08-2025,16:47:29,13-08-2025,16:47:31,13-08-2025,16:48:24,COMPLETED,0,1
79KWH,8,1,FULL,13-08-2025,16:47:49,13-08-2025,16:47:53,13-08-2025,16:50:13,COMPLETED,0,1
79KWH,8,2,FULL,13-08-2025,16:48:13,13-08-2025,16:48:13,13-08-2025,16:49:55,COMPLETED,0,1
79KWH,8,1,FULL,13-08-2025,16:50:21,13-08-2025,16:50:22,13-08-2025,16:52:44,COMPLETED,0,1
79KWH,8,3,FULL,13-08-2025,16:50:21,13-08-2025,16:50:22,13-08-2025,16:51:19,COMPLETED,0,1
79KWH,8,2,FULL,13-08-2025,16:50:27,13-08-2025,16:50:28,13-08-2025,16:52:08,COMPLETED,0,1
79KWH,8,1,FULL,13-08-2025,16:52:50,13-08-2025,16:52:53,13-08-2025,16:55:13,COMPLETED,0,1
79KWH,8,3,FULL,13-08-2025,16:53:04,13-08-2025,16:53:05,13-08-2025,16:53:59,COMPLETED,0,1
79KWH,8,2,FULL,13-08-2025,16:53:18,13-08-2025,16:53:19,13-08-2025,16:55:02,COMPLETED,0,1
79KWH,8,1,FULL,13-08-2025,16:55:21,13-08-2025,16:55:22,13-08-2025,16:57:45,COMPLETED,0,1
79KWH,8,3,FULL,13-08-2025,16:55:57,13-08-2025,16:55:58,13-08-2025,16:56:56,COMPLETED,0,1
79KWH,8,2,FULL,13-08-2025,16:56:01,13-08-2025,16:56:01,13-08-2025,16:57:42,COMPLETED,0,1
79KWH,8,1,FULL,13-08-2025,16:57:51,13-08-2025,16:57:54,13-08-2025,17:00:16,COMPLETED,0,1
79KWH,8,3,FULL,13-08-2025,16:58:39,13-08-2025,16:58:40,13-08-2025,16:59:38,COMPLETED,0,1
79KWH,8,2,FULL,13-08-2025,17:00:18,13-08-2025,17:00:18,13-08-2025,17:02:01,COMPLETED,0,1
79KWH,8,1,FULL,13-08-2025,17:01:42,13-08-2025,17:01:43,13-08-2025,17:04:07,COMPLETED,0,1
79KWH,8,3,FULL,13-08-2025,17:08:36,13-08-2025,17:08:37,13-08-2025,17:09:36,COMPLETED,0,1
79KWH,8,2,FULL,13-08-2025,17:08:42,13-08-2025,17:08:43,13-08-2025,17:10:24,COMPLETED,0,1
79KWH,8,1,FULL,13-08-2025,17:10:09,13-08-2025,17:10:10,13-08-2025,17:12:38,COMPLETED,0,1
79KWH,8,3,FULL,13-08-2025,17:11:17,13-08-2025,17:11:44,13-08-2025,17:13:38,COMPLETED,0,1
79KWH,8,2,FULL,13-08-2025,17:11:33,13-08-2025,17:12:04,13-08-2025,17:14:22,COMPLETED,0,1
79KWH,8,1,FULL,13-08-2025,17:12:57,13-08-2025,17:12:57,13-08-2025,17:15:29,COMPLETED,0,1
79KWH,8,3,FULL,13-08-2025,17:14:11,13-08-2025,17:15:47,13-08-2025,17:17:44,COMPLETED,0,1
79KWH,8,2,FULL,13-08-2025,17:14:29,13-08-2025,17:14:32,13-08-2025,17:16:13,COMPLETED,0,1
79KWH,8,1,FULL,13-08-2025,17:15:45,13-08-2025,17:15:47,13-08-2025,17:18:17,COMPLETED,0,1
79KWH,8,2,FULL,13-08-2025,17:17:07,13-08-2025,17:17:58,13-08-2025,17:20:16,COMPLETED,0,1
79KWH,8,3,FULL,13-08-2025,17:17:50,13-08-2025,17:17:53,13-08-2025,17:18:53,COMPLETED,0,1
79KWH,8,1,FULL,13-08-2025,17:18:32,13-08-2025,17:18:33,13-08-2025,17:20:59,COMPLETED,0,1
79KWH,8,3,FULL,13-08-2025,17:19:46,13-08-2025,17:20:58,13-08-2025,17:22:56,COMPLETED,0,1
79KWH,8,2,FULL,13-08-2025,17:20:23,13-08-2025,17:20:25,13-08-2025,17:22:08,COMPLETED,0,1
79KWH,8,1,FULL,13-08-2025,17:21:19,13-08-2025,17:21:20,13-08-2025,17:23:51,COMPLETED,0,1
79KWH,8,2,FULL,13-08-2025,17:22:41,13-08-2025,17:22:43,13-08-2025,17:24:28,COMPLETED,0,1
79KWH,8,3,FULL,13-08-2025,17:23:02,13-08-2025,17:23:06,13-08-2025,17:24:09,COMPLETED,0,1
79KWH,8,1,FULL,13-08-2025,17:24:05,13-08-2025,17:24:06,13-08-2025,17:26:40,COMPLETED,0,1
79KWH,8,3,FULL,13-08-2025,17:25:20,13-08-2025,17:25:21,13-08-2025,17:26:24,COMPLETED,0,1
79KWH,8,2,FULL,13-08-2025,17:25:25,13-08-2025,17:25:25,13-08-2025,17:27:09,COMPLETED,0,1
79KWH,8,1,FULL,13-08-2025,17:26:55,13-08-2025,17:26:55,13-08-2025,17:29:27,COMPLETED,0,1
79KWH,8,3,FULL,13-08-2025,17:28:00,13-08-2025,17:28:01,13-08-2025,17:29:04,COMPLETED,0,1
79KWH,8,2,FULL,13-08-2025,17:28:16,13-08-2025,17:28:16,13-08-2025,17:30:05,COMPLETED,0,1
79KWH,8,1,FULL,13-08-2025,17:29:40,13-08-2025,17:29:41,13-08-2025,17:32:15,COMPLETED,0,1
79KWH,8,3,FULL,13-08-2025,17:30:55,13-08-2025,17:30:55,13-08-2025,17:32:02,COMPLETED,0,1
79KWH,8,2,FULL,13-08-2025,17:31:00,13-08-2025,17:31:00,13-08-2025,17:32:46,COMPLETED,0,1
79KWH,8,1,FULL,13-08-2025,17:32:29,13-08-2025,17:32:29,13-08-2025,17:35:02,COMPLETED,0,1
79KWH,8,3,FULL,13-08-2025,17:33:36,13-08-2025,17:35:00,13-08-2025,17:36:56,COMPLETED,0,1
79KWH,8,2,FULL,13-08-2025,17:33:53,13-08-2025,17:34:31,13-08-2025,17:36:51,COMPLETED,0,1
79KWH,8,1,FULL,13-08-2025,17:35:16,13-08-2025,17:35:16,13-08-2025,17:37:48,COMPLETED,0,1
79KWH,8,2,FULL,13-08-2025,17:36:57,13-08-2025,17:37:00,13-08-2025,17:38:47,COMPLETED,0,1
79KWH,8,3,FULL,13-08-2025,17:37:05,13-08-2025,17:38:59,13-08-2025,17:40:59,COMPLETED,0,1
79KWH,8,1,FULL,13-08-2025,17:38:05,13-08-2025,17:38:06,13-08-2025,17:40:42,COMPLETED,0,1
79KWH,8,2,FULL,13-08-2025,17:39:25,13-08-2025,17:40:31,13-08-2025,17:42:52,COMPLETED,0,1
79KWH,8,1,FULL,13-08-2025,17:40:51,13-08-2025,17:40:52,13-08-2025,17:43:28,COMPLETED,0,1
79KWH,8,3,FULL,13-08-2025,17:41:05,13-08-2025,17:43:07,13-08-2025,17:45:04,COMPLETED,0,1
79KWH,8,2,FULL,13-08-2025,17:42:59,13-08-2025,17:43:02,13-08-2025,17:44:50,COMPLETED,0,1
79KWH,8,1,FULL,13-08-2025,17:43:39,13-08-2025,17:43:40,13-08-2025,17:46:19,COMPLETED,0,1
79KWH,8,2,FULL,13-08-2025,17:45:02,13-08-2025,17:45:03,13-08-2025,17:46:54,COMPLETED,0,1
79KWH,8,3,FULL,13-08-2025,17:45:12,13-08-2025,17:45:13,13-08-2025,17:46:20,COMPLETED,0,1
79KWH,8,3,FULL,13-08-2025,17:46:26,13-08-2025,17:46:30,13-08-2025,17:47:35,COMPLETED,0,1
79KWH,8,1,FULL,13-08-2025,17:46:27,13-08-2025,17:46:28,13-08-2025,17:49:07,COMPLETED,0,1
79KWH,8,2,FULL,13-08-2025,17:47:43,13-08-2025,17:47:44,13-08-2025,17:49:32,COMPLETED,0,1
79KWH,8,3,FULL,13-08-2025,17:47:47,13-08-2025,17:47:48,13-08-2025,17:48:56,COMPLETED,0,1
79KWH,8,1,FULL,13-08-2025,17:49:13,13-08-2025,17:49:18,13-08-2025,17:51:54,COMPLETED,0,1
79KWH,8,3,FULL,13-08-2025,17:50:21,13-08-2025,17:50:22,13-08-2025,17:51:29,COMPLETED,0,1
79KWH,8,2,FULL,13-08-2025,17:50:36,13-08-2025,17:50:38,13-08-2025,17:52:30,COMPLETED,0,1
79KWH,8,1,FULL,13-08-2025,17:52:02,13-08-2025,17:52:03,13-08-2025,17:54:36,COMPLETED,0,1
79KWH,8,3,FULL,13-08-2025,17:53:15,13-08-2025,17:53:16,13-08-2025,17:54:26,COMPLETED,0,1
79KWH,8,2,FULL,13-08-2025,17:53:17,13-08-2025,17:53:18,13-08-2025,17:55:09,COMPLETED,0,1
79KWH,8,1,FULL,13-08-2025,17:54:48,13-08-2025,17:54:49,13-08-2025,17:57:26,COMPLETED,0,1
79KWH,8,3,FULL,13-08-2025,17:55:56,13-08-2025,17:55:56,13-08-2025,17:57:05,COMPLETED,0,1
79KWH,8,2,FULL,13-08-2025,17:57:45,13-08-2025,17:57:46,13-08-2025,17:59:38,COMPLETED,0,1
79KWH,8,1,FULL,13-08-2025,17:59:10,13-08-2025,17:59:11,13-08-2025,18:01:45,COMPLETED,0,1
79KWH,8,3,FULL,13-08-2025,18:00:23,13-08-2025,18:00:24,13-08-2025,18:01:35,COMPLETED,0,1
79KWH,8,2,FULL,13-08-2025,18:00:27,13-08-2025,18:00:28,13-08-2025,18:02:20,COMPLETED,0,1
79KWH,8,1,FULL,13-08-2025,18:01:58,13-08-2025,18:01:58,13-08-2025,18:04:35,COMPLETED,0,1
79KWH,8,3,FULL,13-08-2025,18:03:05,13-08-2025,18:03:07,13-08-2025,18:04:16,COMPLETED,0,1
79KWH,8,2,FULL,13-08-2025,18:03:20,13-08-2025,18:03:21,13-08-2025,18:05:14,COMPLETED,0,1
79KWH,8,1,FULL,13-08-2025,18:04:45,13-08-2025,18:04:45,13-08-2025,18:07:22,COMPLETED,0,1
79KWH,8,3,FULL,13-08-2025,18:05:58,13-08-2025,18:05:59,13-08-2025,18:07:12,COMPLETED,0,1
79KWH,8,2,FULL,13-08-2025,18:06:03,13-08-2025,18:06:04,13-08-2025,18:07:57,COMPLETED,0,1
79KWH,8,1,FULL,13-08-2025,18:07:33,13-08-2025,18:07:33,13-08-2025,18:10:10,COMPLETED,0,1
79KWH,8,3,FULL,13-08-2025,18:08:40,13-08-2025,18:08:41,13-08-2025,18:09:52,COMPLETED,0,1
79KWH,8,2,FULL,13-08-2025,18:08:55,13-08-2025,18:08:56,13-08-2025,18:10:51,COMPLETED,0,1
79KWH,8,1,FULL,13-08-2025,18:10:18,13-08-2025,18:10:20,13-08-2025,18:12:57,COMPLETED,0,1
79KWH,8,3,FULL,13-08-2025,18:11:33,13-08-2025,18:12:39,13-08-2025,18:14:42,COMPLETED,0,1
79KWH,8,2,FULL,13-08-2025,18:11:39,13-08-2025,18:12:26,13-08-2025,18:14:49,COMPLETED,0,1
79KWH,8,2,FULL,13-08-2025,19:05:43,13-08-2025,19:05:43,13-08-2025,19:08:07,COMPLETED,0,1
79KWH,8,3,FULL,13-08-2025,19:05:48,13-08-2025,19:05:48,13-08-2025,19:07:49,COMPLETED,0,1
79KWH,8,1,FULL,13-08-2025,19:06:53,13-08-2025,19:06:54,13-08-2025,19:09:28,COMPLETED,0,1
79KWH,8,3,FULL,13-08-2025,19:07:58,13-08-2025,19:08:00,13-08-2025,19:09:14,COMPLETED,0,1
79KWH,8,2,FULL,13-08-2025,19:08:13,13-08-2025,19:08:17,13-08-2025,19:10:12,COMPLETED,0,1
79KWH,8,1,FULL,13-08-2025,19:09:37,13-08-2025,19:09:37,13-08-2025,19:12:15,COMPLETED,0,1
79KWH,8,3,FULL,13-08-2025,19:10:32,13-08-2025,19:10:33,13-08-2025,19:11:45,COMPLETED,0,1
79KWH,8,2,FULL,13-08-2025,19:10:41,13-08-2025,19:10:42,13-08-2025,19:12:40,COMPLETED,0,1
79KWH,8,1,FULL,13-08-2025,19:12:21,13-08-2025,19:12:23,13-08-2025,19:15:00,COMPLETED,0,1
79KWH,8,3,FULL,13-08-2025,19:13:19,13-08-2025,19:13:19,13-08-2025,19:14:35,COMPLETED,0,1
79KWH,8,2,FULL,13-08-2025,19:13:28,13-08-2025,19:13:28,13-08-2025,19:15:24,COMPLETED,0,1
79KWH,8,1,FULL,13-08-2025,19:15:09,13-08-2025,19:15:10,13-08-2025,19:17:49,COMPLETED,0,1
79KWH,8,3,FULL,13-08-2025,19:19:28,13-08-2025,19:20:31,13-08-2025,19:22:34,COMPLETED,0,1
79KWH,8,2,FULL,13-08-2025,19:19:37,13-08-2025,19:19:37,13-08-2025,19:22:01,COMPLETED,0,1
79KWH,8,1,FULL,13-08-2025,19:21:04,13-08-2025,19:21:04,13-08-2025,19:23:43,COMPLETED,0,1
79KWH,8,2,FULL,13-08-2025,19:22:24,13-08-2025,19:22:25,13-08-2025,19:24:21,COMPLETED,0,1
79KWH,8,3,FULL,13-08-2025,19:22:42,13-08-2025,19:24:39,13-08-2025,19:26:43,COMPLETED,0,1
79KWH,8,1,FULL,13-08-2025,19:23:52,13-08-2025,19:23:53,13-08-2025,19:26:33,COMPLETED,0,1
79KWH,8,3,FULL,13-08-2025,19:26:48,13-08-2025,19:26:53,13-08-2025,19:28:07,COMPLETED,0,1
79KWH,8,2,FULL,13-08-2025,19:26:49,13-08-2025,19:26:49,13-08-2025,19:28:48,COMPLETED,0,1
79KWH,8,1,FULL,13-08-2025,19:28:18,13-08-2025,19:28:18,13-08-2025,19:30:57,COMPLETED,0,1
79KWH,8,3,FULL,13-08-2025,19:29:27,13-08-2025,19:29:28,13-08-2025,19:30:46,COMPLETED,0,1
79KWH,8,2,FULL,13-08-2025,19:29:37,13-08-2025,19:29:39,13-08-2025,19:31:37,COMPLETED,0,1
79KWH,8,1,FULL,13-08-2025,19:31:05,13-08-2025,19:31:05,13-08-2025,19:33:46,COMPLETED,0,1
79KWH,8,3,FULL,13-08-2025,19:32:15,13-08-2025,19:32:16,13-08-2025,19:33:31,COMPLETED,0,1
79KWH,8,2,FULL,13-08-2025,19:32:25,13-08-2025,19:32:25,13-08-2025,19:34:25,COMPLETED,0,1
79KWH,8,1,FULL,13-08-2025,19:33:52,13-08-2025,19:33:54,13-08-2025,19:36:33,COMPLETED,0,1
79KWH,8,3,FULL,13-08-2025,19:35:03,13-08-2025,19:35:03,13-08-2025,19:36:21,COMPLETED,0,1
79KWH,8,2,FULL,13-08-2025,19:35:12,13-08-2025,19:36:32,13-08-2025,19:38:55,COMPLETED,0,1
79KWH,8,1,FULL,13-08-2025,19:36:43,13-08-2025,19:36:44,13-08-2025,19:39:26,COMPLETED,0,1
79KWH,8,3,FULL,13-08-2025,19:37:50,13-08-2025,19:38:21,13-08-2025,19:40:25,COMPLETED,0,1
79KWH,8,2,FULL,13-08-2025,19:39:04,13-08-2025,19:40:31,13-08-2025,19:42:58,COMPLETED,0,1
79KWH,8,1,FULL,13-08-2025,19:39:32,13-08-2025,19:39:34,13-08-2025,19:42:14,COMPLETED,0,1
79KWH,8,3,FULL,13-08-2025,19:40:36,13-08-2025,19:43:23,13-08-2025,19:45:29,COMPLETED,0,1
79KWH,8,1,FULL,13-08-2025,19:42:22,13-08-2025,19:42:23,13-08-2025,19:45:06,COMPLETED,0,1
79KWH,8,2,FULL,13-08-2025,19:43:04,13-08-2025,19:43:08,13-08-2025,19:45:08,COMPLETED,0,1
79KWH,8,2,FULL,13-08-2025,19:45:16,13-08-2025,19:45:18,13-08-2025,19:47:21,COMPLETED,0,1
79KWH,8,3,FULL,13-08-2025,19:45:35,13-08-2025,19:45:37,13-08-2025,19:46:55,COMPLETED,0,1
79KWH,8,1,FULL,13-08-2025,19:46:07,13-08-2025,19:46:08,13-08-2025,19:48:49,COMPLETED,0,1
79KWH,8,3,FULL,13-08-2025,19:47:18,13-08-2025,19:48:53,13-08-2025,19:50:59,COMPLETED,0,1
79KWH,8,2,FULL,13-08-2025,19:47:27,13-08-2025,19:47:30,13-08-2025,19:49:31,COMPLETED,0,1
79KWH,8,1,FULL,13-08-2025,19:48:58,13-08-2025,19:49:00,13-08-2025,19:51:43,COMPLETED,0,1
79KWH,8,2,FULL,13-08-2025,19:50:15,13-08-2025,19:50:15,13-08-2025,19:52:19,COMPLETED,0,1
79KWH,8,3,FULL,13-08-2025,19:51:05,13-08-2025,19:51:08,13-08-2025,19:52:26,COMPLETED,0,1
79KWH,8,1,FULL,13-08-2025,19:51:49,13-08-2025,19:51:53,13-08-2025,19:54:35,COMPLETED,0,1
79KWH,8,3,FULL,13-08-2025,19:52:51,13-08-2025,19:52:52,13-08-2025,19:54:14,COMPLETED,0,1
79KWH,8,2,FULL,13-08-2025,19:53:04,13-08-2025,19:53:05,13-08-2025,19:55:07,COMPLETED,0,1
79KWH,8,1,FULL,13-08-2025,19:54:44,13-08-2025,19:54:45,13-08-2025,19:57:30,COMPLETED,0,1
79KWH,8,3,FULL,13-08-2025,19:55:40,13-08-2025,19:55:40,13-08-2025,19:57:00,COMPLETED,0,1
79KWH,8,2,FULL,13-08-2025,19:55:49,13-08-2025,19:55:49,13-08-2025,19:57:54,COMPLETED,0,1
79KWH,8,1,FULL,13-08-2025,19:57:36,13-08-2025,19:57:38,13-08-2025,20:00:22,COMPLETED,0,1
79KWH,8,3,FULL,13-08-2025,19:58:27,13-08-2025,19:58:27,13-08-2025,19:59:51,COMPLETED,0,1
79KWH,8,2,FULL,13-08-2025,19:58:40,13-08-2025,19:58:40,13-08-2025,20:00:43,COMPLETED,0,1
79KWH,8,1,FULL,13-08-2025,20:00:30,13-08-2025,20:00:31,13-08-2025,20:03:17,COMPLETED,0,1
79KWH,8,3,FULL,13-08-2025,20:01:16,13-08-2025,20:01:18,13-08-2025,20:02:40,COMPLETED,0,1
79KWH,8,2,FULL,13-08-2025,20:01:24,13-08-2025,20:01:25,13-08-2025,20:03:31,COMPLETED,0,1
79KWH,8,1,FULL,13-08-2025,20:03:23,13-08-2025,20:03:27,13-08-2025,20:06:12,COMPLETED,0,1
79KWH,8,3,FULL,13-08-2025,20:04:01,13-08-2025,20:04:41,13-08-2025,20:06:49,COMPLETED,0,1
79KWH,8,2,FULL,13-08-2025,21:04:58,13-08-2025,21:04:59,13-08-2025,21:07:26,COMPLETED,0,1
79KWH,8,1,FULL,13-08-2025,21:06:25,13-08-2025,21:06:26,13-08-2025,21:09:14,COMPLETED,0,1
79KWH,8,3,FULL,13-08-2025,21:07:34,13-08-2025,21:07:46,13-08-2025,21:09:52,COMPLETED,0,1
79KWH,8,2,FULL,13-08-2025,21:07:46,13-08-2025,21:09:00,13-08-2025,21:11:28,COMPLETED,0,1
79KWH,8,1,FULL,13-08-2025,21:09:19,13-08-2025,21:09:23,13-08-2025,21:12:14,COMPLETED,0,1
79KWH,8,3,FULL,13-08-2025,21:10:23,13-08-2025,21:11:55,13-08-2025,21:14:04,COMPLETED,0,1
79KWH,8,2,FULL,13-08-2025,21:11:34,13-08-2025,21:13:03,13-08-2025,21:15:29,COMPLETED,0,1
79KWH,8,1,FULL,13-08-2025,21:12:22,13-08-2025,21:12:22,13-08-2025,21:15:11,COMPLETED,0,1
79KWH,8,3,FULL,13-08-2025,21:14:11,13-08-2025,21:14:14,13-08-2025,21:15:38,COMPLETED,0,1
79KWH,8,1,FULL,13-08-2025,21:15:18,13-08-2025,21:15:20,13-08-2025,21:18:06,COMPLETED,0,1
79KWH,8,2,FULL,13-08-2025,21:15:37,13-08-2025,21:15:38,13-08-2025,21:17:46,COMPLETED,0,1
79KWH,8,3,FULL,13-08-2025,21:15:58,13-08-2025,21:17:38,13-08-2025,21:19:48,COMPLETED,0,1
79KWH,8,2,FULL,13-08-2025,21:17:53,13-08-2025,21:17:55,13-08-2025,21:20:02,COMPLETED,0,1
79KWH,8,1,FULL,13-08-2025,21:18:14,13-08-2025,21:18:15,13-08-2025,21:20:08,COMPLETED,0,1
79KWH,8,3,FULL,13-08-2025,21:19:54,13-08-2025,21:19:57,13-08-2025,21:21:23,COMPLETED,0,1
79KWH,8,2,FULL,13-08-2025,21:20:11,13-08-2025,21:20:12,13-08-2025,21:22:21,COMPLETED,0,1
79KWH,8,1,FULL,13-08-2025,21:20:26,13-08-2025,21:20:27,13-08-2025,21:21:24,COMPLETED,0,1
79KWH,8,3,FULL,13-08-2025,21:21:32,13-08-2025,21:21:32,13-08-2025,21:23:00,COMPLETED,0,1
79KWH,8,2,FULL,13-08-2025,21:23:43,13-08-2025,21:23:44,13-08-2025,21:25:51,COMPLETED,0,1
79KWH,8,1,FULL,13-08-2025,21:25:11,13-08-2025,21:25:12,13-08-2025,21:26:10,COMPLETED,0,1
79KWH,8,3,FULL,13-08-2025,21:26:21,13-08-2025,21:27:15,13-08-2025,21:29:23,COMPLETED,0,1
79KWH,8,2,FULL,13-08-2025,21:26:30,13-08-2025,21:27:19,13-08-2025,21:29:50,COMPLETED,0,1
79KWH,8,1,FULL,13-08-2025,21:28:00,13-08-2025,21:28:01,13-08-2025,21:28:57,COMPLETED,0,1
79KWH,8,3,FULL,13-08-2025,21:29:31,13-08-2025,21:31:21,13-08-2025,21:33:31,COMPLETED,0,1
79KWH,8,2,FULL,13-08-2025,21:29:58,13-08-2025,21:29:59,13-08-2025,21:32:07,COMPLETED,0,1
79KWH,8,1,FULL,13-08-2025,21:30:47,13-08-2025,21:30:49,13-08-2025,21:31:47,COMPLETED,0,1
79KWH,8,2,FULL,13-08-2025,21:32:16,13-08-2025,21:33:41,13-08-2025,21:36:12,COMPLETED,0,1
79KWH,8,1,FULL,13-08-2025,21:33:34,13-08-2025,21:33:35,13-08-2025,21:34:31,COMPLETED,0,1
79KWH,8,3,FULL,13-08-2025,21:33:37,13-08-2025,21:33:41,13-08-2025,21:35:08,COMPLETED,0,1
79KWH,8,3,FULL,13-08-2025,21:35:16,13-08-2025,21:37:11,13-08-2025,21:39:23,COMPLETED,0,1
79KWH,8,2,FULL,14-08-2025,07:25:23,14-08-2025,07:47:19,14-08-2025,07:49:51,COMPLETED,0,1
79KWH,8,1,FULL,14-08-2025,07:26:47,14-08-2025,07:26:48,14-08-2025,07:27:48,COMPLETED,0,1
79KWH,8,3,FULL,14-08-2025,07:28:01,14-08-2025,07:28:04,14-08-2025,07:30:15,COMPLETED,0,1
79KWH,8,1,FULL,14-08-2025,07:29:36,14-08-2025,07:29:38,14-08-2025,07:30:35,COMPLETED,0,1
79KWH,8,3,FULL,14-08-2025,07:30:44,14-08-2025,07:30:46,14-08-2025,07:32:15,COMPLETED,0,1
79KWH,8,1,FULL,14-08-2025,07:31:30,14-08-2025,07:31:31,14-08-2025,07:32:34,COMPLETED,0,1
79KWH,8,3,FULL,14-08-2025,07:32:36,14-08-2025,07:32:38,14-08-2025,07:34:10,COMPLETED,0,1
79KWH,8,1,FULL,14-08-2025,07:33:52,14-08-2025,07:33:53,14-08-2025,07:34:50,COMPLETED,0,1
79KWH,8,3,FULL,14-08-2025,07:34:58,14-08-2025,07:34:58,14-08-2025,07:36:28,COMPLETED,0,1
79KWH,8,1,FULL,14-08-2025,07:35:44,14-08-2025,07:35:46,14-08-2025,07:36:47,COMPLETED,0,1
79KWH,8,3,FULL,14-08-2025,07:36:52,14-08-2025,07:36:53,14-08-2025,07:38:27,COMPLETED,0,1
79KWH,8,1,FULL,14-08-2025,07:37:34,14-08-2025,07:37:35,14-08-2025,07:38:35,COMPLETED,0,1
79KWH,8,3,FULL,14-08-2025,07:38:42,14-08-2025,07:38:43,14-08-2025,07:40:15,COMPLETED,0,1
79KWH,8,1,FULL,14-08-2025,07:39:28,14-08-2025,07:39:28,14-08-2025,07:40:30,COMPLETED,0,1
79KWH,8,3,FULL,14-08-2025,07:40:35,14-08-2025,07:40:36,14-08-2025,07:42:11,COMPLETED,0,1
79KWH,8,1,FULL,14-08-2025,07:41:18,14-08-2025,07:41:19,14-08-2025,07:42:19,COMPLETED,0,1
79KWH,8,3,FULL,14-08-2025,07:42:25,14-08-2025,07:42:26,14-08-2025,07:43:59,COMPLETED,0,1
79KWH,8,1,FULL,14-08-2025,07:43:12,14-08-2025,07:43:13,14-08-2025,07:44:18,COMPLETED,0,1
79KWH,8,3,FULL,14-08-2025,07:44:18,14-08-2025,07:44:18,14-08-2025,07:45:54,COMPLETED,0,1
79KWH,8,1,FULL,14-08-2025,07:45:02,14-08-2025,07:45:02,14-08-2025,07:46:05,COMPLETED,0,1
79KWH,8,3,FULL,14-08-2025,07:46:09,14-08-2025,07:46:10,14-08-2025,07:47:44,COMPLETED,0,1
79KWH,8,1,FULL,14-08-2025,07:46:55,14-08-2025,07:46:56,14-08-2025,07:48:02,COMPLETED,0,1
79KWH,8,3,FULL,14-08-2025,07:48:02,14-08-2025,07:50:06,14-08-2025,07:52:21,COMPLETED,0,1
79KWH,8,2,FULL,14-08-2025,07:49:57,14-08-2025,07:51:35,14-08-2025,07:54:04,COMPLETED,0,1
79KWH,8,1,FULL,14-08-2025,07:50:04,14-08-2025,07:52:20,14-08-2025,07:53:24,COMPLETED,0,1
79KWH,8,3,FULL,14-08-2025,07:52:26,14-08-2025,07:52:30,14-08-2025,07:54:05,COMPLETED,0,1
79KWH,8,1,FULL,14-08-2025,07:53:32,14-08-2025,07:54:50,14-08-2025,07:55:57,COMPLETED,0,1
79KWH,8,2,FULL,14-08-2025,07:54:12,14-08-2025,07:55:42,14-08-2025,07:58:13,COMPLETED,0,1
79KWH,8,3,FULL,14-08-2025,07:54:13,14-08-2025,07:56:33,14-08-2025,07:58:48,COMPLETED,0,1
79KWH,8,1,FULL,14-08-2025,07:56:04,14-08-2025,08:14:07,14-08-2025,08:14:55,COMPLETED,0,1
79KWH,8,2,FULL,14-08-2025,07:58:20,14-08-2025,07:58:23,14-08-2025,08:00:33,COMPLETED,0,1
79KWH,8,3,FULL,14-08-2025,07:58:54,14-08-2025,07:58:57,14-08-2025,08:00:32,COMPLETED,0,1
79KWH,8,3,FULL,14-08-2025,08:00:40,14-08-2025,08:00:41,14-08-2025,08:02:21,COMPLETED,0,1
79KWH,8,2,FULL,14-08-2025,08:00:42,14-08-2025,08:00:43,14-08-2025,08:02:57,COMPLETED,0,1
79KWH,8,3,FULL,14-08-2025,08:02:26,14-08-2025,08:02:30,14-08-2025,08:04:07,COMPLETED,0,1
79KWH,8,2,FULL,14-08-2025,08:03:03,14-08-2025,08:03:06,14-08-2025,08:05:18,COMPLETED,0,1
79KWH,8,3,FULL,14-08-2025,08:04:14,14-08-2025,08:04:15,14-08-2025,08:05:55,COMPLETED,0,1
79KWH,8,2,FULL,14-08-2025,08:05:26,14-08-2025,08:05:26,14-08-2025,08:07:43,COMPLETED,0,1
79KWH,8,3,FULL,14-08-2025,08:07:04,14-08-2025,08:07:05,14-08-2025,08:08:44,COMPLETED,0,1
79KWH,8,2,FULL,14-08-2025,08:07:49,14-08-2025,08:07:51,14-08-2025,08:10:05,COMPLETED,0,1
79KWH,8,3,FULL,14-08-2025,08:08:59,14-08-2025,08:09:00,14-08-2025,08:10:41,COMPLETED,0,1
79KWH,8,2,FULL,14-08-2025,08:10:13,14-08-2025,08:10:13,14-08-2025,08:12:28,COMPLETED,0,1
79KWH,8,3,FULL,14-08-2025,08:10:51,14-08-2025,08:10:51,14-08-2025,08:12:31,COMPLETED,0,1
79KWH,8,2,FULL,14-08-2025,08:12:35,14-08-2025,08:12:37,14-08-2025,08:14:52,COMPLETED,0,1
79KWH,8,3,FULL,14-08-2025,08:12:43,14-08-2025,08:14:58,14-08-2025,08:17:15,COMPLETED,0,1
79KWH,8,2,FULL,14-08-2025,08:15:00,14-08-2025,08:16:32,14-08-2025,08:19:06,COMPLETED,0,1
79KWH,8,1,FULL,14-08-2025,08:15:03,14-08-2025,08:15:04,14-08-2025,08:16:11,COMPLETED,0,1
79KWH,8,1,FULL,14-08-2025,08:16:18,14-08-2025,08:16:21,14-08-2025,08:17:26,COMPLETED,0,1
79KWH,8,3,FULL,14-08-2025,08:17:21,14-08-2025,08:19:43,14-08-2025,08:21:57,COMPLETED,0,1
79KWH,8,1,FULL,14-08-2025,08:17:34,14-08-2025,08:17:35,14-08-2025,08:18:43,COMPLETED,0,1
79KWH,8,1,FULL,14-08-2025,08:18:50,14-08-2025,08:18:53,14-08-2025,08:20:00,COMPLETED,0,1
79KWH,8,2,FULL,14-08-2025,08:19:13,14-08-2025,08:19:15,14-08-2025,08:21:30,COMPLETED,0,1
79KWH,8,1,FULL,14-08-2025,08:20:09,14-08-2025,08:20:10,14-08-2025,08:21:26,COMPLETED,0,1
79KWH,8,1,FULL,14-08-2025,08:21:32,14-08-2025,08:21:35,14-08-2025,08:22:43,COMPLETED,0,1
79KWH,8,2,FULL,14-08-2025,08:21:38,14-08-2025,08:23:07,14-08-2025,08:25:43,COMPLETED,0,1
79KWH,8,3,FULL,14-08-2025,08:22:05,14-08-2025,08:24:18,14-08-2025,08:26:36,COMPLETED,0,1
79KWH,8,1,FULL,14-08-2025,08:22:52,14-08-2025,08:22:53,14-08-2025,08:24:04,COMPLETED,0,1
79KWH,8,1,FULL,14-08-2025,08:24:26,14-08-2025,08:24:27,14-08-2025,08:25:43,COMPLETED,0,1
79KWH,8,2,FULL,14-08-2025,08:25:49,14-08-2025,08:25:52,14-08-2025,08:28:11,COMPLETED,0,1
79KWH,8,1,FULL,14-08-2025,08:26:20,14-08-2025,08:26:22,14-08-2025,08:27:33,COMPLETED,0,1
79KWH,8,3,FULL,14-08-2025,08:26:42,14-08-2025,08:29:03,14-08-2025,08:31:18,COMPLETED,0,1
79KWH,8,2,FULL,14-08-2025,08:28:20,14-08-2025,08:29:50,14-08-2025,08:32:26,COMPLETED,0,1
79KWH,8,1,FULL,14-08-2025,08:29:09,14-08-2025,08:29:09,14-08-2025,08:30:18,COMPLETED,0,1
79KWH,8,3,FULL,14-08-2025,08:31:26,14-08-2025,08:33:39,14-08-2025,08:35:57,COMPLETED,0,1
79KWH,8,1,FULL,14-08-2025,08:31:55,14-08-2025,08:31:56,14-08-2025,08:33:10,COMPLETED,0,1
79KWH,8,2,FULL,14-08-2025,08:32:33,14-08-2025,08:35:14,14-08-2025,08:37:49,COMPLETED,0,1
79KWH,8,1,FULL,14-08-2025,08:34:45,14-08-2025,08:34:46,14-08-2025,08:35:58,COMPLETED,0,1
79KWH,8,3,FULL,14-08-2025,08:36:03,14-08-2025,08:38:30,14-08-2025,08:40:46,COMPLETED,0,1
79KWH,8,1,FULL,14-08-2025,08:36:07,14-08-2025,08:36:08,14-08-2025,08:37:22,COMPLETED,0,1
79KWH,8,1,FULL,14-08-2025,08:37:28,14-08-2025,08:37:31,14-08-2025,08:38:44,COMPLETED,0,1
79KWH,8,2,FULL,14-08-2025,08:37:57,14-08-2025,08:40:39,14-08-2025,08:43:16,COMPLETED,0,1
79KWH,8,1,FULL,14-08-2025,08:38:53,14-08-2025,08:38:53,14-08-2025,08:40:09,COMPLETED,0,1
79KWH,8,1,FULL,14-08-2025,08:40:19,14-08-2025,08:40:20,14-08-2025,08:41:34,COMPLETED,0,1
79KWH,8,3,FULL,14-08-2025,08:40:55,14-08-2025,08:40:56,14-08-2025,08:42:43,COMPLETED,0,1
79KWH,8,1,FULL,14-08-2025,08:41:43,14-08-2025,08:41:43,14-08-2025,08:42:59,COMPLETED,0,1
79KWH,8,3,FULL,14-08-2025,08:42:49,14-08-2025,08:42:51,14-08-2025,08:44:35,COMPLETED,0,1
79KWH,8,1,FULL,14-08-2025,08:43:07,14-08-2025,08:43:08,14-08-2025,08:44:22,COMPLETED,0,1
79KWH,8,2,FULL,14-08-2025,08:43:21,14-08-2025,08:43:25,14-08-2025,08:45:46,COMPLETED,0,1
79KWH,8,3,FULL,14-08-2025,08:44:43,14-08-2025,08:46:56,14-08-2025,08:49:16,COMPLETED,0,1
79KWH,8,2,FULL,14-08-2025,08:45:53,14-08-2025,08:48:33,14-08-2025,08:51:11,COMPLETED,0,1
79KWH,8,1,FULL,14-08-2025,08:45:56,14-08-2025,08:45:57,14-08-2025,08:47:14,COMPLETED,0,1
79KWH,8,1,FULL,14-08-2025,08:48:41,14-08-2025,08:48:42,14-08-2025,08:49:57,COMPLETED,0,1
79KWH,8,3,FULL,14-08-2025,08:49:22,14-08-2025,08:49:26,14-08-2025,08:51:12,COMPLETED,0,1
79KWH,8,1,FULL,14-08-2025,08:50:06,14-08-2025,08:50:06,14-08-2025,08:51:24,COMPLETED,0,1
79KWH,8,2,FULL,14-08-2025,08:51:17,14-08-2025,08:51:20,14-08-2025,08:53:42,COMPLETED,0,1
79KWH,8,3,FULL,14-08-2025,08:51:19,14-08-2025,08:53:38,14-08-2025,08:55:57,COMPLETED,0,1
79KWH,8,1,FULL,14-08-2025,08:51:30,14-08-2025,08:51:33,14-08-2025,08:52:49,COMPLETED,0,1
79KWH,8,2,FULL,14-08-2025,08:53:50,14-08-2025,08:56:34,14-08-2025,08:59:13,COMPLETED,0,1
79KWH,8,1,FULL,14-08-2025,08:54:17,14-08-2025,08:54:18,14-08-2025,08:55:38,COMPLETED,0,1
79KWH,8,3,FULL,14-08-2025,08:56:05,14-08-2025,08:58:24,14-08-2025,09:00:42,COMPLETED,0,1
79KWH,8,1,FULL,14-08-2025,08:56:07,14-08-2025,08:56:07,14-08-2025,08:57:25,COMPLETED,0,1
79KWH,8,1,FULL,14-08-2025,08:58:00,14-08-2025,08:58:02,14-08-2025,08:59:22,COMPLETED,0,1
79KWH,8,2,FULL,14-08-2025,08:59:19,14-08-2025,09:02:03,14-08-2025,09:04:39,COMPLETED,0,1
79KWH,8,1,FULL,14-08-2025,08:59:28,14-08-2025,08:59:31,14-08-2025,09:00:50,COMPLETED,0,1
79KWH,8,3,FULL,14-08-2025,09:00:50,14-08-2025,09:03:10,14-08-2025,09:05:31,COMPLETED,0,1
79KWH,8,2,FULL,14-08-2025,09:04:47,14-08-2025,09:07:31,14-08-2025,09:10:10,COMPLETED,0,1
79KWH,8,3,FULL,14-08-2025,09:05:37,14-08-2025,09:07:53,14-08-2025,09:10:11,COMPLETED,0,1
79KWH,8,3,FULL,14-08-2025,09:10:19,14-08-2025,09:12:35,14-08-2025,09:14:57,COMPLETED,0,1
79KWH,8,3,FULL,14-08-2025,09:15:03,14-08-2025,09:17:22,14-08-2025,09:19:42,COMPLETED,0,1
79KWH,8,3,FULL,14-08-2025,09:19:50,14-08-2025,09:22:06,14-08-2025,09:24:28,COMPLETED,0,1
79KWH,8,1,FULL,14-08-2025,09:30:49,14-08-2025,09:30:51,14-08-2025,09:32:13,COMPLETED,0,1
79KWH,8,3,FULL,14-08-2025,09:31:57,14-08-2025,09:33:06,14-08-2025,09:35:25,COMPLETED,0,1
79KWH,8,2,FULL,14-08-2025,09:32:10,14-08-2025,09:32:10,14-08-2025,09:34:46,COMPLETED,0,1
79KWH,8,1,FULL,14-08-2025,09:33:34,14-08-2025,09:33:35,14-08-2025,09:34:56,COMPLETED,0,1
79KWH,8,3,FULL,14-08-2025,09:41:50,14-08-2025,09:41:50,14-08-2025,09:44:13,COMPLETED,0,1
79KWH,8,2,FULL,14-08-2025,09:41:58,14-08-2025,09:41:59,14-08-2025,09:44:28,COMPLETED,0,1
79KWH,8,1,FULL,14-08-2025,09:43:28,14-08-2025,09:43:30,14-08-2025,09:44:53,COMPLETED,0,1
79KWH,8,3,FULL,14-08-2025,09:44:34,14-08-2025,09:44:35,14-08-2025,09:46:25,COMPLETED,0,1
79KWH,8,2,FULL,14-08-2025,09:44:49,14-08-2025,09:44:49,14-08-2025,09:47:15,COMPLETED,0,1
79KWH,8,1,FULL,14-08-2025,09:46:12,14-08-2025,09:46:13,14-08-2025,09:47:34,COMPLETED,0,1
79KWH,8,3,FULL,14-08-2025,09:47:26,14-08-2025,09:49:28,14-08-2025,10:40:00,COMPLETED,0,1
79KWH,8,2,FULL,14-08-2025,09:47:33,14-08-2025,09:47:34,14-08-2025,09:50:02,COMPLETED,0,1
79KWH,8,1,FULL,14-08-2025,09:49:04,14-08-2025,09:49:04,14-08-2025,09:50:27,COMPLETED,0,1
79KWH,8,2,FULL,14-08-2025,09:50:22,14-08-2025,09:50:23,14-08-2025,09:52:50,COMPLETED,0,1
79KWH,8,1,FULL,14-08-2025,09:51:45,14-08-2025,09:51:47,14-08-2025,09:53:09,COMPLETED,0,1
79KWH,8,2,FULL,14-08-2025,09:53:09,14-08-2025,09:53:10,14-08-2025,09:55:41,COMPLETED,0,1
79KWH,8,1,FULL,14-08-2025,09:54:40,14-08-2025,09:54:41,14-08-2025,09:56:07,COMPLETED,0,1
79KWH,8,2,FULL,14-08-2025,09:57:47,14-08-2025,09:57:49,14-08-2025,10:00:18,COMPLETED,0,1
79KWH,8,1,FULL,14-08-2025,09:59:11,14-08-2025,09:59:12,14-08-2025,10:00:36,COMPLETED,0,1
79KWH,8,2,FULL,14-08-2025,10:00:34,14-08-2025,10:00:35,14-08-2025,10:03:08,COMPLETED,0,1
79KWH,8,1,FULL,14-08-2025,10:02:04,14-08-2025,10:02:05,14-08-2025,10:03:31,COMPLETED,0,1
79KWH,8,2,FULL,14-08-2025,10:03:22,14-08-2025,10:03:23,14-08-2025,10:05:54,COMPLETED,0,1
79KWH,8,1,FULL,14-08-2025,10:04:46,14-08-2025,10:04:46,14-08-2025,10:06:12,COMPLETED,0,1
79KWH,8,2,FULL,14-08-2025,10:06:03,14-08-2025,10:06:04,14-08-2025,10:08:38,COMPLETED,0,1
79KWH,8,1,FULL,14-08-2025,10:06:42,14-08-2025,10:06:43,14-08-2025,10:08:13,COMPLETED,0,1
79KWH,8,1,FULL,14-08-2025,10:08:30,14-08-2025,10:08:30,14-08-2025,10:09:55,COMPLETED,0,1
79KWH,8,2,FULL,14-08-2025,10:08:44,14-08-2025,10:08:47,14-08-2025,10:11:20,COMPLETED,0,1
79KWH,8,1,FULL,14-08-2025,10:10:24,14-08-2025,10:10:24,14-08-2025,10:11:52,COMPLETED,0,1
79KWH,8,2,FULL,14-08-2025,10:11:29,14-08-2025,10:11:29,14-08-2025,10:14:05,COMPLETED,0,1
79KWH,8,1,FULL,14-08-2025,10:12:12,14-08-2025,10:12:13,14-08-2025,10:13:39,COMPLETED,0,1
79KWH,8,2,FULL,14-08-2025,10:14:12,14-08-2025,10:14:16,14-08-2025,10:16:51,COMPLETED,0,1
79KWH,8,2,FULL,14-08-2025,10:17:00,14-08-2025,10:17:01,14-08-2025,10:19:38,COMPLETED,0,1
79KWH,8,1,FULL,14-08-2025,10:17:49,14-08-2025,10:17:50,14-08-2025,10:19:20,COMPLETED,0,1
79KWH,8,1,FULL,14-08-2025,10:19:36,14-08-2025,10:19:37,14-08-2025,10:21:05,COMPLETED,0,1
79KWH,8,2,FULL,14-08-2025,10:19:44,14-08-2025,10:19:48,14-08-2025,10:22:21,COMPLETED,0,1
79KWH,8,1,FULL,14-08-2025,10:21:33,14-08-2025,10:21:34,14-08-2025,10:23:04,COMPLETED,0,1
79KWH,8,2,FULL,14-08-2025,10:22:30,14-08-2025,10:22:30,14-08-2025,10:25:07,COMPLETED,0,1
79KWH,8,1,FULL,14-08-2025,10:23:21,14-08-2025,10:23:22,14-08-2025,10:24:54,COMPLETED,0,1
79KWH,8,1,FULL,14-08-2025,10:25:04,14-08-2025,10:25:05,14-08-2025,10:26:36,COMPLETED,0,1
79KWH,8,2,FULL,14-08-2025,10:25:14,14-08-2025,10:25:17,14-08-2025,10:27:53,COMPLETED,0,1
79KWH,8,1,FULL,14-08-2025,10:26:43,14-08-2025,10:26:45,14-08-2025,10:28:15,COMPLETED,0,1
79KWH,8,2,FULL,14-08-2025,10:28:02,14-08-2025,10:28:02,14-08-2025,10:30:42,COMPLETED,0,1
79KWH,8,1,FULL,14-08-2025,10:28:23,14-08-2025,10:28:25,14-08-2025,10:29:58,COMPLETED,0,1
79KWH,8,1,FULL,14-08-2025,10:30:05,14-08-2025,10:30:07,14-08-2025,10:31:39,COMPLETED,0,1
79KWH,8,2,FULL,14-08-2025,10:30:48,14-08-2025,10:30:51,14-08-2025,10:33:29,COMPLETED,0,1
79KWH,8,1,FULL,14-08-2025,10:31:46,14-08-2025,10:31:47,14-08-2025,10:33:25,COMPLETED,0,1
79KWH,8,1,FULL,14-08-2025,10:33:32,14-08-2025,10:33:34,14-08-2025,10:36:02,COMPLETED,0,1
79KWH,8,2,FULL,14-08-2025,10:33:37,14-08-2025,10:33:37,14-08-2025,10:36:19,COMPLETED,0,1
79KWH,8,1,FULL,14-08-2025,10:36:11,14-08-2025,10:36:11,14-08-2025,10:37:46,COMPLETED,0,1
79KWH,8,2,FULL,14-08-2025,10:36:25,14-08-2025,10:36:28,14-08-2025,10:39:07,COMPLETED,0,1
79KWH,8,1,FULL,14-08-2025,10:37:52,14-08-2025,10:37:56,14-08-2025,10:39:28,COMPLETED,0,1
79KWH,8,2,FULL,14-08-2025,10:39:15,14-08-2025,10:39:16,14-08-2025,10:41:56,COMPLETED,0,1
79KWH,8,1,FULL,14-08-2025,10:39:37,14-08-2025,10:39:38,14-08-2025,10:41:14,COMPLETED,0,1
79KWH,8,3,FULL,14-08-2025,10:40:07,14-08-2025,10:43:16,14-08-2025,10:47:25,COMPLETED,0,1
79KWH,8,1,FULL,14-08-2025,10:41:21,14-08-2025,10:41:23,14-08-2025,10:43:35,COMPLETED,0,1
79KWH,8,2,FULL,14-08-2025,10:42:03,14-08-2025,10:42:06,14-08-2025,10:44:45,COMPLETED,0,1
79KWH,8,1,FULL,14-08-2025,10:43:44,14-08-2025,10:43:45,14-08-2025,10:45:22,COMPLETED,0,1
79KWH,8,2,FULL,14-08-2025,10:44:52,14-08-2025,10:44:54,14-08-2025,10:47:36,COMPLETED,0,1
79KWH,8,1,FULL,14-08-2025,10:45:28,14-08-2025,10:45:31,14-08-2025,10:47:06,COMPLETED,0,1
79KWH,8,1,FULL,14-08-2025,10:47:14,14-08-2025,10:47:14,14-08-2025,10:48:53,COMPLETED,0,1
79KWH,8,3,FULL,14-08-2025,10:47:34,14-08-2025,10:50:34,14-08-2025,11:40:09,ABORT,0,1
79KWH,8,2,FULL,14-08-2025,10:47:43,14-08-2025,10:47:46,14-08-2025,10:50:27,COMPLETED,0,1
79KWH,8,1,FULL,14-08-2025,10:48:59,14-08-2025,10:49:02,14-08-2025,10:50:38,COMPLETED,0,1
79KWH,8,2,FULL,14-08-2025,10:50:35,14-08-2025,10:50:35,14-08-2025,10:53:19,COMPLETED,0,1
79KWH,8,1,FULL,14-08-2025,10:50:48,14-08-2025,10:50:49,14-08-2025,10:52:39,COMPLETED,0,1
79KWH,8,1,FULL,14-08-2025,10:52:46,14-08-2025,10:52:48,14-08-2025,10:54:26,COMPLETED,0,1
79KWH,8,2,FULL,14-08-2025,10:53:26,14-08-2025,10:53:28,14-08-2025,10:56:11,COMPLETED,0,1
79KWH,8,1,FULL,14-08-2025,10:54:36,14-08-2025,10:54:36,14-08-2025,10:56:17,COMPLETED,0,1
79KWH,8,2,FULL,14-08-2025,10:56:19,14-08-2025,10:56:19,14-08-2025,10:59:03,COMPLETED,0,1
79KWH,8,1,FULL,14-08-2025,10:56:23,14-08-2025,10:56:26,14-08-2025,10:58:05,COMPLETED,0,1
79KWH,8,1,FULL,14-08-2025,10:58:14,14-08-2025,10:58:14,14-08-2025,10:59:55,COMPLETED,0,1
79KWH,8,2,FULL,14-08-2025,10:59:10,14-08-2025,10:59:12,14-08-2025,11:01:55,COMPLETED,0,1
79KWH,8,1,FULL,14-08-2025,11:00:01,14-08-2025,11:00:03,14-08-2025,11:01:47,COMPLETED,0,1
79KWH,8,1,FULL,14-08-2025,11:01:55,14-08-2025,11:01:57,14-08-2025,11:03:40,COMPLETED,0,1
79KWH,8,2,FULL,14-08-2025,11:02:04,14-08-2025,11:02:05,14-08-2025,11:04:52,COMPLETED,0,1
79KWH,8,1,FULL,14-08-2025,11:03:47,14-08-2025,11:03:49,14-08-2025,11:05:30,COMPLETED,0,1
79KWH,8,2,FULL,14-08-2025,11:04:58,14-08-2025,11:05:01,14-08-2025,11:07:45,COMPLETED,0,1
79KWH,8,1,FULL,14-08-2025,11:05:38,14-08-2025,11:05:39,14-08-2025,11:07:22,COMPLETED,0,1
79KWH,8,1,FULL,14-08-2025,11:07:29,14-08-2025,11:07:31,14-08-2025,11:09:13,COMPLETED,0,1
79KWH,8,2,FULL,14-08-2025,11:07:53,14-08-2025,11:07:54,14-08-2025,11:10:41,COMPLETED,0,1
79KWH,8,1,FULL,14-08-2025,11:09:21,14-08-2025,11:09:22,14-08-2025,11:11:07,COMPLETED,0,1
79KWH,8,2,FULL,14-08-2025,11:10:48,14-08-2025,11:10:51,14-08-2025,11:13:36,COMPLETED,0,1
79KWH,8,1,FULL,14-08-2025,11:11:13,14-08-2025,11:11:16,14-08-2025,11:13:00,COMPLETED,0,1
79KWH,8,1,FULL,14-08-2025,11:13:08,14-08-2025,11:13:09,14-08-2025,11:14:54,COMPLETED,0,1
79KWH,8,2,FULL,14-08-2025,11:13:44,14-08-2025,11:13:45,14-08-2025,11:16:33,COMPLETED,0,1
79KWH,8,1,FULL,14-08-2025,11:15:01,14-08-2025,11:15:04,14-08-2025,11:16:47,COMPLETED,0,1
79KWH,8,2,FULL,14-08-2025,11:16:40,14-08-2025,11:16:42,14-08-2025,11:19:30,COMPLETED,0,1
79KWH,8,1,FULL,14-08-2025,11:16:55,14-08-2025,11:16:58,14-08-2025,11:18:45,COMPLETED,0,1
79KWH,8,1,FULL,14-08-2025,11:18:51,14-08-2025,11:18:54,14-08-2025,11:20:39,COMPLETED,0,1
79KWH,8,2,FULL,14-08-2025,11:19:37,14-08-2025,11:19:38,14-08-2025,11:22:26,COMPLETED,0,1
79KWH,8,1,FULL,14-08-2025,11:20:48,14-08-2025,11:20:49,14-08-2025,11:22:37,COMPLETED,0,1
79KWH,8,2,FULL,14-08-2025,11:22:32,14-08-2025,11:22:35,14-08-2025,11:25:23,COMPLETED,0,1
79KWH,8,1,FULL,14-08-2025,11:22:44,14-08-2025,11:22:46,14-08-2025,11:24:33,COMPLETED,0,1
79KWH,8,1,FULL,14-08-2025,11:24:42,14-08-2025,11:24:43,14-08-2025,11:26:32,COMPLETED,0,1
79KWH,8,2,FULL,14-08-2025,11:25:32,14-08-2025,11:25:34,14-08-2025,11:27:30,COMPLETED,0,1
79KWH,8,1,FULL,14-08-2025,11:26:39,14-08-2025,11:26:44,14-08-2025,11:36:23,COMPLETED,0,1
79KWH,8,2,FULL,14-08-2025,11:27:36,14-08-2025,11:27:39,14-08-2025,11:28:38,COMPLETED,0,1
79KWH,8,2,FULL,14-08-2025,11:28:47,14-08-2025,11:28:47,14-08-2025,11:29:49,COMPLETED,0,1
79KWH,8,2,FULL,14-08-2025,11:29:55,14-08-2025,11:29:58,14-08-2025,11:30:57,COMPLETED,0,1
79KWH,8,2,FULL,14-08-2025,11:31:08,14-08-2025,11:31:09,14-08-2025,11:32:11,COMPLETED,0,1
79KWH,8,2,FULL,14-08-2025,11:32:17,14-08-2025,11:32:20,14-08-2025,11:33:20,COMPLETED,0,1
79KWH,8,2,FULL,14-08-2025,11:33:29,14-08-2025,11:33:30,14-08-2025,11:34:32,COMPLETED,0,1
79KWH,8,2,FULL,14-08-2025,11:34:37,14-08-2025,11:34:41,14-08-2025,11:35:40,COMPLETED,0,1
79KWH,8,2,FULL,14-08-2025,11:35:48,14-08-2025,11:35:48,14-08-2025,11:36:49,COMPLETED,0,1
79KWH,8,1,FULL,14-08-2025,11:36:32,14-08-2025,11:36:32,14-08-2025,11:38:22,COMPLETED,0,1
79KWH,8,2,FULL,14-08-2025,11:36:56,14-08-2025,11:36:59,14-08-2025,11:37:58,COMPLETED,0,1
79KWH,8,1,FULL,14-08-2025,11:38:29,14-08-2025,11:38:31,14-08-2025,11:41:02,COMPLETED,0,1
79KWH,8,3,FULL,14-08-2025,11:40:17,14-08-2025,11:40:27,14-08-2025,11:42:03,COMPLETED,0,1
79KWH,8,1,FULL,14-08-2025,11:41:11,14-08-2025,11:41:12,14-08-2025,11:43:04,COMPLETED,0,1
79KWH,8,3,FULL,14-08-2025,11:42:08,14-08-2025,11:42:11,14-08-2025,11:44:48,COMPLETED,0,1
79KWH,8,1,FULL,14-08-2025,11:43:10,14-08-2025,11:43:14,14-08-2025,11:47:18,COMPLETED,0,1
79KWH,8,3,FULL,14-08-2025,11:44:55,14-08-2025,11:47:59,14-08-2025,11:50:24,COMPLETED,0,1
79KWH,8,1,FULL,14-08-2025,11:47:27,14-08-2025,11:47:27,14-08-2025,11:49:20,COMPLETED,0,1
79KWH,8,3,FULL,14-08-2025,11:50:31,14-08-2025,11:50:33,14-08-2025,11:52:27,COMPLETED,0,1
79KWH,8,3,FULL,14-08-2025,11:52:36,14-08-2025,11:54:43,14-08-2025,11:57:08,COMPLETED,0,1
79KWH,8,1,FULL,14-08-2025,12:22:30,14-08-2025,12:22:30,14-08-2025,12:24:21,COMPLETED,0,1
79KWH,8,2,FULL,14-08-2025,12:22:52,14-08-2025,12:22:53,14-08-2025,12:23:54,COMPLETED,0,1
79KWH,8,1,FULL,14-08-2025,12:32:56,14-08-2025,12:32:57,14-08-2025,12:34:51,COMPLETED,0,1
79KWH,8,2,FULL,14-08-2025,12:33:14,14-08-2025,12:33:15,14-08-2025,12:34:14,COMPLETED,0,1
79KWH,8,1,FULL,14-08-2025,12:34:56,14-08-2025,12:35:00,14-08-2025,12:40:21,COMPLETED,0,1
79KWH,8,2,FULL,14-08-2025,12:35:08,14-08-2025,12:35:08,14-08-2025,12:36:10,COMPLETED,0,1
79KWH,8,2,FULL,14-08-2025,12:37:00,14-08-2025,12:37:00,14-08-2025,12:38:00,COMPLETED,0,1
79KWH,8,2,FULL,14-08-2025,12:38:51,14-08-2025,12:38:52,14-08-2025,12:39:54,COMPLETED,0,1
79KWH,8,1,FULL,14-08-2025,12:40:30,14-08-2025,12:40:31,14-08-2025,12:43:47,COMPLETED,0,1
79KWH,8,2,FULL,14-08-2025,12:40:43,14-08-2025,12:40:44,14-08-2025,12:41:44,COMPLETED,0,1
79KWH,8,2,FULL,14-08-2025,12:42:35,14-08-2025,12:42:35,14-08-2025,12:43:38,COMPLETED,0,1
79KWH,8,1,FULL,14-08-2025,12:43:53,14-08-2025,12:43:56,14-08-2025,12:45:50,COMPLETED,0,1
79KWH,8,2,FULL,14-08-2025,12:44:25,14-08-2025,12:44:26,14-08-2025,12:45:29,COMPLETED,0,1
79KWH,8,1,FULL,14-08-2025,12:45:58,14-08-2025,12:45:59,14-08-2025,12:47:56,COMPLETED,0,1
79KWH,8,2,FULL,14-08-2025,12:46:19,14-08-2025,12:46:20,14-08-2025,12:47:25,COMPLETED,0,1
79KWH,8,1,FULL,14-08-2025,12:48:02,14-08-2025,12:48:05,14-08-2025,12:50:01,COMPLETED,0,1
79KWH,8,2,FULL,14-08-2025,12:48:08,14-08-2025,12:48:08,14-08-2025,12:49:11,COMPLETED,0,1
79KWH,8,2,FULL,14-08-2025,12:50:03,14-08-2025,12:50:04,14-08-2025,12:51:10,COMPLETED,0,1
79KWH,8,1,FULL,14-08-2025,12:50:11,14-08-2025,12:50:11,14-08-2025,12:52:10,COMPLETED,0,1
79KWH,8,2,FULL,14-08-2025,12:51:53,14-08-2025,12:51:53,14-08-2025,12:52:57,COMPLETED,0,1
79KWH,8,1,FULL,14-08-2025,12:52:17,14-08-2025,12:52:18,14-08-2025,12:54:15,COMPLETED,0,1
79KWH,8,2,FULL,14-08-2025,12:53:44,14-08-2025,12:53:46,14-08-2025,12:54:54,COMPLETED,0,1
79KWH,8,1,FULL,14-08-2025,12:54:24,14-08-2025,12:54:25,14-08-2025,12:56:27,COMPLETED,0,1
79KWH,8,2,FULL,14-08-2025,12:55:34,14-08-2025,12:55:36,14-08-2025,12:56:43,COMPLETED,0,1
79KWH,8,1,FULL,14-08-2025,12:56:33,14-08-2025,12:56:36,14-08-2025,12:58:34,COMPLETED,0,1
79KWH,8,2,FULL,14-08-2025,12:56:55,14-08-2025,12:56:56,14-08-2025,12:58:05,COMPLETED,0,1
79KWH,8,2,FULL,14-08-2025,12:58:26,14-08-2025,12:58:27,14-08-2025,12:59:34,COMPLETED,0,1
79KWH,8,1,FULL,14-08-2025,12:58:44,14-08-2025,12:58:45,14-08-2025,13:00:46,COMPLETED,0,1
79KWH,8,2,FULL,14-08-2025,13:00:19,14-08-2025,13:00:20,14-08-2025,13:01:30,COMPLETED,0,1
79KWH,8,1,FULL,14-08-2025,13:00:52,14-08-2025,13:00:54,14-08-2025,13:02:59,COMPLETED,0,1
79KWH,8,2,FULL,14-08-2025,13:02:10,14-08-2025,13:02:10,14-08-2025,13:03:18,COMPLETED,0,1
79KWH,8,1,FULL,14-08-2025,13:03:09,14-08-2025,13:03:10,14-08-2025,13:05:12,COMPLETED,0,1
79KWH,8,2,FULL,14-08-2025,13:03:31,14-08-2025,13:03:31,14-08-2025,13:04:42,COMPLETED,0,1
79KWH,8,2,FULL,14-08-2025,13:04:53,14-08-2025,13:04:54,14-08-2025,13:06:02,COMPLETED,0,1
79KWH,8,1,FULL,14-08-2025,13:05:19,14-08-2025,13:05:21,14-08-2025,13:07:22,COMPLETED,0,1
79KWH,8,2,FULL,14-08-2025,13:06:49,14-08-2025,13:06:49,14-08-2025,13:08:00,COMPLETED,0,1
79KWH,8,1,FULL,14-08-2025,13:07:31,14-08-2025,13:07:31,14-08-2025,13:09:40,COMPLETED,0,1
79KWH,8,2,FULL,14-08-2025,13:08:38,14-08-2025,13:08:38,14-08-2025,13:09:48,COMPLETED,0,1
79KWH,8,1,FULL,14-08-2025,13:09:46,14-08-2025,13:09:48,14-08-2025,13:11:50,COMPLETED,0,1
79KWH,8,2,FULL,14-08-2025,13:10:03,14-08-2025,13:10:03,14-08-2025,13:11:16,COMPLETED,0,1
79KWH,8,2,FULL,14-08-2025,13:11:29,14-08-2025,13:11:29,14-08-2025,13:12:41,COMPLETED,0,1
79KWH,8,1,FULL,14-08-2025,13:11:58,14-08-2025,13:12:00,14-08-2025,13:14:04,COMPLETED,0,1
79KWH,8,2,FULL,14-08-2025,13:14:05,14-08-2025,13:14:06,14-08-2025,13:15:21,COMPLETED,0,1
79KWH,8,1,FULL,14-08-2025,13:14:10,14-08-2025,13:14:13,14-08-2025,13:16:15,COMPLETED,0,1
79KWH,8,2,FULL,14-08-2025,13:15:55,14-08-2025,13:15:57,14-08-2025,13:17:09,COMPLETED,0,1
79KWH,8,1,FULL,14-08-2025,13:16:24,14-08-2025,13:16:25,14-08-2025,13:18:31,COMPLETED,0,1
79KWH,8,2,FULL,14-08-2025,13:17:48,14-08-2025,13:17:50,14-08-2025,13:19:05,COMPLETED,0,1
79KWH,8,1,FULL,14-08-2025,13:18:37,14-08-2025,13:18:39,14-08-2025,13:20:42,COMPLETED,0,1
79KWH,8,2,FULL,14-08-2025,13:19:10,14-08-2025,13:19:13,14-08-2025,13:20:26,COMPLETED,0,1
79KWH,8,2,FULL,14-08-2025,13:20:36,14-08-2025,13:20:36,14-08-2025,13:21:51,COMPLETED,0,1
79KWH,8,1,FULL,14-08-2025,13:20:50,14-08-2025,13:20:51,14-08-2025,13:22:58,COMPLETED,0,1
79KWH,8,2,FULL,14-08-2025,13:22:24,14-08-2025,13:22:24,14-08-2025,13:23:38,COMPLETED,0,1
79KWH,8,1,FULL,14-08-2025,13:23:04,14-08-2025,13:23:06,14-08-2025,13:25:17,COMPLETED,0,1
79KWH,8,2,FULL,14-08-2025,13:24:18,14-08-2025,13:24:18,14-08-2025,13:25:36,COMPLETED,0,1
79KWH,8,1,FULL,14-08-2025,13:25:26,14-08-2025,13:25:27,14-08-2025,13:27:36,COMPLETED,0,1
79KWH,8,2,FULL,14-08-2025,13:25:42,14-08-2025,13:25:46,14-08-2025,13:27:02,COMPLETED,0,1
79KWH,8,2,FULL,14-08-2025,13:27:12,14-08-2025,13:27:13,14-08-2025,13:28:30,COMPLETED,0,1
79KWH,8,1,FULL,14-08-2025,13:27:41,14-08-2025,13:27:44,14-08-2025,13:29:51,COMPLETED,0,1
79KWH,8,2,FULL,14-08-2025,13:28:57,14-08-2025,13:28:58,14-08-2025,13:30:15,COMPLETED,0,1
79KWH,8,1,FULL,14-08-2025,13:30:00,14-08-2025,13:30:03,14-08-2025,13:32:12,COMPLETED,0,1
79KWH,8,2,FULL,14-08-2025,13:30:23,14-08-2025,13:30:24,14-08-2025,13:31:43,COMPLETED,0,1
79KWH,8,2,FULL,14-08-2025,13:31:49,14-08-2025,13:31:53,14-08-2025,13:33:11,COMPLETED,0,1
79KWH,8,1,FULL,14-08-2025,13:32:18,14-08-2025,13:32:20,14-08-2025,13:34:33,COMPLETED,0,1
79KWH,8,2,FULL,14-08-2025,13:33:36,14-08-2025,13:33:37,14-08-2025,13:34:58,COMPLETED,0,1
79KWH,8,1,FULL,14-08-2025,13:34:42,14-08-2025,13:34:43,14-08-2025,13:36:53,COMPLETED,0,1
79KWH,8,2,FULL,14-08-2025,13:35:04,14-08-2025,13:35:08,14-08-2025,13:36:27,COMPLETED,0,1
79KWH,8,2,FULL,14-08-2025,13:36:35,14-08-2025,13:36:36,14-08-2025,13:37:58,COMPLETED,0,1
79KWH,8,1,FULL,14-08-2025,13:36:58,14-08-2025,13:37:01,14-08-2025,13:39:10,COMPLETED,0,1
79KWH,8,2,FULL,14-08-2025,13:38:16,14-08-2025,13:38:16,14-08-2025,13:39:36,COMPLETED,0,1
79KWH,8,1,FULL,14-08-2025,13:39:20,14-08-2025,13:39:20,14-08-2025,13:41:30,COMPLETED,0,1
79KWH,8,2,FULL,14-08-2025,13:39:44,14-08-2025,13:39:45,14-08-2025,13:41:08,COMPLETED,0,1
79KWH,8,1,FULL,14-08-2025,13:41:36,14-08-2025,13:41:40,14-08-2025,13:43:49,COMPLETED,0,1
79KWH,8,1,FULL,14-08-2025,13:43:58,14-08-2025,13:43:59,14-08-2025,13:46:19,COMPLETED,0,1
79KWH,8,1,FULL,14-08-2025,13:46:24,14-08-2025,13:46:27,14-08-2025,13:48:37,COMPLETED,0,1
79KWH,8,1,FULL,14-08-2025,13:53:25,14-08-2025,13:53:26,14-08-2025,13:55:39,COMPLETED,0,1
79KWH,8,2,FULL,14-08-2025,13:53:46,14-08-2025,13:53:47,14-08-2025,13:55:09,COMPLETED,0,1
79KWH,8,2,FULL,14-08-2025,13:55:38,14-08-2025,13:55:40,14-08-2025,13:57:05,COMPLETED,0,1
79KWH,8,1,FULL,14-08-2025,13:55:45,14-08-2025,13:55:47,14-08-2025,13:57:58,COMPLETED,0,1
79KWH,8,2,FULL,14-08-2025,13:57:30,14-08-2025,13:57:32,14-08-2025,13:58:56,COMPLETED,0,1
79KWH,8,1,FULL,14-08-2025,13:58:06,14-08-2025,13:58:07,14-08-2025,14:00:26,COMPLETED,0,1
79KWH,8,2,FULL,14-08-2025,13:59:23,14-08-2025,13:59:24,14-08-2025,14:00:50,COMPLETED,0,1
79KWH,8,1,FULL,14-08-2025,14:00:32,14-08-2025,14:00:34,14-08-2025,14:02:46,COMPLETED,0,1
79KWH,8,2,FULL,14-08-2025,14:01:11,14-08-2025,14:01:12,14-08-2025,14:02:35,COMPLETED,0,1
79KWH,8,1,FULL,14-08-2025,14:02:55,14-08-2025,14:02:56,14-08-2025,14:05:11,COMPLETED,0,1
79KWH,8,2,FULL,14-08-2025,14:03:08,14-08-2025,14:03:09,14-08-2025,14:04:37,COMPLETED,0,1
79KWH,8,2,FULL,14-08-2025,14:04:57,14-08-2025,14:04:57,14-08-2025,14:06:22,COMPLETED,0,1
79KWH,8,1,FULL,14-08-2025,14:05:17,14-08-2025,14:05:21,14-08-2025,14:07:34,COMPLETED,0,1
79KWH,8,2,FULL,14-08-2025,14:06:50,14-08-2025,14:06:51,14-08-2025,14:08:19,COMPLETED,0,1
79KWH,8,1,FULL,14-08-2025,14:07:42,14-08-2025,14:07:43,14-08-2025,14:10:07,COMPLETED,0,1
79KWH,8,2,FULL,14-08-2025,14:08:39,14-08-2025,14:08:40,14-08-2025,14:10:06,COMPLETED,0,1
79KWH,8,1,FULL,14-08-2025,14:10:13,14-08-2025,14:10:16,14-08-2025,14:12:39,COMPLETED,0,1
79KWH,8,2,FULL,14-08-2025,14:10:34,14-08-2025,14:10:35,14-08-2025,14:12:03,COMPLETED,0,1
79KWH,8,2,FULL,14-08-2025,14:12:22,14-08-2025,14:12:23,14-08-2025,14:13:51,COMPLETED,0,1
79KWH,8,1,FULL,14-08-2025,14:12:47,14-08-2025,14:12:49,14-08-2025,14:15:06,COMPLETED,0,1
79KWH,8,2,FULL,14-08-2025,14:14:17,14-08-2025,14:14:17,14-08-2025,14:15:47,COMPLETED,0,1
79KWH,8,1,FULL,14-08-2025,14:15:12,14-08-2025,14:15:15,14-08-2025,14:45:12,COMPLETED,0,1
79KWH,8,2,FULL,14-08-2025,14:16:07,14-08-2025,14:16:07,14-08-2025,14:17:37,COMPLETED,0,1
79KWH,8,2,FULL,14-08-2025,14:18:01,14-08-2025,14:18:02,14-08-2025,14:19:33,COMPLETED,0,1
79KWH,8,2,FULL,14-08-2025,14:19:49,14-08-2025,14:19:51,14-08-2025,14:21:20,COMPLETED,0,1
79KWH,8,2,FULL,14-08-2025,14:21:29,14-08-2025,14:21:30,14-08-2025,14:23:02,COMPLETED,0,1
79KWH,8,2,FULL,14-08-2025,14:23:08,14-08-2025,14:23:10,14-08-2025,14:24:41,COMPLETED,0,1
79KWH,8,2,FULL,14-08-2025,14:24:49,14-08-2025,14:24:50,14-08-2025,14:26:25,COMPLETED,0,1
79KWH,8,2,FULL,14-08-2025,14:26:31,14-08-2025,14:26:34,14-08-2025,14:28:06,COMPLETED,0,1
79KWH,8,2,FULL,14-08-2025,14:28:14,14-08-2025,14:28:15,14-08-2025,14:29:49,COMPLETED,0,1
79KWH,8,2,FULL,14-08-2025,14:29:56,14-08-2025,14:29:59,14-08-2025,14:31:33,COMPLETED,0,1
79KWH,8,2,FULL,14-08-2025,14:31:41,14-08-2025,14:31:41,14-08-2025,14:33:17,COMPLETED,0,1
79KWH,8,2,FULL,14-08-2025,14:33:23,14-08-2025,14:33:26,14-08-2025,14:34:59,COMPLETED,0,1
79KWH,8,2,FULL,14-08-2025,14:35:07,14-08-2025,14:35:08,14-08-2025,14:36:46,COMPLETED,0,1
79KWH,8,2,FULL,14-08-2025,14:36:51,14-08-2025,14:36:55,14-08-2025,14:38:31,COMPLETED,0,1
79KWH,8,2,FULL,14-08-2025,14:38:39,14-08-2025,14:38:41,14-08-2025,14:40:19,COMPLETED,0,1
79KWH,8,2,FULL,14-08-2025,14:40:25,14-08-2025,14:40:28,14-08-2025,14:42:04,COMPLETED,0,1
79KWH,8,2,FULL,14-08-2025,14:42:12,14-08-2025,14:42:13,14-08-2025,14:43:51,COMPLETED,0,1
79KWH,8,2,FULL,14-08-2025,14:43:58,14-08-2025,14:44:01,14-08-2025,14:45:39,COMPLETED,0,1
79KWH,8,1,FULL,14-08-2025,14:45:21,14-08-2025,14:45:23,14-08-2025,14:47:42,COMPLETED,0,1
79KWH,8,2,FULL,14-08-2025,14:45:48,14-08-2025,14:45:49,14-08-2025,14:47:29,COMPLETED,0,1
79KWH,8,2,FULL,14-08-2025,14:47:36,14-08-2025,14:47:39,14-08-2025,14:49:17,COMPLETED,0,1
79KWH,8,1,FULL,14-08-2025,14:47:48,14-08-2025,14:47:51,14-08-2025,14:52:30,COMPLETED,0,1
79KWH,8,2,FULL,14-08-2025,14:49:26,14-08-2025,14:49:28,14-08-2025,14:51:09,COMPLETED,0,1
79KWH,8,2,FULL,14-08-2025,14:51:21,14-08-2025,14:51:22,14-08-2025,14:53:05,COMPLETED,0,1
79KWH,8,1,FULL,14-08-2025,14:52:38,14-08-2025,14:52:39,14-08-2025,14:54:59,COMPLETED,0,1
79KWH,8,2,FULL,14-08-2025,14:53:11,14-08-2025,14:53:13,14-08-2025,14:54:54,COMPLETED,0,1
79KWH,8,1,FULL,14-08-2025,14:55:05,14-08-2025,14:55:07,14-08-2025,14:57:31,COMPLETED,0,1
79KWH,8,2,FULL,14-08-2025,14:55:07,14-08-2025,14:55:09,14-08-2025,14:56:53,COMPLETED,0,1
79KWH,8,2,FULL,14-08-2025,14:56:59,14-08-2025,14:57:02,14-08-2025,14:58:46,COMPLETED,0,1
79KWH,8,1,FULL,14-08-2025,14:57:40,14-08-2025,14:57:41,14-08-2025,15:00:02,COMPLETED,0,1
79KWH,8,2,FULL,14-08-2025,14:59:00,14-08-2025,14:59:01,14-08-2025,15:00:47,COMPLETED,0,1
79KWH,8,1,FULL,14-08-2025,15:00:08,14-08-2025,15:00:11,14-08-2025,15:29:21,COMPLETED,0,1
79KWH,8,2,FULL,14-08-2025,15:00:53,14-08-2025,15:00:56,14-08-2025,15:02:41,COMPLETED,0,1
79KWH,8,2,FULL,14-08-2025,15:02:54,14-08-2025,15:02:56,14-08-2025,15:04:43,COMPLETED,0,1
79KWH,8,2,FULL,14-08-2025,15:04:49,14-08-2025,15:04:52,14-08-2025,15:06:38,COMPLETED,0,1
79KWH,8,1,FULL,14-08-2025,15:29:29,14-08-2025,15:29:29,14-08-2025,15:31:52,COMPLETED,0,1
79KWH,8,1,FULL,14-08-2025,15:31:58,14-08-2025,15:32:00,14-08-2025,15:34:20,COMPLETED,0,1
79KWH,8,2,FULL,14-08-2025,15:32:00,14-08-2025,15:32:00,14-08-2025,15:33:48,COMPLETED,0,1
79KWH,8,2,FULL,14-08-2025,15:33:55,14-08-2025,15:33:57,14-08-2025,15:35:43,COMPLETED,0,1
79KWH,8,1,FULL,14-08-2025,15:34:29,14-08-2025,15:34:29,14-08-2025,15:36:52,COMPLETED,0,1
79KWH,8,1,FULL,14-08-2025,15:41:02,14-08-2025,15:41:02,14-08-2025,15:43:24,COMPLETED,0,1
79KWH,8,2,FULL,14-08-2025,15:41:36,14-08-2025,15:41:37,14-08-2025,15:43:26,COMPLETED,0,1
79KWH,8,2,FULL,14-08-2025,15:43:31,14-08-2025,15:43:34,14-08-2025,15:45:21,COMPLETED,0,1
79KWH,8,1,FULL,14-08-2025,15:43:33,14-08-2025,15:43:33,14-08-2025,15:45:57,COMPLETED,0,1
79KWH,8,2,FULL,14-08-2025,15:45:35,14-08-2025,15:45:35,14-08-2025,15:47:26,COMPLETED,0,1
79KWH,8,1,FULL,14-08-2025,15:46:04,14-08-2025,15:46:05,14-08-2025,15:48:27,COMPLETED,0,1
79KWH,8,2,FULL,14-08-2025,15:47:32,14-08-2025,15:47:35,14-08-2025,15:49:23,COMPLETED,0,1
79KWH,8,1,FULL,14-08-2025,15:48:36,14-08-2025,15:48:36,14-08-2025,15:51:00,COMPLETED,0,1
79KWH,8,2,FULL,14-08-2025,15:49:37,14-08-2025,15:49:37,14-08-2025,15:51:29,COMPLETED,0,1
79KWH,8,1,FULL,14-08-2025,15:51:06,14-08-2025,15:51:09,14-08-2025,16:04:25,COMPLETED,0,1
79KWH,8,2,FULL,14-08-2025,15:51:36,14-08-2025,15:51:38,14-08-2025,15:53:28,COMPLETED,0,1
79KWH,8,2,FULL,14-08-2025,15:53:42,14-08-2025,15:53:43,14-08-2025,15:55:37,COMPLETED,0,1
79KWH,8,2,FULL,14-08-2025,15:55:43,14-08-2025,15:55:47,14-08-2025,15:57:39,COMPLETED,0,1
79KWH,8,2,FULL,14-08-2025,15:57:53,14-08-2025,15:57:54,14-08-2025,15:59:48,COMPLETED,0,1
79KWH,8,2,FULL,14-08-2025,15:59:54,14-08-2025,15:59:58,14-08-2025,16:01:50,COMPLETED,0,1
79KWH,8,2,FULL,14-08-2025,16:02:05,14-08-2025,16:02:06,14-08-2025,16:04:01,COMPLETED,0,1
79KWH,8,2,FULL,14-08-2025,16:04:08,14-08-2025,16:04:11,14-08-2025,16:06:04,COMPLETED,0,1
79KWH,8,1,FULL,14-08-2025,16:04:33,14-08-2025,16:04:34,14-08-2025,16:06:59,COMPLETED,0,1
79KWH,8,2,FULL,14-08-2025,16:06:19,14-08-2025,16:06:20,14-08-2025,16:08:16,COMPLETED,0,1
79KWH,8,1,FULL,14-08-2025,16:07:04,14-08-2025,16:07:08,14-08-2025,16:09:33,COMPLETED,0,1
79KWH,8,2,FULL,14-08-2025,16:08:21,14-08-2025,16:08:26,14-08-2025,16:10:21,COMPLETED,0,1
79KWH,8,1,FULL,14-08-2025,16:09:41,14-08-2025,16:09:42,14-08-2025,16:12:31,COMPLETED,0,1
79KWH,8,2,FULL,14-08-2025,16:10:35,14-08-2025,16:10:36,14-08-2025,16:12:34,COMPLETED,0,1
79KWH,8,1,FULL,14-08-2025,16:12:38,14-08-2025,16:12:40,14-08-2025,16:15:05,COMPLETED,0,1
79KWH,8,2,FULL,14-08-2025,16:12:40,14-08-2025,16:12:43,14-08-2025,16:14:38,COMPLETED,0,1
79KWH,8,2,FULL,14-08-2025,16:14:53,14-08-2025,16:14:53,14-08-2025,16:16:52,COMPLETED,0,1
79KWH,8,1,FULL,14-08-2025,16:15:14,14-08-2025,16:15:14,14-08-2025,16:33:30,COMPLETED,0,1
79KWH,8,2,FULL,14-08-2025,16:16:59,14-08-2025,16:17:01,14-08-2025,16:18:58,COMPLETED,0,1
79KWH,8,2,FULL,14-08-2025,16:19:12,14-08-2025,16:21:28,14-08-2025,16:23:53,COMPLETED,0,1
79KWH,8,2,FULL,14-08-2025,16:23:59,14-08-2025,16:24:03,14-08-2025,16:26:00,COMPLETED,0,1
79KWH,8,2,FULL,14-08-2025,16:26:16,14-08-2025,16:28:36,14-08-2025,16:31:03,COMPLETED,0,1
79KWH,8,2,FULL,14-08-2025,16:31:10,14-08-2025,16:31:12,14-08-2025,16:33:10,COMPLETED,0,1
79KWH,8,2,FULL,14-08-2025,16:33:25,14-08-2025,16:35:41,14-08-2025,16:38:08,COMPLETED,0,1
79KWH,8,1,FULL,14-08-2025,16:33:38,14-08-2025,16:33:39,14-08-2025,16:40:53,COMPLETED,0,1
79KWH,8,2,FULL,14-08-2025,16:38:14,14-08-2025,16:38:16,14-08-2025,16:40:16,COMPLETED,0,1
79KWH,8,2,FULL,14-08-2025,16:40:30,14-08-2025,16:42:53,14-08-2025,16:45:20,COMPLETED,0,1
79KWH,8,1,FULL,14-08-2025,16:41:02,14-08-2025,16:43:38,14-08-2025,16:46:18,COMPLETED,0,1
79KWH,8,2,FULL,14-08-2025,16:45:26,14-08-2025,16:45:29,14-08-2025,16:47:31,COMPLETED,0,1
79KWH,8,1,FULL,14-08-2025,16:46:25,14-08-2025,16:48:22,14-08-2025,16:50:13,COMPLETED,0,1
79KWH,8,2,FULL,14-08-2025,16:47:46,14-08-2025,16:47:47,14-08-2025,16:49:51,COMPLETED,0,1
79KWH,8,2,FULL,14-08-2025,16:49:57,14-08-2025,16:49:59,14-08-2025,16:52:01,COMPLETED,0,1
79KWH,8,1,FULL,14-08-2025,16:50:21,14-08-2025,16:53:01,14-08-2025,17:21:26,COMPLETED,0,1
79KWH,8,2,FULL,14-08-2025,16:52:15,14-08-2025,16:54:33,14-08-2025,16:57:01,COMPLETED,0,1
79KWH,8,2,FULL,14-08-2025,16:57:08,14-08-2025,16:57:10,14-08-2025,16:59:13,COMPLETED,0,1
79KWH,8,2,FULL,14-08-2025,16:59:27,14-08-2025,17:01:49,14-08-2025,17:04:18,COMPLETED,0,1
79KWH,8,2,FULL,14-08-2025,17:04:24,14-08-2025,17:04:28,14-08-2025,17:06:32,COMPLETED,0,1
79KWH,8,2,FULL,14-08-2025,17:06:47,14-08-2025,17:06:49,14-08-2025,17:08:56,COMPLETED,0,1
79KWH,8,2,FULL,14-08-2025,17:09:02,14-08-2025,17:09:05,14-08-2025,17:11:09,COMPLETED,0,1
79KWH,8,2,FULL,14-08-2025,17:11:24,14-08-2025,17:11:25,14-08-2025,17:13:34,COMPLETED,0,1
79KWH,8,2,FULL,14-08-2025,17:13:40,14-08-2025,17:13:43,14-08-2025,17:15:50,COMPLETED,0,1
79KWH,8,2,FULL,14-08-2025,17:16:03,14-08-2025,17:16:04,14-08-2025,17:18:13,COMPLETED,0,1
79KWH,8,2,FULL,14-08-2025,17:18:20,14-08-2025,17:18:23,14-08-2025,17:20:30,COMPLETED,0,1
79KWH,8,2,FULL,14-08-2025,17:20:44,14-08-2025,17:20:45,14-08-2025,17:22:55,COMPLETED,0,1
79KWH,8,1,FULL,14-08-2025,17:21:32,14-08-2025,17:21:38,14-08-2025,17:24:12,COMPLETED,0,1
79KWH,8,2,FULL,14-08-2025,17:23:02,14-08-2025,17:23:05,14-08-2025,17:25:13,COMPLETED,0,1
79KWH,8,1,FULL,14-08-2025,17:24:20,14-08-2025,17:24:22,14-08-2025,17:26:57,COMPLETED,0,1
79KWH,8,2,FULL,14-08-2025,17:25:27,14-08-2025,17:25:28,14-08-2025,17:27:39,COMPLETED,0,1
79KWH,8,1,FULL,14-08-2025,17:27:03,14-08-2025,17:27:11,14-08-2025,17:29:46,COMPLETED,0,1
79KWH,8,2,FULL,14-08-2025,17:27:45,14-08-2025,17:27:49,14-08-2025,17:29:59,COMPLETED,0,1
79KWH,8,1,FULL,14-08-2025,17:29:54,14-08-2025,17:29:55,14-08-2025,17:32:26,COMPLETED,0,1
79KWH,8,2,FULL,14-08-2025,17:30:12,14-08-2025,17:30:13,14-08-2025,17:32:26,COMPLETED,0,1
79KWH,8,2,FULL,14-08-2025,17:32:32,14-08-2025,17:32:34,14-08-2025,17:34:46,COMPLETED,0,1
79KWH,8,1,FULL,14-08-2025,17:32:33,14-08-2025,17:32:35,14-08-2025,17:35:11,COMPLETED,0,1
79KWH,8,2,FULL,14-08-2025,17:35:00,14-08-2025,17:37:19,14-08-2025,17:39:51,COMPLETED,0,1
79KWH,8,1,FULL,14-08-2025,17:35:19,14-08-2025,17:35:21,14-08-2025,17:37:58,COMPLETED,0,1
79KWH,8,1,FULL,14-08-2025,17:38:04,14-08-2025,17:38:11,14-08-2025,17:40:47,COMPLETED,0,1
79KWH,8,2,FULL,14-08-2025,17:39:57,14-08-2025,17:40:02,14-08-2025,17:42:14,COMPLETED,0,1
79KWH,8,1,FULL,14-08-2025,17:40:57,14-08-2025,17:40:57,14-08-2025,17:43:35,COMPLETED,0,1
79KWH,8,2,FULL,14-08-2025,17:42:27,14-08-2025,17:44:52,14-08-2025,17:47:26,COMPLETED,0,1
79KWH,8,1,FULL,14-08-2025,17:43:41,14-08-2025,17:43:45,14-08-2025,17:46:22,COMPLETED,0,1
79KWH,8,1,FULL,14-08-2025,17:46:31,14-08-2025,17:46:33,14-08-2025,17:49:08,COMPLETED,0,1
79KWH,8,2,FULL,14-08-2025,17:47:34,14-08-2025,17:47:35,14-08-2025,17:49:49,COMPLETED,0,1
79KWH,8,1,FULL,14-08-2025,17:49:15,14-08-2025,17:49:17,14-08-2025,17:51:51,COMPLETED,0,1
79KWH,8,2,FULL,14-08-2025,17:50:03,14-08-2025,17:52:21,14-08-2025,17:54:55,COMPLETED,0,1
79KWH,8,1,FULL,14-08-2025,17:52:00,14-08-2025,17:52:01,14-08-2025,17:54:38,COMPLETED,0,1
79KWH,8,1,FULL,14-08-2025,17:54:44,14-08-2025,17:54:46,14-08-2025,17:57:21,COMPLETED,0,1
79KWH,8,2,FULL,14-08-2025,17:55:01,14-08-2025,17:55:05,14-08-2025,17:57:18,COMPLETED,0,1
79KWH,8,1,FULL,14-08-2025,17:57:30,14-08-2025,17:57:31,14-08-2025,18:00:08,COMPLETED,0,1
79KWH,8,2,FULL,14-08-2025,17:57:32,14-08-2025,17:59:58,14-08-2025,18:02:32,COMPLETED,0,1
79KWH,8,1,FULL,14-08-2025,18:00:14,14-08-2025,18:00:19,14-08-2025,18:23:58,COMPLETED,0,1
79KWH,8,2,FULL,14-08-2025,18:02:38,14-08-2025,18:02:41,14-08-2025,18:04:56,COMPLETED,0,1
79KWH,8,2,FULL,14-08-2025,18:05:10,14-08-2025,18:07:32,14-08-2025,18:10:07,COMPLETED,0,1
79KWH,8,2,FULL,14-08-2025,18:10:14,14-08-2025,18:10:16,14-08-2025,18:12:32,COMPLETED,0,1
79KWH,8,2,FULL,14-08-2025,18:12:46,14-08-2025,18:15:13,14-08-2025,18:17:49,COMPLETED,0,1
79KWH,8,2,FULL,14-08-2025,18:17:55,14-08-2025,18:17:58,14-08-2025,18:20:15,COMPLETED,0,1
79KWH,8,2,FULL,14-08-2025,18:20:29,14-08-2025,18:20:30,14-08-2025,18:22:50,COMPLETED,0,1
79KWH,8,2,FULL,14-08-2025,18:22:56,14-08-2025,18:23:00,14-08-2025,18:25:18,COMPLETED,0,1
79KWH,8,1,FULL,14-08-2025,18:24:07,14-08-2025,18:24:08,14-08-2025,18:26:47,COMPLETED,0,1
79KWH,8,2,FULL,14-08-2025,18:25:33,14-08-2025,18:25:33,14-08-2025,18:27:55,COMPLETED,0,1
79KWH,8,1,FULL,14-08-2025,18:26:53,14-08-2025,18:26:55,14-08-2025,18:29:32,COMPLETED,0,1
79KWH,8,2,FULL,14-08-2025,18:28:02,14-08-2025,18:28:04,14-08-2025,18:30:24,COMPLETED,0,1
79KWH,8,1,FULL,14-08-2025,18:29:41,14-08-2025,18:29:42,14-08-2025,18:32:22,COMPLETED,0,1
79KWH,8,2,FULL,14-08-2025,18:30:37,14-08-2025,18:33:00,14-08-2025,18:35:38,COMPLETED,0,1
79KWH,8,1,FULL,14-08-2025,18:32:28,14-08-2025,18:32:32,14-08-2025,18:35:10,COMPLETED,0,1
79KWH,8,2,FULL,14-08-2025,18:35:43,14-08-2025,18:38:20,14-08-2025,18:40:55,COMPLETED,0,1
79KWH,8,2,FULL,14-08-2025,18:41:09,14-08-2025,18:41:09,14-08-2025,18:43:33,COMPLETED,0,1
79KWH,8,2,FULL,14-08-2025,18:43:38,14-08-2025,18:43:43,14-08-2025,18:46:04,COMPLETED,0,1
79KWH,8,2,FULL,14-08-2025,18:46:18,14-08-2025,18:48:41,14-08-2025,18:51:20,COMPLETED,0,1
79KWH,8,2,FULL,14-08-2025,18:51:26,14-08-2025,18:51:28,14-08-2025,18:53:52,COMPLETED,0,1
79KWH,8,2,FULL,14-08-2025,18:54:05,14-08-2025,18:56:32,14-08-2025,18:59:10,COMPLETED,0,1
79KWH,8,2,FULL,14-08-2025,18:59:17,14-08-2025,18:59:20,14-08-2025,19:01:43,COMPLETED,0,1
79KWH,8,2,FULL,14-08-2025,19:01:57,14-08-2025,19:01:57,14-08-2025,19:04:24,COMPLETED,0,1
79KWH,8,2,FULL,14-08-2025,19:04:30,14-08-2025,19:04:33,14-08-2025,19:06:58,COMPLETED,0,1
79KWH,8,2,FULL,14-08-2025,19:07:11,14-08-2025,19:09:34,14-08-2025,19:12:14,COMPLETED,0,1
79KWH,8,2,FULL,14-08-2025,19:12:20,14-08-2025,19:12:24,14-08-2025,19:14:50,COMPLETED,0,1
79KWH,8,2,FULL,14-08-2025,19:15:04,14-08-2025,19:17:32,14-08-2025,19:20:13,COMPLETED,0,1
79KWH,8,2,FULL,14-08-2025,19:20:20,14-08-2025,19:20:22,14-08-2025,19:22:50,COMPLETED,0,1
79KWH,8,2,FULL,14-08-2025,19:23:04,14-08-2025,19:23:05,14-08-2025,19:25:35,COMPLETED,0,1
79KWH,8,2,FULL,14-08-2025,19:25:41,14-08-2025,19:25:45,14-08-2025,19:28:13,COMPLETED,0,1
79KWH,8,2,FULL,14-08-2025,19:28:28,14-08-2025,19:30:49,14-08-2025,19:33:31,COMPLETED,0,1
79KWH,8,2,FULL,14-08-2025,19:33:37,14-08-2025,19:33:40,14-08-2025,19:36:08,COMPLETED,0,1
79KWH,8,2,FULL,14-08-2025,19:36:21,14-08-2025,19:38:49,14-08-2025,19:41:31,COMPLETED,0,1
79KWH,8,2,FULL,14-08-2025,19:41:38,14-08-2025,19:41:40,14-08-2025,19:44:10,COMPLETED,0,1
79KWH,8,2,FULL,14-08-2025,19:44:24,14-08-2025,19:44:25,14-08-2025,19:46:58,COMPLETED,0,1
79KWH,8,2,FULL,14-08-2025,19:47:04,14-08-2025,19:47:08,14-08-2025,19:49:40,COMPLETED,0,1
79KWH,8,2,FULL,14-08-2025,19:49:53,14-08-2025,19:49:54,14-08-2025,19:52:28,COMPLETED,0,1
79KWH,8,2,FULL,14-08-2025,19:52:34,14-08-2025,19:52:39,14-08-2025,19:55:12,COMPLETED,0,1
79KWH,8,2,FULL,14-08-2025,19:55:27,14-08-2025,19:55:27,14-08-2025,19:58:03,COMPLETED,0,1
79KWH,8,2,FULL,14-08-2025,19:58:09,14-08-2025,19:58:12,14-08-2025,20:00:46,COMPLETED,0,1
79KWH,8,2,FULL,14-08-2025,20:01:01,14-08-2025,20:01:01,14-08-2025,20:03:37,COMPLETED,0,1
79KWH,8,2,FULL,14-08-2025,20:03:43,14-08-2025,20:03:46,14-08-2025,20:06:21,COMPLETED,0,1
79KWH,8,2,FULL,14-08-2025,20:06:36,14-08-2025,20:09:01,14-08-2025,20:11:45,COMPLETED,0,1
79KWH,8,2,FULL,14-08-2025,20:11:51,14-08-2025,20:14:31,14-08-2025,20:17:14,COMPLETED,0,1
79KWH,8,2,FULL,14-08-2025,20:17:28,14-08-2025,20:17:29,14-08-2025,20:20:07,COMPLETED,0,1
79KWH,8,2,FULL,14-08-2025,20:20:14,14-08-2025,20:20:17,14-08-2025,20:22:54,COMPLETED,0,1
79KWH,8,2,FULL,14-08-2025,20:23:08,14-08-2025,20:23:09,14-08-2025,20:25:48,COMPLETED,0,1
79KWH,8,2,FULL,14-08-2025,20:25:55,14-08-2025,20:25:58,14-08-2025,20:28:37,COMPLETED,0,1
79KWH,8,2,FULL,14-08-2025,20:28:52,14-08-2025,20:31:16,14-08-2025,20:34:03,COMPLETED,0,1
79KWH,8,2,FULL,14-08-2025,20:34:09,14-08-2025,20:34:12,14-08-2025,20:36:51,COMPLETED,0,1
79KWH,8,2,FULL,14-08-2025,20:37:05,14-08-2025,20:39:35,14-08-2025,20:42:22,COMPLETED,0,1
79KWH,8,2,FULL,14-08-2025,20:42:28,14-08-2025,20:42:32,14-08-2025,20:45:12,COMPLETED,0,1
79KWH,8,2,FULL,14-08-2025,22:14:13,14-08-2025,22:14:13,14-08-2025,22:17:01,COMPLETED,0,1
79KWH,8,2,FULL,14-08-2025,22:17:07,14-08-2025,22:17:09,14-08-2025,22:19:50,COMPLETED,0,1
79KWH,8,2,FULL,14-08-2025,22:20:04,14-08-2025,22:20:05,14-08-2025,22:22:47,COMPLETED,0,1
79KWH,8,2,FULL,14-08-2025,22:22:54,14-08-2025,22:22:57,14-08-2025,22:25:38,COMPLETED,0,1
79KWH,8,2,FULL,14-08-2025,22:25:52,14-08-2025,22:25:52,14-08-2025,22:28:37,COMPLETED,0,1
79KWH,8,2,FULL,14-08-2025,22:28:44,14-08-2025,22:28:46,14-08-2025,22:31:29,COMPLETED,0,1
79KWH,8,2,FULL,14-08-2025,22:31:45,14-08-2025,22:31:46,14-08-2025,22:34:32,COMPLETED,0,1
79KWH,8,2,FULL,14-08-2025,22:34:38,14-08-2025,22:37:13,14-08-2025,22:39:59,COMPLETED,0,1
79KWH,8,2,FULL,14-08-2025,22:40:13,14-08-2025,22:42:43,14-08-2025,22:45:32,COMPLETED,0,1
79KWH,8,2,FULL,14-08-2025,22:45:38,14-08-2025,22:45:44,14-08-2025,22:48:30,COMPLETED,0,1
79KWH,8,2,FULL,14-08-2025,22:48:44,14-08-2025,22:48:45,14-08-2025,22:51:35,COMPLETED,0,1
79KWH,8,2,FULL,14-08-2025,22:51:41,14-08-2025,22:51:44,14-08-2025,22:54:32,COMPLETED,0,1
79KWH,8,2,FULL,14-08-2025,22:54:46,14-08-2025,22:54:48,14-08-2025,22:56:44,COMPLETED,0,1
79KWH,8,2,FULL,14-08-2025,22:56:50,14-08-2025,22:56:53,14-08-2025,22:57:52,COMPLETED,0,1
79KWH,8,2,FULL,14-08-2025,22:58:07,14-08-2025,22:58:07,14-08-2025,22:59:09,COMPLETED,0,1
79KWH,8,2,FULL,14-08-2025,22:59:15,14-08-2025,22:59:18,14-08-2025,23:00:17,COMPLETED,0,1
79KWH,8,2,FULL,18-08-2025,07:26:20,18-08-2025,07:27:12,18-08-2025,07:29:08,COMPLETED,0,1
79KWH,8,2,FULL,18-08-2025,07:29:14,18-08-2025,07:29:18,18-08-2025,07:30:17,COMPLETED,0,1
79KWH,8,1,FULL,18-08-2025,07:32:43,18-08-2025,12:35:35,18-08-2025,12:37:22,COMPLETED,0,1
79KWH,8,3,FULL,18-08-2025,07:33:49,18-08-2025,07:33:49,18-08-2025,07:35:13,COMPLETED,0,1
79KWH,8,3,FULL,18-08-2025,07:35:39,18-08-2025,07:35:40,18-08-2025,07:37:32,COMPLETED,0,1
79KWH,8,3,FULL,18-08-2025,07:37:40,18-08-2025,07:37:41,18-08-2025,07:39:38,COMPLETED,0,1
79KWH,8,3,FULL,18-08-2025,07:39:44,18-08-2025,07:39:48,18-08-2025,07:41:44,COMPLETED,0,1
79KWH,8,3,FULL,18-08-2025,07:41:52,18-08-2025,07:41:53,18-08-2025,07:43:53,COMPLETED,0,1
79KWH,8,3,FULL,18-08-2025,07:43:59,18-08-2025,07:44:01,18-08-2025,07:45:59,COMPLETED,0,1
79KWH,8,3,FULL,18-08-2025,07:46:07,18-08-2025,07:46:07,18-08-2025,07:48:08,COMPLETED,0,1
79KWH,8,3,FULL,18-08-2025,07:48:14,18-08-2025,07:48:17,18-08-2025,07:50:16,COMPLETED,0,1
79KWH,8,3,FULL,18-08-2025,07:50:23,18-08-2025,07:50:25,18-08-2025,07:52:26,COMPLETED,0,1
79KWH,8,3,FULL,18-08-2025,07:52:32,18-08-2025,07:52:36,18-08-2025,07:54:35,COMPLETED,0,1
79KWH,8,3,FULL,18-08-2025,07:54:43,18-08-2025,07:54:43,18-08-2025,07:56:46,COMPLETED,0,1
79KWH,8,3,FULL,18-08-2025,07:56:52,18-08-2025,07:56:56,18-08-2025,07:58:57,COMPLETED,0,1
79KWH,8,3,FULL,18-08-2025,07:59:05,18-08-2025,07:59:06,18-08-2025,08:01:09,COMPLETED,0,1
79KWH,8,3,FULL,18-08-2025,08:01:15,18-08-2025,08:01:19,18-08-2025,08:03:21,COMPLETED,0,1
79KWH,8,3,FULL,18-08-2025,08:03:29,18-08-2025,08:03:30,18-08-2025,08:05:35,COMPLETED,0,1
79KWH,8,3,FULL,18-08-2025,08:05:41,18-08-2025,08:05:44,18-08-2025,08:07:47,COMPLETED,0,1
79KWH,8,3,FULL,18-08-2025,08:07:56,18-08-2025,08:07:56,18-08-2025,08:10:02,COMPLETED,0,1
79KWH,8,1,FULL,18-08-2025,12:37:28,18-08-2025,12:37:31,18-08-2025,12:52:37,COMPLETED,0,1
79KWH,8,1,FULL,18-08-2025,12:52:47,18-08-2025,12:52:47,18-08-2025,12:55:29,COMPLETED,0,1
79KWH,8,1,FULL,18-08-2025,12:55:35,18-08-2025,12:55:39,18-08-2025,12:58:18,COMPLETED,0,1
79KWH,8,1,FULL,18-08-2025,12:58:27,18-08-2025,12:58:27,18-08-2025,13:01:10,COMPLETED,0,1
79KWH,8,1,FULL,18-08-2025,21:57:57,18-08-2025,21:57:58,18-08-2025,22:00:39,COMPLETED,0,1
79KWH,8,3,FULL,18-08-2025,21:59:05,18-08-2025,21:59:05,18-08-2025,22:01:32,COMPLETED,0,1
79KWH,8,1,FULL,18-08-2025,22:00:48,18-08-2025,22:00:49,18-08-2025,22:03:33,COMPLETED,0,1
79KWH,8,3,FULL,18-08-2025,22:01:40,18-08-2025,22:01:41,18-08-2025,22:03:48,COMPLETED,0,1
79KWH,8,1,FULL,18-08-2025,22:03:39,18-08-2025,22:03:41,18-08-2025,22:06:23,COMPLETED,0,1
79KWH,8,3,FULL,18-08-2025,22:03:54,18-08-2025,22:03:57,18-08-2025,22:06:02,COMPLETED,0,1
79KWH,8,3,FULL,18-08-2025,22:06:11,18-08-2025,22:06:12,18-08-2025,22:08:21,COMPLETED,0,1
79KWH,8,1,FULL,18-08-2025,22:06:32,18-08-2025,22:06:32,18-08-2025,22:09:18,COMPLETED,0,1
79KWH,8,3,FULL,18-08-2025,22:08:27,18-08-2025,22:08:29,18-08-2025,22:10:36,COMPLETED,0,1
79KWH,8,1,FULL,18-08-2025,22:09:24,18-08-2025,22:09:26,18-08-2025,22:12:10,COMPLETED,0,1
79KWH,8,3,FULL,18-08-2025,22:10:44,18-08-2025,22:10:44,18-08-2025,22:12:55,COMPLETED,0,1
79KWH,8,1,FULL,18-08-2025,22:12:19,18-08-2025,22:12:21,18-08-2025,22:15:08,COMPLETED,0,1
79KWH,8,3,FULL,18-08-2025,22:13:00,18-08-2025,22:13:04,18-08-2025,22:15:12,COMPLETED,0,1
79KWH,8,1,FULL,18-08-2025,22:15:14,18-08-2025,22:15:16,18-08-2025,22:18:03,COMPLETED,0,1
79KWH,8,3,FULL,18-08-2025,22:15:20,18-08-2025,22:15:21,18-08-2025,22:17:31,COMPLETED,0,1
79KWH,8,3,FULL,18-08-2025,22:17:37,18-08-2025,22:17:40,18-08-2025,22:19:49,COMPLETED,0,1
79KWH,8,1,FULL,18-08-2025,22:18:11,18-08-2025,22:18:13,18-08-2025,22:21:01,COMPLETED,0,1
79KWH,8,3,FULL,18-08-2025,22:19:59,18-08-2025,22:20:00,18-08-2025,22:22:12,COMPLETED,0,1
79KWH,8,1,FULL,18-08-2025,22:21:07,18-08-2025,22:21:11,18-08-2025,22:23:58,COMPLETED,0,1
79KWH,8,3,FULL,18-08-2025,22:22:17,18-08-2025,22:22:20,18-08-2025,22:24:30,COMPLETED,0,1
79KWH,8,1,FULL,18-08-2025,22:24:07,18-08-2025,22:24:09,18-08-2025,22:26:02,COMPLETED,0,1
79KWH,8,3,FULL,18-08-2025,22:24:38,18-08-2025,22:24:39,18-08-2025,22:26:52,COMPLETED,0,1
79KWH,8,1,FULL,18-08-2025,22:26:08,18-08-2025,22:26:11,18-08-2025,22:27:09,COMPLETED,0,1
79KWH,8,3,FULL,18-08-2025,22:26:58,18-08-2025,22:27:01,18-08-2025,22:29:11,COMPLETED,0,1
79KWH,8,1,FULL,18-08-2025,22:27:19,18-08-2025,22:27:20,18-08-2025,22:28:18,COMPLETED,0,1
79KWH,8,1,FULL,18-08-2025,22:28:24,18-08-2025,22:28:27,18-08-2025,22:29:24,COMPLETED,0,1
79KWH,8,3,FULL,18-08-2025,22:29:19,18-08-2025,22:29:20,18-08-2025,22:31:34,COMPLETED,0,1
79KWH,8,1,FULL,18-08-2025,22:29:34,18-08-2025,22:29:34,18-08-2025,22:30:33,COMPLETED,0,1
79KWH,8,1,FULL,18-08-2025,22:30:39,18-08-2025,22:30:41,18-08-2025,22:31:37,COMPLETED,0,1
79KWH,8,3,FULL,18-08-2025,22:31:40,18-08-2025,22:31:43,18-08-2025,22:33:54,COMPLETED,0,1
79KWH,8,1,FULL,18-08-2025,22:31:53,18-08-2025,22:31:54,18-08-2025,22:32:52,COMPLETED,0,1
79KWH,8,1,FULL,18-08-2025,22:32:58,18-08-2025,22:33:01,18-08-2025,22:33:57,COMPLETED,0,1
79KWH,8,3,FULL,18-08-2025,22:34:02,18-08-2025,22:34:03,18-08-2025,22:36:17,COMPLETED,0,1
79KWH,8,1,FULL,18-08-2025,22:34:05,18-08-2025,22:34:07,18-08-2025,22:35:05,COMPLETED,0,1
79KWH,8,1,FULL,18-08-2025,22:35:34,18-08-2025,22:35:35,18-08-2025,22:36:32,COMPLETED,0,1
79KWH,8,3,FULL,18-08-2025,22:36:24,18-08-2025,22:36:27,18-08-2025,22:38:40,COMPLETED,0,1
79KWH,8,1,FULL,18-08-2025,22:37:29,18-08-2025,22:37:29,18-08-2025,22:38:32,COMPLETED,0,1
79KWH,8,3,FULL,18-08-2025,22:38:48,18-08-2025,22:38:49,18-08-2025,22:41:04,COMPLETED,0,1
79KWH,8,1,FULL,18-08-2025,22:39:18,18-08-2025,22:39:18,18-08-2025,22:40:19,COMPLETED,0,1
79KWH,8,3,FULL,18-08-2025,22:41:10,18-08-2025,22:41:14,18-08-2025,22:43:28,COMPLETED,0,1
79KWH,8,1,FULL,18-08-2025,22:41:11,18-08-2025,22:41:13,18-08-2025,22:42:14,COMPLETED,0,1
79KWH,8,1,FULL,18-08-2025,22:43:00,18-08-2025,22:43:01,18-08-2025,22:44:01,COMPLETED,0,1
79KWH,8,3,FULL,18-08-2025,22:43:35,18-08-2025,22:45:07,18-08-2025,22:47:42,COMPLETED,0,1
79KWH,8,1,FULL,18-08-2025,22:44:54,18-08-2025,22:44:55,18-08-2025,22:45:58,COMPLETED,0,1
79KWH,8,1,FULL,18-08-2025,22:46:43,18-08-2025,22:46:44,18-08-2025,22:47:45,COMPLETED,0,1
79KWH,8,3,FULL,18-08-2025,22:47:48,18-08-2025,22:47:50,18-08-2025,22:50:06,COMPLETED,0,1
79KWH,8,1,FULL,18-08-2025,22:49:03,18-08-2025,22:49:04,18-08-2025,22:50:06,COMPLETED,0,1
79KWH,8,3,FULL,18-08-2025,22:50:15,18-08-2025,22:51:49,18-08-2025,22:54:25,COMPLETED,0,1
79KWH,8,1,FULL,18-08-2025,22:50:53,18-08-2025,22:50:54,18-08-2025,22:51:56,COMPLETED,0,1
79KWH,8,1,FULL,18-08-2025,22:52:46,18-08-2025,22:52:48,18-08-2025,22:53:52,COMPLETED,0,1
79KWH,8,1,FULL,18-08-2025,22:53:59,18-08-2025,22:54:02,18-08-2025,22:55:04,COMPLETED,0,1
79KWH,8,3,FULL,18-08-2025,22:54:31,18-08-2025,22:54:33,18-08-2025,22:56:48,COMPLETED,0,1
79KWH,8,1,FULL,18-08-2025,22:55:16,18-08-2025,22:55:17,18-08-2025,22:56:23,COMPLETED,0,1
79KWH,8,1,FULL,18-08-2025,22:56:29,18-08-2025,00:00:00,18-08-2025,00:00:00,ABORT,0,1
79KWH,8,3,FULL,18-08-2025,22:56:56,18-08-2025,22:58:12,18-08-2025,23:00:48,COMPLETED,0,1
79KWH,8,3,FULL,18-08-2025,23:00:55,18-08-2025,23:02:27,18-08-2025,23:05:01,COMPLETED,0,1
79KWH,8,3,FULL,18-08-2025,23:05:08,18-08-2025,23:06:43,18-08-2025,23:09:20,COMPLETED,0,1
79KWH,8,3,FULL,18-08-2025,23:09:26,18-08-2025,23:12:11,18-08-2025,23:14:46,COMPLETED,0,1
79KWH,8,3,FULL,18-08-2025,23:14:53,18-08-2025,23:17:40,18-08-2025,23:20:17,COMPLETED,0,1
79KWH,8,3,FULL,18-08-2025,23:20:24,18-08-2025,23:23:08,18-08-2025,23:25:43,COMPLETED,0,1
79KWH,8,3,FULL,18-08-2025,23:25:51,18-08-2025,23:28:38,18-08-2025,23:31:16,COMPLETED,0,1
79KWH,8,3,FULL,18-08-2025,23:31:22,18-08-2025,23:31:24,18-08-2025,23:33:45,COMPLETED,0,1
79KWH,8,3,FULL,18-08-2025,23:33:52,18-08-2025,23:36:34,18-08-2025,23:39:13,COMPLETED,0,1
79KWH,8,3,FULL,18-08-2025,23:39:19,18-08-2025,23:39:22,18-08-2025,23:41:45,COMPLETED,0,1
79KWH,8,2,FULL,18-08-2025,23:41:08,18-08-2025,23:41:08,18-08-2025,23:43:04,COMPLETED,0,1
79KWH,8,3,FULL,18-08-2025,23:41:53,18-08-2025,23:41:53,18-08-2025,23:44:19,COMPLETED,0,1
79KWH,8,2,FULL,18-08-2025,23:43:11,18-08-2025,23:43:13,18-08-2025,23:44:12,COMPLETED,0,1
79KWH,8,2,FULL,18-08-2025,23:44:25,18-08-2025,23:44:26,18-08-2025,23:45:27,COMPLETED,0,1
79KWH,8,3,FULL,18-08-2025,23:44:26,18-08-2025,23:44:29,18-08-2025,23:46:53,COMPLETED,0,1
79KWH,8,2,FULL,18-08-2025,23:45:33,18-08-2025,23:45:36,18-08-2025,23:46:36,COMPLETED,0,1
79KWH,8,2,FULL,18-08-2025,23:46:49,18-08-2025,23:46:50,18-08-2025,23:47:51,COMPLETED,0,1
79KWH,8,3,FULL,18-08-2025,23:47:01,18-08-2025,23:47:02,18-08-2025,23:49:29,COMPLETED,0,1
79KWH,8,2,FULL,18-08-2025,23:47:57,18-08-2025,23:48:00,18-08-2025,23:48:59,COMPLETED,0,1
79KWH,8,2,FULL,18-08-2025,23:49:13,18-08-2025,23:49:14,18-08-2025,23:50:16,COMPLETED,0,1
79KWH,8,3,FULL,18-08-2025,23:49:35,18-08-2025,23:49:39,18-08-2025,23:52:04,COMPLETED,0,1
79KWH,8,2,FULL,18-08-2025,23:50:26,18-08-2025,23:50:28,18-08-2025,23:51:27,COMPLETED,0,1
79KWH,8,3,FULL,18-08-2025,23:52:15,18-08-2025,23:52:16,18-08-2025,23:54:45,COMPLETED,0,1
79KWH,8,3,FULL,18-08-2025,23:54:51,18-08-2025,23:54:53,18-08-2025,23:57:20,COMPLETED,0,1
79KWH,8,3,FULL,18-08-2025,23:57:28,18-08-2025,23:57:29,18-08-2025,23:59:58,COMPLETED,0,1
79KWH,8,3,FULL,19-08-2025,00:00:05,19-08-2025,00:00:08,19-08-2025,00:02:34,COMPLETED,0,1
79KWH,8,3,FULL,19-08-2025,07:13:37,19-08-2025,07:13:37,19-08-2025,07:16:18,COMPLETED,0,1
79KWH,8,2,FULL,19-08-2025,07:13:48,19-08-2025,07:13:49,19-08-2025,07:14:50,COMPLETED,0,1
79KWH,8,2,FULL,19-08-2025,07:15:33,19-08-2025,07:15:33,19-08-2025,07:16:32,COMPLETED,0,1
79KWH,8,3,FULL,19-08-2025,07:16:24,19-08-2025,07:16:27,19-08-2025,07:18:55,COMPLETED,0,1
79KWH,8,2,FULL,19-08-2025,07:17:30,19-08-2025,07:17:32,19-08-2025,07:18:35,COMPLETED,0,1
79KWH,8,3,FULL,19-08-2025,07:19:07,19-08-2025,07:19:09,19-08-2025,07:21:40,COMPLETED,0,1
79KWH,8,2,FULL,19-08-2025,07:19:17,19-08-2025,07:19:18,19-08-2025,07:20:19,COMPLETED,0,1
79KWH,8,2,FULL,19-08-2025,07:21:13,19-08-2025,07:21:13,19-08-2025,07:22:17,COMPLETED,0,1
79KWH,8,3,FULL,19-08-2025,07:21:49,19-08-2025,07:21:50,19-08-2025,07:24:20,COMPLETED,0,1
79KWH,8,2,FULL,19-08-2025,07:23:00,19-08-2025,07:23:01,19-08-2025,07:24:03,COMPLETED,0,1
79KWH,8,3,FULL,19-08-2025,07:24:28,19-08-2025,07:24:28,19-08-2025,07:27:01,COMPLETED,0,1
79KWH,8,2,FULL,19-08-2025,07:24:58,19-08-2025,07:24:58,19-08-2025,07:26:03,COMPLETED,0,1
79KWH,8,3,FULL,19-08-2025,07:27:07,19-08-2025,07:27:10,19-08-2025,07:29:41,COMPLETED,0,1
79KWH,8,3,FULL,19-08-2025,07:29:50,19-08-2025,07:29:50,19-08-2025,07:32:24,COMPLETED,0,1
79KWH,8,2,FULL,19-08-2025,07:31:08,19-08-2025,07:31:09,19-08-2025,07:32:13,COMPLETED,0,1
79KWH,8,3,FULL,19-08-2025,07:32:30,19-08-2025,07:32:33,19-08-2025,07:35:04,COMPLETED,0,1
79KWH,8,2,FULL,19-08-2025,07:33:08,19-08-2025,07:33:09,19-08-2025,07:34:15,COMPLETED,0,1
79KWH,8,2,FULL,19-08-2025,07:34:52,19-08-2025,07:34:53,19-08-2025,07:35:57,COMPLETED,0,1
79KWH,8,3,FULL,19-08-2025,07:35:13,19-08-2025,07:35:13,19-08-2025,07:37:47,COMPLETED,0,1
79KWH,8,2,FULL,19-08-2025,07:36:51,19-08-2025,07:36:52,19-08-2025,07:38:00,COMPLETED,0,1
79KWH,8,3,FULL,19-08-2025,07:37:54,19-08-2025,07:37:57,19-08-2025,07:40:29,COMPLETED,0,1
79KWH,8,2,FULL,19-08-2025,07:38:35,19-08-2025,07:38:36,19-08-2025,07:39:42,COMPLETED,0,1
79KWH,8,2,FULL,19-08-2025,07:40:35,19-08-2025,07:40:36,19-08-2025,07:41:45,COMPLETED,0,1
79KWH,8,3,FULL,19-08-2025,07:40:36,19-08-2025,07:40:37,19-08-2025,07:43:12,COMPLETED,0,1
79KWH,8,2,FULL,19-08-2025,07:42:18,19-08-2025,07:42:19,19-08-2025,07:43:26,COMPLETED,0,1
79KWH,8,3,FULL,19-08-2025,07:43:19,19-08-2025,07:43:22,19-08-2025,07:45:56,COMPLETED,0,1
79KWH,8,2,FULL,19-08-2025,07:44:17,19-08-2025,07:44:17,19-08-2025,07:45:26,COMPLETED,0,1
79KWH,8,2,FULL,19-08-2025,07:45:34,19-08-2025,07:45:36,19-08-2025,07:46:44,COMPLETED,0,1
79KWH,8,2,FULL,19-08-2025,07:46:57,19-08-2025,07:46:58,19-08-2025,07:48:09,COMPLETED,0,1
79KWH,8,2,FULL,19-08-2025,07:48:15,19-08-2025,07:48:18,19-08-2025,07:49:27,COMPLETED,0,1
79KWH,8,2,FULL,19-08-2025,07:49:40,19-08-2025,07:49:40,19-08-2025,07:50:52,COMPLETED,0,1
79KWH,8,2,FULL,19-08-2025,07:50:58,19-08-2025,07:51:01,19-08-2025,07:52:11,COMPLETED,0,1
79KWH,8,2,FULL,19-08-2025,07:52:24,19-08-2025,07:52:26,19-08-2025,07:53:39,COMPLETED,0,1
79KWH,8,2,FULL,19-08-2025,07:53:45,19-08-2025,07:53:49,19-08-2025,07:55:00,COMPLETED,0,1
79KWH,8,2,FULL,19-08-2025,07:55:14,19-08-2025,07:55:15,19-08-2025,07:56:28,COMPLETED,0,1
79KWH,8,2,FULL,19-08-2025,07:56:34,19-08-2025,07:56:38,19-08-2025,07:57:51,COMPLETED,0,1
79KWH,8,2,FULL,19-08-2025,07:58:04,19-08-2025,07:58:05,19-08-2025,07:59:19,COMPLETED,0,1
79KWH,8,2,FULL,19-08-2025,07:59:26,19-08-2025,07:59:29,19-08-2025,08:00:44,COMPLETED,0,1
79KWH,8,2,FULL,19-08-2025,08:00:57,19-08-2025,08:00:58,19-08-2025,08:02:14,COMPLETED,0,1
79KWH,8,2,FULL,19-08-2025,08:02:20,19-08-2025,08:02:23,19-08-2025,08:03:37,COMPLETED,0,1
79KWH,8,2,FULL,19-08-2025,08:03:50,19-08-2025,08:03:51,19-08-2025,08:05:08,COMPLETED,0,1
79KWH,8,2,FULL,19-08-2025,08:05:14,19-08-2025,08:05:18,19-08-2025,08:06:32,COMPLETED,0,1
79KWH,8,2,FULL,19-08-2025,08:06:47,19-08-2025,08:06:47,19-08-2025,08:08:05,COMPLETED,0,1
79KWH,8,2,FULL,19-08-2025,08:08:11,19-08-2025,08:08:14,19-08-2025,08:09:30,COMPLETED,0,1
79KWH,8,2,FULL,19-08-2025,08:09:44,19-08-2025,08:09:46,19-08-2025,08:11:05,COMPLETED,0,1
79KWH,8,2,FULL,19-08-2025,08:11:11,19-08-2025,08:11:14,19-08-2025,08:12:33,COMPLETED,0,1
79KWH,8,2,FULL,19-08-2025,08:12:48,19-08-2025,08:12:49,19-08-2025,08:14:10,COMPLETED,0,1
79KWH,8,2,FULL,19-08-2025,08:14:16,19-08-2025,08:14:20,19-08-2025,08:15:38,COMPLETED,0,1
79KWH,8,2,FULL,19-08-2025,08:15:52,19-08-2025,08:15:52,19-08-2025,08:17:15,COMPLETED,0,1
79KWH,8,2,FULL,19-08-2025,08:17:21,19-08-2025,08:17:23,19-08-2025,08:18:44,COMPLETED,0,1
79KWH,8,2,FULL,19-08-2025,08:18:57,19-08-2025,08:18:58,19-08-2025,08:20:22,COMPLETED,0,1
79KWH,8,2,FULL,19-08-2025,08:20:28,19-08-2025,08:20:31,19-08-2025,08:21:52,COMPLETED,0,1
79KWH,8,2,FULL,19-08-2025,08:22:06,19-08-2025,08:22:07,19-08-2025,08:23:33,COMPLETED,0,1
79KWH,8,2,FULL,19-08-2025,08:23:39,19-08-2025,08:23:41,19-08-2025,08:25:05,COMPLETED,0,1
79KWH,8,2,FULL,19-08-2025,08:25:18,19-08-2025,08:25:19,19-08-2025,08:26:46,COMPLETED,0,1
79KWH,8,2,FULL,19-08-2025,08:26:52,19-08-2025,08:26:55,19-08-2025,08:28:21,COMPLETED,0,1
79KWH,8,2,FULL,19-08-2025,08:28:35,19-08-2025,08:28:35,19-08-2025,08:30:03,COMPLETED,0,1
79KWH,8,2,FULL,19-08-2025,08:30:09,19-08-2025,08:30:12,19-08-2025,08:31:38,COMPLETED,0,1
79KWH,8,2,FULL,19-08-2025,08:31:52,19-08-2025,08:31:54,19-08-2025,08:33:22,COMPLETED,0,1
79KWH,8,3,FULL,19-08-2025,08:32:58,19-08-2025,08:32:59,19-08-2025,08:35:36,COMPLETED,0,1
79KWH,8,2,FULL,19-08-2025,08:34:22,19-08-2025,08:34:25,19-08-2025,08:35:52,COMPLETED,0,1
79KWH,8,3,FULL,19-08-2025,08:35:48,19-08-2025,08:35:48,19-08-2025,08:38:26,COMPLETED,0,1
79KWH,8,2,FULL,19-08-2025,08:36:06,19-08-2025,08:36:07,19-08-2025,08:37:37,COMPLETED,0,1
79KWH,8,2,FULL,19-08-2025,08:37:43,19-08-2025,08:37:46,19-08-2025,08:39:14,COMPLETED,0,1
79KWH,8,3,FULL,19-08-2025,08:38:32,19-08-2025,08:38:35,19-08-2025,08:41:11,COMPLETED,0,1
79KWH,8,2,FULL,19-08-2025,08:39:28,19-08-2025,08:39:29,19-08-2025,08:41:01,COMPLETED,0,1
79KWH,8,2,FULL,19-08-2025,08:41:07,19-08-2025,08:41:11,19-08-2025,08:42:39,COMPLETED,0,1
79KWH,8,3,FULL,19-08-2025,08:41:19,19-08-2025,08:41:20,19-08-2025,08:43:59,COMPLETED,0,1
79KWH,8,2,FULL,19-08-2025,08:42:54,19-08-2025,08:42:55,19-08-2025,08:44:27,COMPLETED,0,1
79KWH,8,3,FULL,19-08-2025,08:44:05,19-08-2025,08:44:08,19-08-2025,08:46:45,COMPLETED,0,1
79KWH,8,2,FULL,19-08-2025,08:44:32,19-08-2025,08:44:36,19-08-2025,08:46:06,COMPLETED,0,1
79KWH,8,3,FULL,19-08-2025,08:46:53,19-08-2025,08:46:54,19-08-2025,08:49:34,COMPLETED,0,1
79KWH,8,2,FULL,19-08-2025,08:47:50,19-08-2025,08:47:50,19-08-2025,08:49:24,COMPLETED,0,1
79KWH,8,2,FULL,19-08-2025,08:49:35,19-08-2025,08:49:36,19-08-2025,08:51:08,COMPLETED,0,1
79KWH,8,3,FULL,19-08-2025,08:49:41,19-08-2025,08:49:44,19-08-2025,08:52:22,COMPLETED,0,1
79KWH,8,2,FULL,19-08-2025,08:51:34,19-08-2025,08:51:35,19-08-2025,08:53:10,COMPLETED,0,1
79KWH,8,3,FULL,19-08-2025,08:52:30,19-08-2025,08:52:31,19-08-2025,08:55:12,COMPLETED,0,1
79KWH,8,2,FULL,19-08-2025,08:53:15,19-08-2025,08:53:19,19-08-2025,08:54:52,COMPLETED,0,1
79KWH,8,2,FULL,19-08-2025,08:55:06,19-08-2025,08:55:08,19-08-2025,08:56:44,COMPLETED,0,1
79KWH,8,3,FULL,19-08-2025,08:55:18,19-08-2025,08:55:21,19-08-2025,08:58:00,COMPLETED,0,1
79KWH,8,2,FULL,19-08-2025,08:56:49,19-08-2025,08:56:52,19-08-2025,08:58:26,COMPLETED,0,1
79KWH,8,3,FULL,19-08-2025,08:58:08,19-08-2025,08:58:08,19-08-2025,09:00:50,COMPLETED,0,1
79KWH,8,2,FULL,19-08-2025,08:58:41,19-08-2025,08:58:42,19-08-2025,09:00:20,COMPLETED,0,1
79KWH,8,2,FULL,19-08-2025,09:00:26,19-08-2025,09:00:29,19-08-2025,09:02:04,COMPLETED,0,1
79KWH,8,3,FULL,19-08-2025,09:00:56,19-08-2025,09:01:00,19-08-2025,09:03:40,COMPLETED,0,1
79KWH,8,2,FULL,19-08-2025,09:02:19,19-08-2025,09:02:19,19-08-2025,09:03:57,COMPLETED,0,1
79KWH,8,3,FULL,19-08-2025,09:03:48,19-08-2025,09:03:48,19-08-2025,09:06:32,COMPLETED,0,1
79KWH,8,2,FULL,19-08-2025,09:04:03,19-08-2025,09:04:06,19-08-2025,09:05:42,COMPLETED,0,1
79KWH,8,3,FULL,19-08-2025,09:06:38,19-08-2025,09:06:40,19-08-2025,09:09:21,COMPLETED,0,1
79KWH,8,3,FULL,19-08-2025,09:09:29,19-08-2025,09:09:30,19-08-2025,09:12:14,COMPLETED,0,1
79KWH,8,3,FULL,19-08-2025,09:12:21,19-08-2025,09:12:24,19-08-2025,09:15:06,COMPLETED,0,1
79KWH,8,3,FULL,19-08-2025,09:15:15,19-08-2025,09:15:15,19-08-2025,09:18:01,COMPLETED,0,1
79KWH,8,3,FULL,19-08-2025,09:28:25,19-08-2025,09:28:26,19-08-2025,09:31:09,COMPLETED,0,1
79KWH,8,2,FULL,19-08-2025,09:28:36,19-08-2025,09:28:37,19-08-2025,09:30:16,COMPLETED,0,1
79KWH,8,2,FULL,19-08-2025,09:30:22,19-08-2025,09:30:25,19-08-2025,09:32:03,COMPLETED,0,1
79KWH,8,3,FULL,19-08-2025,09:31:24,19-08-2025,09:31:25,19-08-2025,09:34:13,COMPLETED,0,1
79KWH,8,1,FULL,19-08-2025,10:23:17,19-08-2025,00:00:00,19-08-2025,00:00:00,ABORT,0,1
79KWH,8,2,FULL,19-08-2025,11:00:13,19-08-2025,11:01:06,19-08-2025,11:03:22,COMPLETED,0,1
79KWH,8,2,FULL,19-08-2025,11:03:28,19-08-2025,11:03:32,19-08-2025,11:05:10,COMPLETED,0,1
79KWH,8,1,FULL,19-08-2025,11:21:19,19-08-2025,11:21:31,19-08-2025,11:23:30,COMPLETED,0,1
79KWH,8,1,FULL,19-08-2025,11:23:36,19-08-2025,11:23:39,19-08-2025,11:24:44,COMPLETED,0,1
79KWH,8,1,FULL,19-08-2025,11:24:52,19-08-2025,11:24:53,19-08-2025,11:26:01,COMPLETED,0,1
79KWH,8,1,FULL,19-08-2025,11:26:07,19-08-2025,11:28:10,19-08-2025,11:30:07,COMPLETED,0,1
79KWH,8,1,FULL,19-08-2025,11:30:15,19-08-2025,11:30:16,19-08-2025,11:31:25,COMPLETED,0,1
79KWH,8,1,FULL,19-08-2025,11:31:32,19-08-2025,11:31:35,19-08-2025,11:32:43,COMPLETED,0,1
79KWH,8,1,FULL,19-08-2025,11:32:51,19-08-2025,11:32:51,19-08-2025,11:34:01,COMPLETED,0,1
79KWH,8,1,FULL,19-08-2025,11:34:07,19-08-2025,11:34:11,19-08-2025,11:35:18,COMPLETED,0,1
79KWH,8,1,FULL,19-08-2025,11:35:27,19-08-2025,11:35:27,19-08-2025,11:36:38,COMPLETED,0,1
79KWH,8,1,FULL,19-08-2025,11:36:45,19-08-2025,11:36:47,19-08-2025,11:37:58,COMPLETED,0,1
79KWH,8,1,FULL,19-08-2025,11:38:05,19-08-2025,11:40:00,19-08-2025,11:42:02,COMPLETED,0,1
79KWH,8,1,FULL,19-08-2025,11:42:08,19-08-2025,11:42:10,19-08-2025,11:43:21,COMPLETED,0,1
79KWH,8,1,FULL,19-08-2025,11:43:28,19-08-2025,11:45:29,19-08-2025,11:47:31,COMPLETED,0,1
79KWH,8,1,FULL,19-08-2025,11:47:37,19-08-2025,11:47:40,19-08-2025,11:48:53,COMPLETED,0,1
79KWH,8,1,FULL,19-08-2025,11:49:00,19-08-2025,11:49:02,19-08-2025,11:50:17,COMPLETED,0,1
79KWH,8,1,FULL,19-08-2025,11:50:23,19-08-2025,11:50:26,19-08-2025,11:51:40,COMPLETED,0,1
79KWH,8,1,FULL,19-08-2025,11:51:48,19-08-2025,11:51:49,19-08-2025,11:53:06,COMPLETED,0,1
79KWH,8,1,FULL,19-08-2025,11:53:12,19-08-2025,11:53:14,19-08-2025,11:54:28,COMPLETED,0,1
79KWH,8,1,FULL,19-08-2025,11:54:36,19-08-2025,11:54:37,19-08-2025,11:55:53,COMPLETED,0,1
79KWH,8,1,FULL,19-08-2025,11:56:00,19-08-2025,11:56:02,19-08-2025,11:57:17,COMPLETED,0,1
79KWH,8,1,FULL,19-08-2025,11:57:25,19-08-2025,11:57:27,19-08-2025,11:58:45,COMPLETED,0,1
79KWH,8,1,FULL,19-08-2025,12:32:24,19-08-2025,12:32:25,19-08-2025,12:34:27,COMPLETED,0,1
79KWH,8,1,FULL,19-08-2025,12:34:36,19-08-2025,12:34:37,19-08-2025,12:35:56,COMPLETED,0,1
79KWH,8,1,FULL,19-08-2025,12:36:02,19-08-2025,12:36:05,19-08-2025,12:37:22,COMPLETED,0,1
79KWH,8,1,FULL,19-08-2025,12:37:30,19-08-2025,12:37:31,19-08-2025,12:38:52,COMPLETED,0,1
79KWH,8,2,FULL,19-08-2025,12:38:21,19-08-2025,12:38:22,19-08-2025,12:41:13,COMPLETED,0,1
79KWH,8,1,FULL,19-08-2025,12:38:58,19-08-2025,12:39:02,19-08-2025,12:40:20,COMPLETED,0,1
79KWH,8,1,FULL,19-08-2025,12:40:28,19-08-2025,12:40:29,19-08-2025,12:41:50,COMPLETED,0,1
79KWH,8,2,FULL,19-08-2025,12:41:30,19-08-2025,12:44:14,19-08-2025,12:46:31,COMPLETED,0,1
79KWH,8,1,FULL,19-08-2025,12:41:56,19-08-2025,12:41:58,19-08-2025,12:43:17,COMPLETED,0,1
79KWH,8,1,FULL,19-08-2025,12:43:25,19-08-2025,12:43:26,19-08-2025,12:44:48,COMPLETED,0,1
79KWH,8,1,FULL,19-08-2025,12:44:54,19-08-2025,12:44:57,19-08-2025,12:46:18,COMPLETED,0,1
79KWH,8,1,FULL,19-08-2025,12:46:26,19-08-2025,12:48:25,19-08-2025,12:50:32,COMPLETED,0,1
79KWH,8,2,FULL,19-08-2025,12:46:37,19-08-2025,12:48:59,19-08-2025,12:51:13,COMPLETED,0,1
79KWH,8,1,FULL,19-08-2025,12:50:38,19-08-2025,12:52:35,19-08-2025,12:54:41,COMPLETED,0,1
79KWH,8,2,FULL,19-08-2025,12:51:26,19-08-2025,12:53:38,19-08-2025,12:55:55,COMPLETED,0,1
79KWH,8,1,FULL,19-08-2025,12:54:50,19-08-2025,12:56:48,19-08-2025,12:58:57,COMPLETED,0,1
79KWH,8,2,FULL,19-08-2025,12:56:02,19-08-2025,12:56:04,19-08-2025,12:57:44,COMPLETED,0,1
79KWH,8,2,FULL,19-08-2025,12:57:57,19-08-2025,13:00:08,19-08-2025,13:02:25,COMPLETED,0,1
79KWH,8,1,FULL,19-08-2025,12:59:03,19-08-2025,13:00:58,19-08-2025,13:03:04,COMPLETED,0,1
79KWH,8,2,FULL,19-08-2025,13:02:30,19-08-2025,13:02:34,19-08-2025,13:04:15,COMPLETED,0,1
79KWH,8,1,FULL,19-08-2025,13:03:13,19-08-2025,13:03:14,19-08-2025,13:04:45,COMPLETED,0,1
79KWH,8,2,FULL,19-08-2025,13:04:28,19-08-2025,13:06:39,19-08-2025,13:08:56,COMPLETED,0,1
79KWH,8,1,FULL,19-08-2025,13:04:51,19-08-2025,13:04:54,19-08-2025,13:06:18,COMPLETED,0,1
79KWH,8,1,FULL,19-08-2025,13:06:25,19-08-2025,13:06:27,19-08-2025,13:07:54,COMPLETED,0,1
79KWH,8,1,FULL,19-08-2025,13:08:00,19-08-2025,13:10:01,19-08-2025,13:12:09,COMPLETED,0,1
79KWH,8,2,FULL,19-08-2025,13:09:03,19-08-2025,13:11:22,19-08-2025,13:13:36,COMPLETED,0,1
79KWH,8,1,FULL,19-08-2025,13:12:17,19-08-2025,13:14:10,19-08-2025,13:16:21,COMPLETED,0,1
79KWH,8,2,FULL,19-08-2025,13:13:50,19-08-2025,13:15:59,19-08-2025,13:18:18,COMPLETED,0,1
79KWH,8,1,FULL,19-08-2025,13:16:27,19-08-2025,13:16:29,19-08-2025,13:17:55,COMPLETED,0,1
79KWH,8,1,FULL,19-08-2025,13:18:03,19-08-2025,13:18:04,19-08-2025,13:19:33,COMPLETED,0,1
79KWH,8,2,FULL,19-08-2025,13:18:24,19-08-2025,13:18:26,19-08-2025,13:20:09,COMPLETED,0,1
79KWH,8,1,FULL,19-08-2025,13:19:39,19-08-2025,13:19:43,19-08-2025,13:21:11,COMPLETED,0,1
79KWH,8,2,FULL,19-08-2025,13:20:23,19-08-2025,13:22:31,19-08-2025,13:24:52,COMPLETED,0,1
79KWH,8,1,FULL,19-08-2025,13:21:19,19-08-2025,13:21:19,19-08-2025,13:22:50,COMPLETED,0,1
79KWH,8,1,FULL,19-08-2025,13:22:56,19-08-2025,13:22:59,19-08-2025,13:24:28,COMPLETED,0,1
79KWH,8,1,FULL,19-08-2025,13:24:36,19-08-2025,13:24:37,19-08-2025,13:26:09,COMPLETED,0,1
79KWH,8,2,FULL,19-08-2025,13:24:58,19-08-2025,13:27:10,19-08-2025,13:29:27,COMPLETED,0,1
79KWH,8,1,FULL,19-08-2025,13:26:16,19-08-2025,13:26:18,19-08-2025,13:27:49,COMPLETED,0,1
79KWH,8,1,FULL,19-08-2025,13:27:56,19-08-2025,13:27:57,19-08-2025,13:29:30,COMPLETED,0,1
79KWH,8,1,FULL,19-08-2025,13:29:36,19-08-2025,13:29:38,19-08-2025,13:31:09,COMPLETED,0,1
79KWH,8,2,FULL,19-08-2025,13:29:41,19-08-2025,13:31:49,19-08-2025,13:34:10,COMPLETED,0,1
79KWH,8,1,FULL,19-08-2025,13:31:17,19-08-2025,13:33:17,19-08-2025,13:35:30,COMPLETED,0,1
79KWH,8,2,FULL,19-08-2025,13:34:16,19-08-2025,13:34:18,19-08-2025,13:36:05,COMPLETED,0,1
79KWH,8,1,FULL,19-08-2025,13:35:36,19-08-2025,13:35:39,19-08-2025,13:37:11,COMPLETED,0,1
79KWH,8,2,FULL,19-08-2025,13:36:14,19-08-2025,13:36:25,19-08-2025,00:00:00,ABORT,0,1
79KWH,8,2,FULL,19-08-2025,13:36:40,19-08-2025,13:36:42,19-08-2025,13:38:32,COMPLETED,0,1
79KWH,8,1,FULL,19-08-2025,13:37:19,19-08-2025,13:37:20,19-08-2025,13:39:01,COMPLETED,0,1
79KWH,8,2,FULL,19-08-2025,13:38:38,19-08-2025,14:00:53,19-08-2025,14:02:02,COMPLETED,0,1
79KWH,8,1,FULL,19-08-2025,13:39:07,19-08-2025,13:39:09,19-08-2025,13:40:43,COMPLETED,0,1
79KWH,8,1,FULL,19-08-2025,13:40:51,19-08-2025,13:40:51,19-08-2025,13:42:27,COMPLETED,0,1
79KWH,8,1,FULL,19-08-2025,13:42:33,19-08-2025,13:42:36,19-08-2025,13:44:11,COMPLETED,0,1
79KWH,8,1,FULL,19-08-2025,13:44:19,19-08-2025,13:46:14,19-08-2025,13:48:28,COMPLETED,0,1
79KWH,8,1,FULL,19-08-2025,13:48:34,19-08-2025,13:48:37,19-08-2025,13:50:12,COMPLETED,0,1
79KWH,8,1,FULL,19-08-2025,13:50:20,19-08-2025,13:52:21,19-08-2025,13:54:36,COMPLETED,0,1
79KWH,8,1,FULL,19-08-2025,13:54:43,19-08-2025,13:54:46,19-08-2025,13:56:23,COMPLETED,0,1
79KWH,8,1,FULL,19-08-2025,13:56:31,19-08-2025,13:56:32,19-08-2025,13:58:11,COMPLETED,0,1
79KWH,8,1,FULL,19-08-2025,13:58:18,19-08-2025,13:58:21,19-08-2025,13:59:58,COMPLETED,0,1
79KWH,8,1,FULL,19-08-2025,14:00:06,19-08-2025,14:02:03,19-08-2025,14:04:23,COMPLETED,0,1
79KWH,8,2,FULL,19-08-2025,14:02:09,19-08-2025,14:02:10,19-08-2025,14:04:27,COMPLETED,0,1
79KWH,8,1,FULL,19-08-2025,14:04:28,19-08-2025,14:04:31,19-08-2025,14:06:11,COMPLETED,0,1
79KWH,8,2,FULL,19-08-2025,14:04:41,19-08-2025,14:04:41,19-08-2025,14:07:02,COMPLETED,0,1
79KWH,8,3,FULL,19-08-2025,14:06:12,19-08-2025,14:07:37,19-08-2025,14:10:24,COMPLETED,0,1
79KWH,8,1,FULL,19-08-2025,14:06:20,19-08-2025,14:08:21,19-08-2025,14:10:37,COMPLETED,0,1
79KWH,8,2,FULL,19-08-2025,14:07:08,19-08-2025,14:07:11,19-08-2025,14:09:00,COMPLETED,0,1
79KWH,8,2,FULL,19-08-2025,14:09:15,19-08-2025,14:10:56,19-08-2025,14:13:18,COMPLETED,0,1
79KWH,8,3,FULL,19-08-2025,14:10:32,19-08-2025,14:12:57,19-08-2025,14:15:46,COMPLETED,0,1
79KWH,8,1,FULL,19-08-2025,14:10:43,19-08-2025,14:10:46,19-08-2025,14:12:26,COMPLETED,0,1
79KWH,8,1,FULL,19-08-2025,14:12:34,19-08-2025,14:12:35,19-08-2025,14:14:18,COMPLETED,0,1
79KWH,8,1,FULL,19-08-2025,14:14:24,19-08-2025,14:14:27,19-08-2025,14:16:09,COMPLETED,0,1
79KWH,8,3,FULL,19-08-2025,14:15:52,19-08-2025,14:15:56,19-08-2025,14:18:40,COMPLETED,0,1
79KWH,8,1,FULL,19-08-2025,14:16:17,19-08-2025,14:16:17,19-08-2025,14:18:02,COMPLETED,0,1
79KWH,8,3,FULL,19-08-2025,14:31:15,19-08-2025,14:31:16,19-08-2025,14:34:07,COMPLETED,0,1
79KWH,8,2,FULL,19-08-2025,14:31:20,19-08-2025,14:31:21,19-08-2025,14:33:41,COMPLETED,0,1
79KWH,8,1,FULL,19-08-2025,14:32:51,19-08-2025,14:33:03,19-08-2025,14:35:18,COMPLETED,0,1
79KWH,8,3,FULL,19-08-2025,14:34:13,19-08-2025,14:34:15,19-08-2025,14:37:02,COMPLETED,0,1
79KWH,8,2,FULL,19-08-2025,14:34:19,19-08-2025,14:34:21,19-08-2025,14:36:14,COMPLETED,0,1
79KWH,8,1,FULL,19-08-2025,14:35:37,19-08-2025,14:35:38,19-08-2025,14:37:22,COMPLETED,0,1
79KWH,8,2,FULL,19-08-2025,14:36:55,19-08-2025,14:36:56,19-08-2025,14:38:47,COMPLETED,0,1
79KWH,8,3,FULL,19-08-2025,14:37:10,19-08-2025,14:37:11,19-08-2025,14:40:00,COMPLETED,0,1
79KWH,8,1,FULL,19-08-2025,14:38:26,19-08-2025,14:38:26,19-08-2025,14:40:09,COMPLETED,0,1
79KWH,8,2,FULL,19-08-2025,14:39:54,19-08-2025,14:39:55,19-08-2025,14:41:50,COMPLETED,0,1
79KWH,8,3,FULL,19-08-2025,14:40:05,19-08-2025,14:40:08,19-08-2025,14:42:56,COMPLETED,0,1
79KWH,8,1,FULL,19-08-2025,14:41:11,19-08-2025,14:41:13,19-08-2025,14:42:59,COMPLETED,0,1
79KWH,8,2,FULL,19-08-2025,14:42:30,19-08-2025,14:42:30,19-08-2025,14:44:24,COMPLETED,0,1
79KWH,8,3,FULL,19-08-2025,14:43:04,19-08-2025,14:43:04,19-08-2025,14:44:59,COMPLETED,0,1
79KWH,8,1,FULL,19-08-2025,14:44:01,19-08-2025,14:44:01,19-08-2025,14:45:45,COMPLETED,0,1
79KWH,8,3,FULL,19-08-2025,14:45:10,19-08-2025,14:45:10,19-08-2025,14:46:07,COMPLETED,0,1
79KWH,8,2,FULL,19-08-2025,14:47:59,19-08-2025,14:48:00,19-08-2025,14:49:55,COMPLETED,0,1
79KWH,8,1,FULL,19-08-2025,14:49:17,19-08-2025,14:49:18,19-08-2025,14:51:05,COMPLETED,0,1
79KWH,8,3,FULL,19-08-2025,14:50:31,19-08-2025,14:50:32,19-08-2025,14:51:32,COMPLETED,0,1
79KWH,8,2,FULL,19-08-2025,14:50:35,19-08-2025,14:50:35,19-08-2025,14:52:29,COMPLETED,0,1
79KWH,8,1,FULL,19-08-2025,14:52:06,19-08-2025,14:52:08,19-08-2025,14:53:54,COMPLETED,0,1
79KWH,8,3,FULL,19-08-2025,14:53:12,19-08-2025,14:53:13,19-08-2025,14:54:10,COMPLETED,0,1
79KWH,8,2,FULL,19-08-2025,14:53:33,19-08-2025,14:53:35,19-08-2025,14:55:31,COMPLETED,0,1
79KWH,8,1,FULL,19-08-2025,14:54:51,19-08-2025,14:56:14,19-08-2025,14:58:34,COMPLETED,0,1
79KWH,8,3,FULL,19-08-2025,14:56:04,19-08-2025,14:56:47,19-08-2025,14:58:43,COMPLETED,0,1
79KWH,8,2,FULL,19-08-2025,14:56:09,19-08-2025,14:57:53,19-08-2025,15:00:15,COMPLETED,0,1
79KWH,8,1,FULL,19-08-2025,14:58:40,19-08-2025,14:58:44,19-08-2025,15:00:36,COMPLETED,0,1
79KWH,8,3,FULL,19-08-2025,14:58:53,19-08-2025,15:00:51,19-08-2025,15:02:44,COMPLETED,0,1
79KWH,8,2,FULL,19-08-2025,15:00:29,19-08-2025,15:02:39,19-08-2025,15:05:04,COMPLETED,0,1
79KWH,8,1,FULL,19-08-2025,15:00:44,19-08-2025,15:00:45,19-08-2025,15:02:34,COMPLETED,0,1
79KWH,8,3,FULL,19-08-2025,15:02:57,19-08-2025,15:02:58,19-08-2025,15:03:57,COMPLETED,0,1
79KWH,8,1,FULL,19-08-2025,15:03:15,19-08-2025,15:03:17,19-08-2025,15:05:04,COMPLETED,0,1
79KWH,8,3,FULL,19-08-2025,15:04:23,19-08-2025,15:04:24,19-08-2025,15:05:21,COMPLETED,0,1
79KWH,8,2,FULL,19-08-2025,15:05:09,19-08-2025,15:05:13,19-08-2025,15:07:09,COMPLETED,0,1
79KWH,8,1,FULL,19-08-2025,15:05:12,19-08-2025,15:05:13,19-08-2025,15:07:04,COMPLETED,0,1
79KWH,8,3,FULL,19-08-2025,15:06:16,19-08-2025,15:06:17,19-08-2025,15:07:17,COMPLETED,0,1
79KWH,8,2,FULL,19-08-2025,15:07:24,19-08-2025,15:07:25,19-08-2025,15:09:23,COMPLETED,0,1
79KWH,8,1,FULL,19-08-2025,15:07:51,19-08-2025,15:07:52,19-08-2025,15:09:41,COMPLETED,0,1
79KWH,8,3,FULL,19-08-2025,15:40:45,19-08-2025,15:40:45,19-08-2025,15:42:39,COMPLETED,0,1
79KWH,8,2,FULL,19-08-2025,15:40:51,19-08-2025,15:40:52,19-08-2025,15:43:15,COMPLETED,0,1
79KWH,8,1,FULL,19-08-2025,15:42:23,19-08-2025,15:42:25,19-08-2025,15:44:47,COMPLETED,0,1
79KWH,8,3,FULL,19-08-2025,15:43:30,19-08-2025,15:43:30,19-08-2025,15:44:31,COMPLETED,0,1
79KWH,8,2,FULL,19-08-2025,15:43:48,19-08-2025,15:43:48,19-08-2025,15:45:48,COMPLETED,0,1
79KWH,8,1,FULL,19-08-2025,15:45:06,19-08-2025,15:47:00,19-08-2025,15:49:20,COMPLETED,0,1
79KWH,8,3,FULL,19-08-2025,15:49:18,19-08-2025,15:49:18,19-08-2025,15:51:12,COMPLETED,0,1
79KWH,8,2,FULL,19-08-2025,15:49:24,19-08-2025,15:51:20,19-08-2025,15:53:44,COMPLETED,0,1
79KWH,8,1,FULL,19-08-2025,15:50:55,19-08-2025,15:51:26,19-08-2025,15:53:48,COMPLETED,0,1
79KWH,8,3,FULL,19-08-2025,15:52:04,19-08-2025,15:52:05,19-08-2025,15:53:07,COMPLETED,0,1
79KWH,8,1,FULL,19-08-2025,15:53:54,19-08-2025,15:53:57,19-08-2025,15:55:48,COMPLETED,0,1
79KWH,8,2,FULL,19-08-2025,15:53:57,19-08-2025,15:53:57,19-08-2025,15:55:56,COMPLETED,0,1
79KWH,8,3,FULL,19-08-2025,15:54:52,19-08-2025,15:54:52,19-08-2025,15:55:53,COMPLETED,0,1
79KWH,8,2,FULL,19-08-2025,15:56:03,19-08-2025,15:56:06,19-08-2025,15:58:05,COMPLETED,0,1
79KWH,8,1,FULL,19-08-2025,15:56:33,19-08-2025,15:56:34,19-08-2025,15:58:26,COMPLETED,0,1
79KWH,8,3,FULL,19-08-2025,15:57:40,19-08-2025,15:57:41,19-08-2025,15:58:45,COMPLETED,0,1
79KWH,8,2,FULL,19-08-2025,15:58:18,19-08-2025,16:00:30,19-08-2025,16:02:57,COMPLETED,0,1
79KWH,8,1,FULL,19-08-2025,15:59:14,19-08-2025,16:00:41,19-08-2025,16:03:01,COMPLETED,0,1
79KWH,8,3,FULL,19-08-2025,16:00:28,19-08-2025,16:00:53,19-08-2025,16:02:49,COMPLETED,0,1
79KWH,8,2,FULL,19-08-2025,16:03:04,19-08-2025,16:05:17,19-08-2025,16:07:42,COMPLETED,0,1
79KWH,8,1,FULL,19-08-2025,16:03:09,19-08-2025,16:03:10,19-08-2025,16:05:05,COMPLETED,0,1
79KWH,8,3,FULL,19-08-2025,16:03:15,19-08-2025,16:04:57,19-08-2025,16:06:56,COMPLETED,0,1
79KWH,8,1,FULL,19-08-2025,16:05:11,19-08-2025,16:05:13,19-08-2025,16:07:07,COMPLETED,0,1
79KWH,8,3,FULL,19-08-2025,16:07:01,19-08-2025,16:07:04,19-08-2025,16:08:07,COMPLETED,0,1
79KWH,8,1,FULL,19-08-2025,16:07:15,19-08-2025,16:07:16,19-08-2025,16:09:13,COMPLETED,0,1
79KWH,8,2,FULL,19-08-2025,16:07:56,19-08-2025,16:07:57,19-08-2025,16:10:00,COMPLETED,0,1
79KWH,8,3,FULL,19-08-2025,16:12:14,19-08-2025,16:12:15,19-08-2025,16:13:21,COMPLETED,0,1
79KWH,8,2,FULL,19-08-2025,16:12:19,19-08-2025,16:12:20,19-08-2025,16:14:22,COMPLETED,0,1
79KWH,8,1,FULL,19-08-2025,16:13:48,19-08-2025,16:15:06,19-08-2025,16:17:28,COMPLETED,0,1
79KWH,8,3,FULL,19-08-2025,16:14:54,19-08-2025,16:16:19,19-08-2025,16:18:16,COMPLETED,0,1
79KWH,8,2,FULL,19-08-2025,16:20:05,19-08-2025,16:20:07,19-08-2025,16:22:35,COMPLETED,0,1
79KWH,8,1,FULL,19-08-2025,16:21:23,19-08-2025,16:21:24,19-08-2025,16:23:48,COMPLETED,0,1
79KWH,8,3,FULL,19-08-2025,16:22:38,19-08-2025,16:22:38,19-08-2025,16:24:42,COMPLETED,0,1
79KWH,8,2,FULL,19-08-2025,16:22:41,19-08-2025,16:22:44,19-08-2025,16:24:47,COMPLETED,0,1
79KWH,8,1,FULL,19-08-2025,16:24:11,19-08-2025,16:24:12,19-08-2025,16:26:07,COMPLETED,0,1
79KWH,8,3,FULL,19-08-2025,16:25:20,19-08-2025,16:25:21,19-08-2025,16:26:31,COMPLETED,0,1
79KWH,8,2,FULL,19-08-2025,16:25:39,19-08-2025,16:25:40,19-08-2025,16:27:46,COMPLETED,0,1
79KWH,8,1,FULL,19-08-2025,16:26:58,19-08-2025,16:26:59,19-08-2025,16:28:57,COMPLETED,0,1
79KWH,8,3,FULL,19-08-2025,16:28:11,19-08-2025,16:28:12,19-08-2025,16:29:19,COMPLETED,0,1
79KWH,8,2,FULL,19-08-2025,16:28:17,19-08-2025,16:28:17,19-08-2025,16:30:20,COMPLETED,0,1
79KWH,8,1,FULL,19-08-2025,16:29:46,19-08-2025,16:31:09,19-08-2025,16:33:31,COMPLETED,0,1
79KWH,8,3,FULL,19-08-2025,16:30:55,19-08-2025,16:31:51,19-08-2025,16:33:47,COMPLETED,0,1
79KWH,8,2,FULL,19-08-2025,16:31:14,19-08-2025,16:32:39,19-08-2025,16:35:09,COMPLETED,0,1
79KWH,8,1,FULL,19-08-2025,16:33:39,19-08-2025,16:35:46,19-08-2025,16:38:11,COMPLETED,0,1
79KWH,8,3,FULL,19-08-2025,16:34:01,19-08-2025,16:34:01,19-08-2025,16:35:10,COMPLETED,0,1
79KWH,8,2,FULL,19-08-2025,16:35:15,19-08-2025,16:37:34,19-08-2025,16:40:00,COMPLETED,0,1
79KWH,8,3,FULL,19-08-2025,16:36:30,19-08-2025,16:36:31,19-08-2025,16:37:38,COMPLETED,0,1
79KWH,8,1,FULL,19-08-2025,16:38:17,19-08-2025,16:38:20,19-08-2025,16:40:23,COMPLETED,0,1
79KWH,8,3,FULL,19-08-2025,16:39:21,19-08-2025,16:39:23,19-08-2025,16:40:32,COMPLETED,0,1
79KWH,8,2,FULL,19-08-2025,16:40:14,19-08-2025,16:40:15,19-08-2025,16:42:22,COMPLETED,0,1
79KWH,8,1,FULL,19-08-2025,16:40:32,19-08-2025,16:40:32,19-08-2025,16:42:32,COMPLETED,0,1
79KWH,8,3,FULL,19-08-2025,16:41:13,19-08-2025,16:41:14,19-08-2025,16:42:22,COMPLETED,0,1
79KWH,8,2,FULL,19-08-2025,16:42:28,19-08-2025,16:42:33,19-08-2025,16:44:38,COMPLETED,0,1
79KWH,8,1,FULL,19-08-2025,16:42:39,19-08-2025,16:42:42,19-08-2025,16:44:40,COMPLETED,0,1
79KWH,8,3,FULL,19-08-2025,16:43:58,19-08-2025,16:43:59,19-08-2025,16:45:10,COMPLETED,0,1
79KWH,8,1,FULL,19-08-2025,16:44:48,19-08-2025,16:44:49,19-08-2025,16:46:50,COMPLETED,0,1
79KWH,8,2,FULL,19-08-2025,16:44:53,19-08-2025,16:44:53,19-08-2025,16:47:02,COMPLETED,0,1
79KWH,8,3,FULL,19-08-2025,16:46:52,19-08-2025,16:47:17,19-08-2025,16:49:17,COMPLETED,0,1
79KWH,8,1,FULL,19-08-2025,16:46:57,19-08-2025,16:46:59,19-08-2025,16:48:58,COMPLETED,0,1
79KWH,8,2,FULL,19-08-2025,16:47:08,19-08-2025,16:47:11,19-08-2025,16:49:18,COMPLETED,0,1
79KWH,8,1,FULL,19-08-2025,16:49:06,19-08-2025,16:51:04,19-08-2025,16:53:32,COMPLETED,0,1
79KWH,8,3,FULL,19-08-2025,16:49:32,19-08-2025,16:51:18,19-08-2025,16:53:20,COMPLETED,0,1
79KWH,8,2,FULL,19-08-2025,16:49:52,19-08-2025,16:51:39,19-08-2025,16:54:09,COMPLETED,0,1
79KWH,8,1,FULL,19-08-2025,16:53:38,19-08-2025,16:53:41,19-08-2025,16:55:41,COMPLETED,0,1
79KWH,8,2,FULL,19-08-2025,16:54:15,19-08-2025,16:54:18,19-08-2025,16:56:25,COMPLETED,0,1
79KWH,8,1,FULL,19-08-2025,16:55:49,19-08-2025,16:55:49,19-08-2025,16:57:53,COMPLETED,0,1
79KWH,8,2,FULL,19-08-2025,16:56:39,19-08-2025,16:58:50,19-08-2025,17:01:22,COMPLETED,0,1
79KWH,8,1,FULL,19-08-2025,16:57:59,19-08-2025,16:58:01,19-08-2025,17:00:03,COMPLETED,0,1
79KWH,8,1,FULL,19-08-2025,17:01:08,19-08-2025,17:01:09,19-08-2025,17:03:14,COMPLETED,0,1
79KWH,8,2,FULL,19-08-2025,17:01:29,19-08-2025,17:01:30,19-08-2025,17:03:39,COMPLETED,0,1
79KWH,8,1,FULL,19-08-2025,17:03:50,19-08-2025,17:03:52,19-08-2025,17:05:55,COMPLETED,0,1
79KWH,8,2,FULL,19-08-2025,17:03:52,19-08-2025,17:03:53,19-08-2025,17:06:04,COMPLETED,0,1
79KWH,8,2,FULL,19-08-2025,17:06:11,19-08-2025,17:08:26,19-08-2025,17:10:56,COMPLETED,0,1
79KWH,8,1,FULL,19-08-2025,17:06:44,19-08-2025,17:08:08,19-08-2025,17:10:37,COMPLETED,0,1
79KWH,8,1,FULL,19-08-2025,17:10:44,19-08-2025,17:10:46,19-08-2025,17:12:50,COMPLETED,0,1
79KWH,8,2,FULL,19-08-2025,17:11:09,19-08-2025,17:11:10,19-08-2025,17:13:23,COMPLETED,0,1
79KWH,8,1,FULL,19-08-2025,17:12:57,19-08-2025,17:14:59,19-08-2025,17:17:28,COMPLETED,0,1
79KWH,8,2,FULL,19-08-2025,17:13:29,19-08-2025,17:13:32,19-08-2025,17:15:43,COMPLETED,0,1
79KWH,8,2,FULL,19-08-2025,17:15:56,19-08-2025,17:15:57,19-08-2025,17:18:10,COMPLETED,0,1
79KWH,8,1,FULL,19-08-2025,17:17:34,19-08-2025,17:17:38,19-08-2025,17:19:43,COMPLETED,0,1
79KWH,8,2,FULL,19-08-2025,17:18:16,19-08-2025,17:18:19,19-08-2025,17:20:32,COMPLETED,0,1
79KWH,8,1,FULL,19-08-2025,17:19:51,19-08-2025,17:19:52,19-08-2025,17:21:59,COMPLETED,0,1
79KWH,8,2,FULL,19-08-2025,17:20:46,19-08-2025,17:20:47,19-08-2025,17:23:02,COMPLETED,0,1
79KWH,8,1,FULL,19-08-2025,17:22:05,19-08-2025,17:22:08,19-08-2025,17:24:14,COMPLETED,0,1
79KWH,8,2,FULL,19-08-2025,17:23:09,19-08-2025,17:23:11,19-08-2025,17:25:24,COMPLETED,0,1
79KWH,8,1,FULL,19-08-2025,17:24:22,19-08-2025,17:26:27,19-08-2025,17:28:57,COMPLETED,0,1
79KWH,8,2,FULL,19-08-2025,17:25:38,19-08-2025,17:27:50,19-08-2025,17:30:23,COMPLETED,0,1
79KWH,8,1,FULL,19-08-2025,17:29:03,19-08-2025,17:29:06,19-08-2025,17:31:12,COMPLETED,0,1
79KWH,8,2,FULL,19-08-2025,17:30:29,19-08-2025,17:32:46,19-08-2025,17:35:17,COMPLETED,0,1
79KWH,8,1,FULL,19-08-2025,17:31:20,19-08-2025,17:33:22,19-08-2025,17:35:53,COMPLETED,0,1
79KWH,8,2,FULL,19-08-2025,17:35:31,19-08-2025,17:35:31,19-08-2025,17:37:48,COMPLETED,0,1
79KWH,8,1,FULL,19-08-2025,17:35:59,19-08-2025,17:36:03,19-08-2025,17:38:18,COMPLETED,0,1
79KWH,8,2,FULL,19-08-2025,17:37:54,19-08-2025,17:37:58,19-08-2025,17:40:12,COMPLETED,0,1
79KWH,8,1,FULL,19-08-2025,17:38:26,19-08-2025,17:38:27,19-08-2025,17:40:39,COMPLETED,0,1
79KWH,8,2,FULL,19-08-2025,17:40:26,19-08-2025,17:40:27,19-08-2025,17:42:44,COMPLETED,0,1
79KWH,8,1,FULL,19-08-2025,17:40:45,19-08-2025,17:40:48,19-08-2025,17:43:01,COMPLETED,0,1
79KWH,8,2,FULL,19-08-2025,17:42:50,19-08-2025,17:42:53,19-08-2025,17:45:09,COMPLETED,0,1
79KWH,8,1,FULL,19-08-2025,17:43:09,19-08-2025,17:45:15,19-08-2025,17:47:47,COMPLETED,0,1
79KWH,8,2,FULL,19-08-2025,17:45:24,19-08-2025,17:47:35,19-08-2025,17:50:12,COMPLETED,0,1
79KWH,8,1,FULL,19-08-2025,17:47:53,19-08-2025,17:47:55,19-08-2025,17:50:06,COMPLETED,0,1
79KWH,8,1,FULL,19-08-2025,17:50:14,19-08-2025,17:50:14,19-08-2025,17:52:28,COMPLETED,0,1
79KWH,8,2,FULL,19-08-2025,17:50:18,19-08-2025,17:50:21,19-08-2025,17:52:39,COMPLETED,0,1
79KWH,8,1,FULL,19-08-2025,17:52:34,19-08-2025,17:52:36,19-08-2025,17:54:48,COMPLETED,0,1
79KWH,8,2,FULL,19-08-2025,17:52:53,19-08-2025,17:55:02,19-08-2025,17:57:40,COMPLETED,0,1
79KWH,8,1,FULL,19-08-2025,17:54:56,19-08-2025,17:54:57,19-08-2025,17:57:11,COMPLETED,0,1
79KWH,8,1,FULL,19-08-2025,17:57:18,19-08-2025,17:57:20,19-08-2025,17:59:32,COMPLETED,0,1
79KWH,8,2,FULL,19-08-2025,17:57:46,19-08-2025,17:57:49,19-08-2025,18:00:08,COMPLETED,0,1
79KWH,8,1,FULL,19-08-2025,17:59:40,19-08-2025,17:59:41,19-08-2025,18:01:56,COMPLETED,0,1
79KWH,8,2,FULL,19-08-2025,18:00:23,19-08-2025,18:00:24,19-08-2025,18:02:46,COMPLETED,0,1
79KWH,8,1,FULL,19-08-2025,18:02:03,19-08-2025,18:02:05,19-08-2025,18:04:19,COMPLETED,0,1
79KWH,8,2,FULL,19-08-2025,18:02:52,19-08-2025,18:02:55,19-08-2025,18:05:14,COMPLETED,0,1
79KWH,8,1,FULL,19-08-2025,18:04:27,19-08-2025,18:04:28,19-08-2025,18:06:44,COMPLETED,0,1
79KWH,8,2,FULL,19-08-2025,18:05:28,19-08-2025,18:05:28,19-08-2025,18:07:51,COMPLETED,0,1
79KWH,8,1,FULL,19-08-2025,18:06:50,19-08-2025,18:06:53,19-08-2025,18:09:08,COMPLETED,0,1
79KWH,8,2,FULL,19-08-2025,18:07:58,19-08-2025,18:10:23,19-08-2025,18:12:58,COMPLETED,0,1
79KWH,8,1,FULL,19-08-2025,18:09:16,19-08-2025,18:11:19,19-08-2025,18:13:54,COMPLETED,0,1
79KWH,8,2,FULL,19-08-2025,18:13:11,19-08-2025,18:13:12,19-08-2025,18:15:36,COMPLETED,0,1
79KWH,8,1,FULL,19-08-2025,18:14:00,19-08-2025,18:14:03,19-08-2025,18:16:19,COMPLETED,0,1
79KWH,8,3,FULL,19-08-2025,18:15:16,19-08-2025,18:15:17,19-08-2025,18:17:18,COMPLETED,0,1
79KWH,8,1,FULL,19-08-2025,18:16:28,19-08-2025,18:18:36,19-08-2025,18:21:12,COMPLETED,0,1
79KWH,8,3,FULL,19-08-2025,18:17:25,19-08-2025,18:17:26,19-08-2025,18:18:44,COMPLETED,0,1
79KWH,8,3,FULL,19-08-2025,18:18:50,19-08-2025,18:18:58,19-08-2025,18:20:11,COMPLETED,0,1
79KWH,8,3,FULL,19-08-2025,18:20:20,19-08-2025,18:22:10,19-08-2025,18:24:14,COMPLETED,0,1
79KWH,8,1,FULL,19-08-2025,18:21:18,19-08-2025,18:21:20,19-08-2025,18:23:39,COMPLETED,0,1
79KWH,8,1,FULL,19-08-2025,18:23:46,19-08-2025,18:25:49,19-08-2025,18:28:25,COMPLETED,0,1
79KWH,8,3,FULL,19-08-2025,18:24:19,19-08-2025,18:24:23,19-08-2025,18:25:36,COMPLETED,0,1
79KWH,8,3,FULL,19-08-2025,18:42:21,19-08-2025,18:42:51,19-08-2025,18:44:54,COMPLETED,0,1
79KWH,8,2,FULL,19-08-2025,18:42:26,19-08-2025,18:43:17,19-08-2025,18:45:54,COMPLETED,0,1
79KWH,8,1,FULL,19-08-2025,18:43:55,19-08-2025,18:43:55,19-08-2025,18:46:28,COMPLETED,0,1
79KWH,8,3,FULL,19-08-2025,18:57:24,19-08-2025,18:57:25,19-08-2025,18:58:39,COMPLETED,0,1
79KWH,8,2,FULL,19-08-2025,18:57:25,19-08-2025,18:57:26,19-08-2025,18:59:51,COMPLETED,0,1
79KWH,8,1,FULL,19-08-2025,19:00:48,19-08-2025,19:00:49,19-08-2025,19:03:11,COMPLETED,0,1
79KWH,8,3,FULL,19-08-2025,19:02:33,19-08-2025,19:02:34,19-08-2025,19:03:51,COMPLETED,0,1
79KWH,8,2,FULL,19-08-2025,19:03:10,19-08-2025,19:03:12,19-08-2025,19:05:36,COMPLETED,0,1
79KWH,8,1,FULL,19-08-2025,19:04:20,19-08-2025,19:05:57,19-08-2025,19:08:31,COMPLETED,0,1
79KWH,8,3,FULL,19-08-2025,19:05:14,19-08-2025,19:06:57,19-08-2025,19:08:59,COMPLETED,0,1
79KWH,8,2,FULL,19-08-2025,19:05:51,19-08-2025,19:07:57,19-08-2025,19:10:36,COMPLETED,0,1
79KWH,8,1,FULL,19-08-2025,19:08:39,19-08-2025,19:10:42,19-08-2025,19:13:19,COMPLETED,0,1
79KWH,8,2,FULL,19-08-2025,19:10:42,19-08-2025,19:10:45,19-08-2025,19:13:10,COMPLETED,0,1
79KWH,8,2,FULL,19-08-2025,19:13:25,19-08-2025,19:13:26,19-08-2025,19:15:54,COMPLETED,0,1
79KWH,8,1,FULL,19-08-2025,19:13:25,19-08-2025,19:13:28,19-08-2025,19:15:49,COMPLETED,0,1
79KWH,8,1,FULL,19-08-2025,19:15:57,19-08-2025,19:15:58,19-08-2025,19:18:22,COMPLETED,0,1
79KWH,8,2,FULL,19-08-2025,19:16:01,19-08-2025,19:16:03,19-08-2025,19:18:29,COMPLETED,0,1
79KWH,8,1,FULL,19-08-2025,19:18:28,19-08-2025,19:18:31,19-08-2025,19:20:59,COMPLETED,0,1
79KWH,8,2,FULL,19-08-2025,19:20:07,19-08-2025,19:20:07,19-08-2025,19:22:37,COMPLETED,0,1
79KWH,8,1,FULL,19-08-2025,19:21:07,19-08-2025,19:21:07,19-08-2025,19:23:33,COMPLETED,0,1
79KWH,8,2,FULL,19-08-2025,19:22:44,19-08-2025,19:22:46,19-08-2025,19:25:14,COMPLETED,0,1
79KWH,8,1,FULL,19-08-2025,19:23:39,19-08-2025,19:23:41,19-08-2025,19:26:05,COMPLETED,0,1
79KWH,8,2,FULL,19-08-2025,19:25:28,19-08-2025,19:25:29,19-08-2025,19:27:59,COMPLETED,0,1
79KWH,8,1,FULL,19-08-2025,19:26:13,19-08-2025,19:26:13,19-08-2025,19:28:39,COMPLETED,0,1
79KWH,8,1,FULL,19-08-2025,19:28:45,19-08-2025,19:28:48,19-08-2025,19:31:13,COMPLETED,0,1
79KWH,8,2,FULL,19-08-2025,20:12:18,19-08-2025,20:12:18,19-08-2025,20:14:57,COMPLETED,0,1
79KWH,8,1,FULL,19-08-2025,20:13:20,19-08-2025,20:13:20,19-08-2025,20:15:59,COMPLETED,0,1
79KWH,8,2,FULL,19-08-2025,20:15:12,19-08-2025,20:15:12,19-08-2025,20:17:42,COMPLETED,0,1
79KWH,8,1,FULL,19-08-2025,20:16:05,19-08-2025,20:16:09,19-08-2025,20:18:34,COMPLETED,0,1
79KWH,8,2,FULL,19-08-2025,20:17:48,19-08-2025,20:17:52,19-08-2025,20:20:21,COMPLETED,0,1
79KWH,8,1,FULL,19-08-2025,20:18:42,19-08-2025,20:18:43,19-08-2025,20:21:11,COMPLETED,0,1
79KWH,8,2,FULL,19-08-2025,20:20:35,19-08-2025,20:20:35,19-08-2025,20:23:08,COMPLETED,0,1
79KWH,8,1,FULL,19-08-2025,20:21:17,19-08-2025,20:21:20,19-08-2025,20:23:46,COMPLETED,0,1
79KWH,8,2,FULL,19-08-2025,20:23:14,19-08-2025,20:23:16,19-08-2025,20:25:47,COMPLETED,0,1
79KWH,8,1,FULL,19-08-2025,20:23:54,19-08-2025,20:23:55,19-08-2025,20:26:28,COMPLETED,0,1
79KWH,8,2,FULL,19-08-2025,20:26:01,19-08-2025,20:26:01,19-08-2025,20:28:34,COMPLETED,0,1
79KWH,8,1,FULL,19-08-2025,20:26:35,19-08-2025,20:26:37,19-08-2025,20:29:05,COMPLETED,0,1
79KWH,8,1,FULL,19-08-2025,20:29:13,19-08-2025,20:31:16,19-08-2025,20:34:01,COMPLETED,0,1
79KWH,8,2,FULL,19-08-2025,20:32:03,19-08-2025,20:34:10,19-08-2025,20:36:51,COMPLETED,0,1
79KWH,8,1,FULL,19-08-2025,20:34:07,19-08-2025,20:34:10,19-08-2025,20:36:42,COMPLETED,0,1
79KWH,8,1,FULL,19-08-2025,20:36:51,19-08-2025,20:39:00,19-08-2025,20:41:46,COMPLETED,0,1
79KWH,8,1,FULL,19-08-2025,20:48:49,19-08-2025,20:48:50,19-08-2025,20:51:25,COMPLETED,0,1
79KWH,8,2,FULL,19-08-2025,20:49:33,19-08-2025,20:49:34,19-08-2025,20:52:08,COMPLETED,0,1
79KWH,8,1,FULL,19-08-2025,20:51:33,19-08-2025,20:51:35,19-08-2025,20:54:13,COMPLETED,0,1
79KWH,8,2,FULL,19-08-2025,20:52:14,19-08-2025,20:52:18,19-08-2025,20:54:50,COMPLETED,0,1
79KWH,8,1,FULL,19-08-2025,20:54:18,19-08-2025,20:54:25,19-08-2025,20:57:00,COMPLETED,0,1
79KWH,8,2,FULL,19-08-2025,20:55:05,19-08-2025,20:55:06,19-08-2025,20:57:43,COMPLETED,0,1
79KWH,8,1,FULL,19-08-2025,20:57:08,19-08-2025,20:57:11,19-08-2025,20:59:48,COMPLETED,0,1
79KWH,8,2,FULL,19-08-2025,20:57:50,19-08-2025,20:57:53,19-08-2025,21:00:26,COMPLETED,0,1
79KWH,8,1,FULL,19-08-2025,20:59:54,19-08-2025,21:02:05,19-08-2025,21:04:45,COMPLETED,0,1
79KWH,8,2,FULL,19-08-2025,21:00:41,19-08-2025,21:02:46,19-08-2025,21:05:31,COMPLETED,0,1
79KWH,8,1,FULL,19-08-2025,21:04:53,19-08-2025,21:04:54,19-08-2025,21:07:33,COMPLETED,0,1
79KWH,8,2,FULL,19-08-2025,21:05:37,19-08-2025,21:05:39,19-08-2025,21:08:14,COMPLETED,0,1
79KWH,8,1,FULL,19-08-2025,21:07:39,19-08-2025,21:07:41,19-08-2025,21:10:14,COMPLETED,0,1
79KWH,8,2,FULL,19-08-2025,21:08:28,19-08-2025,21:10:41,19-08-2025,21:13:26,COMPLETED,0,1
79KWH,8,1,FULL,19-08-2025,21:10:22,19-08-2025,21:10:23,19-08-2025,21:12:59,COMPLETED,0,1
79KWH,8,1,FULL,19-08-2025,21:13:05,19-08-2025,21:13:07,19-08-2025,21:15:46,COMPLETED,0,1
79KWH,8,2,FULL,19-08-2025,21:13:32,19-08-2025,21:13:35,19-08-2025,21:16:11,COMPLETED,0,1
79KWH,8,1,FULL,19-08-2025,21:15:54,19-08-2025,21:15:54,19-08-2025,21:18:31,COMPLETED,0,1
79KWH,8,2,FULL,19-08-2025,21:16:25,19-08-2025,21:16:26,19-08-2025,21:19:04,COMPLETED,0,1
79KWH,8,1,FULL,19-08-2025,21:18:38,19-08-2025,21:18:40,19-08-2025,21:21:15,COMPLETED,0,1
79KWH,8,2,FULL,19-08-2025,21:19:10,19-08-2025,21:19:14,19-08-2025,21:21:51,COMPLETED,0,1
79KWH,8,1,FULL,19-08-2025,21:21:24,19-08-2025,21:21:25,19-08-2025,21:24:03,COMPLETED,0,1
79KWH,8,2,FULL,19-08-2025,21:22:05,19-08-2025,21:22:05,19-08-2025,21:24:44,COMPLETED,0,1
79KWH,8,1,FULL,19-08-2025,21:24:10,19-08-2025,21:24:12,19-08-2025,21:26:48,COMPLETED,0,1
79KWH,8,2,FULL,19-08-2025,21:24:50,19-08-2025,21:24:54,19-08-2025,21:27:31,COMPLETED,0,1
79KWH,8,1,FULL,19-08-2025,21:26:56,19-08-2025,21:29:07,19-08-2025,21:31:53,COMPLETED,0,1
79KWH,8,2,FULL,19-08-2025,21:27:44,19-08-2025,21:29:55,19-08-2025,21:32:41,COMPLETED,0,1
79KWH,8,1,FULL,19-08-2025,21:31:59,19-08-2025,21:32:02,19-08-2025,21:34:40,COMPLETED,0,1
79KWH,8,2,FULL,19-08-2025,21:32:47,19-08-2025,21:32:49,19-08-2025,21:35:28,COMPLETED,0,1
79KWH,8,1,FULL,19-08-2025,21:34:48,19-08-2025,21:36:54,19-08-2025,21:39:41,COMPLETED,0,1
79KWH,8,2,FULL,19-08-2025,21:35:42,19-08-2025,21:35:43,19-08-2025,21:38:24,COMPLETED,0,1
79KWH,8,2,FULL,19-08-2025,21:38:29,19-08-2025,21:38:34,19-08-2025,21:41:14,COMPLETED,0,1
79KWH,8,1,FULL,19-08-2025,21:39:47,19-08-2025,21:39:49,19-08-2025,21:42:28,COMPLETED,0,1
79KWH,8,2,FULL,19-08-2025,21:41:28,19-08-2025,21:41:29,19-08-2025,21:44:12,COMPLETED,0,1
79KWH,8,1,FULL,19-08-2025,21:42:36,19-08-2025,21:42:37,19-08-2025,21:45:18,COMPLETED,0,1
79KWH,8,2,FULL,19-08-2025,21:44:19,19-08-2025,21:44:22,19-08-2025,21:47:04,COMPLETED,0,1
79KWH,8,1,FULL,19-08-2025,21:45:25,19-08-2025,21:47:41,19-08-2025,21:50:25,COMPLETED,0,1
79KWH,8,2,FULL,19-08-2025,21:47:18,19-08-2025,21:49:31,19-08-2025,21:52:19,COMPLETED,0,1
79KWH,8,1,FULL,19-08-2025,21:50:34,19-08-2025,21:52:40,19-08-2025,21:55:27,COMPLETED,0,1
79KWH,8,2,FULL,19-08-2025,21:52:25,19-08-2025,21:52:29,19-08-2025,21:55:11,COMPLETED,0,1
79KWH,8,2,FULL,19-08-2025,21:55:24,19-08-2025,21:57:33,19-08-2025,22:00:22,COMPLETED,0,1
79KWH,8,1,FULL,19-08-2025,21:55:33,19-08-2025,21:55:35,19-08-2025,21:58:16,COMPLETED,0,1
79KWH,8,1,FULL,19-08-2025,21:58:24,19-08-2025,21:58:25,19-08-2025,22:01:08,COMPLETED,0,1
79KWH,8,2,FULL,19-08-2025,22:00:28,19-08-2025,22:00:31,19-08-2025,22:03:14,COMPLETED,0,1
79KWH,8,1,FULL,19-08-2025,22:01:14,19-08-2025,22:01:17,19-08-2025,22:03:58,COMPLETED,0,1
79KWH,8,2,FULL,19-08-2025,22:03:29,19-08-2025,22:03:29,19-08-2025,22:06:15,COMPLETED,0,1
79KWH,8,1,FULL,19-08-2025,22:04:07,19-08-2025,22:04:07,19-08-2025,22:06:52,COMPLETED,0,1
79KWH,8,2,FULL,19-08-2025,22:06:22,19-08-2025,22:06:25,19-08-2025,22:09:09,COMPLETED,0,1
79KWH,8,1,FULL,19-08-2025,22:06:59,19-08-2025,22:07:01,19-08-2025,22:09:44,COMPLETED,0,1
79KWH,8,2,FULL,19-08-2025,22:09:24,19-08-2025,22:09:24,19-08-2025,22:12:12,COMPLETED,0,1
79KWH,8,1,FULL,19-08-2025,22:09:53,19-08-2025,22:35:57,19-08-2025,22:38:42,COMPLETED,0,1
79KWH,8,2,FULL,19-08-2025,22:12:18,19-08-2025,22:12:21,19-08-2025,22:15:06,COMPLETED,0,1
79KWH,8,2,FULL,19-08-2025,22:15:21,19-08-2025,22:15:22,19-08-2025,22:18:11,COMPLETED,0,1
79KWH,8,2,FULL,19-08-2025,22:18:17,19-08-2025,22:18:21,19-08-2025,22:21:08,COMPLETED,0,1
79KWH,8,2,FULL,19-08-2025,22:21:21,19-08-2025,22:23:38,19-08-2025,22:26:28,COMPLETED,0,1
79KWH,8,2,FULL,19-08-2025,22:26:34,19-08-2025,22:26:37,19-08-2025,22:29:25,COMPLETED,0,1
79KWH,8,2,FULL,19-08-2025,22:29:39,19-08-2025,22:31:50,19-08-2025,22:33:47,COMPLETED,0,1
79KWH,8,2,FULL,19-08-2025,22:33:53,19-08-2025,22:33:56,19-08-2025,22:34:59,COMPLETED,0,1
79KWH,8,2,FULL,19-08-2025,22:35:13,19-08-2025,22:37:08,19-08-2025,22:39:06,COMPLETED,0,1
79KWH,8,1,FULL,19-08-2025,22:38:49,19-08-2025,22:41:05,19-08-2025,22:43:52,COMPLETED,0,1
79KWH,8,2,FULL,19-08-2025,22:39:12,19-08-2025,22:39:16,19-08-2025,22:40:19,COMPLETED,0,1
79KWH,8,2,FULL,19-08-2025,22:40:33,19-08-2025,22:42:20,19-08-2025,22:44:18,COMPLETED,0,1
79KWH,8,1,FULL,19-08-2025,22:44:00,19-08-2025,22:46:06,19-08-2025,22:48:55,COMPLETED,0,1
79KWH,8,2,FULL,19-08-2025,22:44:25,19-08-2025,22:44:28,19-08-2025,22:45:30,COMPLETED,0,1
79KWH,8,2,FULL,19-08-2025,22:45:44,19-08-2025,22:45:44,19-08-2025,22:46:49,COMPLETED,0,1
79KWH,8,2,FULL,19-08-2025,22:46:55,19-08-2025,22:46:58,19-08-2025,22:48:00,COMPLETED,0,1
79KWH,8,2,FULL,19-08-2025,22:48:14,19-08-2025,22:48:16,19-08-2025,22:49:20,COMPLETED,0,1
79KWH,8,1,FULL,19-08-2025,22:49:02,19-08-2025,22:49:04,19-08-2025,22:51:55,COMPLETED,0,1
79KWH,8,2,FULL,19-08-2025,22:49:27,19-08-2025,22:49:29,19-08-2025,22:50:32,COMPLETED,0,1
79KWH,8,2,FULL,19-08-2025,22:50:47,19-08-2025,22:50:49,19-08-2025,22:51:52,COMPLETED,0,1
79KWH,8,2,FULL,19-08-2025,22:51:59,19-08-2025,22:52:02,19-08-2025,22:53:04,COMPLETED,0,1
79KWH,8,1,FULL,19-08-2025,22:52:03,19-08-2025,22:52:03,19-08-2025,22:54:51,COMPLETED,0,1
79KWH,8,2,FULL,19-08-2025,22:53:18,19-08-2025,22:53:19,19-08-2025,22:54:23,COMPLETED,0,1
79KWH,8,2,FULL,19-08-2025,22:54:30,19-08-2025,22:54:33,19-08-2025,22:55:35,COMPLETED,0,1
79KWH,8,1,FULL,19-08-2025,22:54:57,19-08-2025,22:55:01,19-08-2025,22:57:47,COMPLETED,0,1
79KWH,8,2,FULL,19-08-2025,22:55:50,19-08-2025,22:55:50,19-08-2025,22:56:54,COMPLETED,0,1
79KWH,8,2,FULL,19-08-2025,22:57:00,19-08-2025,22:57:04,19-08-2025,22:58:07,COMPLETED,0,1
79KWH,8,1,FULL,19-08-2025,22:57:56,19-08-2025,22:57:56,19-08-2025,23:00:51,COMPLETED,0,1
79KWH,8,2,FULL,19-08-2025,22:58:21,19-08-2025,22:58:21,19-08-2025,22:59:27,COMPLETED,0,1
79KWH,8,2,FULL,19-08-2025,22:59:33,19-08-2025,22:59:36,19-08-2025,23:00:41,COMPLETED,0,1
79KWH,8,2,FULL,19-08-2025,23:00:55,19-08-2025,23:00:56,19-08-2025,23:02:03,COMPLETED,0,1
79KWH,8,1,FULL,19-08-2025,23:00:57,19-08-2025,23:00:59,19-08-2025,23:03:46,COMPLETED,0,1
79KWH,8,2,FULL,19-08-2025,23:02:12,19-08-2025,23:04:08,19-08-2025,23:06:06,COMPLETED,0,1
79KWH,8,1,FULL,19-08-2025,23:03:54,19-08-2025,23:06:08,19-08-2025,23:08:10,COMPLETED,0,1
79KWH,8,2,FULL,19-08-2025,23:06:41,19-08-2025,23:06:42,19-08-2025,23:07:49,COMPLETED,0,1
79KWH,8,2,FULL,19-08-2025,23:07:55,19-08-2025,23:07:59,19-08-2025,23:09:05,COMPLETED,0,1
79KWH,8,1,FULL,19-08-2025,23:08:15,19-08-2025,23:08:18,19-08-2025,23:09:17,COMPLETED,0,1
79KWH,8,2,FULL,19-08-2025,23:09:19,19-08-2025,23:09:19,19-08-2025,23:10:28,COMPLETED,0,1
79KWH,8,1,FULL,19-08-2025,23:09:26,19-08-2025,23:11:20,19-08-2025,23:13:16,COMPLETED,0,1
79KWH,8,2,FULL,19-08-2025,23:11:56,19-08-2025,23:11:57,19-08-2025,23:13:05,COMPLETED,0,1
79KWH,8,1,FULL,19-08-2025,23:13:22,19-08-2025,23:13:25,19-08-2025,23:14:25,COMPLETED,0,1
79KWH,8,2,FULL,19-08-2025,23:13:56,19-08-2025,23:13:57,19-08-2025,23:15:08,COMPLETED,0,1
79KWH,8,1,FULL,19-08-2025,23:14:32,19-08-2025,23:14:34,19-08-2025,23:15:35,COMPLETED,0,1
79KWH,8,2,FULL,19-08-2025,23:15:40,19-08-2025,23:15:41,19-08-2025,23:16:49,COMPLETED,0,1
79KWH,8,1,FULL,19-08-2025,23:15:42,19-08-2025,23:15:44,19-08-2025,23:16:43,COMPLETED,0,1
79KWH,8,1,FULL,19-08-2025,23:16:52,19-08-2025,23:16:53,19-08-2025,23:17:55,COMPLETED,0,1
79KWH,8,1,FULL,19-08-2025,23:18:01,19-08-2025,23:18:03,19-08-2025,23:19:01,COMPLETED,0,1
79KWH,8,1,FULL,19-08-2025,23:19:11,19-08-2025,23:19:11,19-08-2025,23:20:13,COMPLETED,0,1
79KWH,8,3,FULL,20-08-2025,06:52:36,20-08-2025,06:52:38,20-08-2025,06:54:43,COMPLETED,0,1
79KWH,8,3,FULL,20-08-2025,06:54:48,20-08-2025,06:54:51,20-08-2025,06:56:07,COMPLETED,0,1
79KWH,8,3,FULL,20-08-2025,06:56:15,20-08-2025,06:56:16,20-08-2025,06:57:34,COMPLETED,0,1
79KWH,8,3,FULL,20-08-2025,07:27:36,20-08-2025,07:27:37,20-08-2025,07:29:40,COMPLETED,0,1
79KWH,8,2,FULL,20-08-2025,07:27:51,20-08-2025,07:27:52,20-08-2025,07:29:53,COMPLETED,0,1
79KWH,8,1,FULL,20-08-2025,07:29:15,20-08-2025,07:29:15,20-08-2025,07:31:11,COMPLETED,0,1
79KWH,8,3,FULL,20-08-2025,07:30:24,20-08-2025,07:30:25,20-08-2025,07:31:45,COMPLETED,0,1
79KWH,8,2,FULL,20-08-2025,07:30:34,20-08-2025,07:30:34,20-08-2025,07:31:43,COMPLETED,0,1
79KWH,8,1,FULL,20-08-2025,07:31:58,20-08-2025,07:31:59,20-08-2025,07:32:57,COMPLETED,0,1
79KWH,8,3,FULL,20-08-2025,07:33:12,20-08-2025,07:33:12,20-08-2025,07:34:31,COMPLETED,0,1
79KWH,8,2,FULL,20-08-2025,07:33:26,20-08-2025,07:33:27,20-08-2025,07:34:37,COMPLETED,0,1
79KWH,8,1,FULL,20-08-2025,07:34:50,20-08-2025,07:34:52,20-08-2025,07:35:54,COMPLETED,0,1
79KWH,8,3,FULL,20-08-2025,07:35:59,20-08-2025,07:36:00,20-08-2025,07:37:20,COMPLETED,0,1
79KWH,8,2,FULL,20-08-2025,07:36:09,20-08-2025,07:36:09,20-08-2025,07:37:18,COMPLETED,0,1
79KWH,8,1,FULL,20-08-2025,07:37:32,20-08-2025,07:37:33,20-08-2025,07:38:33,COMPLETED,0,1
79KWH,8,3,FULL,20-08-2025,07:39:15,20-08-2025,07:39:16,20-08-2025,07:40:35,COMPLETED,0,1
79KWH,8,2,FULL,20-08-2025,07:39:29,20-08-2025,07:39:30,20-08-2025,07:40:41,COMPLETED,0,1
79KWH,8,1,FULL,20-08-2025,07:40:55,20-08-2025,07:42:54,20-08-2025,07:44:51,COMPLETED,0,1
79KWH,8,3,FULL,20-08-2025,07:42:01,20-08-2025,07:42:29,20-08-2025,07:44:37,COMPLETED,0,1
79KWH,8,2,FULL,20-08-2025,07:42:13,20-08-2025,07:42:39,20-08-2025,07:44:39,COMPLETED,0,1
79KWH,8,1,FULL,20-08-2025,07:44:57,20-08-2025,07:45:00,20-08-2025,07:46:01,COMPLETED,0,1
79KWH,8,3,FULL,20-08-2025,07:45:08,20-08-2025,07:46:37,20-08-2025,07:48:42,COMPLETED,0,1
79KWH,8,2,FULL,20-08-2025,07:45:21,20-08-2025,07:45:21,20-08-2025,07:46:36,COMPLETED,0,1
79KWH,8,1,FULL,20-08-2025,07:46:45,20-08-2025,07:46:46,20-08-2025,07:47:49,COMPLETED,0,1
79KWH,8,2,FULL,20-08-2025,07:48:05,20-08-2025,07:48:06,20-08-2025,07:49:18,COMPLETED,0,1
79KWH,8,3,FULL,20-08-2025,07:48:50,20-08-2025,07:48:51,20-08-2025,07:50:14,COMPLETED,0,1
79KWH,8,1,FULL,20-08-2025,07:49:28,20-08-2025,07:49:28,20-08-2025,07:50:29,COMPLETED,0,1
79KWH,8,3,FULL,20-08-2025,07:50:43,20-08-2025,07:50:44,20-08-2025,07:52:07,COMPLETED,0,1
79KWH,8,2,FULL,20-08-2025,07:50:58,20-08-2025,07:50:59,20-08-2025,07:52:13,COMPLETED,0,1
79KWH,8,1,FULL,20-08-2025,07:52:20,20-08-2025,07:52:20,20-08-2025,07:53:25,COMPLETED,0,1
79KWH,8,3,FULL,20-08-2025,07:53:29,20-08-2025,07:53:30,20-08-2025,07:54:55,COMPLETED,0,1
79KWH,8,2,FULL,20-08-2025,07:53:39,20-08-2025,07:54:32,20-08-2025,07:56:32,COMPLETED,0,1
79KWH,8,1,FULL,20-08-2025,07:55:03,20-08-2025,07:55:24,20-08-2025,07:57:20,COMPLETED,0,1
79KWH,8,3,FULL,20-08-2025,07:56:18,20-08-2025,07:56:50,20-08-2025,07:58:56,COMPLETED,0,1
79KWH,8,2,FULL,20-08-2025,07:56:47,20-08-2025,07:56:47,20-08-2025,07:58:02,COMPLETED,0,1
79KWH,8,1,FULL,20-08-2025,07:57:56,20-08-2025,07:59:22,20-08-2025,08:01:20,COMPLETED,0,1
79KWH,8,3,FULL,20-08-2025,07:59:04,20-08-2025,07:59:05,20-08-2025,08:00:29,COMPLETED,0,1
79KWH,8,2,FULL,20-08-2025,07:59:14,20-08-2025,07:59:58,20-08-2025,08:02:00,COMPLETED,0,1
79KWH,8,1,FULL,20-08-2025,08:01:26,20-08-2025,08:01:29,20-08-2025,08:02:38,COMPLETED,0,1
79KWH,8,3,FULL,20-08-2025,08:01:51,20-08-2025,08:01:52,20-08-2025,08:03:15,COMPLETED,0,1
79KWH,8,2,FULL,20-08-2025,08:02:15,20-08-2025,08:02:16,20-08-2025,08:03:33,COMPLETED,0,1
79KWH,8,1,FULL,20-08-2025,08:03:31,20-08-2025,08:03:32,20-08-2025,08:04:38,COMPLETED,0,1
79KWH,8,3,FULL,20-08-2025,08:04:39,20-08-2025,08:04:39,20-08-2025,08:06:06,COMPLETED,0,1
79KWH,8,2,FULL,20-08-2025,08:04:51,20-08-2025,08:04:52,20-08-2025,08:06:07,COMPLETED,0,1
79KWH,8,1,FULL,20-08-2025,08:06:13,20-08-2025,08:06:13,20-08-2025,08:07:18,COMPLETED,0,1
79KWH,8,3,FULL,20-08-2025,08:07:26,20-08-2025,08:07:26,20-08-2025,08:08:50,COMPLETED,0,1
79KWH,8,2,FULL,20-08-2025,08:07:43,20-08-2025,08:07:44,20-08-2025,08:09:02,COMPLETED,0,1
79KWH,8,1,FULL,20-08-2025,08:09:05,20-08-2025,08:09:07,20-08-2025,08:10:15,COMPLETED,0,1
79KWH,8,3,FULL,20-08-2025,08:10:13,20-08-2025,08:10:14,20-08-2025,08:11:42,COMPLETED,0,1
79KWH,8,2,FULL,20-08-2025,08:11:56,20-08-2025,08:11:57,20-08-2025,08:13:13,COMPLETED,0,1
79KWH,8,1,FULL,20-08-2025,08:13:20,20-08-2025,08:13:20,20-08-2025,08:14:27,COMPLETED,0,1
79KWH,8,3,FULL,20-08-2025,08:14:33,20-08-2025,08:15:31,20-08-2025,08:17:38,COMPLETED,0,1
79KWH,8,2,FULL,20-08-2025,08:14:46,20-08-2025,08:15:31,20-08-2025,08:17:36,COMPLETED,0,1
79KWH,8,1,FULL,20-08-2025,08:16:12,20-08-2025,08:16:23,20-08-2025,08:18:24,COMPLETED,0,1
79KWH,8,2,FULL,20-08-2025,08:17:42,20-08-2025,08:17:46,20-08-2025,08:19:03,COMPLETED,0,1
79KWH,8,3,FULL,20-08-2025,08:17:46,20-08-2025,08:19:29,20-08-2025,08:21:40,COMPLETED,0,1
79KWH,8,1,FULL,20-08-2025,08:18:55,20-08-2025,08:18:56,20-08-2025,08:20:03,COMPLETED,0,1
79KWH,8,2,FULL,20-08-2025,08:20:23,20-08-2025,08:20:56,20-08-2025,08:23:03,COMPLETED,0,1
79KWH,8,3,FULL,20-08-2025,08:21:45,20-08-2025,08:21:49,20-08-2025,08:23:16,COMPLETED,0,1
79KWH,8,1,FULL,20-08-2025,08:21:48,20-08-2025,08:21:49,20-08-2025,08:22:59,COMPLETED,0,1
79KWH,8,2,FULL,20-08-2025,08:23:09,20-08-2025,08:23:12,20-08-2025,08:24:31,COMPLETED,0,1
79KWH,8,3,FULL,20-08-2025,08:23:24,20-08-2025,08:23:24,20-08-2025,08:24:54,COMPLETED,0,1
79KWH,8,1,FULL,20-08-2025,08:24:30,20-08-2025,08:24:32,20-08-2025,08:25:41,COMPLETED,0,1
79KWH,8,3,FULL,20-08-2025,08:25:44,20-08-2025,08:25:45,20-08-2025,08:27:13,COMPLETED,0,1
79KWH,8,2,FULL,20-08-2025,08:25:59,20-08-2025,08:25:59,20-08-2025,08:27:20,COMPLETED,0,1
79KWH,8,1,FULL,20-08-2025,08:27:22,20-08-2025,08:27:23,20-08-2025,08:28:35,COMPLETED,0,1
79KWH,8,3,FULL,20-08-2025,08:28:29,20-08-2025,08:28:30,20-08-2025,08:30:01,COMPLETED,0,1
79KWH,8,2,FULL,20-08-2025,08:28:40,20-08-2025,08:28:41,20-08-2025,08:30:00,COMPLETED,0,1
79KWH,8,1,FULL,20-08-2025,08:30:06,20-08-2025,08:30:07,20-08-2025,08:31:16,COMPLETED,0,1
79KWH,8,3,FULL,20-08-2025,08:31:18,20-08-2025,08:31:19,20-08-2025,08:32:48,COMPLETED,0,1
79KWH,8,2,FULL,20-08-2025,08:31:33,20-08-2025,08:31:34,20-08-2025,08:32:56,COMPLETED,0,1
79KWH,8,1,FULL,20-08-2025,08:32:57,20-08-2025,08:32:58,20-08-2025,08:34:10,COMPLETED,0,1
79KWH,8,3,FULL,20-08-2025,08:34:04,20-08-2025,08:34:04,20-08-2025,08:35:35,COMPLETED,0,1
79KWH,8,2,FULL,20-08-2025,08:34:16,20-08-2025,08:34:17,20-08-2025,08:35:38,COMPLETED,0,1
79KWH,8,1,FULL,20-08-2025,08:35:40,20-08-2025,08:36:11,20-08-2025,08:38:10,COMPLETED,0,1
79KWH,8,3,FULL,20-08-2025,08:36:53,20-08-2025,08:37:31,20-08-2025,08:39:40,COMPLETED,0,1
79KWH,8,2,FULL,20-08-2025,08:37:07,20-08-2025,08:37:34,20-08-2025,08:39:42,COMPLETED,0,1
79KWH,8,1,FULL,20-08-2025,08:38:34,20-08-2025,08:40:06,20-08-2025,08:42:08,COMPLETED,0,1
79KWH,8,3,FULL,20-08-2025,08:39:48,20-08-2025,08:41:31,20-08-2025,08:43:44,COMPLETED,0,1
79KWH,8,2,FULL,20-08-2025,08:39:51,20-08-2025,08:39:52,20-08-2025,08:41:15,COMPLETED,0,1
79KWH,8,1,FULL,20-08-2025,08:42:15,20-08-2025,08:42:17,20-08-2025,08:43:28,COMPLETED,0,1
79KWH,8,2,FULL,20-08-2025,08:42:43,20-08-2025,08:42:45,20-08-2025,08:44:10,COMPLETED,0,1
79KWH,8,3,FULL,20-08-2025,08:43:50,20-08-2025,08:43:53,20-08-2025,08:45:24,COMPLETED,0,1
79KWH,8,1,FULL,20-08-2025,08:44:06,20-08-2025,08:44:06,20-08-2025,08:45:21,COMPLETED,0,1
79KWH,8,2,FULL,20-08-2025,08:45:26,20-08-2025,08:45:28,20-08-2025,08:46:51,COMPLETED,0,1
79KWH,8,3,FULL,20-08-2025,08:45:33,20-08-2025,08:45:33,20-08-2025,08:47:07,COMPLETED,0,1
79KWH,8,1,FULL,20-08-2025,08:46:51,20-08-2025,08:46:51,20-08-2025,09:06:29,COMPLETED,0,1
79KWH,8,3,FULL,20-08-2025,08:48:04,20-08-2025,08:48:05,20-08-2025,08:49:37,COMPLETED,0,1
79KWH,8,2,FULL,20-08-2025,08:48:19,20-08-2025,08:48:19,20-08-2025,08:49:44,COMPLETED,0,1
79KWH,8,3,FULL,20-08-2025,08:50:50,20-08-2025,08:50:51,20-08-2025,08:52:30,COMPLETED,0,1
79KWH,8,2,FULL,20-08-2025,08:51:02,20-08-2025,08:51:55,20-08-2025,08:54:03,COMPLETED,0,1
79KWH,8,3,FULL,20-08-2025,08:53:40,20-08-2025,08:54:21,20-08-2025,08:56:32,COMPLETED,0,1
79KWH,8,2,FULL,20-08-2025,08:54:17,20-08-2025,08:55:56,20-08-2025,08:58:06,COMPLETED,0,1
79KWH,8,3,FULL,20-08-2025,08:56:41,20-08-2025,08:56:41,20-08-2025,08:58:18,COMPLETED,0,1
79KWH,8,2,FULL,20-08-2025,08:58:12,20-08-2025,08:58:16,20-08-2025,08:59:40,COMPLETED,0,1
79KWH,8,3,FULL,20-08-2025,08:59:15,20-08-2025,08:59:15,20-08-2025,09:00:50,COMPLETED,0,1
79KWH,8,2,FULL,20-08-2025,08:59:55,20-08-2025,08:59:55,20-08-2025,09:01:22,COMPLETED,0,1
79KWH,8,3,FULL,20-08-2025,09:02:01,20-08-2025,09:02:03,20-08-2025,09:03:41,COMPLETED,0,1
79KWH,8,2,FULL,20-08-2025,09:02:13,20-08-2025,09:02:14,20-08-2025,09:03:40,COMPLETED,0,1
79KWH,8,3,FULL,20-08-2025,09:03:53,20-08-2025,09:03:55,20-08-2025,09:05:30,COMPLETED,0,1
79KWH,8,1,FULL,20-08-2025,09:06:37,20-08-2025,09:08:25,20-08-2025,09:10:28,COMPLETED,0,1
79KWH,8,1,FULL,20-08-2025,09:10:35,20-08-2025,09:12:22,20-08-2025,09:14:23,COMPLETED,0,1
79KWH,8,1,FULL,20-08-2025,09:14:31,20-08-2025,09:16:20,20-08-2025,09:18:24,COMPLETED,0,1
79KWH,8,1,FULL,20-08-2025,09:18:31,20-08-2025,09:18:33,20-08-2025,09:19:48,COMPLETED,0,1
79KWH,8,1,FULL,20-08-2025,09:19:56,20-08-2025,09:19:58,20-08-2025,09:21:16,COMPLETED,0,1
79KWH,8,2,FULL,20-08-2025,09:30:38,20-08-2025,09:30:38,20-08-2025,09:32:49,COMPLETED,0,1
79KWH,8,1,FULL,20-08-2025,09:31:56,20-08-2025,09:31:57,20-08-2025,09:33:13,COMPLETED,0,1
79KWH,8,3,FULL,20-08-2025,09:33:15,20-08-2025,09:33:15,20-08-2025,09:35:31,COMPLETED,0,1
79KWH,8,2,FULL,20-08-2025,09:33:20,20-08-2025,09:33:21,20-08-2025,09:34:49,COMPLETED,0,1
79KWH,8,1,FULL,20-08-2025,09:38:39,20-08-2025,09:38:40,20-08-2025,09:40:45,COMPLETED,0,1
79KWH,8,3,FULL,20-08-2025,09:39:46,20-08-2025,09:40:56,20-08-2025,09:43:09,COMPLETED,0,1
79KWH,8,2,FULL,20-08-2025,09:40:06,20-08-2025,09:40:08,20-08-2025,09:42:19,COMPLETED,0,1
79KWH,8,1,FULL,20-08-2025,09:41:22,20-08-2025,09:42:56,20-08-2025,09:44:58,COMPLETED,0,1
79KWH,8,2,FULL,20-08-2025,09:42:41,20-08-2025,09:42:41,20-08-2025,09:44:10,COMPLETED,0,1
79KWH,8,3,FULL,20-08-2025,09:43:18,20-08-2025,09:43:19,20-08-2025,09:44:59,COMPLETED,0,1
79KWH,8,1,FULL,20-08-2025,09:45:06,20-08-2025,09:45:07,20-08-2025,09:46:27,COMPLETED,0,1
79KWH,8,3,FULL,20-08-2025,09:45:20,20-08-2025,09:45:21,20-08-2025,09:46:59,COMPLETED,0,1
79KWH,8,2,FULL,20-08-2025,09:45:41,20-08-2025,09:45:41,20-08-2025,09:47:12,COMPLETED,0,1
79KWH,8,1,FULL,20-08-2025,09:46:57,20-08-2025,09:46:58,20-08-2025,09:48:18,COMPLETED,0,1
79KWH,8,3,FULL,20-08-2025,09:48:12,20-08-2025,09:48:13,20-08-2025,09:49:54,COMPLETED,0,1
79KWH,8,2,FULL,20-08-2025,09:48:17,20-08-2025,09:48:18,20-08-2025,09:49:48,COMPLETED,0,1
79KWH,8,1,FULL,20-08-2025,09:49:50,20-08-2025,09:49:51,20-08-2025,09:51:12,COMPLETED,0,1
79KWH,8,3,FULL,20-08-2025,09:50:55,20-08-2025,09:50:56,20-08-2025,09:52:34,COMPLETED,0,1
79KWH,8,2,FULL,20-08-2025,09:51:39,20-08-2025,09:51:41,20-08-2025,09:53:14,COMPLETED,0,1
79KWH,8,1,FULL,20-08-2025,09:52:54,20-08-2025,09:52:54,20-08-2025,09:54:13,COMPLETED,0,1
79KWH,8,3,FULL,20-08-2025,09:54:09,20-08-2025,09:54:09,20-08-2025,09:55:51,COMPLETED,0,1
79KWH,8,2,FULL,20-08-2025,09:54:15,20-08-2025,09:54:16,20-08-2025,09:55:47,COMPLETED,0,1
79KWH,8,1,FULL,20-08-2025,09:55:47,20-08-2025,09:55:48,20-08-2025,09:57:10,COMPLETED,0,1
79KWH,8,3,FULL,20-08-2025,09:56:52,20-08-2025,09:56:53,20-08-2025,09:58:37,COMPLETED,0,1
79KWH,8,2,FULL,20-08-2025,09:57:16,20-08-2025,09:57:16,20-08-2025,09:58:50,COMPLETED,0,1
79KWH,8,1,FULL,20-08-2025,09:58:30,20-08-2025,09:58:31,20-08-2025,09:59:51,COMPLETED,0,1
79KWH,8,3,FULL,20-08-2025,09:59:47,20-08-2025,09:59:47,20-08-2025,10:01:28,COMPLETED,0,1
79KWH,8,2,FULL,20-08-2025,09:59:50,20-08-2025,09:59:51,20-08-2025,10:01:23,COMPLETED,0,1
79KWH,8,1,FULL,20-08-2025,10:01:23,20-08-2025,10:01:24,20-08-2025,10:02:47,COMPLETED,0,1
79KWH,8,3,FULL,20-08-2025,10:02:28,20-08-2025,10:02:29,20-08-2025,10:04:09,COMPLETED,0,1
79KWH,8,2,FULL,20-08-2025,10:02:50,20-08-2025,10:02:51,20-08-2025,10:04:25,COMPLETED,0,1
79KWH,8,1,FULL,20-08-2025,10:04:06,20-08-2025,10:04:54,20-08-2025,10:06:59,COMPLETED,0,1
79KWH,8,3,FULL,20-08-2025,10:05:21,20-08-2025,10:06:06,20-08-2025,10:08:29,COMPLETED,0,1
79KWH,8,2,FULL,20-08-2025,10:05:27,20-08-2025,10:06:16,20-08-2025,10:08:28,COMPLETED,0,1
79KWH,8,1,FULL,20-08-2025,10:07:32,20-08-2025,10:08:52,20-08-2025,10:11:00,COMPLETED,0,1
79KWH,8,3,FULL,20-08-2025,10:08:39,20-08-2025,10:08:42,20-08-2025,10:10:24,COMPLETED,0,1
79KWH,8,2,FULL,20-08-2025,10:08:59,20-08-2025,10:10:17,20-08-2025,10:12:29,COMPLETED,0,1
79KWH,8,1,FULL,20-08-2025,10:11:06,20-08-2025,10:11:09,20-08-2025,10:12:37,COMPLETED,0,1
79KWH,8,3,FULL,20-08-2025,10:11:32,20-08-2025,10:11:33,20-08-2025,10:13:19,COMPLETED,0,1
79KWH,8,2,FULL,20-08-2025,10:12:35,20-08-2025,10:12:39,20-08-2025,10:14:12,COMPLETED,0,1
79KWH,8,1,FULL,20-08-2025,10:13:07,20-08-2025,10:13:08,20-08-2025,10:14:34,COMPLETED,0,1
79KWH,8,3,FULL,20-08-2025,10:14:13,20-08-2025,10:14:13,20-08-2025,10:15:57,COMPLETED,0,1
79KWH,8,2,FULL,20-08-2025,10:14:35,20-08-2025,10:14:36,20-08-2025,10:16:18,COMPLETED,0,1
79KWH,8,1,FULL,20-08-2025,10:15:51,20-08-2025,10:15:51,20-08-2025,10:17:15,COMPLETED,0,1
79KWH,8,3,FULL,20-08-2025,10:17:07,20-08-2025,10:17:08,20-08-2025,10:18:56,COMPLETED,0,1
79KWH,8,2,FULL,20-08-2025,10:17:10,20-08-2025,10:17:11,20-08-2025,10:18:56,COMPLETED,0,1
79KWH,8,1,FULL,20-08-2025,10:18:43,20-08-2025,10:18:43,20-08-2025,10:20:09,COMPLETED,0,1
79KWH,8,3,FULL,20-08-2025,10:19:48,20-08-2025,10:19:50,20-08-2025,10:21:36,COMPLETED,0,1
79KWH,8,2,FULL,20-08-2025,10:20:30,20-08-2025,10:20:31,20-08-2025,10:22:14,COMPLETED,0,1
79KWH,8,1,FULL,20-08-2025,10:21:47,20-08-2025,10:21:49,20-08-2025,10:23:13,COMPLETED,0,1
79KWH,8,3,FULL,20-08-2025,10:23:04,20-08-2025,10:23:04,20-08-2025,10:24:52,COMPLETED,0,1
79KWH,8,2,FULL,20-08-2025,10:23:08,20-08-2025,10:23:09,20-08-2025,10:24:45,COMPLETED,0,1
79KWH,8,1,FULL,20-08-2025,10:24:40,20-08-2025,10:25:28,20-08-2025,10:27:37,COMPLETED,0,1
79KWH,8,3,FULL,20-08-2025,10:25:47,20-08-2025,10:26:40,20-08-2025,10:28:57,COMPLETED,0,1
79KWH,8,2,FULL,20-08-2025,10:26:07,20-08-2025,10:26:29,20-08-2025,10:28:42,COMPLETED,0,1
79KWH,8,1,FULL,20-08-2025,10:27:43,20-08-2025,10:27:46,20-08-2025,10:29:17,COMPLETED,0,1
79KWH,8,2,FULL,20-08-2025,10:28:48,20-08-2025,10:28:52,20-08-2025,10:30:28,COMPLETED,0,1
79KWH,8,3,FULL,20-08-2025,10:29:05,20-08-2025,10:30:40,20-08-2025,10:33:00,COMPLETED,0,1
79KWH,8,1,FULL,20-08-2025,10:30:15,20-08-2025,10:30:16,20-08-2025,10:31:44,COMPLETED,0,1
79KWH,8,2,FULL,20-08-2025,10:31:43,20-08-2025,10:32:16,20-08-2025,10:34:31,COMPLETED,0,1
79KWH,8,1,FULL,20-08-2025,10:32:58,20-08-2025,10:32:59,20-08-2025,10:34:24,COMPLETED,0,1
79KWH,8,3,FULL,20-08-2025,10:33:06,20-08-2025,10:33:10,20-08-2025,10:34:56,COMPLETED,0,1
79KWH,8,3,FULL,20-08-2025,10:38:09,20-08-2025,10:38:09,20-08-2025,10:39:58,COMPLETED,0,1
79KWH,8,2,FULL,20-08-2025,10:38:13,20-08-2025,10:38:14,20-08-2025,10:39:52,COMPLETED,0,1
79KWH,8,1,FULL,20-08-2025,10:39:46,20-08-2025,10:39:46,20-08-2025,10:41:16,COMPLETED,0,1
79KWH,8,3,FULL,20-08-2025,10:40:51,20-08-2025,10:40:52,20-08-2025,10:42:39,COMPLETED,0,1
79KWH,8,2,FULL,20-08-2025,10:41:11,20-08-2025,10:41:12,20-08-2025,10:42:50,COMPLETED,0,1
79KWH,8,1,FULL,20-08-2025,10:42:27,20-08-2025,10:42:28,20-08-2025,10:43:56,COMPLETED,0,1
79KWH,8,3,FULL,20-08-2025,10:43:44,20-08-2025,10:43:45,20-08-2025,10:45:35,COMPLETED,0,1
79KWH,8,2,FULL,20-08-2025,10:43:48,20-08-2025,10:43:50,20-08-2025,10:45:28,COMPLETED,0,1
79KWH,8,1,FULL,20-08-2025,10:45:20,20-08-2025,10:45:45,20-08-2025,10:49:58,COMPLETED,0,1
79KWH,8,3,FULL,20-08-2025,10:46:26,20-08-2025,10:47:23,20-08-2025,10:49:42,COMPLETED,0,1
79KWH,8,2,FULL,20-08-2025,10:46:48,20-08-2025,10:47:10,20-08-2025,10:49:27,COMPLETED,0,1
79KWH,8,2,FULL,20-08-2025,10:49:33,20-08-2025,10:49:36,20-08-2025,10:51:16,COMPLETED,0,1
79KWH,8,3,FULL,20-08-2025,10:49:49,20-08-2025,10:51:21,20-08-2025,10:53:44,COMPLETED,0,1
79KWH,8,1,FULL,20-08-2025,10:50:05,20-08-2025,10:50:07,20-08-2025,10:51:36,COMPLETED,0,1
79KWH,8,1,FULL,20-08-2025,10:51:45,20-08-2025,10:53:22,20-08-2025,10:55:38,COMPLETED,0,1
79KWH,8,2,FULL,20-08-2025,10:52:21,20-08-2025,10:52:23,20-08-2025,10:54:04,COMPLETED,0,1
79KWH,8,3,FULL,20-08-2025,10:53:51,20-08-2025,10:53:54,20-08-2025,10:55:45,COMPLETED,0,1
79KWH,8,2,FULL,20-08-2025,10:54:59,20-08-2025,10:55:00,20-08-2025,10:56:41,COMPLETED,0,1
79KWH,8,1,FULL,20-08-2025,10:55:44,20-08-2025,10:55:46,20-08-2025,10:57:17,COMPLETED,0,1
79KWH,8,3,FULL,20-08-2025,10:55:53,20-08-2025,10:55:53,20-08-2025,10:57:47,COMPLETED,0,1
79KWH,8,1,FULL,20-08-2025,10:58:45,20-08-2025,10:58:46,20-08-2025,11:00:20,COMPLETED,0,1
79KWH,8,3,FULL,20-08-2025,10:59:49,20-08-2025,10:59:50,20-08-2025,11:01:42,COMPLETED,0,1
79KWH,8,2,FULL,20-08-2025,11:00:15,20-08-2025,11:00:16,20-08-2025,11:01:59,COMPLETED,0,1
79KWH,8,1,FULL,20-08-2025,11:01:27,20-08-2025,11:01:27,20-08-2025,11:02:59,COMPLETED,0,1
79KWH,8,3,FULL,20-08-2025,11:02:42,20-08-2025,11:02:43,20-08-2025,11:04:37,COMPLETED,0,1
79KWH,8,2,FULL,20-08-2025,11:02:48,20-08-2025,11:04:01,20-08-2025,11:06:17,COMPLETED,0,1
79KWH,8,1,FULL,20-08-2025,11:04:18,20-08-2025,11:04:48,20-08-2025,11:07:01,COMPLETED,0,1
79KWH,8,3,FULL,20-08-2025,11:05:25,20-08-2025,11:06:22,20-08-2025,11:08:52,COMPLETED,0,1
79KWH,8,2,FULL,20-08-2025,11:06:31,20-08-2025,11:06:32,20-08-2025,11:08:17,COMPLETED,0,1
79KWH,8,1,FULL,20-08-2025,11:07:07,20-08-2025,11:08:46,20-08-2025,11:10:57,COMPLETED,0,1
79KWH,8,2,FULL,20-08-2025,11:08:24,20-08-2025,11:08:26,20-08-2025,11:10:09,COMPLETED,0,1
79KWH,8,3,FULL,20-08-2025,11:09:00,20-08-2025,11:09:00,20-08-2025,11:10:56,COMPLETED,0,1
79KWH,8,3,FULL,20-08-2025,11:11:02,20-08-2025,11:11:06,20-08-2025,11:13:04,COMPLETED,0,1
79KWH,8,1,FULL,20-08-2025,11:11:06,20-08-2025,11:11:06,20-08-2025,11:12:41,COMPLETED,0,1
79KWH,8,2,FULL,20-08-2025,11:11:21,20-08-2025,11:11:49,20-08-2025,11:14:08,COMPLETED,0,1
79KWH,8,1,FULL,20-08-2025,11:12:47,20-08-2025,11:12:50,20-08-2025,11:14:23,COMPLETED,0,1
79KWH,8,3,FULL,20-08-2025,11:13:53,20-08-2025,11:13:54,20-08-2025,11:15:51,COMPLETED,0,1
79KWH,8,2,FULL,20-08-2025,11:14:14,20-08-2025,11:14:17,20-08-2025,11:16:02,COMPLETED,0,1
79KWH,8,1,FULL,20-08-2025,11:15:28,20-08-2025,11:15:30,20-08-2025,11:17:06,COMPLETED,0,1
79KWH,8,3,FULL,20-08-2025,11:16:34,20-08-2025,11:16:36,20-08-2025,11:18:31,COMPLETED,0,1
79KWH,8,2,FULL,20-08-2025,11:16:56,20-08-2025,11:16:58,20-08-2025,11:18:44,COMPLETED,0,1
79KWH,8,1,FULL,20-08-2025,11:18:11,20-08-2025,11:18:13,20-08-2025,11:19:48,COMPLETED,0,1
79KWH,8,3,FULL,20-08-2025,11:19:26,20-08-2025,11:19:27,20-08-2025,11:21:25,COMPLETED,0,1
79KWH,8,2,FULL,20-08-2025,11:19:32,20-08-2025,11:19:33,20-08-2025,11:21:18,COMPLETED,0,1
79KWH,8,1,FULL,20-08-2025,11:21:04,20-08-2025,11:21:06,20-08-2025,11:22:43,COMPLETED,0,1
79KWH,8,3,FULL,20-08-2025,11:22:10,20-08-2025,11:23:02,20-08-2025,11:25:25,COMPLETED,0,1
79KWH,8,2,FULL,20-08-2025,11:22:32,20-08-2025,11:23:08,20-08-2025,11:25:29,COMPLETED,0,1
79KWH,8,1,FULL,20-08-2025,11:23:47,20-08-2025,11:24:31,20-08-2025,11:26:44,COMPLETED,0,1
79KWH,8,3,FULL,20-08-2025,11:25:33,20-08-2025,11:27:05,20-08-2025,11:29:32,COMPLETED,0,1
79KWH,8,2,FULL,20-08-2025,11:25:35,20-08-2025,11:25:38,20-08-2025,11:27:24,COMPLETED,0,1
79KWH,8,1,FULL,20-08-2025,11:26:53,20-08-2025,11:26:53,20-08-2025,11:28:36,COMPLETED,0,1
79KWH,8,2,FULL,20-08-2025,11:28:06,20-08-2025,11:29:03,20-08-2025,11:31:24,COMPLETED,0,1
79KWH,8,1,FULL,20-08-2025,11:29:22,20-08-2025,11:29:22,20-08-2025,11:30:59,COMPLETED,0,1
79KWH,8,3,FULL,20-08-2025,11:29:38,20-08-2025,11:29:40,20-08-2025,11:31:37,COMPLETED,0,1
79KWH,8,3,FULL,20-08-2025,12:28:32,20-08-2025,12:28:32,20-08-2025,12:30:58,COMPLETED,0,1
79KWH,8,2,FULL,20-08-2025,12:28:36,20-08-2025,12:28:36,20-08-2025,12:30:55,COMPLETED,0,1
79KWH,8,1,FULL,20-08-2025,12:30:08,20-08-2025,12:31:13,20-08-2025,12:33:28,COMPLETED,0,1
79KWH,8,3,FULL,20-08-2025,12:31:18,20-08-2025,12:32:40,20-08-2025,12:35:04,COMPLETED,0,1
79KWH,8,2,FULL,20-08-2025,12:31:36,20-08-2025,12:32:34,20-08-2025,12:34:53,COMPLETED,0,1
79KWH,8,1,FULL,20-08-2025,12:33:34,20-08-2025,12:33:37,20-08-2025,12:35:21,COMPLETED,0,1
79KWH,8,2,FULL,20-08-2025,12:35:00,20-08-2025,12:35:02,20-08-2025,12:36:50,COMPLETED,0,1
79KWH,8,3,FULL,20-08-2025,12:35:13,20-08-2025,12:36:40,20-08-2025,12:39:08,COMPLETED,0,1
79KWH,8,1,FULL,20-08-2025,12:35:46,20-08-2025,12:35:47,20-08-2025,12:37:27,COMPLETED,0,1
79KWH,8,2,FULL,20-08-2025,12:37:12,20-08-2025,12:38:34,20-08-2025,12:40:55,COMPLETED,0,1
79KWH,8,1,FULL,20-08-2025,12:38:27,20-08-2025,12:38:29,20-08-2025,12:40:08,COMPLETED,0,1
79KWH,8,3,FULL,20-08-2025,12:39:14,20-08-2025,12:39:16,20-08-2025,12:41:16,COMPLETED,0,1
79KWH,8,2,FULL,20-08-2025,12:41:01,20-08-2025,12:41:04,20-08-2025,12:42:55,COMPLETED,0,1
79KWH,8,1,FULL,20-08-2025,12:41:22,20-08-2025,12:41:23,20-08-2025,12:43:04,COMPLETED,0,1
79KWH,8,3,FULL,20-08-2025,12:41:24,20-08-2025,12:41:25,20-08-2025,12:43:28,COMPLETED,0,1
79KWH,8,2,FULL,20-08-2025,12:43:10,20-08-2025,12:43:11,20-08-2025,12:45:03,COMPLETED,0,1
79KWH,8,3,FULL,20-08-2025,12:43:33,20-08-2025,12:43:36,20-08-2025,12:45:42,COMPLETED,0,1
79KWH,8,1,FULL,20-08-2025,12:44:03,20-08-2025,12:44:03,20-08-2025,12:45:43,COMPLETED,0,1
79KWH,8,2,FULL,20-08-2025,12:45:22,20-08-2025,12:45:24,20-08-2025,12:47:16,COMPLETED,0,1
79KWH,8,3,FULL,20-08-2025,12:45:50,20-08-2025,12:45:50,20-08-2025,12:47:53,COMPLETED,0,1
79KWH,8,1,FULL,20-08-2025,12:46:56,20-08-2025,12:46:56,20-08-2025,12:48:39,COMPLETED,0,1
79KWH,8,3,FULL,20-08-2025,12:48:01,20-08-2025,12:48:03,20-08-2025,12:50:04,COMPLETED,0,1
79KWH,8,2,FULL,20-08-2025,12:48:23,20-08-2025,12:48:23,20-08-2025,12:50:17,COMPLETED,0,1
79KWH,8,1,FULL,20-08-2025,12:49:39,20-08-2025,12:49:40,20-08-2025,12:51:21,COMPLETED,0,1
79KWH,8,3,FULL,20-08-2025,12:50:55,20-08-2025,12:50:56,20-08-2025,12:53:00,COMPLETED,0,1
79KWH,8,2,FULL,20-08-2025,12:50:58,20-08-2025,12:50:58,20-08-2025,12:52:51,COMPLETED,0,1
79KWH,8,1,FULL,20-08-2025,12:52:33,20-08-2025,12:53:04,20-08-2025,12:55:22,COMPLETED,0,1
79KWH,8,3,FULL,20-08-2025,12:53:36,20-08-2025,12:54:40,20-08-2025,12:57:06,COMPLETED,0,1
79KWH,8,2,FULL,20-08-2025,12:53:57,20-08-2025,12:54:29,20-08-2025,12:56:52,COMPLETED,0,1
79KWH,8,1,FULL,20-08-2025,12:55:28,20-08-2025,12:55:30,20-08-2025,14:09:48,COMPLETED,0,1
79KWH,8,2,FULL,20-08-2025,12:56:58,20-08-2025,12:57:01,20-08-2025,12:58:56,COMPLETED,0,1
79KWH,8,3,FULL,20-08-2025,12:57:14,20-08-2025,12:58:40,20-08-2025,13:01:14,COMPLETED,0,1
79KWH,8,2,FULL,20-08-2025,12:59:33,20-08-2025,12:59:35,20-08-2025,13:01:31,COMPLETED,0,1
79KWH,8,3,FULL,20-08-2025,13:01:20,20-08-2025,13:01:27,20-08-2025,13:03:30,COMPLETED,0,1
79KWH,8,2,FULL,20-08-2025,13:02:10,20-08-2025,13:02:10,20-08-2025,13:04:04,COMPLETED,0,1
79KWH,8,3,FULL,20-08-2025,13:03:39,20-08-2025,13:03:40,20-08-2025,13:05:46,COMPLETED,0,1
79KWH,8,2,FULL,20-08-2025,13:05:08,20-08-2025,13:05:09,20-08-2025,13:07:05,COMPLETED,0,1
79KWH,8,3,FULL,20-08-2025,13:05:52,20-08-2025,13:05:55,20-08-2025,13:08:00,COMPLETED,0,1
79KWH,8,2,FULL,20-08-2025,13:07:44,20-08-2025,13:07:44,20-08-2025,13:09:38,COMPLETED,0,1
79KWH,8,3,FULL,20-08-2025,13:08:09,20-08-2025,13:08:09,20-08-2025,13:10:18,COMPLETED,0,1
79KWH,8,3,FULL,20-08-2025,13:10:24,20-08-2025,13:10:27,20-08-2025,13:12:33,COMPLETED,0,1
79KWH,8,2,FULL,20-08-2025,13:10:46,20-08-2025,13:10:47,20-08-2025,13:12:46,COMPLETED,0,1
79KWH,8,3,FULL,20-08-2025,13:12:42,20-08-2025,13:12:42,20-08-2025,13:14:51,COMPLETED,0,1
79KWH,8,2,FULL,20-08-2025,13:12:51,20-08-2025,13:12:55,20-08-2025,13:14:53,COMPLETED,0,1
79KWH,8,3,FULL,20-08-2025,13:14:58,20-08-2025,13:15:00,20-08-2025,13:17:07,COMPLETED,0,1
79KWH,8,2,FULL,20-08-2025,13:15:06,20-08-2025,13:16:34,20-08-2025,13:19:00,COMPLETED,0,1
79KWH,8,3,FULL,20-08-2025,13:17:16,20-08-2025,13:18:45,20-08-2025,13:21:16,COMPLETED,0,1
79KWH,8,2,FULL,20-08-2025,13:19:07,20-08-2025,13:19:10,20-08-2025,13:21:07,COMPLETED,0,1
79KWH,8,2,FULL,20-08-2025,13:21:22,20-08-2025,13:22:46,20-08-2025,13:25:13,COMPLETED,0,1
79KWH,8,3,FULL,20-08-2025,13:21:22,20-08-2025,13:21:26,20-08-2025,13:23:34,COMPLETED,0,1
79KWH,8,3,FULL,20-08-2025,13:23:42,20-08-2025,13:25:06,20-08-2025,13:27:38,COMPLETED,0,1
79KWH,8,2,FULL,20-08-2025,13:25:20,20-08-2025,13:25:22,20-08-2025,13:27:22,COMPLETED,0,1
79KWH,8,2,FULL,20-08-2025,13:27:36,20-08-2025,13:27:37,20-08-2025,13:29:40,COMPLETED,0,1
79KWH,8,3,FULL,20-08-2025,13:27:44,20-08-2025,13:27:46,20-08-2025,13:30:00,COMPLETED,0,1
79KWH,8,2,FULL,20-08-2025,13:29:46,20-08-2025,13:31:22,20-08-2025,13:33:48,COMPLETED,0,1
79KWH,8,3,FULL,20-08-2025,13:30:08,20-08-2025,13:31:37,20-08-2025,13:34:14,COMPLETED,0,1
79KWH,8,2,FULL,20-08-2025,13:34:02,20-08-2025,13:35:25,20-08-2025,13:37:52,COMPLETED,0,1
79KWH,8,3,FULL,20-08-2025,13:34:20,20-08-2025,13:34:23,20-08-2025,13:36:38,COMPLETED,0,1
79KWH,8,3,FULL,20-08-2025,13:36:46,20-08-2025,13:38:10,20-08-2025,13:40:42,COMPLETED,0,1
79KWH,8,2,FULL,20-08-2025,13:37:59,20-08-2025,13:38:01,20-08-2025,13:40:03,COMPLETED,0,1
79KWH,8,2,FULL,20-08-2025,13:40:18,20-08-2025,13:40:19,20-08-2025,13:42:23,COMPLETED,0,1
79KWH,8,3,FULL,20-08-2025,13:40:49,20-08-2025,13:42:21,20-08-2025,13:44:50,COMPLETED,0,1
79KWH,8,2,FULL,20-08-2025,13:42:29,20-08-2025,13:42:32,20-08-2025,13:44:33,COMPLETED,0,1
79KWH,8,2,FULL,20-08-2025,13:44:48,20-08-2025,13:44:48,20-08-2025,13:46:53,COMPLETED,0,1
79KWH,8,3,FULL,20-08-2025,13:44:59,20-08-2025,13:44:59,20-08-2025,13:47:17,COMPLETED,0,1
79KWH,8,2,FULL,20-08-2025,13:46:59,20-08-2025,13:47:02,20-08-2025,13:49:05,COMPLETED,0,1
79KWH,8,3,FULL,20-08-2025,13:47:23,20-08-2025,13:47:27,20-08-2025,13:49:39,COMPLETED,0,1
79KWH,8,2,FULL,20-08-2025,13:49:20,20-08-2025,13:50:47,20-08-2025,13:53:17,COMPLETED,0,1
79KWH,8,3,FULL,20-08-2025,13:49:48,20-08-2025,13:51:10,20-08-2025,13:53:44,COMPLETED,0,1
79KWH,8,2,FULL,20-08-2025,13:53:23,20-08-2025,13:54:56,20-08-2025,13:57:23,COMPLETED,0,1
79KWH,8,3,FULL,20-08-2025,13:53:51,20-08-2025,14:10:08,20-08-2025,14:12:40,COMPLETED,0,1
79KWH,8,2,FULL,20-08-2025,13:57:37,20-08-2025,13:57:38,20-08-2025,13:59:45,COMPLETED,0,1
79KWH,8,2,FULL,20-08-2025,13:59:52,20-08-2025,13:59:55,20-08-2025,14:02:00,COMPLETED,0,1
79KWH,8,2,FULL,20-08-2025,14:02:14,20-08-2025,14:02:15,20-08-2025,14:04:23,COMPLETED,0,1
79KWH,8,2,FULL,20-08-2025,14:04:28,20-08-2025,14:04:32,20-08-2025,14:06:38,COMPLETED,0,1
79KWH,8,2,FULL,20-08-2025,14:06:52,20-08-2025,14:06:53,20-08-2025,14:09:02,COMPLETED,0,1
79KWH,8,2,FULL,20-08-2025,14:09:08,20-08-2025,14:09:11,20-08-2025,14:11:19,COMPLETED,0,1
79KWH,8,1,FULL,20-08-2025,14:09:56,20-08-2025,14:11:25,20-08-2025,14:13:43,COMPLETED,0,1
79KWH,8,2,FULL,20-08-2025,14:11:54,20-08-2025,14:13:01,20-08-2025,14:15:31,COMPLETED,0,1
79KWH,8,3,FULL,20-08-2025,14:12:48,20-08-2025,14:12:49,20-08-2025,14:15:05,COMPLETED,0,1
79KWH,8,1,FULL,20-08-2025,14:13:49,20-08-2025,14:13:51,20-08-2025,14:15:39,COMPLETED,0,1
79KWH,8,3,FULL,20-08-2025,14:15:11,20-08-2025,14:15:14,20-08-2025,14:17:28,COMPLETED,0,1
79KWH,8,2,FULL,20-08-2025,14:15:37,20-08-2025,14:15:40,20-08-2025,14:17:49,COMPLETED,0,1
79KWH,8,1,FULL,20-08-2025,14:15:47,20-08-2025,14:17:19,20-08-2025,14:19:38,COMPLETED,0,1
79KWH,8,3,FULL,20-08-2025,14:17:36,20-08-2025,14:18:59,20-08-2025,14:21:35,COMPLETED,0,1
79KWH,8,1,FULL,20-08-2025,14:19:44,20-08-2025,14:19:48,20-08-2025,14:21:32,COMPLETED,0,1
79KWH,8,1,FULL,20-08-2025,14:21:40,20-08-2025,14:21:40,20-08-2025,14:23:27,COMPLETED,0,1
79KWH,8,3,FULL,20-08-2025,14:21:41,20-08-2025,14:21:44,20-08-2025,14:24:00,COMPLETED,0,1
79KWH,8,3,FULL,20-08-2025,14:24:09,20-08-2025,14:25:34,20-08-2025,14:28:15,COMPLETED,0,1
79KWH,8,3,FULL,20-08-2025,14:28:22,20-08-2025,14:28:25,20-08-2025,14:30:41,COMPLETED,0,1
79KWH,8,2,FULL,20-08-2025,14:28:51,20-08-2025,14:28:52,20-08-2025,14:31:24,COMPLETED,0,1
79KWH,8,1,FULL,20-08-2025,14:30:12,20-08-2025,14:30:14,20-08-2025,14:31:59,COMPLETED,0,1
79KWH,8,3,FULL,20-08-2025,14:30:50,20-08-2025,14:32:11,20-08-2025,14:34:46,COMPLETED,0,1
79KWH,8,2,FULL,20-08-2025,14:31:34,20-08-2025,14:31:37,20-08-2025,14:33:46,COMPLETED,0,1
79KWH,8,1,FULL,20-08-2025,14:33:00,20-08-2025,14:33:01,20-08-2025,14:34:49,COMPLETED,0,1
79KWH,8,2,FULL,20-08-2025,14:34:28,20-08-2025,14:34:28,20-08-2025,14:36:41,COMPLETED,0,1
79KWH,8,3,FULL,20-08-2025,14:34:52,20-08-2025,14:36:24,20-08-2025,14:39:02,COMPLETED,0,1
79KWH,8,1,FULL,20-08-2025,14:35:48,20-08-2025,14:35:49,20-08-2025,14:37:35,COMPLETED,0,1
79KWH,8,2,FULL,20-08-2025,14:37:08,20-08-2025,14:37:09,20-08-2025,14:39:20,COMPLETED,0,1
79KWH,8,1,FULL,20-08-2025,14:38:34,20-08-2025,14:38:34,20-08-2025,14:40:23,COMPLETED,0,1
79KWH,8,3,FULL,20-08-2025,14:39:11,20-08-2025,14:39:12,20-08-2025,14:41:33,COMPLETED,0,1
79KWH,8,2,FULL,20-08-2025,14:40:01,20-08-2025,14:41:05,20-08-2025,14:43:37,COMPLETED,0,1
79KWH,8,1,FULL,20-08-2025,14:41:24,20-08-2025,14:42:02,20-08-2025,14:44:20,COMPLETED,0,1
79KWH,8,3,FULL,20-08-2025,14:41:39,20-08-2025,14:41:41,20-08-2025,14:44:01,COMPLETED,0,1
79KWH,8,2,FULL,20-08-2025,14:43:44,20-08-2025,14:45:18,20-08-2025,14:47:49,COMPLETED,0,1
79KWH,8,3,FULL,20-08-2025,14:44:09,20-08-2025,14:45:30,20-08-2025,14:48:12,COMPLETED,0,1
79KWH,8,1,FULL,20-08-2025,14:44:29,20-08-2025,14:44:29,20-08-2025,14:46:19,COMPLETED,0,1
79KWH,8,1,FULL,20-08-2025,14:47:00,20-08-2025,14:47:01,20-08-2025,14:48:51,COMPLETED,0,1
79KWH,8,2,FULL,20-08-2025,14:48:04,20-08-2025,14:48:05,20-08-2025,14:50:20,COMPLETED,0,1
79KWH,8,3,FULL,20-08-2025,14:48:18,20-08-2025,14:48:20,20-08-2025,14:50:43,COMPLETED,0,1
79KWH,8,1,FULL,20-08-2025,14:49:45,20-08-2025,14:49:46,20-08-2025,14:51:39,COMPLETED,0,1
79KWH,8,2,FULL,20-08-2025,14:50:25,20-08-2025,14:50:30,20-08-2025,14:52:44,COMPLETED,0,1
79KWH,8,3,FULL,20-08-2025,14:50:52,20-08-2025,14:52:19,20-08-2025,14:55:02,COMPLETED,0,1
79KWH,8,1,FULL,20-08-2025,14:52:33,20-08-2025,14:52:33,20-08-2025,14:59:17,COMPLETED,0,1
79KWH,8,2,FULL,20-08-2025,14:52:59,20-08-2025,14:53:00,20-08-2025,14:55:16,COMPLETED,0,1
79KWH,8,3,FULL,20-08-2025,14:55:07,20-08-2025,14:55:11,20-08-2025,14:57:31,COMPLETED,0,1
79KWH,8,2,FULL,20-08-2025,14:55:22,20-08-2025,14:55:25,20-08-2025,14:57:39,COMPLETED,0,1
79KWH,8,3,FULL,20-08-2025,14:57:40,20-08-2025,14:57:41,20-08-2025,15:00:04,COMPLETED,0,1
79KWH,8,2,FULL,20-08-2025,14:57:54,20-08-2025,14:57:55,20-08-2025,15:00:12,COMPLETED,0,1
79KWH,8,1,FULL,20-08-2025,14:59:25,20-08-2025,14:59:26,20-08-2025,15:01:19,COMPLETED,0,1
79KWH,8,3,FULL,20-08-2025,15:00:10,20-08-2025,15:00:14,20-08-2025,15:02:40,COMPLETED,0,1
79KWH,8,2,FULL,20-08-2025,15:00:19,20-08-2025,15:00:22,20-08-2025,15:02:37,COMPLETED,0,1
79KWH,8,1,FULL,20-08-2025,15:01:24,20-08-2025,15:01:27,20-08-2025,15:03:27,COMPLETED,0,1
79KWH,8,3,FULL,20-08-2025,15:02:49,20-08-2025,15:02:49,20-08-2025,15:05:19,COMPLETED,0,1
79KWH,8,2,FULL,20-08-2025,15:02:51,20-08-2025,15:02:51,20-08-2025,15:05:10,COMPLETED,0,1
79KWH,8,1,FULL,20-08-2025,15:03:34,20-08-2025,15:05:06,20-08-2025,15:07:29,COMPLETED,0,1
79KWH,8,3,FULL,20-08-2025,15:05:25,20-08-2025,15:05:32,20-08-2025,15:53:51,COMPLETED,0,1
79KWH,8,1,FULL,20-08-2025,15:26:06,20-08-2025,15:26:07,20-08-2025,15:28:28,COMPLETED,0,1
79KWH,8,2,FULL,20-08-2025,15:27:28,20-08-2025,15:27:30,20-08-2025,15:30:02,COMPLETED,0,1
79KWH,8,1,FULL,20-08-2025,15:28:53,20-08-2025,15:28:54,20-08-2025,15:30:49,COMPLETED,0,1
79KWH,8,2,FULL,20-08-2025,15:30:20,20-08-2025,15:31:44,20-08-2025,15:34:18,COMPLETED,0,1
79KWH,8,1,FULL,20-08-2025,15:31:42,20-08-2025,15:32:29,20-08-2025,15:34:51,COMPLETED,0,1
79KWH,8,2,FULL,20-08-2025,15:34:24,20-08-2025,15:34:27,20-08-2025,15:36:45,COMPLETED,0,1
79KWH,8,1,FULL,20-08-2025,15:35:00,20-08-2025,15:36:25,20-08-2025,15:38:49,COMPLETED,0,1
79KWH,8,2,FULL,20-08-2025,15:39:34,20-08-2025,15:39:35,20-08-2025,15:42:11,COMPLETED,0,1
79KWH,8,1,FULL,20-08-2025,15:40:56,20-08-2025,15:40:57,20-08-2025,15:42:52,COMPLETED,0,1
79KWH,8,2,FULL,20-08-2025,15:42:17,20-08-2025,15:42:21,20-08-2025,15:44:39,COMPLETED,0,1
79KWH,8,1,FULL,20-08-2025,15:43:42,20-08-2025,15:43:42,20-08-2025,15:45:41,COMPLETED,0,1
79KWH,8,2,FULL,20-08-2025,15:44:53,20-08-2025,15:44:54,20-08-2025,15:47:15,COMPLETED,0,1
79KWH,8,1,FULL,20-08-2025,15:45:47,20-08-2025,15:45:50,20-08-2025,15:47:46,COMPLETED,0,1
79KWH,8,2,FULL,20-08-2025,15:47:22,20-08-2025,15:47:25,20-08-2025,15:49:45,COMPLETED,0,1
79KWH,8,1,FULL,20-08-2025,15:47:55,20-08-2025,15:47:56,20-08-2025,15:50:01,COMPLETED,0,1
79KWH,8,2,FULL,20-08-2025,15:50:00,20-08-2025,15:51:25,20-08-2025,15:54:03,COMPLETED,0,1
79KWH,8,1,FULL,20-08-2025,15:50:07,20-08-2025,15:50:09,20-08-2025,15:52:06,COMPLETED,0,1
79KWH,8,1,FULL,20-08-2025,15:52:14,20-08-2025,15:53:44,20-08-2025,15:56:10,COMPLETED,0,1
79KWH,8,3,FULL,20-08-2025,15:54:00,20-08-2025,15:55:23,20-08-2025,15:58:06,COMPLETED,0,1
79KWH,8,2,FULL,20-08-2025,15:54:09,20-08-2025,15:55:49,20-08-2025,15:58:24,COMPLETED,0,1
79KWH,8,1,FULL,20-08-2025,15:56:16,20-08-2025,15:56:19,20-08-2025,15:58:17,COMPLETED,0,1
79KWH,8,3,FULL,20-08-2025,15:58:12,20-08-2025,15:59:42,20-08-2025,16:02:18,COMPLETED,0,1
79KWH,8,1,FULL,20-08-2025,15:58:25,20-08-2025,15:58:25,20-08-2025,16:00:26,COMPLETED,0,1
79KWH,8,2,FULL,20-08-2025,15:58:38,20-08-2025,15:58:39,20-08-2025,16:01:02,COMPLETED,0,1
79KWH,8,1,FULL,20-08-2025,16:00:32,20-08-2025,16:00:36,20-08-2025,16:02:35,COMPLETED,0,1
79KWH,8,2,FULL,20-08-2025,16:01:08,20-08-2025,16:01:12,20-08-2025,16:03:34,COMPLETED,0,1
79KWH,8,3,FULL,20-08-2025,16:02:27,20-08-2025,16:03:49,20-08-2025,16:06:28,COMPLETED,0,1
79KWH,8,1,FULL,20-08-2025,16:02:44,20-08-2025,16:02:46,20-08-2025,16:04:48,COMPLETED,0,1
79KWH,8,2,FULL,20-08-2025,16:03:47,20-08-2025,16:03:48,20-08-2025,16:06:12,COMPLETED,0,1
79KWH,8,1,FULL,20-08-2025,16:04:54,20-08-2025,16:04:56,20-08-2025,16:06:57,COMPLETED,0,1
79KWH,8,2,FULL,20-08-2025,16:06:19,20-08-2025,16:06:22,20-08-2025,16:08:46,COMPLETED,0,1
79KWH,8,3,FULL,20-08-2025,16:06:35,20-08-2025,16:08:05,20-08-2025,16:10:41,COMPLETED,0,1
79KWH,8,1,FULL,20-08-2025,16:07:05,20-08-2025,16:07:06,20-08-2025,16:09:12,COMPLETED,0,1
79KWH,8,2,FULL,20-08-2025,16:09:00,20-08-2025,16:09:01,20-08-2025,16:11:27,COMPLETED,0,1
79KWH,8,1,FULL,20-08-2025,16:09:19,20-08-2025,16:09:21,20-08-2025,16:11:22,COMPLETED,0,1
79KWH,8,3,FULL,20-08-2025,16:10:49,20-08-2025,16:12:11,20-08-2025,16:14:56,COMPLETED,0,1
79KWH,8,1,FULL,20-08-2025,16:11:30,20-08-2025,16:12:55,20-08-2025,16:15:23,COMPLETED,0,1
79KWH,8,2,FULL,20-08-2025,16:11:33,20-08-2025,16:13:10,20-08-2025,16:15:47,COMPLETED,0,1
79KWH,8,3,FULL,20-08-2025,16:15:02,20-08-2025,16:15:05,20-08-2025,16:17:36,COMPLETED,0,1
79KWH,8,1,FULL,20-08-2025,16:15:29,20-08-2025,16:17:03,20-08-2025,16:19:28,COMPLETED,0,1
79KWH,8,2,FULL,20-08-2025,16:16:02,20-08-2025,16:17:31,20-08-2025,16:20:11,COMPLETED,0,1
79KWH,8,3,FULL,20-08-2025,16:17:45,20-08-2025,16:17:47,20-08-2025,16:20:21,COMPLETED,0,1
79KWH,8,1,FULL,20-08-2025,16:19:36,20-08-2025,16:19:37,20-08-2025,16:21:42,COMPLETED,0,1
79KWH,8,2,FULL,20-08-2025,16:20:17,20-08-2025,16:20:19,20-08-2025,16:22:43,COMPLETED,0,1
79KWH,8,3,FULL,20-08-2025,16:20:27,20-08-2025,16:20:30,20-08-2025,16:23:02,COMPLETED,0,1
79KWH,8,1,FULL,20-08-2025,16:21:48,20-08-2025,16:21:51,20-08-2025,16:23:54,COMPLETED,0,1
79KWH,8,2,FULL,20-08-2025,16:22:58,20-08-2025,16:22:58,20-08-2025,16:25:26,COMPLETED,0,1
79KWH,8,3,FULL,20-08-2025,16:23:11,20-08-2025,16:36:27,20-08-2025,16:39:13,COMPLETED,0,1
79KWH,8,1,FULL,20-08-2025,16:24:02,20-08-2025,16:24:03,20-08-2025,16:26:10,COMPLETED,0,1
79KWH,8,2,FULL,20-08-2025,16:25:33,20-08-2025,16:25:36,20-08-2025,16:28:02,COMPLETED,0,1
79KWH,8,1,FULL,20-08-2025,16:26:17,20-08-2025,16:26:19,20-08-2025,16:28:27,COMPLETED,0,1
79KWH,8,2,FULL,20-08-2025,16:28:16,20-08-2025,16:28:17,20-08-2025,16:30:46,COMPLETED,0,1
79KWH,8,1,FULL,20-08-2025,16:28:36,20-08-2025,16:30:00,20-08-2025,16:35:37,COMPLETED,0,1
79KWH,8,2,FULL,20-08-2025,16:30:55,20-08-2025,16:30:56,20-08-2025,16:33:23,COMPLETED,0,1
79KWH,8,2,FULL,20-08-2025,16:33:37,20-08-2025,16:35:10,20-08-2025,16:37:51,COMPLETED,0,1
79KWH,8,1,FULL,20-08-2025,16:35:42,20-08-2025,16:35:46,20-08-2025,16:37:52,COMPLETED,0,1
79KWH,8,2,FULL,20-08-2025,16:37:57,20-08-2025,16:38:01,20-08-2025,16:40:28,COMPLETED,0,1
79KWH,8,1,FULL,20-08-2025,16:38:00,20-08-2025,16:39:29,20-08-2025,16:41:59,COMPLETED,0,1
79KWH,8,3,FULL,20-08-2025,16:39:20,20-08-2025,16:39:26,20-08-2025,16:41:59,COMPLETED,0,1
79KWH,8,2,FULL,20-08-2025,16:40:42,20-08-2025,16:40:43,20-08-2025,16:43:14,COMPLETED,0,1
79KWH,8,1,FULL,20-08-2025,16:42:05,20-08-2025,16:42:07,20-08-2025,16:44:14,COMPLETED,0,1
79KWH,8,3,FULL,20-08-2025,16:42:07,20-08-2025,16:43:27,20-08-2025,16:46:13,COMPLETED,0,1
79KWH,8,2,FULL,20-08-2025,16:43:21,20-08-2025,16:43:24,20-08-2025,16:45:53,COMPLETED,0,1
79KWH,8,1,FULL,20-08-2025,16:44:22,20-08-2025,16:44:22,20-08-2025,16:46:32,COMPLETED,0,1
79KWH,8,2,FULL,20-08-2025,16:46:09,20-08-2025,16:46:09,20-08-2025,16:48:42,COMPLETED,0,1
79KWH,8,3,FULL,20-08-2025,16:46:19,20-08-2025,16:46:22,20-08-2025,16:48:56,COMPLETED,0,1
79KWH,8,1,FULL,20-08-2025,16:46:37,20-08-2025,16:46:42,20-08-2025,16:48:55,COMPLETED,0,1
79KWH,8,2,FULL,20-08-2025,16:48:48,20-08-2025,16:48:51,20-08-2025,16:51:21,COMPLETED,0,1
79KWH,8,1,FULL,20-08-2025,16:49:03,20-08-2025,16:49:04,20-08-2025,16:51:15,COMPLETED,0,1
79KWH,8,3,FULL,20-08-2025,16:49:04,20-08-2025,16:50:30,20-08-2025,16:53:16,COMPLETED,0,1
79KWH,8,1,FULL,20-08-2025,16:51:21,20-08-2025,16:51:25,20-08-2025,17:01:28,COMPLETED,0,1
79KWH,8,2,FULL,20-08-2025,16:51:36,20-08-2025,16:51:37,20-08-2025,16:54:10,COMPLETED,0,1
79KWH,8,3,FULL,20-08-2025,16:53:22,20-08-2025,16:53:25,20-08-2025,16:56:01,COMPLETED,0,1
79KWH,8,2,FULL,20-08-2025,16:54:17,20-08-2025,16:54:20,20-08-2025,16:56:52,COMPLETED,0,1
79KWH,8,3,FULL,20-08-2025,16:56:08,20-08-2025,16:56:09,20-08-2025,16:58:47,COMPLETED,0,1
79KWH,8,2,FULL,20-08-2025,16:57:07,20-08-2025,16:58:36,20-08-2025,17:01:19,COMPLETED,0,1
79KWH,8,3,FULL,20-08-2025,16:58:53,20-08-2025,17:00:17,20-08-2025,17:03:02,COMPLETED,0,1
79KWH,8,2,FULL,20-08-2025,17:01:25,20-08-2025,17:01:27,20-08-2025,17:04:00,COMPLETED,0,1
79KWH,8,1,FULL,20-08-2025,17:01:36,20-08-2025,17:01:44,20-08-2025,17:03:56,COMPLETED,0,1
79KWH,8,3,FULL,20-08-2025,17:03:11,20-08-2025,17:17:57,20-08-2025,17:20:44,COMPLETED,0,1
79KWH,8,1,FULL,20-08-2025,17:04:02,20-08-2025,17:04:05,20-08-2025,17:06:15,COMPLETED,0,1
79KWH,8,2,FULL,20-08-2025,17:04:14,20-08-2025,17:05:48,20-08-2025,17:08:32,COMPLETED,0,1
79KWH,8,1,FULL,20-08-2025,17:06:23,20-08-2025,17:07:46,20-08-2025,17:10:18,COMPLETED,0,1
79KWH,8,2,FULL,20-08-2025,17:08:39,20-08-2025,17:08:41,20-08-2025,17:11:15,COMPLETED,0,1
79KWH,8,1,FULL,20-08-2025,17:10:24,20-08-2025,17:10:27,20-08-2025,17:12:38,COMPLETED,0,1
79KWH,8,2,FULL,20-08-2025,17:11:30,20-08-2025,17:11:31,20-08-2025,17:14:07,COMPLETED,0,1
79KWH,8,1,FULL,20-08-2025,17:12:46,20-08-2025,17:12:47,20-08-2025,17:15:02,COMPLETED,0,1
79KWH,8,2,FULL,20-08-2025,17:14:13,20-08-2025,17:14:16,20-08-2025,17:16:51,COMPLETED,0,1
79KWH,8,1,FULL,20-08-2025,17:15:08,20-08-2025,17:15:10,20-08-2025,17:17:22,COMPLETED,0,1
79KWH,8,2,FULL,20-08-2025,17:17:06,20-08-2025,17:17:07,20-08-2025,17:19:44,COMPLETED,0,1
79KWH,8,1,FULL,20-08-2025,17:17:30,20-08-2025,17:17:30,20-08-2025,17:19:45,COMPLETED,0,1
79KWH,8,2,FULL,20-08-2025,17:19:50,20-08-2025,17:21:31,20-08-2025,17:24:13,COMPLETED,0,1
79KWH,8,1,FULL,20-08-2025,17:19:51,20-08-2025,17:19:54,20-08-2025,17:22:08,COMPLETED,0,1
79KWH,8,3,FULL,20-08-2025,17:20:50,20-08-2025,17:22:16,20-08-2025,17:25:02,COMPLETED,0,1
79KWH,8,1,FULL,20-08-2025,17:22:16,20-08-2025,17:23:44,20-08-2025,17:26:17,COMPLETED,0,1
79KWH,8,2,FULL,20-08-2025,17:24:28,20-08-2025,17:24:29,20-08-2025,17:27:08,COMPLETED,0,1
79KWH,8,3,FULL,20-08-2025,17:25:11,20-08-2025,17:26:40,20-08-2025,17:29:28,COMPLETED,0,1
79KWH,8,1,FULL,20-08-2025,17:26:23,20-08-2025,17:27:50,20-08-2025,17:30:22,COMPLETED,0,1
79KWH,8,2,FULL,20-08-2025,17:27:14,20-08-2025,17:27:16,20-08-2025,17:29:53,COMPLETED,0,1
79KWH,8,3,FULL,20-08-2025,17:29:35,20-08-2025,17:29:37,20-08-2025,17:50:52,COMPLETED,0,1
79KWH,8,2,FULL,20-08-2025,17:30:09,20-08-2025,17:30:10,20-08-2025,17:32:50,COMPLETED,0,1
79KWH,8,1,FULL,20-08-2025,17:30:31,20-08-2025,17:30:31,20-08-2025,17:32:54,COMPLETED,0,1
79KWH,8,2,FULL,20-08-2025,17:32:55,20-08-2025,17:32:59,20-08-2025,17:35:38,COMPLETED,0,1
79KWH,8,1,FULL,20-08-2025,17:32:59,20-08-2025,17:33:02,20-08-2025,17:35:18,COMPLETED,0,1
79KWH,8,1,FULL,20-08-2025,17:35:26,20-08-2025,17:35:27,20-08-2025,17:37:45,COMPLETED,0,1
79KWH,8,2,FULL,20-08-2025,17:35:52,20-08-2025,17:35:52,20-08-2025,17:38:32,COMPLETED,0,1
79KWH,8,1,FULL,20-08-2025,17:37:52,20-08-2025,17:37:54,20-08-2025,17:40:16,COMPLETED,0,1
79KWH,8,2,FULL,20-08-2025,17:38:38,20-08-2025,17:38:42,20-08-2025,17:41:20,COMPLETED,0,1
79KWH,8,1,FULL,20-08-2025,17:40:24,20-08-2025,17:40:26,20-08-2025,17:42:50,COMPLETED,0,1
79KWH,8,2,FULL,20-08-2025,17:41:35,20-08-2025,17:41:36,20-08-2025,17:44:18,COMPLETED,0,1
79KWH,8,1,FULL,20-08-2025,17:42:55,20-08-2025,17:42:58,20-08-2025,17:45:17,COMPLETED,0,1
79KWH,8,2,FULL,20-08-2025,17:44:24,20-08-2025,17:44:28,20-08-2025,17:47:08,COMPLETED,0,1
79KWH,8,1,FULL,20-08-2025,17:45:24,20-08-2025,17:45:26,20-08-2025,17:47:46,COMPLETED,0,1
79KWH,8,2,FULL,20-08-2025,17:47:22,20-08-2025,17:47:23,20-08-2025,17:50:06,COMPLETED,0,1
79KWH,8,1,FULL,20-08-2025,17:47:52,20-08-2025,17:47:56,20-08-2025,17:50:19,COMPLETED,0,1
79KWH,8,2,FULL,20-08-2025,17:50:11,20-08-2025,17:50:15,20-08-2025,17:52:56,COMPLETED,0,1
79KWH,8,1,FULL,20-08-2025,17:50:28,20-08-2025,17:50:28,20-08-2025,17:52:50,COMPLETED,0,1
79KWH,8,3,FULL,20-08-2025,17:51:00,20-08-2025,17:51:00,20-08-2025,17:53:42,COMPLETED,0,1
79KWH,8,1,FULL,20-08-2025,17:52:56,20-08-2025,17:52:59,20-08-2025,17:55:23,COMPLETED,0,1
79KWH,8,2,FULL,20-08-2025,17:53:10,20-08-2025,17:53:12,20-08-2025,17:55:56,COMPLETED,0,1
79KWH,8,3,FULL,20-08-2025,17:53:48,20-08-2025,17:53:55,20-08-2025,17:56:35,COMPLETED,0,1
79KWH,8,1,FULL,20-08-2025,17:55:31,20-08-2025,17:57:01,20-08-2025,17:59:39,COMPLETED,0,1
79KWH,8,2,FULL,20-08-2025,17:56:02,20-08-2025,17:56:04,20-08-2025,17:58:47,COMPLETED,0,1
79KWH,8,3,FULL,20-08-2025,17:56:42,20-08-2025,17:56:44,20-08-2025,17:59:27,COMPLETED,0,1
79KWH,8,2,FULL,20-08-2025,17:59:02,20-08-2025,18:00:39,20-08-2025,18:03:28,COMPLETED,0,1
79KWH,8,3,FULL,20-08-2025,17:59:33,20-08-2025,18:01:00,20-08-2025,18:03:48,COMPLETED,0,1
79KWH,8,1,FULL,20-08-2025,17:59:44,20-08-2025,17:59:47,20-08-2025,18:02:09,COMPLETED,0,1
79KWH,8,1,FULL,20-08-2025,18:02:16,20-08-2025,18:03:41,20-08-2025,18:06:23,COMPLETED,0,1
79KWH,8,2,FULL,20-08-2025,18:03:35,20-08-2025,18:03:37,20-08-2025,18:06:19,COMPLETED,0,1
79KWH,8,3,FULL,20-08-2025,18:03:56,20-08-2025,18:03:57,20-08-2025,18:06:41,COMPLETED,0,1
79KWH,8,1,FULL,20-08-2025,18:06:29,20-08-2025,18:06:32,20-08-2025,18:08:59,COMPLETED,0,1
79KWH,8,2,FULL,20-08-2025,18:06:34,20-08-2025,18:08:07,20-08-2025,18:10:55,COMPLETED,0,1
79KWH,8,3,FULL,20-08-2025,18:06:47,20-08-2025,18:06:49,20-08-2025,18:09:26,COMPLETED,0,1
79KWH,8,1,FULL,20-08-2025,18:09:07,20-08-2025,18:09:08,20-08-2025,18:11:33,COMPLETED,0,1
79KWH,8,3,FULL,20-08-2025,18:09:34,20-08-2025,18:09:35,20-08-2025,18:12:20,COMPLETED,0,1
79KWH,8,2,FULL,20-08-2025,18:11:01,20-08-2025,18:11:05,20-08-2025,18:13:49,COMPLETED,0,1
79KWH,8,1,FULL,20-08-2025,18:11:40,20-08-2025,18:11:43,20-08-2025,18:14:10,COMPLETED,0,1
79KWH,8,3,FULL,20-08-2025,18:12:26,20-08-2025,18:12:29,20-08-2025,18:15:12,COMPLETED,0,1
79KWH,8,2,FULL,20-08-2025,18:14:04,20-08-2025,18:14:05,20-08-2025,18:16:52,COMPLETED,0,1
79KWH,8,1,FULL,20-08-2025,18:14:19,20-08-2025,18:14:19,20-08-2025,18:16:49,COMPLETED,0,1
79KWH,8,3,FULL,20-08-2025,18:15:19,20-08-2025,18:15:20,20-08-2025,18:18:05,COMPLETED,0,1
79KWH,8,1,FULL,20-08-2025,18:16:55,20-08-2025,18:16:58,20-08-2025,18:19:27,COMPLETED,0,1
79KWH,8,2,FULL,20-08-2025,18:16:58,20-08-2025,18:17:01,20-08-2025,18:19:48,COMPLETED,0,1
79KWH,8,3,FULL,20-08-2025,18:18:11,20-08-2025,18:18:15,20-08-2025,18:20:59,COMPLETED,0,1
79KWH,8,1,FULL,20-08-2025,18:19:35,20-08-2025,18:19:36,20-08-2025,18:22:07,COMPLETED,0,1
79KWH,8,2,FULL,20-08-2025,18:20:02,20-08-2025,18:20:02,20-08-2025,18:22:51,COMPLETED,0,1
79KWH,8,3,FULL,20-08-2025,18:21:08,20-08-2025,18:21:10,20-08-2025,18:23:57,COMPLETED,0,1
79KWH,8,1,FULL,20-08-2025,18:22:13,20-08-2025,18:22:15,20-08-2025,18:24:45,COMPLETED,0,1
79KWH,8,3,FULL,20-08-2025,18:24:03,20-08-2025,18:24:05,20-08-2025,18:26:51,COMPLETED,0,1
79KWH,8,1,FULL,20-08-2025,18:24:53,20-08-2025,18:24:54,20-08-2025,18:27:27,COMPLETED,0,1
79KWH,8,3,FULL,20-08-2025,18:26:59,20-08-2025,18:28:25,20-08-2025,18:31:17,COMPLETED,0,1
79KWH,8,1,FULL,20-08-2025,18:27:33,20-08-2025,18:27:39,20-08-2025,18:30:11,COMPLETED,0,1
79KWH,8,3,FULL,20-08-2025,18:31:23,20-08-2025,18:32:47,20-08-2025,18:35:37,COMPLETED,0,1
79KWH,8,3,FULL,20-08-2025,18:38:59,20-08-2025,18:38:59,20-08-2025,18:41:48,COMPLETED,0,1
79KWH,8,2,FULL,20-08-2025,18:39:05,20-08-2025,18:39:06,20-08-2025,18:41:55,COMPLETED,0,1
79KWH,8,1,FULL,20-08-2025,18:40:37,20-08-2025,18:40:38,20-08-2025,18:43:23,COMPLETED,0,1
79KWH,8,3,FULL,20-08-2025,18:41:54,20-08-2025,18:41:57,20-08-2025,18:44:44,COMPLETED,0,1
79KWH,8,2,FULL,20-08-2025,18:42:09,20-08-2025,18:42:11,20-08-2025,18:44:08,COMPLETED,0,1
79KWH,8,1,FULL,20-08-2025,18:43:30,20-08-2025,18:43:34,20-08-2025,18:46:07,COMPLETED,0,1
79KWH,8,2,FULL,20-08-2025,18:44:40,20-08-2025,18:44:41,20-08-2025,18:45:43,COMPLETED,0,1
79KWH,8,3,FULL,20-08-2025,18:44:52,20-08-2025,18:44:53,20-08-2025,18:47:44,COMPLETED,0,1
79KWH,8,1,FULL,20-08-2025,18:46:15,20-08-2025,18:46:16,20-08-2025,18:48:48,COMPLETED,0,1
79KWH,8,2,FULL,20-08-2025,18:47:39,20-08-2025,18:47:40,20-08-2025,18:48:44,COMPLETED,0,1
79KWH,8,3,FULL,20-08-2025,18:47:50,20-08-2025,18:47:52,20-08-2025,18:50:37,COMPLETED,0,1
79KWH,8,1,FULL,20-08-2025,18:48:54,20-08-2025,18:48:56,20-08-2025,18:51:34,COMPLETED,0,1
79KWH,8,2,FULL,20-08-2025,18:50:14,20-08-2025,18:50:15,20-08-2025,18:51:17,COMPLETED,0,1
79KWH,8,3,FULL,20-08-2025,18:50:45,20-08-2025,18:50:46,20-08-2025,18:53:37,COMPLETED,0,1
79KWH,8,1,FULL,20-08-2025,18:51:48,20-08-2025,18:51:48,20-08-2025,18:54:28,COMPLETED,0,1
79KWH,8,2,FULL,20-08-2025,18:53:15,20-08-2025,18:53:16,20-08-2025,18:54:20,COMPLETED,0,1
79KWH,8,3,FULL,20-08-2025,18:53:43,20-08-2025,18:53:45,20-08-2025,18:56:33,COMPLETED,0,1
79KWH,8,1,FULL,20-08-2025,18:54:35,20-08-2025,18:54:40,20-08-2025,18:57:14,COMPLETED,0,1
79KWH,8,2,FULL,20-08-2025,18:55:51,20-08-2025,18:55:52,20-08-2025,18:56:54,COMPLETED,0,1
79KWH,8,3,FULL,20-08-2025,18:56:42,20-08-2025,18:56:43,20-08-2025,18:59:36,COMPLETED,0,1
79KWH,8,1,FULL,20-08-2025,18:57:23,20-08-2025,18:58:53,20-08-2025,19:01:40,COMPLETED,0,1
79KWH,8,2,FULL,20-08-2025,18:58:51,20-08-2025,18:59:11,20-08-2025,19:01:09,COMPLETED,0,1
79KWH,8,3,FULL,20-08-2025,18:59:41,20-08-2025,18:59:45,20-08-2025,19:02:35,COMPLETED,0,1
79KWH,8,2,FULL,20-08-2025,19:01:26,20-08-2025,19:01:26,20-08-2025,19:02:28,COMPLETED,0,1
79KWH,8,1,FULL,20-08-2025,19:01:46,20-08-2025,19:01:52,20-08-2025,19:04:27,COMPLETED,0,1
79KWH,8,3,FULL,20-08-2025,19:02:44,20-08-2025,19:04:09,20-08-2025,19:07:00,COMPLETED,0,1
79KWH,8,2,FULL,20-08-2025,19:04:26,20-08-2025,19:04:26,20-08-2025,19:05:30,COMPLETED,0,1
79KWH,8,1,FULL,20-08-2025,19:04:35,20-08-2025,19:04:37,20-08-2025,19:07:15,COMPLETED,0,1
79KWH,8,2,FULL,20-08-2025,19:07:02,20-08-2025,19:07:02,20-08-2025,19:08:05,COMPLETED,0,1
79KWH,8,3,FULL,20-08-2025,19:07:05,20-08-2025,19:07:09,20-08-2025,19:10:02,COMPLETED,0,1
79KWH,8,1,FULL,20-08-2025,19:07:20,20-08-2025,19:07:27,20-08-2025,19:10:03,COMPLETED,0,1
79KWH,8,2,FULL,20-08-2025,19:10:02,20-08-2025,19:10:02,20-08-2025,19:11:06,COMPLETED,0,1
79KWH,8,3,FULL,20-08-2025,19:10:10,20-08-2025,19:11:34,20-08-2025,19:13:29,COMPLETED,0,1
79KWH,8,1,FULL,20-08-2025,19:10:11,20-08-2025,19:11:47,20-08-2025,19:14:40,COMPLETED,0,1
79KWH,8,2,FULL,20-08-2025,19:13:19,20-08-2025,19:13:20,20-08-2025,19:14:23,COMPLETED,0,1
79KWH,8,3,FULL,20-08-2025,19:13:37,20-08-2025,19:13:38,20-08-2025,19:14:35,COMPLETED,0,1
79KWH,8,1,FULL,20-08-2025,19:14:46,20-08-2025,19:14:51,20-08-2025,19:17:31,COMPLETED,0,1
79KWH,8,3,FULL,20-08-2025,19:14:47,20-08-2025,19:14:48,20-08-2025,19:15:47,COMPLETED,0,1
79KWH,8,3,FULL,20-08-2025,19:15:59,20-08-2025,19:16:00,20-08-2025,19:16:57,COMPLETED,0,1
79KWH,8,2,FULL,20-08-2025,19:16:17,20-08-2025,19:16:19,20-08-2025,19:17:23,COMPLETED,0,1
79KWH,8,1,FULL,20-08-2025,19:17:40,20-08-2025,19:17:41,20-08-2025,19:20:22,COMPLETED,0,1
79KWH,8,3,FULL,20-08-2025,19:18:49,20-08-2025,19:18:49,20-08-2025,19:19:48,COMPLETED,0,1
79KWH,8,2,FULL,20-08-2025,19:18:55,20-08-2025,19:19:52,20-08-2025,19:21:48,COMPLETED,0,1
79KWH,8,1,FULL,20-08-2025,19:20:28,20-08-2025,19:20:34,20-08-2025,19:23:13,COMPLETED,0,1
79KWH,8,3,FULL,20-08-2025,19:21:31,20-08-2025,19:32:09,20-08-2025,19:34:02,COMPLETED,0,1
79KWH,8,2,FULL,20-08-2025,19:22:19,20-08-2025,19:24:02,20-08-2025,19:25:59,COMPLETED,0,1
79KWH,8,1,FULL,20-08-2025,19:23:21,20-08-2025,19:24:50,20-08-2025,19:27:38,COMPLETED,0,1
79KWH,8,2,FULL,20-08-2025,19:26:05,20-08-2025,19:26:08,20-08-2025,19:27:10,COMPLETED,0,1
79KWH,8,2,FULL,20-08-2025,19:27:31,20-08-2025,19:27:31,20-08-2025,19:28:36,COMPLETED,0,1
79KWH,8,1,FULL,20-08-2025,19:27:45,20-08-2025,19:27:47,20-08-2025,19:30:26,COMPLETED,0,1
79KWH,8,2,FULL,20-08-2025,19:30:05,20-08-2025,19:30:05,20-08-2025,19:31:08,COMPLETED,0,1
79KWH,8,1,FULL,20-08-2025,19:30:35,20-08-2025,19:30:36,20-08-2025,19:33:13,COMPLETED,0,1
79KWH,8,1,FULL,20-08-2025,19:33:19,20-08-2025,19:33:22,20-08-2025,19:35:58,COMPLETED,0,1
79KWH,8,3,FULL,20-08-2025,19:34:13,20-08-2025,19:34:14,20-08-2025,19:35:13,COMPLETED,0,1
79KWH,8,3,FULL,20-08-2025,19:35:21,20-08-2025,19:35:22,20-08-2025,19:36:18,COMPLETED,0,1
79KWH,8,1,FULL,20-08-2025,19:36:07,20-08-2025,19:37:40,20-08-2025,19:40:29,COMPLETED,0,1
79KWH,8,3,FULL,20-08-2025,19:36:30,20-08-2025,19:36:31,20-08-2025,19:37:30,COMPLETED,0,1
79KWH,8,2,FULL,20-08-2025,19:36:49,20-08-2025,19:36:49,20-08-2025,19:37:56,COMPLETED,0,1
79KWH,8,3,FULL,20-08-2025,19:37:37,20-08-2025,19:37:40,20-08-2025,19:38:37,COMPLETED,0,1
79KWH,8,3,FULL,20-08-2025,19:39:18,20-08-2025,19:39:19,20-08-2025,19:40:18,COMPLETED,0,1
79KWH,8,2,FULL,20-08-2025,19:39:23,20-08-2025,19:39:23,20-08-2025,19:40:26,COMPLETED,0,1
79KWH,8,1,FULL,20-08-2025,19:40:35,20-08-2025,19:40:39,20-08-2025,19:43:25,COMPLETED,0,1
79KWH,8,3,FULL,20-08-2025,19:42:03,20-08-2025,19:42:03,20-08-2025,19:43:01,COMPLETED,0,1
79KWH,8,2,FULL,20-08-2025,19:42:23,20-08-2025,19:42:23,20-08-2025,19:43:29,COMPLETED,0,1
79KWH,8,1,FULL,20-08-2025,19:43:33,20-08-2025,19:43:34,20-08-2025,19:46:25,COMPLETED,0,1
79KWH,8,3,FULL,20-08-2025,19:44:55,20-08-2025,19:44:56,20-08-2025,19:45:58,COMPLETED,0,1
79KWH,8,2,FULL,20-08-2025,19:45:00,20-08-2025,19:45:00,20-08-2025,19:46:04,COMPLETED,0,1
79KWH,8,1,FULL,20-08-2025,19:46:31,20-08-2025,19:46:33,20-08-2025,19:49:12,COMPLETED,0,1
79KWH,8,3,FULL,20-08-2025,19:47:38,20-08-2025,19:47:40,20-08-2025,19:48:41,COMPLETED,0,1
79KWH,8,1,FULL,20-08-2025,19:49:20,20-08-2025,19:49:20,20-08-2025,19:52:01,COMPLETED,0,1
79KWH,8,2,FULL,20-08-2025,21:01:08,20-08-2025,21:02:33,20-08-2025,21:04:32,COMPLETED,0,1
79KWH,8,1,FULL,20-08-2025,21:02:23,20-08-2025,21:02:28,20-08-2025,21:06:07,COMPLETED,0,1
79KWH,8,3,FULL,20-08-2025,21:03:41,20-08-2025,21:04:16,20-08-2025,21:06:14,COMPLETED,0,1
79KWH,8,2,FULL,20-08-2025,21:04:38,20-08-2025,21:06:31,20-08-2025,21:08:28,COMPLETED,0,1
79KWH,8,1,FULL,20-08-2025,21:06:15,20-08-2025,21:06:16,20-08-2025,21:08:57,COMPLETED,0,1
79KWH,8,3,FULL,20-08-2025,21:06:23,20-08-2025,21:06:24,20-08-2025,21:07:26,COMPLETED,0,1
79KWH,8,2,FULL,20-08-2025,21:08:44,20-08-2025,21:08:44,20-08-2025,21:09:54,COMPLETED,0,1
79KWH,8,1,FULL,20-08-2025,21:09:04,20-08-2025,21:09:06,20-08-2025,21:12:47,COMPLETED,0,1
79KWH,8,3,FULL,20-08-2025,21:09:15,20-08-2025,21:09:16,20-08-2025,21:10:19,COMPLETED,0,1
79KWH,8,2,FULL,20-08-2025,21:10:00,20-08-2025,21:10:02,20-08-2025,21:11:09,COMPLETED,0,1
79KWH,8,3,FULL,20-08-2025,21:11:58,20-08-2025,21:11:59,20-08-2025,21:13:01,COMPLETED,0,1
79KWH,8,2,FULL,20-08-2025,21:12:19,20-08-2025,21:12:20,20-08-2025,21:13:29,COMPLETED,0,1
79KWH,8,1,FULL,20-08-2025,21:12:55,20-08-2025,21:12:56,20-08-2025,21:15:40,COMPLETED,0,1
79KWH,8,3,FULL,20-08-2025,21:15:34,20-08-2025,21:15:34,20-08-2025,21:16:40,COMPLETED,0,1
79KWH,8,2,FULL,20-08-2025,21:15:39,20-08-2025,21:15:40,20-08-2025,21:16:48,COMPLETED,0,1
79KWH,8,1,FULL,20-08-2025,21:15:47,20-08-2025,21:15:49,20-08-2025,21:18:30,COMPLETED,0,1
79KWH,8,3,FULL,20-08-2025,21:18:17,20-08-2025,21:18:18,20-08-2025,21:19:22,COMPLETED,0,1
79KWH,8,2,FULL,20-08-2025,21:18:38,20-08-2025,21:18:39,20-08-2025,21:19:50,COMPLETED,0,1
79KWH,8,1,FULL,20-08-2025,21:18:39,20-08-2025,21:18:40,20-08-2025,21:21:24,COMPLETED,0,1
79KWH,8,3,FULL,20-08-2025,21:21:11,20-08-2025,21:21:12,20-08-2025,21:22:19,COMPLETED,0,1
79KWH,8,2,FULL,20-08-2025,21:21:14,20-08-2025,21:21:15,20-08-2025,21:22:23,COMPLETED,0,1
79KWH,8,1,FULL,20-08-2025,21:21:31,20-08-2025,21:21:34,20-08-2025,21:24:16,COMPLETED,0,1
79KWH,8,3,FULL,20-08-2025,21:23:52,20-08-2025,21:23:53,20-08-2025,21:24:58,COMPLETED,0,1
79KWH,8,2,FULL,20-08-2025,21:24:13,20-08-2025,21:24:15,20-08-2025,21:25:25,COMPLETED,0,1
79KWH,8,1,FULL,20-08-2025,21:24:25,20-08-2025,21:24:25,20-08-2025,21:27:10,COMPLETED,0,1
79KWH,8,3,FULL,20-08-2025,21:26:44,20-08-2025,21:26:44,20-08-2025,21:27:51,COMPLETED,0,1
79KWH,8,2,FULL,20-08-2025,21:26:50,20-08-2025,21:26:51,20-08-2025,21:28:00,COMPLETED,0,1
79KWH,8,1,FULL,20-08-2025,21:27:16,20-08-2025,21:27:18,20-08-2025,21:30:02,COMPLETED,0,1
79KWH,8,3,FULL,20-08-2025,21:29:27,20-08-2025,21:32:39,20-08-2025,21:34:36,COMPLETED,0,1
79KWH,8,2,FULL,20-08-2025,21:29:49,20-08-2025,21:30:00,20-08-2025,21:32:02,COMPLETED,0,1
79KWH,8,1,FULL,20-08-2025,21:30:11,20-08-2025,21:31:39,20-08-2025,21:34:28,COMPLETED,0,1
79KWH,8,2,FULL,20-08-2025,21:32:25,20-08-2025,21:32:25,20-08-2025,21:33:36,COMPLETED,0,1
79KWH,8,1,FULL,20-08-2025,21:34:34,20-08-2025,21:34:37,20-08-2025,21:37:27,COMPLETED,0,1
79KWH,8,3,FULL,20-08-2025,21:34:45,20-08-2025,21:36:46,20-08-2025,21:38:46,COMPLETED,0,1
79KWH,8,2,FULL,20-08-2025,21:35:25,20-08-2025,21:35:26,20-08-2025,21:36:40,COMPLETED,0,1
79KWH,8,1,FULL,20-08-2025,21:37:35,20-08-2025,21:39:11,20-08-2025,21:42:07,COMPLETED,0,1
79KWH,8,2,FULL,20-08-2025,21:38:01,20-08-2025,21:38:02,20-08-2025,21:39:14,COMPLETED,0,1
79KWH,8,3,FULL,20-08-2025,21:38:52,20-08-2025,21:38:56,20-08-2025,21:40:03,COMPLETED,0,1
79KWH,8,3,FULL,20-08-2025,21:40:12,20-08-2025,21:40:12,20-08-2025,21:41:22,COMPLETED,0,1
79KWH,8,2,FULL,20-08-2025,21:41:01,20-08-2025,21:41:02,20-08-2025,21:42:16,COMPLETED,0,1
79KWH,8,3,FULL,20-08-2025,21:41:28,20-08-2025,21:41:32,20-08-2025,21:42:39,COMPLETED,0,1
79KWH,8,1,FULL,20-08-2025,21:42:14,20-08-2025,21:42:16,20-08-2025,21:45:03,COMPLETED,0,1
79KWH,8,3,FULL,20-08-2025,21:43:30,20-08-2025,21:43:31,20-08-2025,21:44:42,COMPLETED,0,1
79KWH,8,2,FULL,20-08-2025,21:43:34,20-08-2025,21:43:35,20-08-2025,21:44:48,COMPLETED,0,1
79KWH,8,1,FULL,20-08-2025,21:45:12,20-08-2025,21:45:13,20-08-2025,21:47:07,COMPLETED,0,1
79KWH,8,3,FULL,20-08-2025,21:46:12,20-08-2025,21:46:13,20-08-2025,21:47:22,COMPLETED,0,1
79KWH,8,2,FULL,20-08-2025,21:46:34,20-08-2025,21:46:35,20-08-2025,21:47:51,COMPLETED,0,1
79KWH,8,1,FULL,20-08-2025,21:47:13,20-08-2025,21:47:17,20-08-2025,21:48:16,COMPLETED,0,1
79KWH,8,1,FULL,20-08-2025,21:48:24,20-08-2025,21:48:25,20-08-2025,21:49:35,COMPLETED,0,1
79KWH,8,3,FULL,20-08-2025,21:49:06,20-08-2025,21:49:08,20-08-2025,21:50:20,COMPLETED,0,1
79KWH,8,2,FULL,20-08-2025,21:49:11,20-08-2025,21:49:12,20-08-2025,21:50:25,COMPLETED,0,1
79KWH,8,1,FULL,20-08-2025,21:49:41,20-08-2025,21:49:45,20-08-2025,21:50:48,COMPLETED,0,1
79KWH,8,1,FULL,20-08-2025,21:50:57,20-08-2025,21:52:50,20-08-2025,21:54:47,COMPLETED,0,1
79KWH,8,3,FULL,20-08-2025,21:51:48,20-08-2025,21:53:46,20-08-2025,21:55:46,COMPLETED,0,1
79KWH,8,2,FULL,20-08-2025,21:52:10,20-08-2025,21:52:20,20-08-2025,21:54:24,COMPLETED,0,1
79KWH,8,2,FULL,20-08-2025,21:54:47,20-08-2025,21:56:24,20-08-2025,21:58:26,COMPLETED,0,1
79KWH,8,1,FULL,20-08-2025,21:54:52,20-08-2025,21:56:54,20-08-2025,21:58:53,COMPLETED,0,1
79KWH,8,3,FULL,20-08-2025,21:55:54,20-08-2025,21:55:55,20-08-2025,21:57:09,COMPLETED,0,1
79KWH,8,3,FULL,20-08-2025,21:57:25,20-08-2025,21:57:26,20-08-2025,21:58:38,COMPLETED,0,1
79KWH,8,2,FULL,20-08-2025,21:58:40,20-08-2025,21:58:41,20-08-2025,21:59:59,COMPLETED,0,1
79KWH,8,1,FULL,20-08-2025,21:59:03,20-08-2025,21:59:04,20-08-2025,22:00:05,COMPLETED,0,1
79KWH,8,1,FULL,20-08-2025,22:00:12,20-08-2025,22:00:14,20-08-2025,22:01:12,COMPLETED,0,1
79KWH,8,3,FULL,20-08-2025,22:00:17,20-08-2025,22:00:17,20-08-2025,22:01:32,COMPLETED,0,1
79KWH,8,2,FULL,20-08-2025,22:00:22,20-08-2025,22:00:22,20-08-2025,22:01:39,COMPLETED,0,1
79KWH,8,1,FULL,20-08-2025,22:01:54,20-08-2025,22:01:54,20-08-2025,22:02:56,COMPLETED,0,1
79KWH,8,3,FULL,20-08-2025,22:02:58,20-08-2025,22:02:59,20-08-2025,22:04:11,COMPLETED,0,1
79KWH,8,2,FULL,20-08-2025,22:04:16,20-08-2025,22:04:16,20-08-2025,22:05:35,COMPLETED,0,1
79KWH,8,1,FULL,20-08-2025,22:05:29,20-08-2025,22:05:30,20-08-2025,22:06:30,COMPLETED,0,1
79KWH,8,3,FULL,20-08-2025,22:06:45,20-08-2025,22:06:46,20-08-2025,22:08:02,COMPLETED,0,1
79KWH,8,2,FULL,20-08-2025,22:06:51,20-08-2025,22:06:52,20-08-2025,22:08:09,COMPLETED,0,1
79KWH,8,1,FULL,20-08-2025,22:08:23,20-08-2025,22:08:24,20-08-2025,22:09:29,COMPLETED,0,1
79KWH,8,3,FULL,20-08-2025,22:09:28,20-08-2025,22:09:29,20-08-2025,22:10:43,COMPLETED,0,1
79KWH,8,2,FULL,20-08-2025,22:09:49,20-08-2025,22:09:49,20-08-2025,22:11:08,COMPLETED,0,1
79KWH,8,1,FULL,20-08-2025,22:11:04,20-08-2025,22:11:05,20-08-2025,22:12:08,COMPLETED,0,1
79KWH,8,3,FULL,20-08-2025,22:12:20,20-08-2025,22:12:21,20-08-2025,22:13:37,COMPLETED,0,1
79KWH,8,2,FULL,20-08-2025,22:12:26,20-08-2025,22:12:26,20-08-2025,22:13:45,COMPLETED,0,1
79KWH,8,1,FULL,20-08-2025,22:13:58,20-08-2025,22:14:00,20-08-2025,22:15:02,COMPLETED,0,1
79KWH,8,3,FULL,20-08-2025,22:15:04,20-08-2025,22:15:04,20-08-2025,22:16:18,COMPLETED,0,1
79KWH,8,2,FULL,20-08-2025,22:15:24,20-08-2025,22:15:25,20-08-2025,22:16:46,COMPLETED,0,1
79KWH,8,1,FULL,20-08-2025,22:16:39,20-08-2025,22:16:40,20-08-2025,22:17:40,COMPLETED,0,1
79KWH,8,3,FULL,20-08-2025,22:20:04,20-08-2025,22:20:05,20-08-2025,22:21:31,COMPLETED,0,1
79KWH,8,2,FULL,20-08-2025,22:20:08,20-08-2025,22:20:09,20-08-2025,22:21:30,COMPLETED,0,1
79KWH,8,1,FULL,20-08-2025,22:21:40,20-08-2025,22:21:41,20-08-2025,22:22:44,COMPLETED,0,1
79KWH,8,3,FULL,20-08-2025,22:22:46,20-08-2025,22:22:47,20-08-2025,22:24:03,COMPLETED,0,1
79KWH,8,2,FULL,20-08-2025,22:23:07,20-08-2025,22:23:09,20-08-2025,22:24:30,COMPLETED,0,1
79KWH,8,1,FULL,20-08-2025,22:24:23,20-08-2025,22:25:06,20-08-2025,22:27:01,COMPLETED,0,1
79KWH,8,3,FULL,20-08-2025,22:25:40,20-08-2025,22:26:08,20-08-2025,22:28:12,COMPLETED,0,1
79KWH,8,2,FULL,20-08-2025,22:25:43,20-08-2025,22:26:23,20-08-2025,22:28:29,COMPLETED,0,1
79KWH,8,1,FULL,20-08-2025,22:27:20,20-08-2025,22:27:21,20-08-2025,22:28:23,COMPLETED,0,1
79KWH,8,3,FULL,20-08-2025,22:28:21,20-08-2025,22:28:22,20-08-2025,22:29:38,COMPLETED,0,1
79KWH,8,2,FULL,20-08-2025,22:28:44,20-08-2025,22:30:22,20-08-2025,22:32:30,COMPLETED,0,1
79KWH,8,1,FULL,20-08-2025,22:29:59,20-08-2025,22:29:59,20-08-2025,22:31:00,COMPLETED,0,1
79KWH,8,3,FULL,20-08-2025,22:31:15,20-08-2025,22:31:45,20-08-2025,22:33:52,COMPLETED,0,1
79KWH,8,2,FULL,20-08-2025,22:32:37,20-08-2025,22:32:39,20-08-2025,22:34:02,COMPLETED,0,1
79KWH,8,1,FULL,20-08-2025,22:37:04,20-08-2025,22:37:05,20-08-2025,22:38:10,COMPLETED,0,1
79KWH,8,3,FULL,20-08-2025,22:38:09,20-08-2025,22:38:09,20-08-2025,22:39:27,COMPLETED,0,1
79KWH,8,2,FULL,20-08-2025,22:38:29,20-08-2025,22:40:06,20-08-2025,22:42:15,COMPLETED,0,1
79KWH,8,1,FULL,20-08-2025,22:39:47,20-08-2025,22:40:13,20-08-2025,22:42:10,COMPLETED,0,1
79KWH,8,3,FULL,20-08-2025,22:41:01,20-08-2025,22:41:32,20-08-2025,22:43:37,COMPLETED,0,1
79KWH,8,2,FULL,20-08-2025,22:42:21,20-08-2025,22:42:24,20-08-2025,22:43:49,COMPLETED,0,1
79KWH,8,1,FULL,20-08-2025,22:42:38,20-08-2025,22:44:07,20-08-2025,22:46:06,COMPLETED,0,1
79KWH,8,3,FULL,20-08-2025,22:43:43,20-08-2025,22:43:46,20-08-2025,22:45:05,COMPLETED,0,1
79KWH,8,2,FULL,20-08-2025,22:44:06,20-08-2025,22:44:06,20-08-2025,22:45:32,COMPLETED,0,1
79KWH,8,1,FULL,20-08-2025,22:46:11,20-08-2025,22:46:14,20-08-2025,22:47:18,COMPLETED,0,1
79KWH,8,3,FULL,20-08-2025,22:46:36,20-08-2025,22:47:21,20-08-2025,22:49:28,COMPLETED,0,1
79KWH,8,2,FULL,20-08-2025,22:46:42,20-08-2025,22:46:43,20-08-2025,22:48:09,COMPLETED,0,1
79KWH,8,1,FULL,20-08-2025,22:48:13,20-08-2025,22:48:13,20-08-2025,22:49:19,COMPLETED,0,1
79KWH,8,3,FULL,20-08-2025,22:49:35,20-08-2025,22:49:37,20-08-2025,22:50:57,COMPLETED,0,1
79KWH,8,2,FULL,20-08-2025,22:51:09,20-08-2025,22:51:10,20-08-2025,22:52:38,COMPLETED,0,1
79KWH,8,1,FULL,20-08-2025,22:52:25,20-08-2025,22:52:26,20-08-2025,22:53:35,COMPLETED,0,1
79KWH,8,3,FULL,20-08-2025,22:53:40,20-08-2025,22:53:42,20-08-2025,22:55:05,COMPLETED,0,1
79KWH,8,2,FULL,20-08-2025,22:53:45,20-08-2025,22:53:45,20-08-2025,22:55:12,COMPLETED,0,1
79KWH,8,1,FULL,20-08-2025,22:55:18,20-08-2025,22:55:18,20-08-2025,22:56:26,COMPLETED,0,1
79KWH,8,3,FULL,20-08-2025,22:56:24,20-08-2025,22:56:24,20-08-2025,22:57:46,COMPLETED,0,1
79KWH,8,2,FULL,20-08-2025,22:56:45,20-08-2025,22:56:47,20-08-2025,22:58:16,COMPLETED,0,1
79KWH,8,1,FULL,20-08-2025,22:58:01,20-08-2025,22:58:03,20-08-2025,22:59:09,COMPLETED,0,1
79KWH,8,3,FULL,20-08-2025,22:59:17,20-08-2025,22:59:18,20-08-2025,23:00:43,COMPLETED,0,1
79KWH,8,2,FULL,20-08-2025,22:59:21,20-08-2025,22:59:21,20-08-2025,23:00:48,COMPLETED,0,1
79KWH,8,1,FULL,20-08-2025,23:00:54,20-08-2025,23:00:55,20-08-2025,23:02:04,COMPLETED,0,1
79KWH,8,3,FULL,20-08-2025,23:01:59,20-08-2025,23:02:00,20-08-2025,23:03:22,COMPLETED,0,1
79KWH,8,2,FULL,20-08-2025,23:02:20,20-08-2025,23:03:42,20-08-2025,23:05:53,COMPLETED,0,1
79KWH,8,1,FULL,20-08-2025,23:03:36,20-08-2025,23:04:05,20-08-2025,23:06:07,COMPLETED,0,1
79KWH,8,3,FULL,20-08-2025,23:04:52,20-08-2025,23:05:24,20-08-2025,23:07:34,COMPLETED,0,1
79KWH,8,2,FULL,20-08-2025,23:06:00,20-08-2025,23:06:02,20-08-2025,23:07:31,COMPLETED,0,1
79KWH,8,1,FULL,20-08-2025,23:06:28,20-08-2025,23:08:04,20-08-2025,23:10:06,COMPLETED,0,1
79KWH,8,3,FULL,20-08-2025,23:07:40,20-08-2025,23:07:42,20-08-2025,23:09:07,COMPLETED,0,1
79KWH,8,2,FULL,20-08-2025,23:07:56,20-08-2025,23:07:56,20-08-2025,23:09:26,COMPLETED,0,1
79KWH,8,1,FULL,20-08-2025,23:10:11,20-08-2025,23:10:14,20-08-2025,23:11:23,COMPLETED,0,1
79KWH,8,3,FULL,20-08-2025,23:10:28,20-08-2025,23:10:29,20-08-2025,23:11:56,COMPLETED,0,1
79KWH,8,2,FULL,20-08-2025,23:10:31,20-08-2025,23:10:32,20-08-2025,23:12:02,COMPLETED,0,1
79KWH,8,1,FULL,20-08-2025,23:12:04,20-08-2025,23:12:05,20-08-2025,23:13:17,COMPLETED,0,1
79KWH,8,3,FULL,20-08-2025,23:13:09,20-08-2025,23:13:10,20-08-2025,23:14:37,COMPLETED,0,1
79KWH,8,2,FULL,20-08-2025,23:13:29,20-08-2025,23:13:31,20-08-2025,23:15:02,COMPLETED,0,1
79KWH,8,1,FULL,20-08-2025,23:14:47,20-08-2025,23:14:47,20-08-2025,23:15:58,COMPLETED,0,1
79KWH,8,3,FULL,20-08-2025,23:16:02,20-08-2025,23:16:03,20-08-2025,23:17:32,COMPLETED,0,1
79KWH,8,2,FULL,20-08-2025,23:16:06,20-08-2025,23:16:08,20-08-2025,23:17:39,COMPLETED,0,1
79KWH,8,1,FULL,20-08-2025,23:17:38,20-08-2025,23:17:39,20-08-2025,23:18:51,COMPLETED,0,1
79KWH,8,3,FULL,20-08-2025,23:18:46,20-08-2025,23:18:47,20-08-2025,23:20:13,COMPLETED,0,1
79KWH,8,2,FULL,20-08-2025,23:19:06,20-08-2025,23:19:07,20-08-2025,23:20:41,COMPLETED,0,1
79KWH,8,1,FULL,20-08-2025,23:20:21,20-08-2025,23:20:23,20-08-2025,23:21:33,COMPLETED,0,1
79KWH,8,3,FULL,20-08-2025,23:21:37,20-08-2025,23:21:38,20-08-2025,23:23:08,COMPLETED,0,1
79KWH,8,2,FULL,20-08-2025,23:21:42,20-08-2025,23:21:43,20-08-2025,23:23:15,COMPLETED,0,1
79KWH,8,1,FULL,20-08-2025,23:23:14,20-08-2025,23:23:30,20-08-2025,23:25:33,COMPLETED,0,1
79KWH,8,3,FULL,20-08-2025,23:24:20,20-08-2025,23:24:21,20-08-2025,23:25:49,COMPLETED,0,1
79KWH,8,2,FULL,20-08-2025,23:24:41,20-08-2025,23:24:42,20-08-2025,23:26:16,COMPLETED,0,1
79KWH,8,1,FULL,20-08-2025,23:25:56,20-08-2025,23:27:28,20-08-2025,23:33:05,COMPLETED,0,1
79KWH,8,3,FULL,20-08-2025,23:27:14,20-08-2025,23:27:15,20-08-2025,23:28:45,COMPLETED,0,1
79KWH,8,2,FULL,20-08-2025,23:27:17,20-08-2025,23:27:17,20-08-2025,23:28:50,COMPLETED,0,1
79KWH,8,3,FULL,20-08-2025,23:29:56,20-08-2025,23:29:56,20-08-2025,23:31:26,COMPLETED,0,1
79KWH,8,2,FULL,20-08-2025,23:30:17,20-08-2025,23:30:18,20-08-2025,23:31:54,COMPLETED,0,1
79KWH,8,3,FULL,20-08-2025,23:32:48,20-08-2025,23:32:49,20-08-2025,23:38:35,COMPLETED,0,1
79KWH,8,2,FULL,20-08-2025,23:32:53,20-08-2025,23:32:54,20-08-2025,23:34:28,COMPLETED,0,1
79KWH,8,1,FULL,20-08-2025,23:33:13,20-08-2025,23:35:03,20-08-2025,23:37:06,COMPLETED,0,1
79KWH,8,2,FULL,20-08-2025,23:35:53,20-08-2025,23:35:53,20-08-2025,23:37:30,COMPLETED,0,1
79KWH,8,1,FULL,20-08-2025,23:37:11,20-08-2025,23:37:14,20-08-2025,23:38:27,COMPLETED,0,1
79KWH,8,2,FULL,20-08-2025,23:38:28,20-08-2025,23:38:29,20-08-2025,23:40:05,COMPLETED,0,1
79KWH,8,1,FULL,20-08-2025,23:38:36,20-08-2025,23:38:37,20-08-2025,23:39:53,COMPLETED,0,1
79KWH,8,3,FULL,20-08-2025,23:38:42,20-08-2025,23:38:44,20-08-2025,23:40:14,COMPLETED,0,1
79KWH,8,1,FULL,20-08-2025,23:39:58,20-08-2025,23:40:02,20-08-2025,23:41:16,COMPLETED,0,1
79KWH,8,3,FULL,20-08-2025,23:40:23,20-08-2025,23:40:24,20-08-2025,23:41:57,COMPLETED,0,1
79KWH,8,1,FULL,20-08-2025,23:41:25,20-08-2025,23:43:10,20-08-2025,23:45:14,COMPLETED,0,1
79KWH,8,2,FULL,20-08-2025,23:41:27,20-08-2025,23:41:28,20-08-2025,23:43:05,COMPLETED,0,1
79KWH,8,3,FULL,20-08-2025,23:42:03,20-08-2025,23:42:06,20-08-2025,23:43:36,COMPLETED,0,1
79KWH,8,3,FULL,20-08-2025,23:44:00,20-08-2025,23:45:51,20-08-2025,23:48:04,COMPLETED,0,1
79KWH,8,2,FULL,20-08-2025,23:44:04,20-08-2025,23:44:50,20-08-2025,23:47:02,COMPLETED,0,1
79KWH,8,1,FULL,20-08-2025,23:45:21,20-08-2025,23:45:23,20-08-2025,23:46:38,COMPLETED,0,1
79KWH,8,1,FULL,20-08-2025,23:46:47,20-08-2025,23:48:34,20-08-2025,23:50:39,COMPLETED,0,1
79KWH,8,2,FULL,20-08-2025,23:47:17,20-08-2025,23:48:50,20-08-2025,23:51:05,COMPLETED,0,1
79KWH,8,3,FULL,20-08-2025,23:48:10,20-08-2025,23:48:13,20-08-2025,23:49:45,COMPLETED,0,1
79KWH,8,3,FULL,20-08-2025,23:49:54,20-08-2025,23:51:44,20-08-2025,23:53:57,COMPLETED,0,1
79KWH,8,1,FULL,20-08-2025,23:50:45,20-08-2025,23:50:49,20-08-2025,23:52:05,COMPLETED,0,1
79KWH,8,2,FULL,20-08-2025,23:51:11,20-08-2025,23:51:13,20-08-2025,23:52:51,COMPLETED,0,1
79KWH,8,1,FULL,20-08-2025,23:52:13,20-08-2025,23:53:56,20-08-2025,23:56:00,COMPLETED,0,1
79KWH,8,2,FULL,20-08-2025,23:53:06,20-08-2025,23:53:07,20-08-2025,23:54:47,COMPLETED,0,1
79KWH,8,3,FULL,20-08-2025,23:54:04,20-08-2025,23:54:07,20-08-2025,23:55:40,COMPLETED,0,1
79KWH,8,1,FULL,20-08-2025,23:56:06,20-08-2025,23:56:09,20-08-2025,23:57:26,COMPLETED,0,1
79KWH,8,2,FULL,22-08-2025,22:26:07,22-08-2025,22:26:08,22-08-2025,22:28:25,COMPLETED,0,1
79KWH,8,3,FULL,22-08-2025,22:26:08,22-08-2025,22:26:10,22-08-2025,22:28:25,COMPLETED,0,1
79KWH,8,1,FULL,22-08-2025,22:30:37,22-08-2025,22:30:37,22-08-2025,22:32:42,COMPLETED,0,1
79KWH,8,3,FULL,22-08-2025,22:31:41,22-08-2025,22:31:42,22-08-2025,22:33:16,COMPLETED,0,1
79KWH,8,2,FULL,22-08-2025,22:31:52,22-08-2025,22:31:53,22-08-2025,22:33:32,COMPLETED,0,1
79KWH,8,1,FULL,22-08-2025,22:33:21,22-08-2025,22:33:21,22-08-2025,22:34:39,COMPLETED,0,1
79KWH,8,3,FULL,22-08-2025,22:34:32,22-08-2025,22:34:33,22-08-2025,22:36:09,COMPLETED,0,1
79KWH,8,2,FULL,22-08-2025,22:34:45,22-08-2025,22:34:47,22-08-2025,22:36:28,COMPLETED,0,1
79KWH,8,1,FULL,22-08-2025,22:36:11,22-08-2025,22:36:12,22-08-2025,22:37:32,COMPLETED,0,1
79KWH,8,3,FULL,22-08-2025,22:37:15,22-08-2025,22:37:16,22-08-2025,22:38:51,COMPLETED,0,1
79KWH,8,2,FULL,22-08-2025,22:37:29,22-08-2025,22:37:29,22-08-2025,22:39:09,COMPLETED,0,1
79KWH,8,1,FULL,22-08-2025,22:38:51,22-08-2025,22:38:52,22-08-2025,22:40:12,COMPLETED,0,1
79KWH,8,3,FULL,22-08-2025,22:40:08,22-08-2025,22:40:10,22-08-2025,22:41:48,COMPLETED,0,1
79KWH,8,2,FULL,22-08-2025,22:40:20,22-08-2025,22:40:20,22-08-2025,22:42:02,COMPLETED,0,1
79KWH,8,1,FULL,22-08-2025,22:41:45,22-08-2025,22:41:46,22-08-2025,22:43:09,COMPLETED,0,1
79KWH,8,3,FULL,22-08-2025,22:42:54,22-08-2025,22:42:55,22-08-2025,22:44:31,COMPLETED,0,1
79KWH,8,2,FULL,22-08-2025,22:43:03,22-08-2025,22:43:04,22-08-2025,22:44:46,COMPLETED,0,1
79KWH,8,1,FULL,22-08-2025,22:44:26,22-08-2025,22:44:28,22-08-2025,22:45:50,COMPLETED,0,1
79KWH,8,3,FULL,22-08-2025,22:45:43,22-08-2025,22:45:43,22-08-2025,22:47:22,COMPLETED,0,1
79KWH,8,2,FULL,22-08-2025,22:45:54,22-08-2025,22:45:55,22-08-2025,22:47:38,COMPLETED,0,1
79KWH,8,1,FULL,22-08-2025,22:47:20,22-08-2025,22:47:21,22-08-2025,22:48:45,COMPLETED,0,1
79KWH,8,2,FULL,22-08-2025,22:48:38,22-08-2025,22:48:39,22-08-2025,22:50:21,COMPLETED,0,1
79KWH,8,3,FULL,22-08-2025,22:48:44,22-08-2025,22:48:44,22-08-2025,22:50:21,COMPLETED,0,1
79KWH,8,1,FULL,22-08-2025,22:50:03,22-08-2025,22:50:03,22-08-2025,22:51:26,COMPLETED,0,1
79KWH,8,3,FULL,22-08-2025,22:51:17,22-08-2025,22:51:18,22-08-2025,22:52:56,COMPLETED,0,1
79KWH,8,2,FULL,22-08-2025,22:51:29,22-08-2025,22:51:31,22-08-2025,22:53:16,COMPLETED,0,1
79KWH,8,1,FULL,22-08-2025,22:52:56,22-08-2025,22:52:56,22-08-2025,22:54:22,COMPLETED,0,1
79KWH,8,3,FULL,22-08-2025,22:54:01,22-08-2025,22:54:02,22-08-2025,22:55:41,COMPLETED,0,1
79KWH,8,2,FULL,22-08-2025,22:54:13,22-08-2025,22:54:15,22-08-2025,22:55:56,COMPLETED,0,1
79KWH,8,1,FULL,22-08-2025,22:55:43,22-08-2025,22:55:44,22-08-2025,22:57:10,COMPLETED,0,1
79KWH,8,3,FULL,22-08-2025,22:56:54,22-08-2025,22:56:54,22-08-2025,22:58:35,COMPLETED,0,1
79KWH,8,2,FULL,22-08-2025,22:57:03,22-08-2025,22:57:04,22-08-2025,22:58:51,COMPLETED,0,1
79KWH,8,1,FULL,22-08-2025,22:58:28,22-08-2025,22:58:29,22-08-2025,22:59:55,COMPLETED,0,1
79KWH,8,3,FULL,22-08-2025,22:59:36,22-08-2025,22:59:36,22-08-2025,23:01:16,COMPLETED,0,1
79KWH,8,2,FULL,22-08-2025,22:59:48,22-08-2025,22:59:49,22-08-2025,23:01:33,COMPLETED,0,1
79KWH,8,1,FULL,22-08-2025,23:01:13,22-08-2025,23:01:13,22-08-2025,23:02:38,COMPLETED,0,1
79KWH,8,3,FULL,22-08-2025,23:02:28,22-08-2025,23:02:29,22-08-2025,23:04:11,COMPLETED,0,1
79KWH,8,2,FULL,22-08-2025,23:02:40,22-08-2025,23:02:41,22-08-2025,23:04:27,COMPLETED,0,1
79KWH,8,1,FULL,22-08-2025,23:04:04,22-08-2025,23:04:04,22-08-2025,23:05:31,COMPLETED,0,1
79KWH,8,3,FULL,22-08-2025,23:05:10,22-08-2025,23:05:11,22-08-2025,23:06:51,COMPLETED,0,1
79KWH,8,2,FULL,22-08-2025,23:05:24,22-08-2025,23:05:24,22-08-2025,23:07:10,COMPLETED,0,1
79KWH,8,1,FULL,22-08-2025,23:06:48,22-08-2025,23:06:49,22-08-2025,23:08:15,COMPLETED,0,1
79KWH,8,3,FULL,22-08-2025,23:08:04,22-08-2025,23:08:04,22-08-2025,23:09:48,COMPLETED,0,1
79KWH,8,2,FULL,22-08-2025,23:08:17,22-08-2025,23:08:18,22-08-2025,23:10:07,COMPLETED,0,1
79KWH,8,1,FULL,22-08-2025,23:09:40,22-08-2025,23:09:41,22-08-2025,23:11:10,COMPLETED,0,1
79KWH,8,3,FULL,22-08-2025,23:10:46,22-08-2025,23:10:48,22-08-2025,23:12:29,COMPLETED,0,1
79KWH,8,2,FULL,22-08-2025,23:11:00,22-08-2025,23:11:01,22-08-2025,23:12:48,COMPLETED,0,1
79KWH,8,1,FULL,22-08-2025,23:12:23,22-08-2025,23:12:24,22-08-2025,23:13:51,COMPLETED,0,1
79KWH,8,3,FULL,22-08-2025,23:13:39,22-08-2025,23:13:40,22-08-2025,23:15:26,COMPLETED,0,1
79KWH,8,2,FULL,22-08-2025,23:13:49,22-08-2025,23:13:50,22-08-2025,23:15:39,COMPLETED,0,1
79KWH,8,1,FULL,22-08-2025,23:15:15,22-08-2025,23:15:16,22-08-2025,23:16:45,COMPLETED,0,1
79KWH,8,3,FULL,22-08-2025,23:16:21,22-08-2025,23:16:21,22-08-2025,23:18:04,COMPLETED,0,1
79KWH,8,2,FULL,22-08-2025,23:16:34,22-08-2025,23:16:36,22-08-2025,23:18:24,COMPLETED,0,1
79KWH,8,1,FULL,22-08-2025,23:17:57,22-08-2025,23:17:58,22-08-2025,23:19:26,COMPLETED,0,1
79KWH,8,3,FULL,22-08-2025,23:19:13,22-08-2025,23:19:13,22-08-2025,23:21:00,COMPLETED,0,1
79KWH,8,2,FULL,22-08-2025,23:19:23,22-08-2025,23:19:24,22-08-2025,23:21:14,COMPLETED,0,1
79KWH,8,1,FULL,22-08-2025,23:20:55,22-08-2025,23:20:56,22-08-2025,23:22:28,COMPLETED,0,1
79KWH,8,3,FULL,22-08-2025,23:21:55,22-08-2025,23:21:56,22-08-2025,23:23:41,COMPLETED,0,1
79KWH,8,2,FULL,22-08-2025,23:22:08,22-08-2025,23:22:08,22-08-2025,23:23:57,COMPLETED,0,1
79KWH,8,1,FULL,22-08-2025,23:23:33,22-08-2025,23:23:33,22-08-2025,23:25:03,COMPLETED,0,1
79KWH,8,3,FULL,22-08-2025,23:24:49,22-08-2025,23:24:50,22-08-2025,23:26:37,COMPLETED,0,1
79KWH,8,2,FULL,22-08-2025,23:25:00,22-08-2025,23:26:29,22-08-2025,23:28:51,COMPLETED,0,1
79KWH,8,1,FULL,22-08-2025,23:26:27,22-08-2025,23:26:27,22-08-2025,23:27:59,COMPLETED,0,1
79KWH,8,3,FULL,22-08-2025,23:27:30,22-08-2025,23:28:29,22-08-2025,23:30:46,COMPLETED,0,1
79KWH,8,2,FULL,22-08-2025,23:28:57,22-08-2025,23:29:00,22-08-2025,23:30:50,COMPLETED,0,1
79KWH,8,1,FULL,22-08-2025,23:29:09,22-08-2025,23:29:10,22-08-2025,23:30:40,COMPLETED,0,1
79KWH,8,3,FULL,22-08-2025,23:30:56,22-08-2025,23:32:24,22-08-2025,23:34:44,COMPLETED,0,1
79KWH,8,2,FULL,22-08-2025,23:31:03,22-08-2025,23:32:55,22-08-2025,23:35:17,COMPLETED,0,1
79KWH,8,1,FULL,22-08-2025,23:32:00,22-08-2025,23:32:01,22-08-2025,23:33:34,COMPLETED,0,1
79KWH,8,1,FULL,22-08-2025,23:34:44,22-08-2025,23:34:45,22-08-2025,23:36:17,COMPLETED,0,1
79KWH,8,3,FULL,22-08-2025,23:34:52,22-08-2025,23:36:29,22-08-2025,23:38:47,COMPLETED,0,1
79KWH,8,2,FULL,22-08-2025,23:35:23,22-08-2025,23:37:16,22-08-2025,23:39:36,COMPLETED,0,1
79KWH,8,1,FULL,22-08-2025,23:37:35,22-08-2025,23:37:37,22-08-2025,23:39:11,COMPLETED,0,1
79KWH,8,3,FULL,22-08-2025,23:38:56,22-08-2025,23:40:25,22-08-2025,23:42:46,COMPLETED,0,1
79KWH,8,1,FULL,22-08-2025,23:39:24,22-08-2025,23:39:25,22-08-2025,23:40:58,COMPLETED,0,1
79KWH,8,2,FULL,22-08-2025,23:39:49,22-08-2025,23:41:37,22-08-2025,23:44:00,COMPLETED,0,1
79KWH,8,1,FULL,22-08-2025,23:42:12,22-08-2025,23:42:13,22-08-2025,23:43:48,COMPLETED,0,1
79KWH,8,3,FULL,22-08-2025,23:42:53,22-08-2025,23:42:54,22-08-2025,23:44:41,COMPLETED,0,1
79KWH,8,2,FULL,22-08-2025,23:44:06,22-08-2025,23:44:09,22-08-2025,23:46:02,COMPLETED,0,1
79KWH,8,3,FULL,22-08-2025,23:44:51,22-08-2025,23:46:23,22-08-2025,23:48:43,COMPLETED,0,1
79KWH,8,2,FULL,23-08-2025,07:10:40,23-08-2025,07:10:42,23-08-2025,07:13:04,COMPLETED,0,1
79KWH,8,1,FULL,23-08-2025,07:11:59,23-08-2025,07:12:00,23-08-2025,07:13:36,COMPLETED,0,1
79KWH,8,3,FULL,23-08-2025,07:13:13,23-08-2025,07:13:21,23-08-2025,07:15:42,COMPLETED,0,1
79KWH,8,2,FULL,23-08-2025,07:13:18,23-08-2025,07:14:53,23-08-2025,07:17:15,COMPLETED,0,1
79KWH,8,1,FULL,23-08-2025,07:14:50,23-08-2025,07:14:51,23-08-2025,07:16:25,COMPLETED,0,1
79KWH,8,3,FULL,23-08-2025,07:15:55,23-08-2025,07:15:55,23-08-2025,07:17:44,COMPLETED,0,1
79KWH,8,2,FULL,23-08-2025,07:17:28,23-08-2025,07:17:28,23-08-2025,07:19:23,COMPLETED,0,1
79KWH,8,1,FULL,23-08-2025,07:17:33,23-08-2025,07:17:35,23-08-2025,07:19:10,COMPLETED,0,1
79KWH,8,3,FULL,23-08-2025,07:18:47,23-08-2025,07:18:49,23-08-2025,07:20:41,COMPLETED,0,1
79KWH,8,2,FULL,23-08-2025,07:19:30,23-08-2025,07:19:33,23-08-2025,07:21:26,COMPLETED,0,1
79KWH,8,1,FULL,23-08-2025,07:20:23,23-08-2025,07:20:24,23-08-2025,07:21:58,COMPLETED,0,1
79KWH,8,3,FULL,23-08-2025,07:21:30,23-08-2025,07:21:31,23-08-2025,07:23:21,COMPLETED,0,1
79KWH,8,2,FULL,23-08-2025,07:21:51,23-08-2025,07:21:52,23-08-2025,07:23:48,COMPLETED,0,1
79KWH,8,1,FULL,23-08-2025,07:23:11,23-08-2025,07:23:11,23-08-2025,07:24:49,COMPLETED,0,1
79KWH,8,3,FULL,23-08-2025,07:24:24,23-08-2025,07:24:25,23-08-2025,07:26:18,COMPLETED,0,1
79KWH,8,2,FULL,23-08-2025,07:24:27,23-08-2025,07:24:28,23-08-2025,07:26:23,COMPLETED,0,1
79KWH,8,1,FULL,23-08-2025,07:25:58,23-08-2025,07:25:58,23-08-2025,07:27:33,COMPLETED,0,1
79KWH,8,3,FULL,23-08-2025,07:27:06,23-08-2025,07:27:07,23-08-2025,07:28:59,COMPLETED,0,1
79KWH,8,2,FULL,23-08-2025,07:27:25,23-08-2025,07:27:26,23-08-2025,07:29:23,COMPLETED,0,1
79KWH,8,1,FULL,23-08-2025,07:28:45,23-08-2025,07:28:46,23-08-2025,07:30:24,COMPLETED,0,1
79KWH,8,3,FULL,23-08-2025,07:29:57,23-08-2025,07:29:58,23-08-2025,07:31:53,COMPLETED,0,1
79KWH,8,2,FULL,23-08-2025,07:30:03,23-08-2025,07:30:03,23-08-2025,07:31:59,COMPLETED,0,1
79KWH,8,1,FULL,23-08-2025,07:31:32,23-08-2025,07:31:32,23-08-2025,07:33:10,COMPLETED,0,1
79KWH,8,3,FULL,23-08-2025,07:32:39,23-08-2025,07:32:41,23-08-2025,07:34:33,COMPLETED,0,1
79KWH,8,2,FULL,23-08-2025,07:33:00,23-08-2025,07:33:00,23-08-2025,07:34:59,COMPLETED,0,1
79KWH,8,1,FULL,23-08-2025,07:34:19,23-08-2025,07:34:19,23-08-2025,07:35:59,COMPLETED,0,1
79KWH,8,3,FULL,23-08-2025,07:39:59,23-08-2025,07:40:00,23-08-2025,07:41:55,COMPLETED,0,1
79KWH,8,2,FULL,23-08-2025,07:40:06,23-08-2025,07:40:07,23-08-2025,07:42:05,COMPLETED,0,1
79KWH,8,1,FULL,23-08-2025,07:41:35,23-08-2025,07:41:37,23-08-2025,07:43:16,COMPLETED,0,1
79KWH,8,3,FULL,23-08-2025,07:42:44,23-08-2025,07:42:44,23-08-2025,07:44:38,COMPLETED,0,1
79KWH,8,2,FULL,23-08-2025,07:43:03,23-08-2025,07:43:03,23-08-2025,07:45:03,COMPLETED,0,1
79KWH,8,1,FULL,23-08-2025,07:44:22,23-08-2025,07:44:22,23-08-2025,07:46:04,COMPLETED,0,1
79KWH,8,3,FULL,23-08-2025,07:45:35,23-08-2025,07:45:35,23-08-2025,07:47:32,COMPLETED,0,1
79KWH,8,2,FULL,23-08-2025,07:45:39,23-08-2025,07:45:40,23-08-2025,07:47:37,COMPLETED,0,1
79KWH,8,1,FULL,23-08-2025,07:47:11,23-08-2025,07:47:12,23-08-2025,07:48:51,COMPLETED,0,1
79KWH,8,3,FULL,23-08-2025,07:48:17,23-08-2025,07:49:08,23-08-2025,07:51:31,COMPLETED,0,1
79KWH,8,2,FULL,23-08-2025,07:48:37,23-08-2025,07:49:33,23-08-2025,07:51:59,COMPLETED,0,1
79KWH,8,1,FULL,23-08-2025,07:49:55,23-08-2025,07:49:56,23-08-2025,07:51:39,COMPLETED,0,1
79KWH,8,3,FULL,23-08-2025,07:51:38,23-08-2025,07:53:10,23-08-2025,07:55:34,COMPLETED,0,1
79KWH,8,2,FULL,23-08-2025,07:52:05,23-08-2025,07:52:08,23-08-2025,07:54:08,COMPLETED,0,1
79KWH,8,1,FULL,23-08-2025,07:52:46,23-08-2025,07:52:46,23-08-2025,07:54:28,COMPLETED,0,1
79KWH,8,2,FULL,23-08-2025,07:54:22,23-08-2025,07:55:57,23-08-2025,07:58:25,COMPLETED,0,1
79KWH,8,1,FULL,23-08-2025,07:55:31,23-08-2025,07:55:33,23-08-2025,07:57:16,COMPLETED,0,1
79KWH,8,3,FULL,23-08-2025,07:55:41,23-08-2025,07:55:43,23-08-2025,07:57:38,COMPLETED,0,1
79KWH,8,3,FULL,23-08-2025,07:57:46,23-08-2025,07:59:11,23-08-2025,08:01:36,COMPLETED,0,1
79KWH,8,1,FULL,23-08-2025,07:58:20,23-08-2025,07:58:21,23-08-2025,08:00:03,COMPLETED,0,1
79KWH,8,2,FULL,23-08-2025,07:58:31,23-08-2025,07:58:34,23-08-2025,08:00:36,COMPLETED,0,1
79KWH,8,2,FULL,23-08-2025,08:00:50,23-08-2025,08:00:51,23-08-2025,08:02:55,COMPLETED,0,1
79KWH,8,1,FULL,23-08-2025,08:01:06,23-08-2025,08:01:06,23-08-2025,08:02:51,COMPLETED,0,1
79KWH,8,3,FULL,23-08-2025,08:01:43,23-08-2025,08:01:46,23-08-2025,08:03:43,COMPLETED,0,1
79KWH,8,2,FULL,23-08-2025,08:03:02,23-08-2025,08:03:03,23-08-2025,08:05:06,COMPLETED,0,1
79KWH,8,3,FULL,23-08-2025,08:03:52,23-08-2025,08:03:53,23-08-2025,08:05:52,COMPLETED,0,1
79KWH,8,1,FULL,23-08-2025,08:04:29,23-08-2025,08:04:30,23-08-2025,08:06:12,COMPLETED,0,1
79KWH,8,2,FULL,23-08-2025,08:05:58,23-08-2025,08:05:59,23-08-2025,08:08:04,COMPLETED,0,1
79KWH,8,3,FULL,23-08-2025,08:05:59,23-08-2025,08:06:02,23-08-2025,08:08:00,COMPLETED,0,1
79KWH,8,1,FULL,23-08-2025,08:07:16,23-08-2025,08:07:16,23-08-2025,08:09:02,COMPLETED,0,1
79KWH,8,3,FULL,23-08-2025,08:08:29,23-08-2025,08:09:37,23-08-2025,08:12:05,COMPLETED,0,1
79KWH,8,2,FULL,23-08-2025,08:08:34,23-08-2025,08:10:03,23-08-2025,08:12:29,COMPLETED,0,1
79KWH,8,1,FULL,23-08-2025,08:10:05,23-08-2025,08:10:06,23-08-2025,08:11:50,COMPLETED,0,1
79KWH,8,3,FULL,23-08-2025,08:12:10,23-08-2025,08:13:41,23-08-2025,08:16:06,COMPLETED,0,1
79KWH,8,2,FULL,23-08-2025,08:12:42,23-08-2025,08:14:20,23-08-2025,08:16:49,COMPLETED,0,1
79KWH,8,1,FULL,23-08-2025,08:12:52,23-08-2025,08:12:53,23-08-2025,08:14:41,COMPLETED,0,1
79KWH,8,1,FULL,23-08-2025,08:15:41,23-08-2025,08:15:41,23-08-2025,08:17:27,COMPLETED,0,1
79KWH,8,3,FULL,23-08-2025,08:16:14,23-08-2025,08:17:46,23-08-2025,08:20:13,COMPLETED,0,1
79KWH,8,2,FULL,23-08-2025,08:16:57,23-08-2025,08:16:58,23-08-2025,08:19:02,COMPLETED,0,1
79KWH,8,1,FULL,23-08-2025,08:17:36,23-08-2025,08:17:37,23-08-2025,08:19:25,COMPLETED,0,1
79KWH,8,2,FULL,23-08-2025,08:19:16,23-08-2025,08:19:17,23-08-2025,08:21:23,COMPLETED,0,1
79KWH,8,1,FULL,23-08-2025,08:20:18,23-08-2025,08:20:19,23-08-2025,08:22:05,COMPLETED,0,1
79KWH,8,3,FULL,23-08-2025,08:20:19,23-08-2025,08:20:22,23-08-2025,08:22:23,COMPLETED,0,1
79KWH,8,2,FULL,23-08-2025,08:21:37,23-08-2025,08:21:38,23-08-2025,08:23:43,COMPLETED,0,1
79KWH,8,3,FULL,23-08-2025,08:22:31,23-08-2025,08:22:31,23-08-2025,08:24:35,COMPLETED,0,1
79KWH,8,1,FULL,23-08-2025,08:23:08,23-08-2025,08:23:08,23-08-2025,08:24:58,COMPLETED,0,1
79KWH,8,2,FULL,23-08-2025,08:24:35,23-08-2025,08:24:35,23-08-2025,08:26:43,COMPLETED,0,1
79KWH,8,3,FULL,23-08-2025,08:24:40,23-08-2025,08:24:44,23-08-2025,08:26:45,COMPLETED,0,1
79KWH,8,1,FULL,23-08-2025,08:25:52,23-08-2025,08:25:52,23-08-2025,08:27:40,COMPLETED,0,1
79KWH,8,3,FULL,23-08-2025,08:26:54,23-08-2025,08:28:19,23-08-2025,08:30:47,COMPLETED,0,1
79KWH,8,2,FULL,23-08-2025,08:27:12,23-08-2025,08:28:42,23-08-2025,08:31:10,COMPLETED,0,1
79KWH,8,1,FULL,23-08-2025,08:28:44,23-08-2025,08:28:45,23-08-2025,08:30:35,COMPLETED,0,1
79KWH,8,3,FULL,23-08-2025,08:30:54,23-08-2025,08:30:56,23-08-2025,08:32:58,COMPLETED,0,1
79KWH,8,2,FULL,23-08-2025,08:31:23,23-08-2025,08:32:33,23-08-2025,08:34:30,COMPLETED,0,1
79KWH,8,1,FULL,23-08-2025,08:31:27,23-08-2025,08:31:28,23-08-2025,08:33:16,COMPLETED,0,1
79KWH,8,3,FULL,23-08-2025,08:33:07,23-08-2025,08:34:36,23-08-2025,08:37:04,COMPLETED,0,1
79KWH,8,1,FULL,23-08-2025,08:34:20,23-08-2025,08:34:20,23-08-2025,08:36:12,COMPLETED,0,1
79KWH,8,2,FULL,23-08-2025,08:34:37,23-08-2025,08:36:27,23-08-2025,08:38:55,COMPLETED,0,1
79KWH,8,1,FULL,23-08-2025,08:37:01,23-08-2025,08:37:02,23-08-2025,08:38:52,COMPLETED,0,1
79KWH,8,3,FULL,23-08-2025,08:37:11,23-08-2025,08:37:14,23-08-2025,08:39:18,COMPLETED,0,1
79KWH,8,1,FULL,23-08-2025,08:39:01,23-08-2025,08:39:02,23-08-2025,08:40:54,COMPLETED,0,1
79KWH,8,2,FULL,23-08-2025,08:39:09,23-08-2025,08:39:10,23-08-2025,08:41:20,COMPLETED,0,1
79KWH,8,3,FULL,23-08-2025,08:39:26,23-08-2025,08:40:50,23-08-2025,08:43:19,COMPLETED,0,1
79KWH,8,2,FULL,23-08-2025,08:41:26,23-08-2025,08:41:30,23-08-2025,08:43:38,COMPLETED,0,1
79KWH,8,1,FULL,23-08-2025,08:41:44,23-08-2025,08:41:45,23-08-2025,08:43:36,COMPLETED,0,1
79KWH,8,3,FULL,23-08-2025,08:43:26,23-08-2025,08:43:28,23-08-2025,08:45:33,COMPLETED,0,1
79KWH,8,2,FULL,23-08-2025,08:43:52,23-08-2025,08:43:53,23-08-2025,08:46:04,COMPLETED,0,1
79KWH,8,1,FULL,23-08-2025,08:44:31,23-08-2025,08:44:35,23-08-2025,08:46:35,COMPLETED,0,1
79KWH,8,3,FULL,23-08-2025,08:45:41,23-08-2025,08:45:41,23-08-2025,08:47:49,COMPLETED,0,1
79KWH,8,2,FULL,23-08-2025,08:46:11,23-08-2025,08:46:14,23-08-2025,08:48:23,COMPLETED,0,1
79KWH,8,1,FULL,23-08-2025,08:47:21,23-08-2025,08:47:21,23-08-2025,08:49:12,COMPLETED,0,1
79KWH,8,3,FULL,23-08-2025,08:47:57,23-08-2025,08:47:58,23-08-2025,08:50:05,COMPLETED,0,1
79KWH,8,2,FULL,23-08-2025,08:48:52,23-08-2025,08:48:55,23-08-2025,08:51:07,COMPLETED,0,1
79KWH,8,1,FULL,23-08-2025,08:50:06,23-08-2025,08:50:08,23-08-2025,08:52:02,COMPLETED,0,1
79KWH,8,3,FULL,23-08-2025,08:50:13,23-08-2025,08:50:14,23-08-2025,08:52:23,COMPLETED,0,1
79KWH,8,2,FULL,23-08-2025,08:51:26,23-08-2025,08:51:27,23-08-2025,08:53:38,COMPLETED,0,1
79KWH,8,3,FULL,23-08-2025,08:52:30,23-08-2025,08:52:32,23-08-2025,08:54:40,COMPLETED,0,1
79KWH,8,1,FULL,23-08-2025,08:52:56,23-08-2025,08:52:56,23-08-2025,08:54:49,COMPLETED,0,1
79KWH,8,2,FULL,23-08-2025,08:54:23,23-08-2025,08:55:41,23-08-2025,08:58:14,COMPLETED,0,1
79KWH,8,3,FULL,23-08-2025,08:54:49,23-08-2025,08:56:11,23-08-2025,08:58:41,COMPLETED,0,1
79KWH,8,1,FULL,23-08-2025,08:55:40,23-08-2025,08:55:41,23-08-2025,08:57:37,COMPLETED,0,1
79KWH,8,2,FULL,23-08-2025,08:58:19,23-08-2025,09:00:13,23-08-2025,09:02:43,COMPLETED,0,1
79KWH,8,1,FULL,23-08-2025,08:58:28,23-08-2025,08:58:29,23-08-2025,09:00:23,COMPLETED,0,1
79KWH,8,3,FULL,23-08-2025,08:58:47,23-08-2025,08:58:50,23-08-2025,09:00:58,COMPLETED,0,1
79KWH,8,3,FULL,23-08-2025,09:01:05,23-08-2025,09:02:25,23-08-2025,09:04:56,COMPLETED,0,1
79KWH,8,1,FULL,23-08-2025,09:01:16,23-08-2025,09:01:18,23-08-2025,09:03:15,COMPLETED,0,1
79KWH,8,2,FULL,23-08-2025,09:02:57,23-08-2025,09:02:59,23-08-2025,09:05:14,COMPLETED,0,1
79KWH,8,1,FULL,23-08-2025,09:03:22,23-08-2025,09:03:24,23-08-2025,09:05:20,COMPLETED,0,1
79KWH,8,3,FULL,23-08-2025,09:05:03,23-08-2025,09:06:33,23-08-2025,09:09:01,COMPLETED,0,1
79KWH,8,3,FULL,23-08-2025,09:09:09,23-08-2025,09:09:09,23-08-2025,09:11:21,COMPLETED,0,1
79KWH,8,3,FULL,23-08-2025,09:37:04,23-08-2025,09:37:13,23-08-2025,09:39:43,COMPLETED,0,1
79KWH,8,2,FULL,23-08-2025,09:37:10,23-08-2025,09:37:38,23-08-2025,09:40:11,COMPLETED,0,1
79KWH,8,1,FULL,23-08-2025,09:38:43,23-08-2025,09:38:45,23-08-2025,09:40:42,COMPLETED,0,1
79KWH,8,3,FULL,23-08-2025,09:39:51,23-08-2025,09:41:12,23-08-2025,09:43:45,COMPLETED,0,1
79KWH,8,2,FULL,23-08-2025,09:40:24,23-08-2025,09:42:04,23-08-2025,09:44:38,COMPLETED,0,1
79KWH,8,1,FULL,23-08-2025,09:41:26,23-08-2025,09:41:27,23-08-2025,09:43:24,COMPLETED,0,1
79KWH,8,3,FULL,23-08-2025,09:43:52,23-08-2025,09:43:53,23-08-2025,09:46:04,COMPLETED,0,1
79KWH,8,1,FULL,23-08-2025,09:44:18,23-08-2025,09:44:18,23-08-2025,09:46:17,COMPLETED,0,1
79KWH,8,2,FULL,23-08-2025,09:44:45,23-08-2025,09:44:48,23-08-2025,09:47:02,COMPLETED,0,1
79KWH,8,3,FULL,23-08-2025,09:46:12,23-08-2025,09:47:34,23-08-2025,09:50:06,COMPLETED,0,1
79KWH,8,1,FULL,23-08-2025,09:47:01,23-08-2025,09:47:01,23-08-2025,09:48:59,COMPLETED,0,1
79KWH,8,2,FULL,23-08-2025,09:47:15,23-08-2025,09:47:16,23-08-2025,09:49:33,COMPLETED,0,1
79KWH,8,2,FULL,23-08-2025,09:49:40,23-08-2025,09:49:43,23-08-2025,09:51:58,COMPLETED,0,1
79KWH,8,1,FULL,23-08-2025,09:49:53,23-08-2025,09:49:53,23-08-2025,09:51:52,COMPLETED,0,1
79KWH,8,3,FULL,23-08-2025,09:50:13,23-08-2025,09:50:16,23-08-2025,09:52:28,COMPLETED,0,1
79KWH,8,2,FULL,23-08-2025,09:52:11,23-08-2025,09:52:12,23-08-2025,09:54:30,COMPLETED,0,1
79KWH,8,1,FULL,23-08-2025,09:52:35,23-08-2025,09:52:35,23-08-2025,09:54:33,COMPLETED,0,1
79KWH,8,3,FULL,23-08-2025,09:52:36,23-08-2025,09:52:36,23-08-2025,09:54:51,COMPLETED,0,1
79KWH,8,2,FULL,23-08-2025,09:54:36,23-08-2025,09:54:39,23-08-2025,09:56:56,COMPLETED,0,1
79KWH,8,3,FULL,23-08-2025,09:54:57,23-08-2025,09:55:01,23-08-2025,09:57:14,COMPLETED,0,1
79KWH,8,1,FULL,23-08-2025,09:55:27,23-08-2025,09:55:27,23-08-2025,09:57:28,COMPLETED,0,1
79KWH,8,2,FULL,23-08-2025,09:57:08,23-08-2025,09:57:10,23-08-2025,09:59:30,COMPLETED,0,1
79KWH,8,3,FULL,23-08-2025,09:57:21,23-08-2025,09:57:22,23-08-2025,09:59:38,COMPLETED,0,1
79KWH,8,1,FULL,23-08-2025,09:58:11,23-08-2025,09:58:12,23-08-2025,10:00:11,COMPLETED,0,1
79KWH,8,2,FULL,23-08-2025,09:59:36,23-08-2025,09:59:40,23-08-2025,10:01:59,COMPLETED,0,1
79KWH,8,3,FULL,23-08-2025,09:59:44,23-08-2025,09:59:48,23-08-2025,10:02:02,COMPLETED,0,1
79KWH,8,1,FULL,23-08-2025,10:01:04,23-08-2025,10:01:05,23-08-2025,10:03:12,COMPLETED,0,1
79KWH,8,3,FULL,23-08-2025,10:02:11,23-08-2025,10:02:12,23-08-2025,10:04:29,COMPLETED,0,1
79KWH,8,2,FULL,23-08-2025,10:02:30,23-08-2025,10:02:32,23-08-2025,10:04:54,COMPLETED,0,1
79KWH,8,1,FULL,23-08-2025,10:03:47,23-08-2025,10:03:49,23-08-2025,10:05:54,COMPLETED,0,1
79KWH,8,3,FULL,23-08-2025,10:05:00,23-08-2025,10:05:57,23-08-2025,10:08:30,COMPLETED,0,1
79KWH,8,2,FULL,23-08-2025,10:05:08,23-08-2025,10:06:50,23-08-2025,10:09:24,COMPLETED,0,1
79KWH,8,1,FULL,23-08-2025,10:06:38,23-08-2025,10:06:40,23-08-2025,10:08:42,COMPLETED,0,1
79KWH,8,3,FULL,23-08-2025,10:08:40,23-08-2025,10:09:57,23-08-2025,10:12:32,COMPLETED,0,1
79KWH,8,1,FULL,23-08-2025,10:09:21,23-08-2025,10:09:22,23-08-2025,10:11:23,COMPLETED,0,1
79KWH,8,2,FULL,23-08-2025,10:09:38,23-08-2025,10:11:23,23-08-2025,10:14:00,COMPLETED,0,1
79KWH,8,1,FULL,23-08-2025,10:12:14,23-08-2025,10:12:15,23-08-2025,10:14:25,COMPLETED,0,1
79KWH,8,3,FULL,23-08-2025,10:12:38,23-08-2025,10:13:40,23-08-2025,10:15:58,COMPLETED,0,1
79KWH,8,2,FULL,23-08-2025,10:14:05,23-08-2025,10:14:09,23-08-2025,10:16:30,COMPLETED,0,1
79KWH,8,1,FULL,23-08-2025,10:14:37,23-08-2025,10:14:39,23-08-2025,10:16:42,COMPLETED,0,1
79KWH,8,3,FULL,23-08-2025,10:16:06,23-08-2025,10:17:27,23-08-2025,10:20:05,COMPLETED,0,1
79KWH,8,2,FULL,23-08-2025,10:16:45,23-08-2025,10:16:46,23-08-2025,10:19:09,COMPLETED,0,1
79KWH,8,1,FULL,23-08-2025,10:17:25,23-08-2025,10:17:26,23-08-2025,10:19:37,COMPLETED,0,1
79KWH,8,2,FULL,23-08-2025,10:19:15,23-08-2025,10:19:19,23-08-2025,10:21:41,COMPLETED,0,1
79KWH,8,3,FULL,23-08-2025,10:20:11,23-08-2025,10:20:18,23-08-2025,10:22:46,COMPLETED,0,1
79KWH,8,1,FULL,23-08-2025,10:20:12,23-08-2025,10:20:13,23-08-2025,10:22:22,COMPLETED,0,1
79KWH,8,2,FULL,23-08-2025,10:21:55,23-08-2025,10:21:56,23-08-2025,10:24:21,COMPLETED,0,1
79KWH,8,3,FULL,23-08-2025,10:22:55,23-08-2025,10:22:56,23-08-2025,10:25:18,COMPLETED,0,1
79KWH,8,1,FULL,23-08-2025,10:23:01,23-08-2025,10:23:01,23-08-2025,10:25:14,COMPLETED,0,1
79KWH,8,2,FULL,23-08-2025,10:24:27,23-08-2025,10:24:29,23-08-2025,10:26:53,COMPLETED,0,1
79KWH,8,3,FULL,23-08-2025,10:25:24,23-08-2025,10:25:28,23-08-2025,10:27:49,COMPLETED,0,1
79KWH,8,1,FULL,23-08-2025,10:25:47,23-08-2025,10:25:47,23-08-2025,10:27:52,COMPLETED,0,1
79KWH,8,2,FULL,23-08-2025,10:27:18,23-08-2025,10:27:19,23-08-2025,10:29:44,COMPLETED,0,1
79KWH,8,3,FULL,23-08-2025,10:27:57,23-08-2025,10:27:57,23-08-2025,10:30:21,COMPLETED,0,1
79KWH,8,1,FULL,23-08-2025,10:28:35,23-08-2025,10:28:37,23-08-2025,10:30:50,COMPLETED,0,1
79KWH,8,2,FULL,23-08-2025,10:29:54,23-08-2025,10:31:44,23-08-2025,10:34:20,COMPLETED,0,1
79KWH,8,3,FULL,23-08-2025,10:30:27,23-08-2025,10:30:30,23-08-2025,10:32:52,COMPLETED,0,1
79KWH,8,1,FULL,23-08-2025,10:31:23,23-08-2025,10:31:24,23-08-2025,10:33:29,COMPLETED,0,1
79KWH,8,3,FULL,23-08-2025,10:33:00,23-08-2025,10:33:01,23-08-2025,10:35:25,COMPLETED,0,1
79KWH,8,1,FULL,23-08-2025,10:34:27,23-08-2025,10:34:27,23-08-2025,10:36:36,COMPLETED,0,1
79KWH,8,2,FULL,23-08-2025,10:34:34,23-08-2025,10:36:20,23-08-2025,10:39:00,COMPLETED,0,1
79KWH,8,3,FULL,23-08-2025,10:35:32,23-08-2025,10:35:35,23-08-2025,10:37:58,COMPLETED,0,1
79KWH,8,1,FULL,23-08-2025,10:37:16,23-08-2025,10:37:17,23-08-2025,10:39:25,COMPLETED,0,1
79KWH,8,3,FULL,23-08-2025,10:38:07,23-08-2025,10:38:07,23-08-2025,10:40:33,COMPLETED,0,1
79KWH,8,2,FULL,23-08-2025,10:39:06,23-08-2025,10:39:08,23-08-2025,10:41:34,COMPLETED,0,1
79KWH,8,1,FULL,23-08-2025,10:39:33,23-08-2025,10:39:34,23-08-2025,10:41:44,COMPLETED,0,1
79KWH,8,3,FULL,23-08-2025,10:40:38,23-08-2025,10:40:43,23-08-2025,10:43:07,COMPLETED,0,1
79KWH,8,2,FULL,23-08-2025,10:41:47,23-08-2025,10:41:48,23-08-2025,10:44:17,COMPLETED,0,1
79KWH,8,1,FULL,23-08-2025,10:41:53,23-08-2025,10:41:54,23-08-2025,10:44:02,COMPLETED,0,1
79KWH,8,3,FULL,23-08-2025,10:43:15,23-08-2025,10:43:15,23-08-2025,10:45:42,COMPLETED,0,1
79KWH,8,2,FULL,23-08-2025,10:44:24,23-08-2025,10:44:26,23-08-2025,10:46:52,COMPLETED,0,1
79KWH,8,1,FULL,23-08-2025,10:44:45,23-08-2025,10:44:45,23-08-2025,10:46:55,COMPLETED,0,1
79KWH,8,3,FULL,23-08-2025,10:45:49,23-08-2025,10:45:52,23-08-2025,10:48:17,COMPLETED,0,1
79KWH,8,2,FULL,23-08-2025,10:47:05,23-08-2025,10:47:06,23-08-2025,10:49:35,COMPLETED,0,1
79KWH,8,1,FULL,23-08-2025,10:47:28,23-08-2025,10:47:29,23-08-2025,10:49:38,COMPLETED,0,1
79KWH,8,3,FULL,23-08-2025,10:48:25,23-08-2025,10:48:25,23-08-2025,10:50:52,COMPLETED,0,1
79KWH,8,2,FULL,23-08-2025,10:49:42,23-08-2025,10:49:44,23-08-2025,10:52:13,COMPLETED,0,1
79KWH,8,1,FULL,23-08-2025,10:50:21,23-08-2025,10:50:26,23-08-2025,10:52:43,COMPLETED,0,1
79KWH,8,3,FULL,23-08-2025,10:50:59,23-08-2025,10:51:03,23-08-2025,10:53:29,COMPLETED,0,1
79KWH,8,2,FULL,23-08-2025,10:52:27,23-08-2025,10:52:27,23-08-2025,10:54:57,COMPLETED,0,1
79KWH,8,1,FULL,23-08-2025,10:53:04,23-08-2025,10:53:05,23-08-2025,10:55:21,COMPLETED,0,1
79KWH,8,3,FULL,23-08-2025,10:53:37,23-08-2025,10:53:37,23-08-2025,10:56:06,COMPLETED,0,1
79KWH,8,2,FULL,23-08-2025,10:55:02,23-08-2025,10:55:05,23-08-2025,10:57:33,COMPLETED,0,1
79KWH,8,1,FULL,23-08-2025,10:55:57,23-08-2025,10:55:58,23-08-2025,10:58:13,COMPLETED,0,1
79KWH,8,3,FULL,23-08-2025,10:56:12,23-08-2025,10:56:16,23-08-2025,10:58:48,COMPLETED,0,1
79KWH,8,2,FULL,23-08-2025,10:57:47,23-08-2025,10:59:33,23-08-2025,11:02:14,COMPLETED,0,1
79KWH,8,1,FULL,23-08-2025,10:58:39,23-08-2025,10:58:39,23-08-2025,11:00:50,COMPLETED,0,1
79KWH,8,3,FULL,23-08-2025,10:58:58,23-08-2025,10:58:59,23-08-2025,11:01:29,COMPLETED,0,1
79KWH,8,3,FULL,23-08-2025,11:01:35,23-08-2025,11:03:02,23-08-2025,11:05:45,COMPLETED,0,1
79KWH,8,2,FULL,23-08-2025,11:02:21,23-08-2025,11:04:16,23-08-2025,11:06:54,COMPLETED,0,1
79KWH,8,1,FULL,23-08-2025,11:02:38,23-08-2025,11:02:39,23-08-2025,11:05:12,COMPLETED,0,1
79KWH,8,1,FULL,23-08-2025,11:05:22,23-08-2025,11:06:50,23-08-2025,11:09:21,COMPLETED,0,1
79KWH,8,3,FULL,23-08-2025,11:05:53,23-08-2025,11:07:14,23-08-2025,11:09:50,COMPLETED,0,1
79KWH,8,2,FULL,23-08-2025,11:07:08,23-08-2025,11:08:58,23-08-2025,11:11:40,COMPLETED,0,1
79KWH,8,1,FULL,23-08-2025,11:09:28,23-08-2025,11:09:29,23-08-2025,11:11:44,COMPLETED,0,1
79KWH,8,3,FULL,23-08-2025,11:09:56,23-08-2025,11:10:00,23-08-2025,11:12:18,COMPLETED,0,1
79KWH,8,2,FULL,23-08-2025,11:11:47,23-08-2025,11:11:51,23-08-2025,11:14:22,COMPLETED,0,1
79KWH,8,1,FULL,23-08-2025,11:11:51,23-08-2025,11:11:53,23-08-2025,11:14:07,COMPLETED,0,1
79KWH,8,3,FULL,23-08-2025,11:12:27,23-08-2025,11:13:45,23-08-2025,11:16:28,COMPLETED,0,1
79KWH,8,1,FULL,23-08-2025,11:14:15,23-08-2025,11:14:16,23-08-2025,11:16:32,COMPLETED,0,1
79KWH,8,2,FULL,23-08-2025,11:14:36,23-08-2025,11:14:37,23-08-2025,11:17:11,COMPLETED,0,1
79KWH,8,3,FULL,23-08-2025,11:16:33,23-08-2025,11:16:37,23-08-2025,11:19:07,COMPLETED,0,1
79KWH,8,1,FULL,23-08-2025,11:16:39,23-08-2025,11:16:41,23-08-2025,11:19:01,COMPLETED,0,1
79KWH,8,2,FULL,23-08-2025,11:17:16,23-08-2025,11:17:20,23-08-2025,11:19:51,COMPLETED,0,1
79KWH,8,1,FULL,23-08-2025,11:19:09,23-08-2025,11:19:10,23-08-2025,11:21:26,COMPLETED,0,1
79KWH,8,3,FULL,23-08-2025,11:19:14,23-08-2025,11:20:33,23-08-2025,11:23:16,COMPLETED,0,1
79KWH,8,2,FULL,23-08-2025,11:20:06,23-08-2025,11:20:07,23-08-2025,11:22:42,COMPLETED,0,1
79KWH,8,1,FULL,23-08-2025,11:21:32,23-08-2025,11:21:34,23-08-2025,11:23:49,COMPLETED,0,1
79KWH,8,2,FULL,23-08-2025,11:22:49,23-08-2025,11:22:51,23-08-2025,11:25:24,COMPLETED,0,1
79KWH,8,3,FULL,23-08-2025,11:23:22,23-08-2025,11:24:50,23-08-2025,11:27:32,COMPLETED,0,1
79KWH,8,1,FULL,23-08-2025,11:23:57,23-08-2025,11:23:59,23-08-2025,11:26:16,COMPLETED,0,1
79KWH,8,2,FULL,23-08-2025,11:25:39,23-08-2025,11:25:39,23-08-2025,11:28:16,COMPLETED,0,1
79KWH,8,1,FULL,23-08-2025,11:26:27,23-08-2025,11:26:28,23-08-2025,11:28:45,COMPLETED,0,1
79KWH,8,3,FULL,23-08-2025,11:27:40,23-08-2025,11:27:42,23-08-2025,11:30:16,COMPLETED,0,1
79KWH,8,3,FULL,23-08-2025,11:30:22,23-08-2025,11:30:25,23-08-2025,11:32:57,COMPLETED,0,1
79KWH,8,3,FULL,23-08-2025,11:33:05,23-08-2025,11:33:06,23-08-2025,11:35:39,COMPLETED,0,1
79KWH,8,3,FULL,23-08-2025,12:23:47,23-08-2025,12:23:47,23-08-2025,12:26:20,COMPLETED,0,1
79KWH,8,2,FULL,23-08-2025,12:23:53,23-08-2025,12:23:53,23-08-2025,12:26:29,COMPLETED,0,1
79KWH,8,1,FULL,23-08-2025,12:25:25,23-08-2025,12:25:26,23-08-2025,12:27:47,COMPLETED,0,1
79KWH,8,3,FULL,23-08-2025,12:26:36,23-08-2025,12:26:36,23-08-2025,12:29:14,COMPLETED,0,1
79KWH,8,2,FULL,23-08-2025,12:26:54,23-08-2025,12:26:55,23-08-2025,12:29:31,COMPLETED,0,1
79KWH,8,1,FULL,23-08-2025,12:28:10,23-08-2025,12:28:10,23-08-2025,12:30:35,COMPLETED,0,1
79KWH,8,3,FULL,23-08-2025,12:29:31,23-08-2025,12:29:31,23-08-2025,12:32:05,COMPLETED,0,1
79KWH,8,2,FULL,23-08-2025,12:29:36,23-08-2025,12:29:39,23-08-2025,12:32:13,COMPLETED,0,1
79KWH,8,1,FULL,23-08-2025,12:31:01,23-08-2025,12:31:01,23-08-2025,12:33:27,COMPLETED,0,1
79KWH,8,3,FULL,23-08-2025,12:32:12,23-08-2025,12:32:13,23-08-2025,12:34:50,COMPLETED,0,1
79KWH,8,2,FULL,23-08-2025,12:32:27,23-08-2025,12:32:29,23-08-2025,12:35:06,COMPLETED,0,1
79KWH,8,1,FULL,23-08-2025,12:33:45,23-08-2025,12:33:47,23-08-2025,12:36:11,COMPLETED,0,1
79KWH,8,3,FULL,23-08-2025,12:34:57,23-08-2025,12:35:00,23-08-2025,12:37:39,COMPLETED,0,1
79KWH,8,2,FULL,23-08-2025,12:35:13,23-08-2025,12:35:16,23-08-2025,12:37:53,COMPLETED,0,1
79KWH,8,1,FULL,23-08-2025,12:36:40,23-08-2025,12:36:40,23-08-2025,12:39:09,COMPLETED,0,1
79KWH,8,3,FULL,23-08-2025,12:37:48,23-08-2025,12:37:50,23-08-2025,12:40:28,COMPLETED,0,1
79KWH,8,2,FULL,23-08-2025,12:38:06,23-08-2025,12:38:06,23-08-2025,12:40:00,COMPLETED,0,1
79KWH,8,1,FULL,23-08-2025,12:39:21,23-08-2025,12:39:22,23-08-2025,12:41:50,COMPLETED,0,1
79KWH,8,3,FULL,23-08-2025,12:40:35,23-08-2025,12:40:36,23-08-2025,12:43:16,COMPLETED,0,1
79KWH,8,2,FULL,23-08-2025,12:40:41,23-08-2025,12:40:41,23-08-2025,12:41:46,COMPLETED,0,1
79KWH,8,1,FULL,23-08-2025,12:42:12,23-08-2025,12:42:13,23-08-2025,12:44:42,COMPLETED,0,1
79KWH,8,3,FULL,23-08-2025,12:43:25,23-08-2025,12:43:26,23-08-2025,12:46:11,COMPLETED,0,1
79KWH,8,2,FULL,23-08-2025,12:43:38,23-08-2025,12:43:39,23-08-2025,12:44:47,COMPLETED,0,1
79KWH,8,1,FULL,23-08-2025,12:44:58,23-08-2025,12:44:59,23-08-2025,12:47:26,COMPLETED,0,1
79KWH,8,2,FULL,23-08-2025,12:46:16,23-08-2025,12:48:12,23-08-2025,12:50:08,COMPLETED,0,1
79KWH,8,3,FULL,23-08-2025,12:46:16,23-08-2025,12:46:19,23-08-2025,12:48:55,COMPLETED,0,1
79KWH,8,1,FULL,23-08-2025,12:47:48,23-08-2025,12:48:59,23-08-2025,12:51:36,COMPLETED,0,1
79KWH,8,3,FULL,23-08-2025,12:49:03,23-08-2025,12:50:23,23-08-2025,12:53:11,COMPLETED,0,1
79KWH,8,2,FULL,23-08-2025,12:50:23,23-08-2025,12:50:24,23-08-2025,12:51:31,COMPLETED,0,1
79KWH,8,1,FULL,23-08-2025,12:51:43,23-08-2025,12:51:46,23-08-2025,12:54:09,COMPLETED,0,1
79KWH,8,2,FULL,23-08-2025,12:51:52,23-08-2025,12:51:53,23-08-2025,12:52:58,COMPLETED,0,1
79KWH,8,3,FULL,23-08-2025,12:53:17,23-08-2025,12:54:46,23-08-2025,12:57:30,COMPLETED,0,1
79KWH,8,1,FULL,23-08-2025,12:54:17,23-08-2025,12:55:51,23-08-2025,12:58:32,COMPLETED,0,1
79KWH,8,2,FULL,23-08-2025,12:54:52,23-08-2025,12:54:54,23-08-2025,12:56:01,COMPLETED,0,1
79KWH,8,2,FULL,23-08-2025,12:57:26,23-08-2025,12:57:27,23-08-2025,12:58:32,COMPLETED,0,1
79KWH,8,3,FULL,23-08-2025,12:57:38,23-08-2025,12:57:39,23-08-2025,13:00:24,COMPLETED,0,1
79KWH,8,1,FULL,23-08-2025,12:58:38,23-08-2025,12:58:41,23-08-2025,13:01:04,COMPLETED,0,1
79KWH,8,3,FULL,23-08-2025,13:00:31,23-08-2025,13:00:34,23-08-2025,13:03:14,COMPLETED,0,1
79KWH,8,2,FULL,23-08-2025,13:00:38,23-08-2025,13:00:39,23-08-2025,13:01:47,COMPLETED,0,1
79KWH,8,1,FULL,23-08-2025,13:01:14,23-08-2025,13:01:14,23-08-2025,13:03:41,COMPLETED,0,1
79KWH,8,2,FULL,23-08-2025,13:03:17,23-08-2025,13:03:18,23-08-2025,13:04:24,COMPLETED,0,1
79KWH,8,3,FULL,23-08-2025,13:03:22,23-08-2025,13:03:23,23-08-2025,13:06:10,COMPLETED,0,1
79KWH,8,1,FULL,23-08-2025,13:03:47,23-08-2025,13:03:51,23-08-2025,13:06:16,COMPLETED,0,1
79KWH,8,2,FULL,23-08-2025,13:06:13,23-08-2025,13:06:14,23-08-2025,13:07:22,COMPLETED,0,1
79KWH,8,3,FULL,23-08-2025,13:06:16,23-08-2025,13:06:20,23-08-2025,13:09:04,COMPLETED,0,1
79KWH,8,1,FULL,23-08-2025,13:06:23,23-08-2025,13:06:24,23-08-2025,13:08:53,COMPLETED,0,1
79KWH,8,2,FULL,23-08-2025,13:08:52,23-08-2025,13:08:52,23-08-2025,13:09:58,COMPLETED,0,1
79KWH,8,1,FULL,23-08-2025,13:08:59,23-08-2025,13:09:02,23-08-2025,13:11:28,COMPLETED,0,1
79KWH,8,3,FULL,23-08-2025,13:09:14,23-08-2025,13:09:14,23-08-2025,13:12:02,COMPLETED,0,1
79KWH,8,1,FULL,23-08-2025,13:11:36,23-08-2025,13:11:38,23-08-2025,13:14:11,COMPLETED,0,1
79KWH,8,2,FULL,23-08-2025,13:11:51,23-08-2025,13:13:33,23-08-2025,13:15:33,COMPLETED,0,1
79KWH,8,3,FULL,23-08-2025,13:12:09,23-08-2025,13:12:12,23-08-2025,13:14:54,COMPLETED,0,1
79KWH,8,1,FULL,23-08-2025,13:14:17,23-08-2025,13:14:20,23-08-2025,13:16:53,COMPLETED,0,1
79KWH,8,3,FULL,23-08-2025,13:15:02,23-08-2025,13:16:24,23-08-2025,13:19:18,COMPLETED,0,1
79KWH,8,2,FULL,23-08-2025,13:15:40,23-08-2025,13:15:42,23-08-2025,13:16:47,COMPLETED,0,1
79KWH,8,1,FULL,23-08-2025,13:17:00,23-08-2025,13:18:28,23-08-2025,13:21:16,COMPLETED,0,1
79KWH,8,2,FULL,23-08-2025,13:17:29,23-08-2025,13:18:50,23-08-2025,13:20:50,COMPLETED,0,1
79KWH,8,3,FULL,23-08-2025,13:19:23,23-08-2025,13:20:55,23-08-2025,13:23:45,COMPLETED,0,1
79KWH,8,2,FULL,23-08-2025,13:20:56,23-08-2025,13:20:59,23-08-2025,13:22:05,COMPLETED,0,1
79KWH,8,1,FULL,23-08-2025,13:21:21,23-08-2025,13:21:27,23-08-2025,13:24:04,COMPLETED,0,1
79KWH,8,2,FULL,23-08-2025,13:23:02,23-08-2025,13:23:02,23-08-2025,13:24:11,COMPLETED,0,1
79KWH,8,3,FULL,23-08-2025,13:23:54,23-08-2025,13:23:57,23-08-2025,13:26:48,COMPLETED,0,1
79KWH,8,1,FULL,23-08-2025,13:24:12,23-08-2025,13:24:13,23-08-2025,13:26:50,COMPLETED,0,1
79KWH,8,2,FULL,23-08-2025,13:25:37,23-08-2025,13:25:37,23-08-2025,13:26:43,COMPLETED,0,1
79KWH,8,3,FULL,23-08-2025,13:26:55,23-08-2025,13:26:57,23-08-2025,13:29:45,COMPLETED,0,1
79KWH,8,1,FULL,23-08-2025,13:26:56,23-08-2025,13:27:02,23-08-2025,13:41:16,COMPLETED,0,1
79KWH,8,2,FULL,23-08-2025,13:29:52,23-08-2025,13:29:52,23-08-2025,13:31:00,COMPLETED,0,1
79KWH,8,3,FULL,23-08-2025,13:29:54,23-08-2025,13:29:54,23-08-2025,13:32:45,COMPLETED,0,1
79KWH,8,2,FULL,23-08-2025,13:32:30,23-08-2025,13:32:31,23-08-2025,13:33:36,COMPLETED,0,1
79KWH,8,3,FULL,23-08-2025,13:32:53,23-08-2025,13:32:55,23-08-2025,13:35:40,COMPLETED,0,1
79KWH,8,2,FULL,23-08-2025,13:35:29,23-08-2025,13:35:29,23-08-2025,13:36:36,COMPLETED,0,1
79KWH,8,3,FULL,23-08-2025,13:35:48,23-08-2025,13:35:48,23-08-2025,13:38:41,COMPLETED,0,1
79KWH,8,2,FULL,23-08-2025,13:38:07,23-08-2025,13:38:08,23-08-2025,13:39:13,COMPLETED,0,1
79KWH,8,3,FULL,23-08-2025,13:38:48,23-08-2025,13:38:53,23-08-2025,13:41:44,COMPLETED,0,1
79KWH,8,2,FULL,23-08-2025,13:41:03,23-08-2025,13:42:27,23-08-2025,13:44:27,COMPLETED,0,1
79KWH,8,1,FULL,23-08-2025,13:41:24,23-08-2025,13:42:57,23-08-2025,13:45:50,COMPLETED,0,1
79KWH,8,3,FULL,23-08-2025,13:41:53,23-08-2025,13:43:17,23-08-2025,13:46:13,COMPLETED,0,1
79KWH,8,2,FULL,23-08-2025,13:44:33,23-08-2025,13:44:36,23-08-2025,13:45:41,COMPLETED,0,1
79KWH,8,1,FULL,23-08-2025,13:45:56,23-08-2025,13:46:02,23-08-2025,13:48:37,COMPLETED,0,1
79KWH,8,2,FULL,23-08-2025,13:46:02,23-08-2025,13:46:02,23-08-2025,13:47:11,COMPLETED,0,1
79KWH,8,3,FULL,23-08-2025,13:46:19,23-08-2025,13:46:24,23-08-2025,13:49:17,COMPLETED,0,1
79KWH,8,2,FULL,23-08-2025,13:48:24,23-08-2025,13:48:24,23-08-2025,13:49:33,COMPLETED,0,1
79KWH,8,1,FULL,23-08-2025,13:48:47,23-08-2025,13:48:49,23-08-2025,13:51:26,COMPLETED,0,1
79KWH,8,3,FULL,23-08-2025,13:49:25,23-08-2025,13:50:52,23-08-2025,13:53:47,COMPLETED,0,1
79KWH,8,2,FULL,23-08-2025,13:51:15,23-08-2025,13:51:15,23-08-2025,13:52:26,COMPLETED,0,1
79KWH,8,1,FULL,23-08-2025,13:51:32,23-08-2025,13:51:38,23-08-2025,13:54:13,COMPLETED,0,1
79KWH,8,2,FULL,23-08-2025,13:53:16,23-08-2025,13:53:17,23-08-2025,13:54:25,COMPLETED,0,1
79KWH,8,3,FULL,23-08-2025,13:53:54,23-08-2025,13:53:57,23-08-2025,13:56:51,COMPLETED,0,1
79KWH,8,1,FULL,23-08-2025,13:54:23,23-08-2025,13:55:50,23-08-2025,13:58:39,COMPLETED,0,1
79KWH,8,2,FULL,23-08-2025,13:55:02,23-08-2025,13:55:02,23-08-2025,13:56:14,COMPLETED,0,1
79KWH,8,2,FULL,23-08-2025,13:56:58,23-08-2025,13:56:59,23-08-2025,13:58:08,COMPLETED,0,1
79KWH,8,3,FULL,23-08-2025,13:56:58,23-08-2025,13:56:59,23-08-2025,13:58:56,COMPLETED,0,1
79KWH,8,2,FULL,23-08-2025,13:58:42,23-08-2025,13:58:44,23-08-2025,13:59:58,COMPLETED,0,1
79KWH,8,1,FULL,23-08-2025,13:58:46,23-08-2025,13:58:51,23-08-2025,14:01:24,COMPLETED,0,1
79KWH,8,3,FULL,23-08-2025,13:59:02,23-08-2025,13:59:05,23-08-2025,14:00:05,COMPLETED,0,1
79KWH,8,3,FULL,23-08-2025,14:00:15,23-08-2025,14:00:16,23-08-2025,14:01:18,COMPLETED,0,1
79KWH,8,3,FULL,23-08-2025,14:01:23,23-08-2025,14:01:27,23-08-2025,14:02:27,COMPLETED,0,1
79KWH,8,2,FULL,23-08-2025,14:01:26,23-08-2025,14:01:27,23-08-2025,14:02:36,COMPLETED,0,1
79KWH,8,1,FULL,23-08-2025,14:01:31,23-08-2025,14:01:32,23-08-2025,14:04:08,COMPLETED,0,1
79KWH,8,3,FULL,23-08-2025,14:02:37,23-08-2025,14:02:39,23-08-2025,14:03:41,COMPLETED,0,1
79KWH,8,3,FULL,23-08-2025,14:03:47,23-08-2025,14:03:51,23-08-2025,14:04:51,COMPLETED,0,1
79KWH,8,1,FULL,23-08-2025,14:04:14,23-08-2025,14:04:16,23-08-2025,14:06:55,COMPLETED,0,1
79KWH,8,3,FULL,23-08-2025,14:05:01,23-08-2025,14:05:02,23-08-2025,14:06:04,COMPLETED,0,1
79KWH,8,1,FULL,23-08-2025,14:07:03,23-08-2025,14:07:04,23-08-2025,14:09:41,COMPLETED,0,1
79KWH,8,1,FULL,23-08-2025,14:09:47,23-08-2025,14:09:49,23-08-2025,14:12:25,COMPLETED,0,1
79KWH,8,1,FULL,23-08-2025,14:12:34,23-08-2025,14:14:08,23-08-2025,14:42:25,COMPLETED,0,1
79KWH,8,3,FULL,23-08-2025,14:34:08,23-08-2025,14:35:36,23-08-2025,14:37:31,COMPLETED,0,1
79KWH,8,2,FULL,23-08-2025,14:34:15,23-08-2025,14:36:08,23-08-2025,14:38:11,COMPLETED,0,1
79KWH,8,3,FULL,23-08-2025,14:37:42,23-08-2025,14:39:38,23-08-2025,14:41:36,COMPLETED,0,1
79KWH,8,2,FULL,23-08-2025,14:38:18,23-08-2025,14:38:20,23-08-2025,14:39:30,COMPLETED,0,1
79KWH,8,2,FULL,23-08-2025,14:39:49,23-08-2025,14:41:26,23-08-2025,14:43:50,COMPLETED,0,1
79KWH,8,3,FULL,23-08-2025,14:41:42,23-08-2025,14:41:44,23-08-2025,14:42:44,COMPLETED,0,1
79KWH,8,1,FULL,23-08-2025,14:42:31,23-08-2025,14:44:03,23-08-2025,14:46:49,COMPLETED,0,1
79KWH,8,3,FULL,23-08-2025,14:42:57,23-08-2025,14:42:58,23-08-2025,14:44:00,COMPLETED,0,1
79KWH,8,2,FULL,23-08-2025,14:44:00,23-08-2025,14:44:00,23-08-2025,14:45:55,COMPLETED,0,1
79KWH,8,3,FULL,23-08-2025,14:45:13,23-08-2025,14:45:14,23-08-2025,14:46:13,COMPLETED,0,1
79KWH,8,2,FULL,23-08-2025,14:46:10,23-08-2025,14:46:10,23-08-2025,14:47:46,COMPLETED,0,1
79KWH,8,1,FULL,23-08-2025,14:46:58,23-08-2025,14:48:32,23-08-2025,14:52:27,COMPLETED,0,1
79KWH,8,3,FULL,23-08-2025,14:48:00,23-08-2025,14:48:01,23-08-2025,14:49:04,COMPLETED,0,1
79KWH,8,2,FULL,23-08-2025,14:48:12,23-08-2025,14:48:13,23-08-2025,14:49:26,COMPLETED,0,1
79KWH,8,3,FULL,23-08-2025,14:50:51,23-08-2025,14:50:52,23-08-2025,14:51:53,COMPLETED,0,1
79KWH,8,2,FULL,23-08-2025,14:51:07,23-08-2025,14:51:08,23-08-2025,14:52:23,COMPLETED,0,1
79KWH,8,1,FULL,23-08-2025,14:52:33,23-08-2025,14:52:36,23-08-2025,14:55:14,COMPLETED,0,1
79KWH,8,3,FULL,23-08-2025,14:53:34,23-08-2025,14:53:35,23-08-2025,14:54:38,COMPLETED,0,1
79KWH,8,2,FULL,23-08-2025,14:53:48,23-08-2025,14:53:48,23-08-2025,14:55:00,COMPLETED,0,1
79KWH,8,1,FULL,23-08-2025,14:55:23,23-08-2025,14:55:23,23-08-2025,15:23:32,COMPLETED,0,1
79KWH,8,3,FULL,23-08-2025,14:55:26,23-08-2025,14:55:28,23-08-2025,14:56:29,COMPLETED,0,1
79KWH,8,2,FULL,23-08-2025,14:55:45,23-08-2025,14:55:46,23-08-2025,14:57:03,COMPLETED,0,1
79KWH,8,3,FULL,23-08-2025,14:58:18,23-08-2025,14:58:21,23-08-2025,14:59:25,COMPLETED,0,1
79KWH,8,2,FULL,23-08-2025,14:58:24,23-08-2025,14:58:24,23-08-2025,14:59:40,COMPLETED,0,1
79KWH,8,1,FULL,23-08-2025,15:23:38,23-08-2025,15:25:10,23-08-2025,15:27:54,COMPLETED,0,1
79KWH,8,1,FULL,23-08-2025,15:28:02,23-08-2025,15:29:36,23-08-2025,16:38:36,COMPLETED,0,1
79KWH,8,3,FULL,23-08-2025,15:44:28,23-08-2025,15:44:29,23-08-2025,15:46:24,COMPLETED,0,1
79KWH,8,2,FULL,23-08-2025,15:44:49,23-08-2025,15:44:53,23-08-2025,15:46:57,COMPLETED,0,1
79KWH,8,3,FULL,23-08-2025,15:47:18,23-08-2025,15:47:19,23-08-2025,15:48:26,COMPLETED,0,1
79KWH,8,2,FULL,23-08-2025,15:47:26,23-08-2025,15:47:27,23-08-2025,15:48:44,COMPLETED,0,1
79KWH,8,3,FULL,23-08-2025,15:50:02,23-08-2025,15:50:02,23-08-2025,15:51:06,COMPLETED,0,1
79KWH,8,2,FULL,23-08-2025,15:50:22,23-08-2025,15:50:24,23-08-2025,15:51:41,COMPLETED,0,1
79KWH,8,3,FULL,23-08-2025,15:51:59,23-08-2025,15:52:00,23-08-2025,15:53:07,COMPLETED,0,1
79KWH,8,2,FULL,23-08-2025,15:52:06,23-08-2025,15:52:07,23-08-2025,15:53:24,COMPLETED,0,1
79KWH,8,3,FULL,23-08-2025,15:53:47,23-08-2025,15:53:47,23-08-2025,15:54:58,COMPLETED,0,1
79KWH,8,2,FULL,23-08-2025,15:54:05,23-08-2025,15:54:05,23-08-2025,15:55:25,COMPLETED,0,1
79KWH,8,3,FULL,23-08-2025,15:55:41,23-08-2025,15:55:42,23-08-2025,15:56:50,COMPLETED,0,1
79KWH,8,2,FULL,23-08-2025,15:55:51,23-08-2025,15:55:52,23-08-2025,15:57:10,COMPLETED,0,1
79KWH,8,3,FULL,23-08-2025,15:57:30,23-08-2025,15:57:30,23-08-2025,15:58:35,COMPLETED,0,1
79KWH,8,2,FULL,23-08-2025,15:57:51,23-08-2025,15:57:52,23-08-2025,15:59:13,COMPLETED,0,1
79KWH,8,3,FULL,23-08-2025,15:59:25,23-08-2025,16:01:02,23-08-2025,16:03:03,COMPLETED,0,1
79KWH,8,2,FULL,23-08-2025,15:59:33,23-08-2025,16:01:08,23-08-2025,16:03:13,COMPLETED,0,1
79KWH,8,3,FULL,23-08-2025,16:03:08,23-08-2025,16:05:09,23-08-2025,16:07:07,COMPLETED,0,1
79KWH,8,2,FULL,23-08-2025,16:04:09,23-08-2025,16:05:08,23-08-2025,16:07:15,COMPLETED,0,1
79KWH,8,3,FULL,23-08-2025,16:07:16,23-08-2025,16:09:10,23-08-2025,16:11:11,COMPLETED,0,1
79KWH,8,2,FULL,23-08-2025,16:07:24,23-08-2025,16:07:24,23-08-2025,16:08:45,COMPLETED,0,1
79KWH,8,2,FULL,23-08-2025,16:09:00,23-08-2025,16:09:01,23-08-2025,16:10:25,COMPLETED,0,1
79KWH,8,2,FULL,23-08-2025,16:10:31,23-08-2025,16:10:33,23-08-2025,16:11:54,COMPLETED,0,1
79KWH,8,3,FULL,23-08-2025,16:11:17,23-08-2025,16:11:20,23-08-2025,16:12:27,COMPLETED,0,1
79KWH,8,2,FULL,23-08-2025,16:12:30,23-08-2025,16:12:30,23-08-2025,16:13:55,COMPLETED,0,1
79KWH,8,3,FULL,23-08-2025,16:12:35,23-08-2025,16:12:36,23-08-2025,16:13:47,COMPLETED,0,1
79KWH,8,3,FULL,23-08-2025,16:13:54,23-08-2025,16:13:56,23-08-2025,16:15:06,COMPLETED,0,1
79KWH,8,2,FULL,23-08-2025,16:14:15,23-08-2025,16:14:16,23-08-2025,16:15:38,COMPLETED,0,1
79KWH,8,3,FULL,23-08-2025,16:15:14,23-08-2025,16:15:16,23-08-2025,16:16:29,COMPLETED,0,1
79KWH,8,2,FULL,23-08-2025,16:16:15,23-08-2025,16:16:16,23-08-2025,16:17:42,COMPLETED,0,1
79KWH,8,3,FULL,23-08-2025,16:16:35,23-08-2025,16:16:40,23-08-2025,16:17:50,COMPLETED,0,1
79KWH,8,3,FULL,23-08-2025,16:17:59,23-08-2025,16:18:00,23-08-2025,16:19:13,COMPLETED,0,1
79KWH,8,2,FULL,23-08-2025,16:18:23,23-08-2025,16:18:25,23-08-2025,16:19:47,COMPLETED,0,1
79KWH,8,3,FULL,23-08-2025,16:19:20,23-08-2025,16:19:22,23-08-2025,16:20:34,COMPLETED,0,1
79KWH,8,2,FULL,23-08-2025,16:20:23,23-08-2025,16:20:24,23-08-2025,16:21:50,COMPLETED,0,1
79KWH,8,3,FULL,23-08-2025,16:20:43,23-08-2025,16:20:43,23-08-2025,16:21:58,COMPLETED,0,1
79KWH,8,3,FULL,23-08-2025,16:22:04,23-08-2025,16:22:07,23-08-2025,16:23:20,COMPLETED,0,1
79KWH,8,2,FULL,23-08-2025,16:22:07,23-08-2025,16:22:07,23-08-2025,16:23:31,COMPLETED,0,1
79KWH,8,3,FULL,23-08-2025,16:23:55,23-08-2025,16:23:56,23-08-2025,16:25:12,COMPLETED,0,1
79KWH,8,2,FULL,23-08-2025,16:24:05,23-08-2025,16:24:06,23-08-2025,16:25:33,COMPLETED,0,1
79KWH,8,3,FULL,23-08-2025,16:25:45,23-08-2025,16:25:46,23-08-2025,16:26:59,COMPLETED,0,1
79KWH,8,2,FULL,23-08-2025,16:25:49,23-08-2025,16:25:50,23-08-2025,16:27:16,COMPLETED,0,1
79KWH,8,3,FULL,23-08-2025,16:29:54,23-08-2025,16:29:55,23-08-2025,16:31:12,COMPLETED,0,1
79KWH,8,2,FULL,23-08-2025,16:30:04,23-08-2025,16:30:05,23-08-2025,16:31:33,COMPLETED,0,1
79KWH,8,3,FULL,23-08-2025,16:31:44,23-08-2025,16:31:44,23-08-2025,16:32:58,COMPLETED,0,1
79KWH,8,2,FULL,23-08-2025,16:31:48,23-08-2025,16:31:50,23-08-2025,16:33:17,COMPLETED,0,1
79KWH,8,3,FULL,23-08-2025,16:33:36,23-08-2025,16:35:02,23-08-2025,16:37:07,COMPLETED,0,1
79KWH,8,2,FULL,23-08-2025,16:33:48,23-08-2025,16:35:04,23-08-2025,16:37:14,COMPLETED,0,1
79KWH,8,3,FULL,23-08-2025,16:37:14,23-08-2025,16:39:05,23-08-2025,16:41:08,COMPLETED,0,1
79KWH,8,2,FULL,23-08-2025,16:37:22,23-08-2025,16:37:23,23-08-2025,16:38:51,COMPLETED,0,1
79KWH,8,1,FULL,23-08-2025,16:38:43,23-08-2025,16:40:15,23-08-2025,16:42:59,COMPLETED,0,1
79KWH,8,2,FULL,23-08-2025,16:39:05,23-08-2025,16:40:44,23-08-2025,16:42:55,COMPLETED,0,1
79KWH,8,3,FULL,23-08-2025,16:41:16,23-08-2025,16:43:09,23-08-2025,16:45:15,COMPLETED,0,1
79KWH,8,2,FULL,23-08-2025,16:43:01,23-08-2025,16:43:05,23-08-2025,16:44:34,COMPLETED,0,1
79KWH,8,1,FULL,23-08-2025,16:43:07,23-08-2025,16:44:41,23-08-2025,16:47:27,COMPLETED,0,1
79KWH,8,2,FULL,23-08-2025,16:45:04,23-08-2025,16:45:05,23-08-2025,16:46:37,COMPLETED,0,1
79KWH,8,3,FULL,23-08-2025,16:45:21,23-08-2025,16:45:23,23-08-2025,16:46:39,COMPLETED,0,1
79KWH,8,3,FULL,23-08-2025,16:46:48,23-08-2025,16:46:50,23-08-2025,16:48:10,COMPLETED,0,1
79KWH,8,1,FULL,23-08-2025,16:47:34,23-08-2025,16:47:37,23-08-2025,16:50:17,COMPLETED,0,1
79KWH,8,2,FULL,23-08-2025,16:47:39,23-08-2025,16:47:39,23-08-2025,16:49:09,COMPLETED,0,1
79KWH,8,3,FULL,23-08-2025,16:48:16,23-08-2025,16:48:19,23-08-2025,16:49:38,COMPLETED,0,1
79KWH,8,3,FULL,23-08-2025,16:49:46,23-08-2025,16:49:46,23-08-2025,16:51:06,COMPLETED,0,1
79KWH,8,1,FULL,23-08-2025,16:50:25,23-08-2025,16:50:25,23-08-2025,16:53:08,COMPLETED,0,1
79KWH,8,2,FULL,23-08-2025,16:50:37,23-08-2025,16:50:40,23-08-2025,16:52:13,COMPLETED,0,1
79KWH,8,3,FULL,23-08-2025,16:51:12,23-08-2025,16:51:17,23-08-2025,16:52:35,COMPLETED,0,1
79KWH,8,3,FULL,23-08-2025,16:52:43,23-08-2025,16:52:44,23-08-2025,16:54:06,COMPLETED,0,1
79KWH,8,2,FULL,23-08-2025,16:53:14,23-08-2025,16:53:15,23-08-2025,16:54:46,COMPLETED,0,1
79KWH,8,1,FULL,23-08-2025,16:53:15,23-08-2025,16:53:18,23-08-2025,16:55:59,COMPLETED,0,1
79KWH,8,3,FULL,23-08-2025,16:54:13,23-08-2025,16:54:16,23-08-2025,16:55:37,COMPLETED,0,1
79KWH,8,3,FULL,23-08-2025,16:55:46,23-08-2025,16:55:47,23-08-2025,16:57:10,COMPLETED,0,1
79KWH,8,1,FULL,23-08-2025,16:56:07,23-08-2025,16:56:08,23-08-2025,16:58:52,COMPLETED,0,1
79KWH,8,2,FULL,23-08-2025,16:56:14,23-08-2025,16:56:15,23-08-2025,16:57:48,COMPLETED,0,1
79KWH,8,3,FULL,23-08-2025,16:57:16,23-08-2025,16:59:06,23-08-2025,17:01:11,COMPLETED,0,1
79KWH,8,2,FULL,23-08-2025,16:58:51,23-08-2025,16:59:36,23-08-2025,17:01:47,COMPLETED,0,1
79KWH,8,1,FULL,23-08-2025,16:58:58,23-08-2025,16:59:00,23-08-2025,17:01:43,COMPLETED,0,1
79KWH,8,3,FULL,23-08-2025,17:01:19,23-08-2025,17:03:09,23-08-2025,17:05:23,COMPLETED,0,1
79KWH,8,1,FULL,23-08-2025,17:01:51,23-08-2025,17:03:20,23-08-2025,17:06:09,COMPLETED,0,1
79KWH,8,2,FULL,23-08-2025,17:02:01,23-08-2025,17:02:02,23-08-2025,17:03:38,COMPLETED,0,1
79KWH,8,2,FULL,23-08-2025,17:04:26,23-08-2025,17:04:27,23-08-2025,17:06:00,COMPLETED,0,1
79KWH,8,3,FULL,23-08-2025,17:05:30,23-08-2025,17:05:35,23-08-2025,17:06:57,COMPLETED,0,1
79KWH,8,1,FULL,23-08-2025,17:06:15,23-08-2025,17:07:52,23-08-2025,17:10:38,COMPLETED,0,1
79KWH,8,2,FULL,23-08-2025,17:06:28,23-08-2025,17:06:28,23-08-2025,17:08:04,COMPLETED,0,1
79KWH,8,3,FULL,23-08-2025,17:07:06,23-08-2025,17:07:06,23-08-2025,17:08:30,COMPLETED,0,1
79KWH,8,3,FULL,23-08-2025,17:08:36,23-08-2025,17:08:40,23-08-2025,17:10:03,COMPLETED,0,1
79KWH,8,2,FULL,23-08-2025,17:09:10,23-08-2025,17:09:11,23-08-2025,17:10:45,COMPLETED,0,1
79KWH,8,3,FULL,23-08-2025,17:10:11,23-08-2025,17:10:12,23-08-2025,17:11:38,COMPLETED,0,1
79KWH,8,1,FULL,23-08-2025,17:10:47,23-08-2025,17:10:48,23-08-2025,17:13:35,COMPLETED,0,1
79KWH,8,3,FULL,23-08-2025,17:11:45,23-08-2025,17:11:47,23-08-2025,17:13:12,COMPLETED,0,1
79KWH,8,1,FULL,23-08-2025,17:13:42,23-08-2025,17:13:44,23-08-2025,17:16:28,COMPLETED,0,1
79KWH,8,2,FULL,23-08-2025,17:15:05,23-08-2025,17:15:07,23-08-2025,17:16:44,COMPLETED,0,1
79KWH,8,1,FULL,23-08-2025,17:16:37,23-08-2025,17:16:37,23-08-2025,17:19:25,COMPLETED,0,1
79KWH,8,3,FULL,23-08-2025,17:17:37,23-08-2025,17:17:37,23-08-2025,17:19:05,COMPLETED,0,1
79KWH,8,2,FULL,23-08-2025,17:17:43,23-08-2025,17:17:44,23-08-2025,17:19:20,COMPLETED,0,1
79KWH,8,1,FULL,23-08-2025,17:19:32,23-08-2025,17:19:34,23-08-2025,17:22:20,COMPLETED,0,1
79KWH,8,3,FULL,23-08-2025,17:20:20,23-08-2025,17:20:21,23-08-2025,17:21:47,COMPLETED,0,1
79KWH,8,2,FULL,23-08-2025,17:20:40,23-08-2025,17:20:40,23-08-2025,17:22:19,COMPLETED,0,1
79KWH,8,1,FULL,23-08-2025,17:22:28,23-08-2025,17:22:29,23-08-2025,17:25:18,COMPLETED,0,1
79KWH,8,3,FULL,23-08-2025,17:23:12,23-08-2025,17:23:12,23-08-2025,17:24:40,COMPLETED,0,1
79KWH,8,2,FULL,23-08-2025,17:23:18,23-08-2025,17:23:18,23-08-2025,17:24:55,COMPLETED,0,1
79KWH,8,1,FULL,23-08-2025,17:25:25,23-08-2025,17:25:27,23-08-2025,17:28:14,COMPLETED,0,1
79KWH,8,3,FULL,23-08-2025,17:25:54,23-08-2025,17:25:55,23-08-2025,17:27:22,COMPLETED,0,1
79KWH,8,2,FULL,23-08-2025,17:26:17,23-08-2025,17:26:18,23-08-2025,17:27:58,COMPLETED,0,1
79KWH,8,1,FULL,23-08-2025,17:28:22,23-08-2025,17:28:23,23-08-2025,17:30:20,COMPLETED,0,1
79KWH,8,1,FULL,23-08-2025,17:30:26,23-08-2025,17:30:28,23-08-2025,17:31:30,COMPLETED,0,1
79KWH,8,1,FULL,23-08-2025,17:31:38,23-08-2025,17:33:38,23-08-2025,17:35:36,COMPLETED,0,1
79KWH,8,3,FULL,23-08-2025,17:31:52,23-08-2025,17:31:53,23-08-2025,17:34:04,COMPLETED,0,1
79KWH,8,2,FULL,23-08-2025,17:31:53,23-08-2025,17:31:53,23-08-2025,17:34:06,COMPLETED,0,1
79KWH,8,3,FULL,23-08-2025,17:34:30,23-08-2025,17:36:02,23-08-2025,17:38:10,COMPLETED,0,1
79KWH,8,2,FULL,23-08-2025,17:34:50,23-08-2025,17:35:49,23-08-2025,17:38:05,COMPLETED,0,1
79KWH,8,1,FULL,23-08-2025,17:35:43,23-08-2025,17:35:45,23-08-2025,17:36:48,COMPLETED,0,1
79KWH,8,1,FULL,23-08-2025,17:36:56,23-08-2025,17:36:57,23-08-2025,17:38:01,COMPLETED,0,1
79KWH,8,2,FULL,23-08-2025,17:38:11,23-08-2025,17:38:14,23-08-2025,17:39:53,COMPLETED,0,1
79KWH,8,3,FULL,23-08-2025,17:38:19,23-08-2025,17:38:20,23-08-2025,17:39:51,COMPLETED,0,1
79KWH,8,1,FULL,23-08-2025,17:38:58,23-08-2025,17:38:59,23-08-2025,17:40:01,COMPLETED,0,1
79KWH,8,3,FULL,23-08-2025,17:40:05,23-08-2025,17:40:05,23-08-2025,17:41:34,COMPLETED,0,1
79KWH,8,2,FULL,23-08-2025,17:40:26,23-08-2025,17:40:27,23-08-2025,17:42:08,COMPLETED,0,1
79KWH,8,1,FULL,23-08-2025,17:41:44,23-08-2025,17:41:45,23-08-2025,17:42:49,COMPLETED,0,1
79KWH,8,3,FULL,23-08-2025,17:42:59,23-08-2025,17:43:00,23-08-2025,17:44:31,COMPLETED,0,1
79KWH,8,2,FULL,23-08-2025,17:43:04,23-08-2025,17:43:05,23-08-2025,17:44:45,COMPLETED,0,1
79KWH,8,1,FULL,23-08-2025,17:44:32,23-08-2025,17:44:34,23-08-2025,17:45:36,COMPLETED,0,1
79KWH,8,3,FULL,23-08-2025,17:45:40,23-08-2025,17:45:41,23-08-2025,17:47:11,COMPLETED,0,1
79KWH,8,2,FULL,23-08-2025,17:46:01,23-08-2025,17:46:02,23-08-2025,17:47:45,COMPLETED,0,1
79KWH,8,1,FULL,23-08-2025,17:47:21,23-08-2025,17:47:22,23-08-2025,17:48:27,COMPLETED,0,1
79KWH,8,3,FULL,23-08-2025,17:48:33,23-08-2025,17:48:33,23-08-2025,17:50:06,COMPLETED,0,1
79KWH,8,2,FULL,23-08-2025,17:48:38,23-08-2025,17:48:38,23-08-2025,17:50:19,COMPLETED,0,1
79KWH,8,1,FULL,23-08-2025,17:50:08,23-08-2025,17:50:09,23-08-2025,17:51:11,COMPLETED,0,1
79KWH,8,3,FULL,23-08-2025,17:51:15,23-08-2025,17:51:15,23-08-2025,17:52:45,COMPLETED,0,1
79KWH,8,2,FULL,23-08-2025,17:53:45,23-08-2025,17:53:46,23-08-2025,17:55:29,COMPLETED,0,1
79KWH,8,1,FULL,23-08-2025,17:55:04,23-08-2025,17:55:04,23-08-2025,17:56:08,COMPLETED,0,1
79KWH,8,3,FULL,23-08-2025,17:56:20,23-08-2025,17:56:20,23-08-2025,17:57:54,COMPLETED,0,1
79KWH,8,2,FULL,23-08-2025,17:56:24,23-08-2025,17:56:25,23-08-2025,17:58:06,COMPLETED,0,1
79KWH,8,1,FULL,23-08-2025,17:57:54,23-08-2025,17:59:42,23-08-2025,18:01:37,COMPLETED,0,1
79KWH,8,3,FULL,23-08-2025,17:59:02,23-08-2025,18:00:42,23-08-2025,18:02:52,COMPLETED,0,1
79KWH,8,2,FULL,23-08-2025,17:59:21,23-08-2025,18:00:41,23-08-2025,18:03:00,COMPLETED,0,1
79KWH,8,1,FULL,23-08-2025,18:01:45,23-08-2025,18:03:37,23-08-2025,18:05:35,COMPLETED,0,1
79KWH,8,3,FULL,23-08-2025,18:03:00,23-08-2025,18:04:45,23-08-2025,18:06:59,COMPLETED,0,1
79KWH,8,2,FULL,23-08-2025,18:03:06,23-08-2025,18:03:08,23-08-2025,18:04:51,COMPLETED,0,1
79KWH,8,2,FULL,23-08-2025,18:05:09,23-08-2025,18:05:11,23-08-2025,18:06:56,COMPLETED,0,1
79KWH,8,1,FULL,23-08-2025,18:05:42,23-08-2025,18:05:45,23-08-2025,18:06:48,COMPLETED,0,1
79KWH,8,1,FULL,23-08-2025,18:06:56,23-08-2025,18:06:57,23-08-2025,18:08:01,COMPLETED,0,1
79KWH,8,3,FULL,23-08-2025,18:07:05,23-08-2025,18:07:08,23-08-2025,18:08:42,COMPLETED,0,1
79KWH,8,2,FULL,23-08-2025,18:07:47,23-08-2025,18:07:47,23-08-2025,18:09:32,COMPLETED,0,1
79KWH,8,3,FULL,23-08-2025,18:08:51,23-08-2025,18:08:52,23-08-2025,18:10:29,COMPLETED,0,1
79KWH,8,1,FULL,23-08-2025,18:09:17,23-08-2025,18:09:18,23-08-2025,18:10:20,COMPLETED,0,1
79KWH,8,3,FULL,23-08-2025,18:10:35,23-08-2025,18:10:37,23-08-2025,18:12:11,COMPLETED,0,1
79KWH,8,2,FULL,23-08-2025,18:10:45,23-08-2025,18:10:45,23-08-2025,18:12:32,COMPLETED,0,1
79KWH,8,1,FULL,23-08-2025,18:12:04,23-08-2025,18:12:05,23-08-2025,18:13:09,COMPLETED,0,1
79KWH,8,3,FULL,23-08-2025,18:13:18,23-08-2025,18:13:18,23-08-2025,18:14:55,COMPLETED,0,1
79KWH,8,2,FULL,23-08-2025,18:13:24,23-08-2025,18:13:26,23-08-2025,18:15:11,COMPLETED,0,1
79KWH,8,1,FULL,23-08-2025,18:14:54,23-08-2025,18:14:54,23-08-2025,18:15:56,COMPLETED,0,1
79KWH,8,3,FULL,23-08-2025,18:16:01,23-08-2025,18:16:02,23-08-2025,18:17:37,COMPLETED,0,1
79KWH,8,2,FULL,23-08-2025,18:35:39,23-08-2025,18:35:39,23-08-2025,18:37:59,COMPLETED,0,1
79KWH,8,1,FULL,23-08-2025,18:36:56,23-08-2025,18:36:56,23-08-2025,18:38:55,COMPLETED,0,1
79KWH,8,3,FULL,23-08-2025,18:38:09,23-08-2025,18:38:09,23-08-2025,18:40:25,COMPLETED,0,1
79KWH,8,2,FULL,23-08-2025,18:38:14,23-08-2025,18:38:16,23-08-2025,18:40:00,COMPLETED,0,1
79KWH,8,1,FULL,23-08-2025,18:39:44,23-08-2025,18:39:46,23-08-2025,18:40:49,COMPLETED,0,1
79KWH,8,3,FULL,23-08-2025,18:40:53,23-08-2025,18:40:53,23-08-2025,18:42:30,COMPLETED,0,1
79KWH,8,2,FULL,23-08-2025,18:48:03,23-08-2025,18:48:04,23-08-2025,18:49:52,COMPLETED,0,1
79KWH,8,1,FULL,23-08-2025,18:49:23,23-08-2025,18:49:23,23-08-2025,18:51:23,COMPLETED,0,1
79KWH,8,3,FULL,23-08-2025,18:50:37,23-08-2025,18:50:37,23-08-2025,18:52:16,COMPLETED,0,1
79KWH,8,2,FULL,23-08-2025,18:50:40,23-08-2025,18:50:40,23-08-2025,18:52:27,COMPLETED,0,1
79KWH,8,1,FULL,23-08-2025,18:52:10,23-08-2025,18:52:11,23-08-2025,18:53:15,COMPLETED,0,1
79KWH,8,3,FULL,23-08-2025,18:53:22,23-08-2025,18:53:23,23-08-2025,18:54:59,COMPLETED,0,1
79KWH,8,2,FULL,23-08-2025,18:53:41,23-08-2025,18:53:41,23-08-2025,18:55:31,COMPLETED,0,1
79KWH,8,1,FULL,23-08-2025,18:55:00,23-08-2025,18:55:00,23-08-2025,18:56:08,COMPLETED,0,1
79KWH,8,3,FULL,23-08-2025,18:56:12,23-08-2025,18:56:13,23-08-2025,18:57:52,COMPLETED,0,1
79KWH,8,2,FULL,23-08-2025,18:56:16,23-08-2025,18:56:17,23-08-2025,18:58:04,COMPLETED,0,1
79KWH,8,1,FULL,23-08-2025,18:57:47,23-08-2025,18:58:07,23-08-2025,19:00:04,COMPLETED,0,1
79KWH,8,3,FULL,23-08-2025,18:58:56,23-08-2025,18:58:57,23-08-2025,19:00:34,COMPLETED,0,1
79KWH,8,2,FULL,23-08-2025,18:59:13,23-08-2025,18:59:15,23-08-2025,19:01:06,COMPLETED,0,1
79KWH,8,1,FULL,23-08-2025,19:00:33,23-08-2025,19:02:05,23-08-2025,19:04:05,COMPLETED,0,1
79KWH,8,3,FULL,23-08-2025,19:01:46,23-08-2025,19:01:47,23-08-2025,19:03:29,COMPLETED,0,1
79KWH,8,2,FULL,23-08-2025,19:01:51,23-08-2025,19:01:53,23-08-2025,19:03:44,COMPLETED,0,1
79KWH,8,1,FULL,23-08-2025,19:04:11,23-08-2025,19:06:02,23-08-2025,19:08:00,COMPLETED,0,1
79KWH,8,3,FULL,23-08-2025,19:04:32,23-08-2025,19:04:33,23-08-2025,19:06:17,COMPLETED,0,1
79KWH,8,2,FULL,23-08-2025,19:04:50,23-08-2025,19:04:51,23-08-2025,19:06:46,COMPLETED,0,1
79KWH,8,3,FULL,23-08-2025,19:07:22,23-08-2025,19:07:24,23-08-2025,19:09:05,COMPLETED,0,1
79KWH,8,2,FULL,23-08-2025,19:07:27,23-08-2025,19:07:28,23-08-2025,19:09:20,COMPLETED,0,1
79KWH,8,1,FULL,23-08-2025,19:08:09,23-08-2025,19:10:00,23-08-2025,19:12:01,COMPLETED,0,1
79KWH,8,3,FULL,23-08-2025,19:10:06,23-08-2025,19:10:06,23-08-2025,19:11:46,COMPLETED,0,1
79KWH,8,2,FULL,23-08-2025,19:10:25,23-08-2025,19:10:25,23-08-2025,19:12:18,COMPLETED,0,1
79KWH,8,1,FULL,23-08-2025,19:12:07,23-08-2025,19:12:09,23-08-2025,19:13:17,COMPLETED,0,1
79KWH,8,3,FULL,23-08-2025,19:12:59,23-08-2025,19:13:00,23-08-2025,19:14:46,COMPLETED,0,1
79KWH,8,2,FULL,23-08-2025,19:13:02,23-08-2025,19:13:03,23-08-2025,19:14:56,COMPLETED,0,1
79KWH,8,1,FULL,23-08-2025,19:13:25,23-08-2025,19:15:13,23-08-2025,19:17:15,COMPLETED,0,1
79KWH,8,3,FULL,23-08-2025,19:15:40,23-08-2025,19:15:41,23-08-2025,19:17:23,COMPLETED,0,1
79KWH,8,2,FULL,23-08-2025,19:16:01,23-08-2025,19:16:02,23-08-2025,19:17:58,COMPLETED,0,1
79KWH,8,1,FULL,23-08-2025,19:17:21,23-08-2025,19:17:24,23-08-2025,19:18:33,COMPLETED,0,1
79KWH,8,3,FULL,23-08-2025,19:18:33,23-08-2025,19:18:33,23-08-2025,19:20:18,COMPLETED,0,1
79KWH,8,2,FULL,23-08-2025,19:18:37,23-08-2025,19:18:38,23-08-2025,19:20:32,COMPLETED,0,1
79KWH,8,1,FULL,23-08-2025,19:18:42,23-08-2025,19:18:43,23-08-2025,19:19:54,COMPLETED,0,1
79KWH,8,1,FULL,23-08-2025,19:20:07,23-08-2025,19:20:08,23-08-2025,19:21:19,COMPLETED,0,1
79KWH,8,3,FULL,23-08-2025,19:21:15,23-08-2025,19:21:16,23-08-2025,19:22:58,COMPLETED,0,1
79KWH,8,2,FULL,23-08-2025,19:21:36,23-08-2025,19:21:36,23-08-2025,19:23:32,COMPLETED,0,1
79KWH,8,1,FULL,23-08-2025,19:22:57,23-08-2025,19:22:57,23-08-2025,19:24:09,COMPLETED,0,1
79KWH,8,3,FULL,23-08-2025,19:24:09,23-08-2025,19:24:10,23-08-2025,19:25:58,COMPLETED,0,1
79KWH,8,2,FULL,23-08-2025,19:24:15,23-08-2025,19:24:15,23-08-2025,19:26:10,COMPLETED,0,1
79KWH,8,1,FULL,23-08-2025,19:25:43,23-08-2025,19:25:44,23-08-2025,19:26:55,COMPLETED,0,1
79KWH,8,3,FULL,23-08-2025,19:26:53,23-08-2025,19:26:54,23-08-2025,19:28:39,COMPLETED,0,1
79KWH,8,2,FULL,23-08-2025,19:27:11,23-08-2025,19:27:12,23-08-2025,19:29:09,COMPLETED,0,1
79KWH,8,1,FULL,23-08-2025,19:28:31,23-08-2025,19:28:32,23-08-2025,19:29:45,COMPLETED,0,1
79KWH,8,3,FULL,23-08-2025,19:29:43,23-08-2025,19:29:44,23-08-2025,19:31:31,COMPLETED,0,1
79KWH,8,2,FULL,23-08-2025,19:29:49,23-08-2025,19:29:49,23-08-2025,19:31:44,COMPLETED,0,1
79KWH,8,1,FULL,23-08-2025,19:31:20,23-08-2025,19:31:21,23-08-2025,19:32:32,COMPLETED,0,1
79KWH,8,3,FULL,23-08-2025,19:32:26,23-08-2025,19:32:26,23-08-2025,19:34:10,COMPLETED,0,1
79KWH,8,2,FULL,23-08-2025,19:32:45,23-08-2025,19:32:48,23-08-2025,19:34:48,COMPLETED,0,1
79KWH,8,1,FULL,23-08-2025,19:34:05,23-08-2025,19:35:41,23-08-2025,19:37:43,COMPLETED,0,1
79KWH,8,3,FULL,23-08-2025,19:35:20,23-08-2025,19:35:20,23-08-2025,19:37:07,COMPLETED,0,1
79KWH,8,2,FULL,23-08-2025,19:35:24,23-08-2025,19:35:25,23-08-2025,19:37:22,COMPLETED,0,1
79KWH,8,1,FULL,23-08-2025,19:37:49,23-08-2025,19:37:53,23-08-2025,19:39:05,COMPLETED,0,1
79KWH,8,3,FULL,23-08-2025,19:38:39,23-08-2025,19:38:40,23-08-2025,19:40:25,COMPLETED,0,1
79KWH,8,2,FULL,23-08-2025,19:39:02,23-08-2025,19:39:03,23-08-2025,19:41:02,COMPLETED,0,1
79KWH,8,1,FULL,23-08-2025,19:40:23,23-08-2025,19:41:00,23-08-2025,19:43:04,COMPLETED,0,1
79KWH,8,3,FULL,23-08-2025,19:41:33,23-08-2025,19:41:34,23-08-2025,19:43:23,COMPLETED,0,1
79KWH,8,2,FULL,23-08-2025,19:41:36,23-08-2025,19:41:37,23-08-2025,19:43:35,COMPLETED,0,1
79KWH,8,1,FULL,23-08-2025,19:43:11,23-08-2025,19:43:13,23-08-2025,19:44:27,COMPLETED,0,1
79KWH,8,3,FULL,23-08-2025,19:44:16,23-08-2025,19:44:17,23-08-2025,19:46:05,COMPLETED,0,1
79KWH,8,2,FULL,23-08-2025,19:44:35,23-08-2025,19:44:36,23-08-2025,19:46:36,COMPLETED,0,1
79KWH,8,1,FULL,23-08-2025,19:45:54,23-08-2025,19:46:23,23-08-2025,19:48:27,COMPLETED,0,1
79KWH,8,3,FULL,23-08-2025,19:47:09,23-08-2025,19:47:10,23-08-2025,19:49:01,COMPLETED,0,1
79KWH,8,2,FULL,23-08-2025,19:47:12,23-08-2025,19:47:13,23-08-2025,19:49:12,COMPLETED,0,1
79KWH,8,1,FULL,23-08-2025,19:48:43,23-08-2025,19:50:22,23-08-2025,19:52:25,COMPLETED,0,1
79KWH,8,3,FULL,23-08-2025,19:49:50,23-08-2025,19:49:50,23-08-2025,19:51:39,COMPLETED,0,1
79KWH,8,2,FULL,23-08-2025,19:50:11,23-08-2025,19:50:11,23-08-2025,19:52:15,COMPLETED,0,1
79KWH,8,1,FULL,23-08-2025,19:52:33,23-08-2025,19:54:21,23-08-2025,19:56:26,COMPLETED,0,1
79KWH,8,3,FULL,23-08-2025,20:59:53,23-08-2025,20:59:55,23-08-2025,21:47:34,COMPLETED,0,1
79KWH,8,2,FULL,23-08-2025,20:59:59,23-08-2025,21:00:00,23-08-2025,21:01:58,COMPLETED,0,1
79KWH,8,1,FULL,23-08-2025,21:01:28,23-08-2025,21:01:29,23-08-2025,21:03:33,COMPLETED,0,1
79KWH,8,2,FULL,23-08-2025,21:02:58,23-08-2025,21:03:00,23-08-2025,21:05:03,COMPLETED,0,1
79KWH,8,1,FULL,23-08-2025,21:04:15,23-08-2025,21:04:16,23-08-2025,21:05:35,COMPLETED,0,1
79KWH,8,2,FULL,23-08-2025,21:05:36,23-08-2025,21:05:37,23-08-2025,21:07:38,COMPLETED,0,1
79KWH,8,1,FULL,23-08-2025,21:07:05,23-08-2025,21:07:06,23-08-2025,21:08:24,COMPLETED,0,1
79KWH,8,2,FULL,23-08-2025,21:08:31,23-08-2025,21:08:32,23-08-2025,21:10:26,COMPLETED,0,1
79KWH,8,1,FULL,23-08-2025,21:09:52,23-08-2025,21:10:19,23-08-2025,21:12:25,COMPLETED,0,1
79KWH,8,2,FULL,23-08-2025,21:11:08,23-08-2025,21:11:09,23-08-2025,21:12:52,COMPLETED,0,1
79KWH,8,1,FULL,23-08-2025,21:12:39,23-08-2025,21:14:27,23-08-2025,21:16:31,COMPLETED,0,1
79KWH,8,2,FULL,23-08-2025,21:14:08,23-08-2025,21:14:08,23-08-2025,21:15:40,COMPLETED,0,1
79KWH,8,1,FULL,23-08-2025,21:16:40,23-08-2025,21:18:28,23-08-2025,21:20:34,COMPLETED,0,1
79KWH,8,2,FULL,23-08-2025,21:16:43,23-08-2025,21:16:44,23-08-2025,21:17:57,COMPLETED,0,1
79KWH,8,2,FULL,23-08-2025,21:19:00,23-08-2025,21:19:01,23-08-2025,21:20:37,COMPLETED,0,1
79KWH,8,1,FULL,23-08-2025,21:20:40,23-08-2025,21:20:43,23-08-2025,21:22:03,COMPLETED,0,1
79KWH,8,2,FULL,23-08-2025,21:20:44,23-08-2025,21:20:46,23-08-2025,21:22:40,COMPLETED,0,1
79KWH,8,1,FULL,23-08-2025,21:22:12,23-08-2025,21:24:01,23-08-2025,21:26:10,COMPLETED,0,1
79KWH,8,2,FULL,23-08-2025,21:22:55,23-08-2025,21:22:59,23-08-2025,21:24:56,COMPLETED,0,1
79KWH,8,2,FULL,23-08-2025,21:25:04,23-08-2025,21:25:05,23-08-2025,21:27:02,COMPLETED,0,1
79KWH,8,1,FULL,23-08-2025,21:26:16,23-08-2025,21:26:18,23-08-2025,21:27:40,COMPLETED,0,1
79KWH,8,2,FULL,23-08-2025,21:27:17,23-08-2025,21:27:17,23-08-2025,21:29:17,COMPLETED,0,1
79KWH,8,1,FULL,23-08-2025,21:27:48,23-08-2025,21:29:35,23-08-2025,21:31:44,COMPLETED,0,1
79KWH,8,2,FULL,23-08-2025,21:29:24,23-08-2025,21:29:26,23-08-2025,21:31:23,COMPLETED,0,1
79KWH,8,2,FULL,23-08-2025,21:31:38,23-08-2025,21:31:39,23-08-2025,21:33:40,COMPLETED,0,1
79KWH,8,1,FULL,23-08-2025,21:31:51,23-08-2025,21:31:52,23-08-2025,21:33:15,COMPLETED,0,1
79KWH,8,1,FULL,23-08-2025,21:33:23,23-08-2025,21:35:13,23-08-2025,21:37:22,COMPLETED,0,1
79KWH,8,2,FULL,23-08-2025,21:33:48,23-08-2025,21:33:50,23-08-2025,21:35:48,COMPLETED,0,1
79KWH,8,2,FULL,23-08-2025,21:37:08,23-08-2025,21:37:09,23-08-2025,21:39:11,COMPLETED,0,1
79KWH,8,1,FULL,23-08-2025,21:37:28,23-08-2025,21:37:31,23-08-2025,21:38:55,COMPLETED,0,1
79KWH,8,1,FULL,23-08-2025,21:39:04,23-08-2025,21:40:51,23-08-2025,21:43:00,COMPLETED,0,1
79KWH,8,2,FULL,23-08-2025,21:39:18,23-08-2025,21:39:21,23-08-2025,21:41:21,COMPLETED,0,1
79KWH,8,2,FULL,23-08-2025,21:41:35,23-08-2025,21:41:36,23-08-2025,21:43:39,COMPLETED,0,1
79KWH,8,1,FULL,23-08-2025,21:43:07,23-08-2025,21:43:09,23-08-2025,21:44:33,COMPLETED,0,1
79KWH,8,2,FULL,23-08-2025,21:43:45,23-08-2025,21:43:48,23-08-2025,21:45:50,COMPLETED,0,1
79KWH,8,1,FULL,23-08-2025,21:44:42,23-08-2025,21:46:34,23-08-2025,21:48:44,COMPLETED,0,1
79KWH,8,2,FULL,23-08-2025,21:46:04,23-08-2025,21:46:04,23-08-2025,21:48:08,COMPLETED,0,1
79KWH,8,3,FULL,23-08-2025,21:47:42,23-08-2025,21:47:51,23-08-2025,21:49:15,COMPLETED,0,1
79KWH,8,1,FULL,23-08-2025,21:48:51,23-08-2025,21:48:53,23-08-2025,21:50:18,COMPLETED,0,1
79KWH,8,3,FULL,23-08-2025,21:49:21,23-08-2025,21:49:23,23-08-2025,21:51:14,COMPLETED,0,1
79KWH,8,1,FULL,23-08-2025,21:50:28,23-08-2025,21:52:12,23-08-2025,21:54:28,COMPLETED,0,1
79KWH,8,3,FULL,23-08-2025,21:51:23,23-08-2025,21:51:24,23-08-2025,21:53:18,COMPLETED,0,1
79KWH,8,3,FULL,23-08-2025,21:53:24,23-08-2025,21:53:27,23-08-2025,21:55:20,COMPLETED,0,1
79KWH,8,2,FULL,23-08-2025,21:53:44,23-08-2025,21:53:44,23-08-2025,21:55:47,COMPLETED,0,1
79KWH,8,1,FULL,23-08-2025,21:54:35,23-08-2025,21:54:37,23-08-2025,21:56:03,COMPLETED,0,1
79KWH,8,3,FULL,23-08-2025,21:55:29,23-08-2025,21:55:30,23-08-2025,21:57:30,COMPLETED,0,1
79KWH,8,2,FULL,23-08-2025,21:56:05,23-08-2025,21:56:05,23-08-2025,21:58:10,COMPLETED,0,1
79KWH,8,1,FULL,23-08-2025,21:56:11,23-08-2025,21:58:00,23-08-2025,22:00:10,COMPLETED,0,1
79KWH,8,3,FULL,23-08-2025,21:57:36,23-08-2025,21:57:39,23-08-2025,21:59:32,COMPLETED,0,1
79KWH,8,2,FULL,23-08-2025,21:58:47,23-08-2025,21:58:49,23-08-2025,22:00:52,COMPLETED,0,1
79KWH,8,3,FULL,23-08-2025,21:59:41,23-08-2025,21:59:42,23-08-2025,22:01:39,COMPLETED,0,1
79KWH,8,1,FULL,23-08-2025,22:00:16,23-08-2025,22:00:19,23-08-2025,22:01:47,COMPLETED,0,1
79KWH,8,2,FULL,23-08-2025,22:01:39,23-08-2025,22:01:40,23-08-2025,22:03:46,COMPLETED,0,1
79KWH,8,3,FULL,23-08-2025,22:01:45,23-08-2025,22:01:47,23-08-2025,22:03:42,COMPLETED,0,1
79KWH,8,1,FULL,23-08-2025,22:01:57,23-08-2025,22:03:42,23-08-2025,22:05:53,COMPLETED,0,1
79KWH,8,3,FULL,23-08-2025,22:03:50,23-08-2025,22:03:51,23-08-2025,22:05:47,COMPLETED,0,1
79KWH,8,2,FULL,23-08-2025,22:04:21,23-08-2025,22:04:22,23-08-2025,22:06:25,COMPLETED,0,1
79KWH,8,3,FULL,23-08-2025,22:05:53,23-08-2025,22:05:57,23-08-2025,22:07:52,COMPLETED,0,1
79KWH,8,1,FULL,23-08-2025,22:06:00,23-08-2025,22:06:01,23-08-2025,22:07:31,COMPLETED,0,1
79KWH,8,2,FULL,23-08-2025,22:07:16,23-08-2025,22:07:16,23-08-2025,22:09:23,COMPLETED,0,1
79KWH,8,1,FULL,23-08-2025,22:07:39,23-08-2025,22:09:28,23-08-2025,22:11:39,COMPLETED,0,1
79KWH,8,3,FULL,23-08-2025,22:08:00,23-08-2025,22:08:01,23-08-2025,22:10:00,COMPLETED,0,1
79KWH,8,2,FULL,23-08-2025,22:09:57,23-08-2025,22:11:00,23-08-2025,22:13:28,COMPLETED,0,1
79KWH,8,3,FULL,23-08-2025,22:10:06,23-08-2025,22:10:09,23-08-2025,22:12:11,COMPLETED,0,1
79KWH,8,1,FULL,23-08-2025,22:11:46,23-08-2025,22:11:49,23-08-2025,22:13:19,COMPLETED,0,1
79KWH,8,3,FULL,23-08-2025,22:12:19,23-08-2025,22:12:22,23-08-2025,22:14:21,COMPLETED,0,1
79KWH,8,1,FULL,23-08-2025,22:13:27,23-08-2025,22:15:11,23-08-2025,22:17:24,COMPLETED,0,1
79KWH,8,2,FULL,23-08-2025,22:13:42,23-08-2025,22:14:57,23-08-2025,22:17:25,COMPLETED,0,1
79KWH,8,3,FULL,23-08-2025,22:14:28,23-08-2025,22:14:31,23-08-2025,22:16:28,COMPLETED,0,1
79KWH,8,3,FULL,23-08-2025,22:16:38,23-08-2025,22:18:08,23-08-2025,22:20:36,COMPLETED,0,1
79KWH,8,1,FULL,23-08-2025,22:17:29,23-08-2025,22:17:32,23-08-2025,22:19:04,COMPLETED,0,1
79KWH,8,1,FULL,23-08-2025,22:19:13,23-08-2025,22:21:01,23-08-2025,22:23:14,COMPLETED,0,1
79KWH,8,2,FULL,23-08-2025,22:37:12,23-08-2025,22:37:12,23-08-2025,22:39:39,COMPLETED,0,1
79KWH,8,1,FULL,23-08-2025,22:38:38,23-08-2025,22:38:38,23-08-2025,22:40:49,COMPLETED,0,1
79KWH,8,3,FULL,23-08-2025,22:39:50,23-08-2025,22:40:49,23-08-2025,22:43:14,COMPLETED,0,1
79KWH,8,2,FULL,23-08-2025,22:40:05,23-08-2025,22:41:11,23-08-2025,22:43:40,COMPLETED,0,1
79KWH,8,1,FULL,23-08-2025,22:41:29,23-08-2025,22:42:45,23-08-2025,22:44:59,COMPLETED,0,1
79KWH,8,3,FULL,23-08-2025,22:43:23,23-08-2025,22:43:24,23-08-2025,22:45:26,COMPLETED,0,1
79KWH,8,2,FULL,23-08-2025,22:43:46,23-08-2025,22:43:49,23-08-2025,22:45:52,COMPLETED,0,1
79KWH,8,1,FULL,23-08-2025,22:45:05,23-08-2025,22:45:09,23-08-2025,22:46:42,COMPLETED,0,1
79KWH,8,3,FULL,23-08-2025,22:45:31,23-08-2025,22:45:35,23-08-2025,22:47:39,COMPLETED,0,1
79KWH,8,2,FULL,23-08-2025,22:46:05,23-08-2025,22:46:05,23-08-2025,22:48:11,COMPLETED,0,1
79KWH,8,1,FULL,23-08-2025,22:47:04,23-08-2025,22:47:05,23-08-2025,22:48:41,COMPLETED,0,1
79KWH,8,3,FULL,23-08-2025,22:48:12,23-08-2025,22:48:13,23-08-2025,22:50:22,COMPLETED,0,1
79KWH,8,2,FULL,23-08-2025,22:48:23,23-08-2025,22:48:25,23-08-2025,22:50:29,COMPLETED,0,1
79KWH,8,1,FULL,23-08-2025,22:49:48,23-08-2025,22:49:48,23-08-2025,22:51:23,COMPLETED,0,1
79KWH,8,3,FULL,23-08-2025,22:51:01,23-08-2025,22:51:02,23-08-2025,22:53:03,COMPLETED,0,1
79KWH,8,2,FULL,23-08-2025,22:51:15,23-08-2025,22:51:15,23-08-2025,22:53:22,COMPLETED,0,1
79KWH,8,1,FULL,23-08-2025,22:55:00,23-08-2025,22:55:01,23-08-2025,22:56:38,COMPLETED,0,1
79KWH,8,3,FULL,23-08-2025,22:56:06,23-08-2025,22:56:06,23-08-2025,22:58:15,COMPLETED,0,1
79KWH,8,2,FULL,23-08-2025,22:56:17,23-08-2025,22:56:18,23-08-2025,22:58:24,COMPLETED,0,1
79KWH,8,1,FULL,23-08-2025,22:57:42,23-08-2025,22:58:36,23-08-2025,23:00:48,COMPLETED,0,1
79KWH,8,3,FULL,23-08-2025,22:58:58,23-08-2025,22:59:50,23-08-2025,23:02:19,COMPLETED,0,1
79KWH,8,2,FULL,23-08-2025,22:59:12,23-08-2025,22:59:53,23-08-2025,23:02:23,COMPLETED,0,1
79KWH,8,1,FULL,23-08-2025,23:00:57,23-08-2025,23:02:46,23-08-2025,23:05:00,COMPLETED,0,1
79KWH,8,3,FULL,23-08-2025,23:02:29,23-08-2025,23:02:29,23-08-2025,23:04:40,COMPLETED,0,1
79KWH,8,2,FULL,23-08-2025,23:02:29,23-08-2025,23:03:56,23-08-2025,23:06:24,COMPLETED,0,1
79KWH,8,3,FULL,23-08-2025,23:04:47,23-08-2025,23:04:50,23-08-2025,23:06:53,COMPLETED,0,1
79KWH,8,1,FULL,23-08-2025,23:05:06,23-08-2025,23:05:08,23-08-2025,23:06:45,COMPLETED,0,1
79KWH,8,2,FULL,23-08-2025,23:06:39,23-08-2025,23:06:40,23-08-2025,23:08:49,COMPLETED,0,1
79KWH,8,1,FULL,23-08-2025,23:06:55,23-08-2025,23:06:56,23-08-2025,23:08:36,COMPLETED,0,1
79KWH,8,3,FULL,23-08-2025,23:07:17,23-08-2025,23:07:20,23-08-2025,23:09:31,COMPLETED,0,1
79KWH,8,1,FULL,23-08-2025,23:08:53,23-08-2025,23:08:53,23-08-2025,23:10:33,COMPLETED,0,1
79KWH,8,2,FULL,23-08-2025,23:08:55,23-08-2025,23:08:58,23-08-2025,23:11:03,COMPLETED,0,1
79KWH,8,3,FULL,23-08-2025,23:14:21,23-08-2025,23:14:21,23-08-2025,23:16:31,COMPLETED,0,1
79KWH,8,2,FULL,23-08-2025,23:14:37,23-08-2025,23:14:38,23-08-2025,23:16:47,COMPLETED,0,1
79KWH,8,1,FULL,23-08-2025,23:16:02,23-08-2025,23:16:03,23-08-2025,23:17:44,COMPLETED,0,1
79KWH,8,3,FULL,23-08-2025,23:17:10,23-08-2025,23:17:11,23-08-2025,23:19:24,COMPLETED,0,1
79KWH,8,2,FULL,23-08-2025,23:17:21,23-08-2025,23:17:21,23-08-2025,23:19:30,COMPLETED,0,1
79KWH,8,1,FULL,23-08-2025,23:18:44,23-08-2025,23:19:44,23-08-2025,23:21:58,COMPLETED,0,1
79KWH,8,3,FULL,23-08-2025,23:19:57,23-08-2025,23:21:01,23-08-2025,23:23:33,COMPLETED,0,1
79KWH,8,2,FULL,23-08-2025,23:20:13,23-08-2025,23:20:56,23-08-2025,23:23:28,COMPLETED,0,1
79KWH,8,1,FULL,23-08-2025,23:22:07,23-08-2025,23:22:07,23-08-2025,23:23:52,COMPLETED,0,1
79KWH,8,2,FULL,23-08-2025,23:23:34,23-08-2025,23:23:37,23-08-2025,23:25:47,COMPLETED,0,1
79KWH,8,3,FULL,23-08-2025,23:23:42,23-08-2025,23:25:06,23-08-2025,23:27:37,COMPLETED,0,1
79KWH,8,1,FULL,23-08-2025,23:24:26,23-08-2025,23:24:26,23-08-2025,23:26:07,COMPLETED,0,1
79KWH,8,2,FULL,23-08-2025,23:26:01,23-08-2025,23:26:02,23-08-2025,23:28:13,COMPLETED,0,1
79KWH,8,1,FULL,23-08-2025,23:27:24,23-08-2025,23:27:25,23-08-2025,23:29:09,COMPLETED,0,1
79KWH,8,3,FULL,23-08-2025,23:27:43,23-08-2025,23:27:46,23-08-2025,23:29:53,COMPLETED,0,1
79KWH,8,2,FULL,23-08-2025,23:28:39,23-08-2025,23:28:41,23-08-2025,23:30:51,COMPLETED,0,1
79KWH,8,3,FULL,23-08-2025,23:30:02,23-08-2025,23:30:08,23-08-2025,23:32:22,COMPLETED,0,1
79KWH,8,1,FULL,23-08-2025,23:30:05,23-08-2025,23:30:07,23-08-2025,23:31:49,COMPLETED,0,1
79KWH,8,2,FULL,23-08-2025,23:31:32,23-08-2025,23:31:33,23-08-2025,23:33:47,COMPLETED,0,1
79KWH,8,3,FULL,23-08-2025,23:32:28,23-08-2025,23:32:31,23-08-2025,23:34:43,COMPLETED,0,1
79KWH,8,1,FULL,23-08-2025,23:33:00,23-08-2025,23:33:02,23-08-2025,23:34:47,COMPLETED,0,1
79KWH,8,2,FULL,23-08-2025,23:34:18,23-08-2025,23:34:19,23-08-2025,23:36:31,COMPLETED,0,1
79KWH,8,3,FULL,23-08-2025,23:34:53,23-08-2025,23:34:54,23-08-2025,23:37:04,COMPLETED,0,1
79KWH,8,1,FULL,23-08-2025,23:35:40,23-08-2025,23:35:40,23-08-2025,23:37:24,COMPLETED,0,1
79KWH,8,2,FULL,23-08-2025,23:37:09,23-08-2025,23:37:11,23-08-2025,23:39:26,COMPLETED,0,1
79KWH,8,3,FULL,23-08-2025,23:37:10,23-08-2025,23:37:15,23-08-2025,23:39:23,COMPLETED,0,1
79KWH,8,1,FULL,23-08-2025,23:38:33,23-08-2025,23:39:23,23-08-2025,23:41:42,COMPLETED,0,1
79KWH,8,3,FULL,23-08-2025,23:39:41,23-08-2025,23:39:42,23-08-2025,23:41:58,COMPLETED,0,1
79KWH,8,2,FULL,24-08-2025,07:13:40,24-08-2025,07:14:41,24-08-2025,07:17:11,COMPLETED,0,1
79KWH,8,1,FULL,24-08-2025,07:15:00,24-08-2025,07:15:01,24-08-2025,07:17:27,COMPLETED,0,1
79KWH,8,3,FULL,24-08-2025,07:16:13,24-08-2025,07:16:16,24-08-2025,07:18:53,COMPLETED,0,1
79KWH,8,2,FULL,24-08-2025,07:17:18,24-08-2025,07:17:20,24-08-2025,07:19:26,COMPLETED,0,1
79KWH,8,1,FULL,24-08-2025,07:17:48,24-08-2025,07:17:48,24-08-2025,07:19:34,COMPLETED,0,1
79KWH,8,2,FULL,24-08-2025,07:19:40,24-08-2025,07:20:51,24-08-2025,07:23:20,COMPLETED,0,1
79KWH,8,1,FULL,24-08-2025,07:20:35,24-08-2025,07:20:35,24-08-2025,07:22:23,COMPLETED,0,1
79KWH,8,2,FULL,24-08-2025,07:23:27,24-08-2025,07:23:30,24-08-2025,07:25:36,COMPLETED,0,1
79KWH,8,1,FULL,24-08-2025,07:24:17,24-08-2025,07:24:18,24-08-2025,07:26:03,COMPLETED,0,1
79KWH,8,2,FULL,24-08-2025,07:25:50,24-08-2025,07:25:51,24-08-2025,07:28:02,COMPLETED,0,1
79KWH,8,1,FULL,24-08-2025,07:27:02,24-08-2025,07:27:03,24-08-2025,07:28:52,COMPLETED,0,1
79KWH,8,2,FULL,24-08-2025,07:28:08,24-08-2025,07:28:11,24-08-2025,07:30:19,COMPLETED,0,1
79KWH,8,1,FULL,24-08-2025,07:28:58,24-08-2025,07:29:02,24-08-2025,07:30:50,COMPLETED,0,1
79KWH,8,2,FULL,24-08-2025,07:30:32,24-08-2025,07:30:33,24-08-2025,07:32:44,COMPLETED,0,1
79KWH,8,1,FULL,24-08-2025,07:30:58,24-08-2025,07:30:58,24-08-2025,07:32:50,COMPLETED,0,1
79KWH,8,2,FULL,24-08-2025,07:32:52,24-08-2025,07:33:02,24-08-2025,07:35:12,COMPLETED,0,1
79KWH,8,1,FULL,24-08-2025,07:33:08,24-08-2025,07:33:08,24-08-2025,07:34:57,COMPLETED,0,1
79KWH,8,1,FULL,24-08-2025,07:35:05,24-08-2025,07:35:06,24-08-2025,07:36:58,COMPLETED,0,1
79KWH,8,2,FULL,24-08-2025,07:35:26,24-08-2025,07:35:26,24-08-2025,07:37:37,COMPLETED,0,1
79KWH,8,1,FULL,24-08-2025,07:37:04,24-08-2025,07:37:07,24-08-2025,07:41:14,COMPLETED,0,1
79KWH,8,2,FULL,24-08-2025,07:37:45,24-08-2025,07:37:47,24-08-2025,07:39:56,COMPLETED,0,1
79KWH,8,2,FULL,24-08-2025,07:40:10,24-08-2025,07:40:10,24-08-2025,07:42:25,COMPLETED,0,1
79KWH,8,1,FULL,24-08-2025,07:41:23,24-08-2025,07:41:24,24-08-2025,07:43:19,COMPLETED,0,1
79KWH,8,2,FULL,24-08-2025,07:42:31,24-08-2025,07:43:54,24-08-2025,07:46:26,COMPLETED,0,1
79KWH,8,1,FULL,24-08-2025,07:43:26,24-08-2025,07:43:27,24-08-2025,07:45:18,COMPLETED,0,1
79KWH,8,1,FULL,24-08-2025,07:45:27,24-08-2025,07:45:28,24-08-2025,07:47:23,COMPLETED,0,1
79KWH,8,2,FULL,24-08-2025,07:46:39,24-08-2025,07:47:48,24-08-2025,07:50:21,COMPLETED,0,1
79KWH,8,1,FULL,24-08-2025,07:47:29,24-08-2025,07:47:32,24-08-2025,07:49:24,COMPLETED,0,1
79KWH,8,3,FULL,24-08-2025,07:49:13,24-08-2025,07:51:13,24-08-2025,07:53:48,COMPLETED,0,1
79KWH,8,1,FULL,24-08-2025,07:49:32,24-08-2025,07:49:33,24-08-2025,07:51:29,COMPLETED,0,1
79KWH,8,2,FULL,24-08-2025,07:50:27,24-08-2025,07:50:30,24-08-2025,07:52:42,COMPLETED,0,1
79KWH,8,1,FULL,24-08-2025,07:51:35,24-08-2025,07:51:39,24-08-2025,08:03:18,COMPLETED,0,1
79KWH,8,2,FULL,24-08-2025,07:52:56,24-08-2025,07:52:59,24-08-2025,07:55:14,COMPLETED,0,1
79KWH,8,3,FULL,24-08-2025,07:53:56,24-08-2025,07:53:59,24-08-2025,07:56:18,COMPLETED,0,1
79KWH,8,2,FULL,24-08-2025,07:55:20,24-08-2025,07:55:24,24-08-2025,07:57:38,COMPLETED,0,1
79KWH,8,3,FULL,24-08-2025,07:56:24,24-08-2025,07:56:26,24-08-2025,07:58:38,COMPLETED,0,1
79KWH,8,2,FULL,24-08-2025,07:57:54,24-08-2025,07:57:54,24-08-2025,08:00:11,COMPLETED,0,1
79KWH,8,3,FULL,24-08-2025,07:58:45,24-08-2025,07:58:47,24-08-2025,08:01:06,COMPLETED,0,1
79KWH,8,2,FULL,24-08-2025,08:00:35,24-08-2025,08:00:36,24-08-2025,08:02:52,COMPLETED,0,1
79KWH,8,3,FULL,24-08-2025,08:01:13,24-08-2025,08:01:15,24-08-2025,08:03:27,COMPLETED,0,1
79KWH,8,2,FULL,24-08-2025,08:03:06,24-08-2025,08:03:06,24-08-2025,08:05:25,COMPLETED,0,1
79KWH,8,1,FULL,24-08-2025,08:03:26,24-08-2025,08:03:27,24-08-2025,08:09:52,COMPLETED,0,1
79KWH,8,3,FULL,24-08-2025,08:03:36,24-08-2025,08:03:37,24-08-2025,08:48:49,COMPLETED,0,1
79KWH,8,2,FULL,24-08-2025,08:05:31,24-08-2025,08:05:35,24-08-2025,08:07:54,COMPLETED,0,1
79KWH,8,1,FULL,24-08-2025,08:09:58,24-08-2025,08:10:00,24-08-2025,08:11:55,COMPLETED,0,1
79KWH,8,2,FULL,24-08-2025,08:10:48,24-08-2025,08:11:15,24-08-2025,08:13:49,COMPLETED,0,1
79KWH,8,1,FULL,24-08-2025,08:12:03,24-08-2025,08:12:04,24-08-2025,08:14:02,COMPLETED,0,1
79KWH,8,2,FULL,24-08-2025,08:13:55,24-08-2025,08:13:58,24-08-2025,08:16:12,COMPLETED,0,1
79KWH,8,1,FULL,24-08-2025,08:14:08,24-08-2025,08:14:10,24-08-2025,08:22:45,COMPLETED,0,1
79KWH,8,2,FULL,24-08-2025,08:16:26,24-08-2025,08:16:27,24-08-2025,08:18:46,COMPLETED,0,1
79KWH,8,2,FULL,24-08-2025,08:18:52,24-08-2025,08:18:55,24-08-2025,08:21:14,COMPLETED,0,1
79KWH,8,2,FULL,24-08-2025,08:21:28,24-08-2025,08:21:28,24-08-2025,08:23:51,COMPLETED,0,1
79KWH,8,1,FULL,24-08-2025,08:22:55,24-08-2025,08:22:56,24-08-2025,08:24:56,COMPLETED,0,1
79KWH,8,2,FULL,24-08-2025,08:23:57,24-08-2025,08:23:59,24-08-2025,08:26:19,COMPLETED,0,1
79KWH,8,1,FULL,24-08-2025,08:25:02,24-08-2025,08:25:05,24-08-2025,08:27:02,COMPLETED,0,1
79KWH,8,2,FULL,24-08-2025,08:26:32,24-08-2025,08:27:50,24-08-2025,08:30:28,COMPLETED,0,1
79KWH,8,1,FULL,24-08-2025,08:27:10,24-08-2025,08:27:10,24-08-2025,08:29:09,COMPLETED,0,1
79KWH,8,1,FULL,24-08-2025,08:29:16,24-08-2025,08:29:19,24-08-2025,08:31:16,COMPLETED,0,1
79KWH,8,2,FULL,24-08-2025,08:30:34,24-08-2025,08:30:37,24-08-2025,08:32:59,COMPLETED,0,1
79KWH,8,1,FULL,24-08-2025,08:31:24,24-08-2025,08:31:25,24-08-2025,08:32:59,COMPLETED,0,1
79KWH,8,1,FULL,24-08-2025,08:33:06,24-08-2025,08:33:07,24-08-2025,08:34:16,COMPLETED,0,1
79KWH,8,2,FULL,24-08-2025,08:33:12,24-08-2025,08:34:27,24-08-2025,08:37:02,COMPLETED,0,1
79KWH,8,1,FULL,24-08-2025,08:34:23,24-08-2025,08:34:24,24-08-2025,08:35:32,COMPLETED,0,1
79KWH,8,1,FULL,24-08-2025,08:35:39,24-08-2025,08:35:40,24-08-2025,08:36:55,COMPLETED,0,1
79KWH,8,1,FULL,24-08-2025,08:37:03,24-08-2025,08:37:04,24-08-2025,08:38:24,COMPLETED,0,1
79KWH,8,2,FULL,24-08-2025,08:37:08,24-08-2025,08:37:10,24-08-2025,08:39:25,COMPLETED,0,1
79KWH,8,1,FULL,24-08-2025,08:38:30,24-08-2025,08:38:33,24-08-2025,08:40:02,COMPLETED,0,1
79KWH,8,2,FULL,24-08-2025,08:39:39,24-08-2025,08:40:50,24-08-2025,08:43:29,COMPLETED,0,1
79KWH,8,1,FULL,24-08-2025,08:40:10,24-08-2025,08:40:11,24-08-2025,08:41:43,COMPLETED,0,1
79KWH,8,1,FULL,24-08-2025,08:41:49,24-08-2025,08:41:51,24-08-2025,08:43:27,COMPLETED,0,1
79KWH,8,2,FULL,24-08-2025,08:43:36,24-08-2025,08:43:37,24-08-2025,08:46:01,COMPLETED,0,1
79KWH,8,1,FULL,24-08-2025,08:43:36,24-08-2025,08:43:36,24-08-2025,08:45:09,COMPLETED,0,1
79KWH,8,1,FULL,24-08-2025,08:45:15,24-08-2025,08:45:17,24-08-2025,08:46:48,COMPLETED,0,1
79KWH,8,2,FULL,24-08-2025,08:46:13,24-08-2025,08:47:27,24-08-2025,08:50:02,COMPLETED,0,1
79KWH,8,1,FULL,24-08-2025,08:46:56,24-08-2025,08:46:57,24-08-2025,08:48:31,COMPLETED,0,1
79KWH,8,1,FULL,24-08-2025,08:48:38,24-08-2025,08:48:41,24-08-2025,08:50:14,COMPLETED,0,1
79KWH,8,3,FULL,24-08-2025,08:48:55,24-08-2025,08:48:57,24-08-2025,08:51:17,COMPLETED,0,1
79KWH,8,2,FULL,24-08-2025,08:50:08,24-08-2025,08:50:10,24-08-2025,08:52:25,COMPLETED,0,1
79KWH,8,1,FULL,24-08-2025,08:50:22,24-08-2025,08:50:23,24-08-2025,08:51:58,COMPLETED,0,1
79KWH,8,3,FULL,24-08-2025,08:51:24,24-08-2025,08:53:59,24-08-2025,08:56:38,COMPLETED,0,1
79KWH,8,1,FULL,24-08-2025,08:52:04,24-08-2025,08:52:08,24-08-2025,08:53:41,COMPLETED,0,1
79KWH,8,2,FULL,24-08-2025,08:52:40,24-08-2025,08:53:47,24-08-2025,08:56:26,COMPLETED,0,1
79KWH,8,1,FULL,24-08-2025,08:53:49,24-08-2025,08:53:50,24-08-2025,08:55:26,COMPLETED,0,1
79KWH,8,1,FULL,24-08-2025,08:55:33,24-08-2025,08:55:35,24-08-2025,08:57:09,COMPLETED,0,1
79KWH,8,2,FULL,24-08-2025,08:56:33,24-08-2025,08:56:35,24-08-2025,08:58:59,COMPLETED,0,1
79KWH,8,3,FULL,24-08-2025,08:56:44,24-08-2025,08:56:47,24-08-2025,08:59:02,COMPLETED,0,1
79KWH,8,1,FULL,24-08-2025,08:57:17,24-08-2025,08:57:18,24-08-2025,08:59:00,COMPLETED,0,1
79KWH,8,1,FULL,24-08-2025,08:59:06,24-08-2025,08:59:08,24-08-2025,09:00:43,COMPLETED,0,1
79KWH,8,3,FULL,24-08-2025,08:59:10,24-08-2025,09:01:52,24-08-2025,09:04:32,COMPLETED,0,1
79KWH,8,2,FULL,24-08-2025,08:59:13,24-08-2025,09:00:24,24-08-2025,09:03:00,COMPLETED,0,1
79KWH,8,1,FULL,24-08-2025,09:00:52,24-08-2025,09:00:52,24-08-2025,09:02:30,COMPLETED,0,1
79KWH,8,1,FULL,24-08-2025,09:02:36,24-08-2025,09:02:38,24-08-2025,09:04:13,COMPLETED,0,1
79KWH,8,2,FULL,24-08-2025,09:03:06,24-08-2025,09:03:09,24-08-2025,09:05:26,COMPLETED,0,1
79KWH,8,1,FULL,24-08-2025,09:04:21,24-08-2025,09:04:22,24-08-2025,09:06:02,COMPLETED,0,1
79KWH,8,3,FULL,24-08-2025,09:04:38,24-08-2025,09:07:17,24-08-2025,09:09:58,COMPLETED,0,1
79KWH,8,2,FULL,24-08-2025,09:05:40,24-08-2025,09:06:51,24-08-2025,09:09:30,COMPLETED,0,1
79KWH,8,1,FULL,24-08-2025,09:06:09,24-08-2025,09:06:10,24-08-2025,09:07:48,COMPLETED,0,1
79KWH,8,1,FULL,24-08-2025,09:07:56,24-08-2025,09:07:56,24-08-2025,09:09:38,COMPLETED,0,1
79KWH,8,3,FULL,24-08-2025,09:10:06,24-08-2025,09:10:08,24-08-2025,09:12:28,COMPLETED,0,1
79KWH,8,3,FULL,24-08-2025,09:12:35,24-08-2025,09:12:37,24-08-2025,09:14:59,COMPLETED,0,1
79KWH,8,3,FULL,24-08-2025,09:15:07,24-08-2025,09:17:48,24-08-2025,09:20:28,COMPLETED,0,1
79KWH,8,3,FULL,24-08-2025,09:20:34,24-08-2025,09:20:38,24-08-2025,09:23:01,COMPLETED,0,1
79KWH,8,1,FULL,24-08-2025,09:28:37,24-08-2025,09:28:38,24-08-2025,09:30:16,COMPLETED,0,1
79KWH,8,3,FULL,24-08-2025,09:29:46,24-08-2025,09:30:24,24-08-2025,09:33:05,COMPLETED,0,1
79KWH,8,2,FULL,24-08-2025,09:33:19,24-08-2025,09:33:20,24-08-2025,09:35:57,COMPLETED,0,1
79KWH,8,1,FULL,24-08-2025,09:34:45,24-08-2025,09:34:45,24-08-2025,09:36:26,COMPLETED,0,1
79KWH,8,3,FULL,24-08-2025,09:35:58,24-08-2025,09:35:58,24-08-2025,09:38:38,COMPLETED,0,1
79KWH,8,2,FULL,24-08-2025,09:36:12,24-08-2025,09:36:12,24-08-2025,09:38:35,COMPLETED,0,1
79KWH,8,1,FULL,24-08-2025,09:37:35,24-08-2025,09:37:35,24-08-2025,09:39:14,COMPLETED,0,1
79KWH,8,3,FULL,24-08-2025,09:38:46,24-08-2025,09:38:50,24-08-2025,09:41:12,COMPLETED,0,1
79KWH,8,2,FULL,24-08-2025,09:38:57,24-08-2025,09:38:57,24-08-2025,09:41:15,COMPLETED,0,1
79KWH,8,1,FULL,24-08-2025,09:40:22,24-08-2025,09:40:22,24-08-2025,09:42:06,COMPLETED,0,1
79KWH,8,3,FULL,24-08-2025,09:41:31,24-08-2025,09:44:02,24-08-2025,09:46:36,COMPLETED,0,1
79KWH,8,2,FULL,24-08-2025,09:41:46,24-08-2025,09:41:46,24-08-2025,09:44:07,COMPLETED,0,1
79KWH,8,1,FULL,24-08-2025,09:43:10,24-08-2025,09:43:11,24-08-2025,09:44:52,COMPLETED,0,1
79KWH,8,2,FULL,24-08-2025,09:44:29,24-08-2025,09:44:31,24-08-2025,09:46:49,COMPLETED,0,1
79KWH,8,1,FULL,24-08-2025,09:45:56,24-08-2025,09:45:57,24-08-2025,09:47:40,COMPLETED,0,1
79KWH,8,3,FULL,24-08-2025,09:46:44,24-08-2025,09:49:19,24-08-2025,09:52:01,COMPLETED,0,1
79KWH,8,2,FULL,24-08-2025,09:48:36,24-08-2025,09:48:37,24-08-2025,09:50:59,COMPLETED,0,1
79KWH,8,1,FULL,24-08-2025,09:49:59,24-08-2025,09:50:00,24-08-2025,09:51:43,COMPLETED,0,1
79KWH,8,2,FULL,24-08-2025,09:51:19,24-08-2025,09:52:25,24-08-2025,09:54:59,COMPLETED,0,1
79KWH,8,3,FULL,24-08-2025,09:52:07,24-08-2025,09:52:10,24-08-2025,09:54:37,COMPLETED,0,1
79KWH,8,1,FULL,24-08-2025,09:52:45,24-08-2025,09:52:46,24-08-2025,09:54:32,COMPLETED,0,1
79KWH,8,3,FULL,24-08-2025,09:54:44,24-08-2025,09:57:23,24-08-2025,10:00:07,COMPLETED,0,1
79KWH,8,2,FULL,24-08-2025,09:55:13,24-08-2025,09:56:19,24-08-2025,09:58:57,COMPLETED,0,1
79KWH,8,1,FULL,24-08-2025,09:55:34,24-08-2025,09:55:34,24-08-2025,09:57:17,COMPLETED,0,1
79KWH,8,1,FULL,24-08-2025,09:58:20,24-08-2025,09:58:20,24-08-2025,10:00:07,COMPLETED,0,1
79KWH,8,2,FULL,24-08-2025,09:59:02,24-08-2025,09:59:06,24-08-2025,10:01:27,COMPLETED,0,1
79KWH,8,3,FULL,24-08-2025,10:00:14,24-08-2025,10:02:51,24-08-2025,10:14:58,COMPLETED,0,1
79KWH,8,1,FULL,24-08-2025,10:01:10,24-08-2025,10:01:11,24-08-2025,10:02:56,COMPLETED,0,1
79KWH,8,2,FULL,24-08-2025,10:01:41,24-08-2025,10:01:42,24-08-2025,10:04:05,COMPLETED,0,1
79KWH,8,1,FULL,24-08-2025,10:03:57,24-08-2025,10:03:58,24-08-2025,10:05:44,COMPLETED,0,1
79KWH,8,2,FULL,24-08-2025,10:04:11,24-08-2025,10:04:14,24-08-2025,10:06:36,COMPLETED,0,1
79KWH,8,1,FULL,24-08-2025,10:06:44,24-08-2025,10:06:45,24-08-2025,10:08:32,COMPLETED,0,1
79KWH,8,2,FULL,24-08-2025,10:06:49,24-08-2025,10:06:51,24-08-2025,10:09:18,COMPLETED,0,1
79KWH,8,2,FULL,24-08-2025,10:09:25,24-08-2025,10:09:27,24-08-2025,10:11:53,COMPLETED,0,1
79KWH,8,1,FULL,24-08-2025,10:09:34,24-08-2025,10:09:35,24-08-2025,10:11:23,COMPLETED,0,1
79KWH,8,2,FULL,24-08-2025,10:12:07,24-08-2025,10:12:08,24-08-2025,10:14:38,COMPLETED,0,1
79KWH,8,1,FULL,24-08-2025,10:12:25,24-08-2025,10:12:25,24-08-2025,10:14:11,COMPLETED,0,1
79KWH,8,1,FULL,24-08-2025,10:14:20,24-08-2025,10:14:21,24-08-2025,10:16:11,COMPLETED,0,1
79KWH,8,2,FULL,24-08-2025,10:14:44,24-08-2025,10:14:46,24-08-2025,10:17:14,COMPLETED,0,1
79KWH,8,3,FULL,24-08-2025,10:15:07,24-08-2025,10:17:45,24-08-2025,10:20:28,COMPLETED,0,1
79KWH,8,1,FULL,24-08-2025,10:16:17,24-08-2025,10:16:20,24-08-2025,10:18:07,COMPLETED,0,1
79KWH,8,2,FULL,24-08-2025,10:17:28,24-08-2025,10:18:39,24-08-2025,10:21:21,COMPLETED,0,1
79KWH,8,1,FULL,24-08-2025,10:18:16,24-08-2025,10:18:16,24-08-2025,10:20:07,COMPLETED,0,1
79KWH,8,1,FULL,24-08-2025,10:20:14,24-08-2025,10:20:16,24-08-2025,10:22:05,COMPLETED,0,1
79KWH,8,3,FULL,24-08-2025,10:20:35,24-08-2025,10:20:37,24-08-2025,10:23:05,COMPLETED,0,1
79KWH,8,2,FULL,24-08-2025,10:21:28,24-08-2025,10:22:41,24-08-2025,10:25:21,COMPLETED,0,1
79KWH,8,1,FULL,24-08-2025,10:22:12,24-08-2025,10:22:13,24-08-2025,10:24:05,COMPLETED,0,1
79KWH,8,3,FULL,24-08-2025,10:23:14,24-08-2025,10:25:46,24-08-2025,10:28:32,COMPLETED,0,1
79KWH,8,1,FULL,24-08-2025,10:24:12,24-08-2025,10:24:14,24-08-2025,10:26:05,COMPLETED,0,1
79KWH,8,2,FULL,24-08-2025,10:25:34,24-08-2025,10:25:36,24-08-2025,10:28:03,COMPLETED,0,1
79KWH,8,1,FULL,24-08-2025,10:26:13,24-08-2025,10:26:14,24-08-2025,10:28:14,COMPLETED,0,1
79KWH,8,2,FULL,24-08-2025,10:28:09,24-08-2025,10:28:13,24-08-2025,10:30:36,COMPLETED,0,1
79KWH,8,1,FULL,24-08-2025,10:28:20,24-08-2025,10:28:24,24-08-2025,10:30:16,COMPLETED,0,1
79KWH,8,3,FULL,24-08-2025,10:28:38,24-08-2025,10:31:19,24-08-2025,10:34:01,COMPLETED,0,1
79KWH,8,1,FULL,24-08-2025,10:30:24,24-08-2025,10:30:25,24-08-2025,10:32:20,COMPLETED,0,1
79KWH,8,2,FULL,24-08-2025,10:30:49,24-08-2025,10:30:50,24-08-2025,10:33:18,COMPLETED,0,1
79KWH,8,1,FULL,24-08-2025,10:32:25,24-08-2025,10:32:29,24-08-2025,10:34:22,COMPLETED,0,1
79KWH,8,2,FULL,24-08-2025,10:33:24,24-08-2025,10:34:47,24-08-2025,10:37:26,COMPLETED,0,1
79KWH,8,3,FULL,24-08-2025,10:34:10,24-08-2025,10:36:42,24-08-2025,10:39:26,COMPLETED,0,1
79KWH,8,1,FULL,24-08-2025,10:34:30,24-08-2025,10:34:30,24-08-2025,10:36:26,COMPLETED,0,1
79KWH,8,1,FULL,24-08-2025,10:36:33,24-08-2025,10:36:37,24-08-2025,10:38:30,COMPLETED,0,1
79KWH,8,2,FULL,24-08-2025,10:37:40,24-08-2025,10:38:46,24-08-2025,10:41:25,COMPLETED,0,1
79KWH,8,1,FULL,24-08-2025,10:38:40,24-08-2025,10:38:41,24-08-2025,10:40:37,COMPLETED,0,1
79KWH,8,3,FULL,24-08-2025,10:39:32,24-08-2025,10:42:14,24-08-2025,10:44:56,COMPLETED,0,1
79KWH,8,1,FULL,24-08-2025,10:40:56,24-08-2025,10:40:58,24-08-2025,10:42:53,COMPLETED,0,1
79KWH,8,2,FULL,24-08-2025,10:41:31,24-08-2025,10:41:34,24-08-2025,10:43:58,COMPLETED,0,1
79KWH,8,1,FULL,24-08-2025,10:43:47,24-08-2025,10:43:48,24-08-2025,10:45:45,COMPLETED,0,1
79KWH,8,2,FULL,24-08-2025,10:44:11,24-08-2025,10:44:12,24-08-2025,10:46:42,COMPLETED,0,1
79KWH,8,3,FULL,24-08-2025,10:45:04,24-08-2025,10:47:37,24-08-2025,10:50:16,COMPLETED,0,1
79KWH,8,1,FULL,24-08-2025,10:45:51,24-08-2025,10:45:54,24-08-2025,10:47:50,COMPLETED,0,1
79KWH,8,2,FULL,24-08-2025,10:46:47,24-08-2025,10:46:50,24-08-2025,10:49:21,COMPLETED,0,1
79KWH,8,1,FULL,24-08-2025,10:48:23,24-08-2025,10:48:24,24-08-2025,10:50:23,COMPLETED,0,1
79KWH,8,2,FULL,24-08-2025,10:49:35,24-08-2025,10:50:47,24-08-2025,10:53:30,COMPLETED,0,1
79KWH,8,3,FULL,24-08-2025,10:50:23,24-08-2025,10:50:27,24-08-2025,10:52:58,COMPLETED,0,1
79KWH,8,1,FULL,24-08-2025,10:50:30,24-08-2025,10:50:33,24-08-2025,10:52:32,COMPLETED,0,1
79KWH,8,1,FULL,24-08-2025,10:52:40,24-08-2025,10:52:41,24-08-2025,10:54:41,COMPLETED,0,1
79KWH,8,3,FULL,24-08-2025,10:53:06,24-08-2025,10:53:09,24-08-2025,10:55:44,COMPLETED,0,1
79KWH,8,2,FULL,24-08-2025,10:53:36,24-08-2025,10:53:39,24-08-2025,10:56:10,COMPLETED,0,1
79KWH,8,1,FULL,24-08-2025,10:54:47,24-08-2025,10:54:50,24-08-2025,10:56:49,COMPLETED,0,1
79KWH,8,3,FULL,24-08-2025,10:55:51,24-08-2025,10:58:34,24-08-2025,11:01:17,COMPLETED,0,1
79KWH,8,2,FULL,24-08-2025,10:56:23,24-08-2025,10:57:31,24-08-2025,11:00:11,COMPLETED,0,1
79KWH,8,1,FULL,24-08-2025,10:56:57,24-08-2025,10:56:58,24-08-2025,10:59:00,COMPLETED,0,1
79KWH,8,3,FULL,24-08-2025,11:01:25,24-08-2025,11:03:58,24-08-2025,11:06:44,COMPLETED,0,1
79KWH,8,3,FULL,24-08-2025,11:06:52,24-08-2025,11:09:32,24-08-2025,11:12:17,COMPLETED,0,1
79KWH,8,3,FULL,24-08-2025,11:12:25,24-08-2025,11:14:56,24-08-2025,11:17:42,COMPLETED,0,1
79KWH,8,3,FULL,24-08-2025,11:17:49,24-08-2025,11:17:52,24-08-2025,11:20:28,COMPLETED,0,1
79KWH,8,1,FULL,30-08-2025,08:23:46,30-08-2025,08:23:46,30-08-2025,08:25:45,COMPLETED,0,1
79KWH,8,3,FULL,30-08-2025,08:24:54,30-08-2025,08:24:54,30-08-2025,08:27:42,COMPLETED,0,1
79KWH,8,2,FULL,30-08-2025,08:25:13,30-08-2025,08:25:13,30-08-2025,08:27:52,COMPLETED,0,1
79KWH,8,1,FULL,30-08-2025,08:26:28,30-08-2025,08:26:30,30-08-2025,08:27:41,COMPLETED,0,1
79KWH,8,3,FULL,30-08-2025,08:27:48,30-08-2025,08:27:54,30-08-2025,08:30:30,COMPLETED,0,1
79KWH,8,2,FULL,30-08-2025,08:27:59,30-08-2025,08:28:01,30-08-2025,08:30:26,COMPLETED,0,1
79KWH,8,1,FULL,30-08-2025,08:29:23,30-08-2025,08:29:25,30-08-2025,08:30:32,COMPLETED,0,1
79KWH,8,3,FULL,30-08-2025,08:30:38,30-08-2025,08:30:38,30-08-2025,08:33:16,COMPLETED,0,1
79KWH,8,2,FULL,30-08-2025,08:30:46,30-08-2025,08:30:48,30-08-2025,08:33:15,COMPLETED,0,1
79KWH,8,1,FULL,30-08-2025,08:32:04,30-08-2025,08:32:05,30-08-2025,08:33:15,COMPLETED,0,1
79KWH,8,3,FULL,30-08-2025,08:33:24,30-08-2025,08:33:26,30-08-2025,08:36:02,COMPLETED,0,1
79KWH,8,2,FULL,30-08-2025,08:33:26,30-08-2025,08:33:27,30-08-2025,08:35:53,COMPLETED,0,1
79KWH,8,1,FULL,30-08-2025,08:34:56,30-08-2025,08:34:59,30-08-2025,08:36:06,COMPLETED,0,1
79KWH,8,3,FULL,30-08-2025,08:36:11,30-08-2025,08:36:13,30-08-2025,08:38:53,COMPLETED,0,1
79KWH,8,2,FULL,30-08-2025,08:36:19,30-08-2025,08:36:20,30-08-2025,08:38:51,COMPLETED,0,1
79KWH,8,1,FULL,30-08-2025,08:37:40,30-08-2025,08:37:41,30-08-2025,08:38:51,COMPLETED,0,1
79KWH,8,2,FULL,30-08-2025,08:39:00,30-08-2025,08:39:01,30-08-2025,08:41:29,COMPLETED,0,1
79KWH,8,3,FULL,30-08-2025,08:39:00,30-08-2025,08:39:02,30-08-2025,08:41:39,COMPLETED,0,1
79KWH,8,1,FULL,30-08-2025,08:40:29,30-08-2025,08:41:01,30-08-2025,08:43:00,COMPLETED,0,1
79KWH,8,3,FULL,30-08-2025,08:41:47,30-08-2025,08:41:47,30-08-2025,08:44:29,COMPLETED,0,1
79KWH,8,2,FULL,30-08-2025,08:41:56,30-08-2025,08:42:58,30-08-2025,08:45:38,COMPLETED,0,1
79KWH,8,1,FULL,30-08-2025,08:43:14,30-08-2025,08:45:10,30-08-2025,08:47:12,COMPLETED,0,1
79KWH,8,3,FULL,30-08-2025,08:44:36,30-08-2025,08:44:41,30-08-2025,08:47:16,COMPLETED,0,1
79KWH,8,2,FULL,30-08-2025,08:45:45,30-08-2025,08:47:05,30-08-2025,08:49:44,COMPLETED,0,1
79KWH,8,1,FULL,30-08-2025,08:47:21,30-08-2025,08:47:22,30-08-2025,08:48:29,COMPLETED,0,1
79KWH,8,3,FULL,30-08-2025,08:47:25,30-08-2025,08:47:26,30-08-2025,08:50:09,COMPLETED,0,1
79KWH,8,1,FULL,30-08-2025,08:48:49,30-08-2025,08:48:50,30-08-2025,08:49:59,COMPLETED,0,1
79KWH,8,2,FULL,30-08-2025,08:49:58,30-08-2025,08:49:58,30-08-2025,08:52:30,COMPLETED,0,1
79KWH,8,3,FULL,30-08-2025,08:50:15,30-08-2025,08:50:21,30-08-2025,08:53:02,COMPLETED,0,1
79KWH,8,1,FULL,30-08-2025,08:51:42,30-08-2025,08:51:43,30-08-2025,08:52:50,COMPLETED,0,1
79KWH,8,2,FULL,30-08-2025,08:52:36,30-08-2025,08:52:39,30-08-2025,08:55:10,COMPLETED,0,1
79KWH,8,3,FULL,30-08-2025,08:53:09,30-08-2025,08:53:12,30-08-2025,08:55:55,COMPLETED,0,1
79KWH,8,1,FULL,30-08-2025,08:54:26,30-08-2025,08:54:26,30-08-2025,08:55:36,COMPLETED,0,1
79KWH,8,2,FULL,30-08-2025,08:55:23,30-08-2025,08:55:24,30-08-2025,08:57:56,COMPLETED,0,1
79KWH,8,3,FULL,30-08-2025,08:56:01,30-08-2025,08:56:05,30-08-2025,08:58:45,COMPLETED,0,1
79KWH,8,1,FULL,30-08-2025,08:57:18,30-08-2025,08:57:20,30-08-2025,08:58:27,COMPLETED,0,1
79KWH,8,2,FULL,30-08-2025,08:58:02,30-08-2025,08:58:05,30-08-2025,09:00:37,COMPLETED,0,1
79KWH,8,3,FULL,30-08-2025,08:58:53,30-08-2025,08:58:54,30-08-2025,09:01:39,COMPLETED,0,1
79KWH,8,1,FULL,30-08-2025,09:00:02,30-08-2025,09:00:02,30-08-2025,09:01:12,COMPLETED,0,1
79KWH,8,2,FULL,30-08-2025,09:00:50,30-08-2025,09:00:51,30-08-2025,09:03:25,COMPLETED,0,1
79KWH,8,3,FULL,30-08-2025,09:01:46,30-08-2025,09:01:51,30-08-2025,09:04:34,COMPLETED,0,1
79KWH,8,2,FULL,30-08-2025,09:03:31,30-08-2025,09:03:35,30-08-2025,09:06:08,COMPLETED,0,1
79KWH,8,1,FULL,30-08-2025,09:31:59,30-08-2025,09:32:00,30-08-2025,09:33:59,COMPLETED,0,1
79KWH,8,3,FULL,30-08-2025,09:33:06,30-08-2025,09:33:08,30-08-2025,09:35:53,COMPLETED,0,1
79KWH,8,2,FULL,30-08-2025,09:33:26,30-08-2025,09:33:27,30-08-2025,09:36:11,COMPLETED,0,1
79KWH,8,1,FULL,30-08-2025,09:34:42,30-08-2025,09:34:43,30-08-2025,09:35:53,COMPLETED,0,1
79KWH,8,3,FULL,30-08-2025,09:35:59,30-08-2025,09:36:01,30-08-2025,09:38:44,COMPLETED,0,1
79KWH,8,2,FULL,30-08-2025,09:36:17,30-08-2025,09:36:20,30-08-2025,09:38:53,COMPLETED,0,1
79KWH,8,1,FULL,30-08-2025,09:37:35,30-08-2025,09:37:36,30-08-2025,09:38:43,COMPLETED,0,1
79KWH,8,3,FULL,30-08-2025,09:38:53,30-08-2025,09:38:54,30-08-2025,09:41:41,COMPLETED,0,1
79KWH,8,2,FULL,30-08-2025,09:39:08,30-08-2025,09:39:09,30-08-2025,09:41:45,COMPLETED,0,1
79KWH,8,1,FULL,30-08-2025,09:40:18,30-08-2025,09:40:20,30-08-2025,09:41:31,COMPLETED,0,1
79KWH,8,3,FULL,30-08-2025,09:41:47,30-08-2025,09:41:50,30-08-2025,09:44:34,COMPLETED,0,1
79KWH,8,2,FULL,30-08-2025,09:41:51,30-08-2025,09:41:53,30-08-2025,09:44:28,COMPLETED,0,1
79KWH,8,1,FULL,30-08-2025,09:43:16,30-08-2025,09:43:17,30-08-2025,09:44:25,COMPLETED,0,1
79KWH,8,3,FULL,30-08-2025,09:44:42,30-08-2025,09:44:43,30-08-2025,09:47:31,COMPLETED,0,1
79KWH,8,2,FULL,30-08-2025,09:44:42,30-08-2025,09:44:43,30-08-2025,09:47:20,COMPLETED,0,1
79KWH,8,1,FULL,30-08-2025,09:46:01,30-08-2025,09:46:02,30-08-2025,09:47:11,COMPLETED,0,1
79KWH,8,2,FULL,30-08-2025,09:47:28,30-08-2025,09:47:30,30-08-2025,09:50:06,COMPLETED,0,1
79KWH,8,3,FULL,30-08-2025,09:47:37,30-08-2025,09:47:41,30-08-2025,09:50:28,COMPLETED,0,1
79KWH,8,1,FULL,30-08-2025,09:48:51,30-08-2025,09:48:52,30-08-2025,09:50:01,COMPLETED,0,1
79KWH,8,2,FULL,30-08-2025,09:50:19,30-08-2025,09:50:21,30-08-2025,09:52:59,COMPLETED,0,1
79KWH,8,3,FULL,30-08-2025,09:50:36,30-08-2025,09:50:37,30-08-2025,09:53:26,COMPLETED,0,1
79KWH,8,1,FULL,30-08-2025,09:51:36,30-08-2025,09:51:37,30-08-2025,09:52:48,COMPLETED,0,1
79KWH,8,2,FULL,30-08-2025,09:53:05,30-08-2025,09:53:09,30-08-2025,09:55:45,COMPLETED,0,1
79KWH,8,3,FULL,30-08-2025,09:53:32,30-08-2025,09:53:39,30-08-2025,09:56:27,COMPLETED,0,1
79KWH,8,1,FULL,30-08-2025,09:54:44,30-08-2025,09:54:45,30-08-2025,09:55:55,COMPLETED,0,1
79KWH,8,2,FULL,30-08-2025,09:56:09,30-08-2025,09:56:09,30-08-2025,09:58:49,COMPLETED,0,1
79KWH,8,3,FULL,30-08-2025,09:56:34,30-08-2025,09:56:35,30-08-2025,09:59:26,COMPLETED,0,1
79KWH,8,1,FULL,30-08-2025,09:57:26,30-08-2025,09:58:01,30-08-2025,10:00:04,COMPLETED,0,1
79KWH,8,2,FULL,30-08-2025,09:58:58,30-08-2025,10:00:19,30-08-2025,10:03:03,COMPLETED,0,1
79KWH,8,3,FULL,30-08-2025,09:59:35,30-08-2025,09:59:37,30-08-2025,10:02:26,COMPLETED,0,1
79KWH,8,1,FULL,30-08-2025,10:00:19,30-08-2025,10:02:03,30-08-2025,10:04:04,COMPLETED,0,1
79KWH,8,3,FULL,30-08-2025,10:02:34,30-08-2025,10:02:35,30-08-2025,10:05:25,COMPLETED,0,1
79KWH,8,2,FULL,30-08-2025,10:03:16,30-08-2025,10:04:35,30-08-2025,10:07:22,COMPLETED,0,1
79KWH,8,1,FULL,30-08-2025,10:04:10,30-08-2025,10:04:13,30-08-2025,10:05:26,COMPLETED,0,1
79KWH,8,3,FULL,30-08-2025,10:05:31,30-08-2025,10:05:35,30-08-2025,10:08:25,COMPLETED,0,1
79KWH,8,1,FULL,30-08-2025,10:05:53,30-08-2025,10:05:54,30-08-2025,10:07:12,COMPLETED,0,1
79KWH,8,2,FULL,30-08-2025,10:07:29,30-08-2025,10:07:30,30-08-2025,10:10:10,COMPLETED,0,1
79KWH,8,1,FULL,30-08-2025,10:07:42,30-08-2025,10:07:43,30-08-2025,10:08:53,COMPLETED,0,1
79KWH,8,3,FULL,30-08-2025,10:08:32,30-08-2025,10:08:33,30-08-2025,10:11:27,COMPLETED,0,1
79KWH,8,2,FULL,30-08-2025,10:10:25,30-08-2025,10:11:36,30-08-2025,10:14:24,COMPLETED,0,1
79KWH,8,1,FULL,30-08-2025,10:10:31,30-08-2025,10:10:31,30-08-2025,10:11:43,COMPLETED,0,1
79KWH,8,3,FULL,30-08-2025,10:11:34,30-08-2025,10:11:39,30-08-2025,10:14:30,COMPLETED,0,1
79KWH,8,1,FULL,30-08-2025,10:13:20,30-08-2025,10:13:20,30-08-2025,10:14:35,COMPLETED,0,1
79KWH,8,2,FULL,30-08-2025,10:14:30,30-08-2025,10:14:32,30-08-2025,10:17:13,COMPLETED,0,1
79KWH,8,3,FULL,30-08-2025,10:14:38,30-08-2025,10:14:39,30-08-2025,10:17:34,COMPLETED,0,1
79KWH,8,1,FULL,30-08-2025,10:16:06,30-08-2025,10:17:16,30-08-2025,10:19:18,COMPLETED,0,1
79KWH,8,2,FULL,30-08-2025,10:17:26,30-08-2025,10:18:45,30-08-2025,10:21:32,COMPLETED,0,1
79KWH,8,3,FULL,30-08-2025,10:17:40,30-08-2025,10:17:45,30-08-2025,10:20:37,COMPLETED,0,1
79KWH,8,1,FULL,30-08-2025,10:19:24,30-08-2025,10:19:26,30-08-2025,10:20:37,COMPLETED,0,1
79KWH,8,3,FULL,30-08-2025,10:20:45,30-08-2025,10:20:46,30-08-2025,10:22:42,COMPLETED,0,1
79KWH,8,1,FULL,30-08-2025,10:21:08,30-08-2025,10:22:31,30-08-2025,10:24:34,COMPLETED,0,1
79KWH,8,2,FULL,30-08-2025,10:21:38,30-08-2025,10:23:01,30-08-2025,10:25:47,COMPLETED,0,1
79KWH,8,3,FULL,30-08-2025,10:22:47,30-08-2025,10:22:51,30-08-2025,10:23:51,COMPLETED,0,1
79KWH,8,3,FULL,30-08-2025,10:24:00,30-08-2025,10:24:01,30-08-2025,10:25:03,COMPLETED,0,1
79KWH,8,1,FULL,30-08-2025,10:24:39,30-08-2025,10:24:43,30-08-2025,10:25:57,COMPLETED,0,1
79KWH,8,3,FULL,30-08-2025,10:25:13,30-08-2025,10:25:14,30-08-2025,10:26:14,COMPLETED,0,1
79KWH,8,2,FULL,30-08-2025,10:26:00,30-08-2025,10:27:17,30-08-2025,10:30:05,COMPLETED,0,1
79KWH,8,1,FULL,30-08-2025,10:26:05,30-08-2025,10:26:06,30-08-2025,10:27:22,COMPLETED,0,1
79KWH,8,3,FULL,30-08-2025,10:27:00,30-08-2025,10:27:00,30-08-2025,10:28:02,COMPLETED,0,1
79KWH,8,1,FULL,30-08-2025,10:28:35,30-08-2025,10:28:37,30-08-2025,10:29:59,COMPLETED,0,1
79KWH,8,3,FULL,30-08-2025,10:29:43,30-08-2025,10:29:45,30-08-2025,10:30:44,COMPLETED,0,1
79KWH,8,2,FULL,30-08-2025,10:30:11,30-08-2025,10:30:14,30-08-2025,10:32:56,COMPLETED,0,1
79KWH,8,1,FULL,30-08-2025,10:31:13,30-08-2025,10:31:14,30-08-2025,10:32:30,COMPLETED,0,1
79KWH,8,3,FULL,30-08-2025,10:32:22,30-08-2025,10:32:24,30-08-2025,10:33:26,COMPLETED,0,1
79KWH,8,2,FULL,30-08-2025,10:33:09,30-08-2025,10:34:25,30-08-2025,10:37:13,COMPLETED,0,1
79KWH,8,1,FULL,30-08-2025,10:33:57,30-08-2025,10:34:32,30-08-2025,10:36:39,COMPLETED,0,1
79KWH,8,3,FULL,30-08-2025,10:35:10,30-08-2025,10:35:11,30-08-2025,10:36:10,COMPLETED,0,1
79KWH,8,1,FULL,30-08-2025,10:36:48,30-08-2025,10:36:48,30-08-2025,10:38:07,COMPLETED,0,1
79KWH,8,2,FULL,30-08-2025,10:37:19,30-08-2025,10:37:22,30-08-2025,10:40:06,COMPLETED,0,1
79KWH,8,3,FULL,30-08-2025,10:37:57,30-08-2025,10:37:58,30-08-2025,10:39:00,COMPLETED,0,1
79KWH,8,1,FULL,30-08-2025,10:39:33,30-08-2025,10:39:33,30-08-2025,10:40:50,COMPLETED,0,1
79KWH,8,2,FULL,30-08-2025,10:40:19,30-08-2025,10:41:38,30-08-2025,10:44:27,COMPLETED,0,1
79KWH,8,3,FULL,30-08-2025,10:40:46,30-08-2025,10:40:47,30-08-2025,10:41:47,COMPLETED,0,1
79KWH,8,1,FULL,30-08-2025,10:42:26,30-08-2025,10:42:28,30-08-2025,10:43:47,COMPLETED,0,1
79KWH,8,3,FULL,30-08-2025,10:43:32,30-08-2025,10:43:32,30-08-2025,10:44:34,COMPLETED,0,1
79KWH,8,1,FULL,30-08-2025,10:44:14,30-08-2025,10:44:15,30-08-2025,10:45:37,COMPLETED,0,1
79KWH,8,2,FULL,30-08-2025,10:44:35,30-08-2025,10:45:57,30-08-2025,10:48:44,COMPLETED,0,1
79KWH,8,3,FULL,30-08-2025,10:45:22,30-08-2025,10:45:23,30-08-2025,10:46:22,COMPLETED,0,1
79KWH,8,1,FULL,30-08-2025,10:47:04,30-08-2025,10:47:05,30-08-2025,10:48:30,COMPLETED,0,1
79KWH,8,3,FULL,30-08-2025,10:48:14,30-08-2025,10:48:16,30-08-2025,10:49:18,COMPLETED,0,1
79KWH,8,1,FULL,30-08-2025,10:48:51,30-08-2025,10:48:52,30-08-2025,10:50:14,COMPLETED,0,1
79KWH,8,2,FULL,30-08-2025,10:48:59,30-08-2025,10:50:21,30-08-2025,10:53:11,COMPLETED,0,1
79KWH,8,3,FULL,30-08-2025,10:50:05,30-08-2025,10:50:05,30-08-2025,10:51:07,COMPLETED,0,1
79KWH,8,2,FULL,30-08-2025,10:53:17,30-08-2025,10:53:21,30-08-2025,10:56:09,COMPLETED,0,1
79KWH,8,1,FULL,30-08-2025,10:56:05,30-08-2025,10:56:07,30-08-2025,10:58:13,COMPLETED,0,1
79KWH,8,3,FULL,30-08-2025,10:57:12,30-08-2025,10:57:12,30-08-2025,10:58:16,COMPLETED,0,1
79KWH,8,2,FULL,30-08-2025,10:57:30,30-08-2025,10:57:36,30-08-2025,11:00:27,COMPLETED,0,1
79KWH,8,1,FULL,30-08-2025,10:58:48,30-08-2025,10:58:48,30-08-2025,11:00:12,COMPLETED,0,1
79KWH,8,3,FULL,30-08-2025,11:00:02,30-08-2025,11:00:03,30-08-2025,11:01:04,COMPLETED,0,1
79KWH,8,2,FULL,30-08-2025,11:00:34,30-08-2025,11:00:36,30-08-2025,11:03:23,COMPLETED,0,1
79KWH,8,1,FULL,30-08-2025,11:01:41,30-08-2025,11:01:42,30-08-2025,11:03:04,COMPLETED,0,1
79KWH,8,3,FULL,30-08-2025,11:02:49,30-08-2025,11:02:50,30-08-2025,11:03:53,COMPLETED,0,1
79KWH,8,2,FULL,30-08-2025,11:03:36,30-08-2025,11:04:56,30-08-2025,11:06:55,COMPLETED,0,1
79KWH,8,1,FULL,30-08-2025,11:04:24,30-08-2025,11:04:25,30-08-2025,11:05:47,COMPLETED,0,1
79KWH,8,3,FULL,30-08-2025,11:05:36,30-08-2025,11:05:36,30-08-2025,11:06:39,COMPLETED,0,1
79KWH,8,2,FULL,30-08-2025,11:07:01,30-08-2025,11:07:05,30-08-2025,11:08:10,COMPLETED,0,1
79KWH,8,1,FULL,30-08-2025,11:07:16,30-08-2025,11:07:17,30-08-2025,11:08:41,COMPLETED,0,1
79KWH,8,3,FULL,30-08-2025,11:08:23,30-08-2025,11:08:23,30-08-2025,11:09:28,COMPLETED,0,1
79KWH,8,2,FULL,30-08-2025,11:08:50,30-08-2025,11:10:14,30-08-2025,11:12:13,COMPLETED,0,1
79KWH,8,1,FULL,30-08-2025,11:10:10,30-08-2025,11:10:11,30-08-2025,11:11:33,COMPLETED,0,1
79KWH,8,3,FULL,30-08-2025,11:11:20,30-08-2025,11:11:22,30-08-2025,11:12:24,COMPLETED,0,1
79KWH,8,2,FULL,30-08-2025,11:12:19,30-08-2025,11:12:23,30-08-2025,11:13:28,COMPLETED,0,1
79KWH,8,1,FULL,30-08-2025,11:13:01,30-08-2025,11:13:03,30-08-2025,11:14:27,COMPLETED,0,1
79KWH,8,3,FULL,30-08-2025,11:14:08,30-08-2025,11:14:09,30-08-2025,11:15:14,COMPLETED,0,1
79KWH,8,2,FULL,30-08-2025,11:14:27,30-08-2025,11:14:28,30-08-2025,11:15:35,COMPLETED,0,1
79KWH,8,1,FULL,30-08-2025,11:15:42,30-08-2025,11:16:20,30-08-2025,11:18:26,COMPLETED,0,1
79KWH,8,3,FULL,30-08-2025,11:16:56,30-08-2025,11:16:57,30-08-2025,11:18:01,COMPLETED,0,1
79KWH,8,2,FULL,30-08-2025,11:17:05,30-08-2025,11:17:44,30-08-2025,11:19:42,COMPLETED,0,1
79KWH,8,1,FULL,30-08-2025,11:18:35,30-08-2025,11:20:21,30-08-2025,11:22:30,COMPLETED,0,1
79KWH,8,3,FULL,30-08-2025,11:19:42,30-08-2025,11:19:43,30-08-2025,11:20:49,COMPLETED,0,1
79KWH,8,2,FULL,30-08-2025,11:20:01,30-08-2025,11:21:44,30-08-2025,11:23:44,COMPLETED,0,1
79KWH,8,3,FULL,30-08-2025,11:22:32,30-08-2025,11:22:32,30-08-2025,11:23:37,COMPLETED,0,1
79KWH,8,1,FULL,30-08-2025,11:22:36,30-08-2025,11:24:14,30-08-2025,11:26:21,COMPLETED,0,1
79KWH,8,2,FULL,30-08-2025,11:23:51,30-08-2025,11:25:53,30-08-2025,11:27:49,COMPLETED,0,1
79KWH,8,3,FULL,30-08-2025,11:25:18,30-08-2025,11:25:19,30-08-2025,11:26:28,COMPLETED,0,1
79KWH,8,1,FULL,30-08-2025,11:26:28,30-08-2025,11:26:31,30-08-2025,11:27:59,COMPLETED,0,1
79KWH,8,2,FULL,30-08-2025,11:28:03,30-08-2025,11:28:04,30-08-2025,11:29:11,COMPLETED,0,1
79KWH,8,1,FULL,30-08-2025,11:28:04,30-08-2025,11:28:07,30-08-2025,11:29:32,COMPLETED,0,1
79KWH,8,3,FULL,30-08-2025,11:28:07,30-08-2025,11:28:08,30-08-2025,11:29:15,COMPLETED,0,1
79KWH,8,1,FULL,30-08-2025,11:29:40,30-08-2025,11:29:41,30-08-2025,11:31:09,COMPLETED,0,1
79KWH,8,3,FULL,30-08-2025,11:29:59,30-08-2025,11:30:00,30-08-2025,11:31:10,COMPLETED,0,1
79KWH,8,2,FULL,30-08-2025,11:30:05,30-08-2025,11:30:05,30-08-2025,11:31:10,COMPLETED,0,1
79KWH,8,1,FULL,30-08-2025,12:29:36,30-08-2025,12:29:37,30-08-2025,12:31:44,COMPLETED,0,1
79KWH,8,3,FULL,30-08-2025,12:30:43,30-08-2025,12:30:44,30-08-2025,12:31:52,COMPLETED,0,1
79KWH,8,2,FULL,30-08-2025,12:31:05,30-08-2025,12:31:07,30-08-2025,12:33:06,COMPLETED,0,1
79KWH,8,1,FULL,30-08-2025,12:32:22,30-08-2025,12:32:23,30-08-2025,12:33:51,COMPLETED,0,1
79KWH,8,3,FULL,30-08-2025,12:33:37,30-08-2025,12:33:37,30-08-2025,12:34:48,COMPLETED,0,1
79KWH,8,2,FULL,30-08-2025,12:33:40,30-08-2025,12:33:41,30-08-2025,12:34:46,COMPLETED,0,1
79KWH,8,1,FULL,30-08-2025,12:35:10,30-08-2025,12:35:11,30-08-2025,12:36:37,COMPLETED,0,1
79KWH,8,3,FULL,30-08-2025,12:36:33,30-08-2025,12:36:33,30-08-2025,12:37:43,COMPLETED,0,1
79KWH,8,2,FULL,30-08-2025,12:36:37,30-08-2025,12:36:39,30-08-2025,12:37:46,COMPLETED,0,1
79KWH,8,1,FULL,30-08-2025,12:37:58,30-08-2025,12:37:59,30-08-2025,12:39:30,COMPLETED,0,1
79KWH,8,3,FULL,30-08-2025,12:39:12,30-08-2025,12:39:12,30-08-2025,12:40:24,COMPLETED,0,1
79KWH,8,2,FULL,30-08-2025,12:39:17,30-08-2025,12:39:54,30-08-2025,12:41:51,COMPLETED,0,1
79KWH,8,1,FULL,30-08-2025,12:40:45,30-08-2025,12:40:46,30-08-2025,12:42:18,COMPLETED,0,1
79KWH,8,3,FULL,30-08-2025,12:41:53,30-08-2025,12:41:54,30-08-2025,12:43:03,COMPLETED,0,1
79KWH,8,2,FULL,30-08-2025,12:42:13,30-08-2025,12:43:54,30-08-2025,12:45:54,COMPLETED,0,1
79KWH,8,1,FULL,30-08-2025,12:43:35,30-08-2025,12:43:36,30-08-2025,12:45:06,COMPLETED,0,1
79KWH,8,3,FULL,30-08-2025,12:47:03,30-08-2025,12:47:04,30-08-2025,12:48:17,COMPLETED,0,1
79KWH,8,2,FULL,30-08-2025,12:47:08,30-08-2025,12:48:03,30-08-2025,12:50:00,COMPLETED,0,1
79KWH,8,1,FULL,30-08-2025,12:48:37,30-08-2025,12:48:38,30-08-2025,12:50:12,COMPLETED,0,1
79KWH,8,3,FULL,30-08-2025,12:49:45,30-08-2025,12:49:46,30-08-2025,12:50:57,COMPLETED,0,1
79KWH,8,2,FULL,30-08-2025,12:50:18,30-08-2025,12:52:02,30-08-2025,12:54:01,COMPLETED,0,1
79KWH,8,1,FULL,30-08-2025,12:51:23,30-08-2025,12:51:24,30-08-2025,12:52:56,COMPLETED,0,1
79KWH,8,3,FULL,30-08-2025,12:52:37,30-08-2025,12:52:38,30-08-2025,12:53:52,COMPLETED,0,1
79KWH,8,2,FULL,30-08-2025,12:54:08,30-08-2025,12:54:10,30-08-2025,12:55:16,COMPLETED,0,1
79KWH,8,1,FULL,30-08-2025,12:54:13,30-08-2025,12:54:14,30-08-2025,12:55:44,COMPLETED,0,1
79KWH,8,3,FULL,30-08-2025,12:55:19,30-08-2025,12:55:19,30-08-2025,12:56:32,COMPLETED,0,1
79KWH,8,2,FULL,30-08-2025,12:55:42,30-08-2025,12:57:22,30-08-2025,12:59:22,COMPLETED,0,1
79KWH,8,1,FULL,30-08-2025,12:57:01,30-08-2025,12:57:01,30-08-2025,12:58:34,COMPLETED,0,1
79KWH,8,3,FULL,30-08-2025,12:58:13,30-08-2025,12:58:14,30-08-2025,12:59:30,COMPLETED,0,1
79KWH,8,2,FULL,30-08-2025,12:59:29,30-08-2025,13:01:31,30-08-2025,13:03:30,COMPLETED,0,1
79KWH,8,1,FULL,30-08-2025,13:01:38,30-08-2025,13:01:40,30-08-2025,13:03:11,COMPLETED,0,1
79KWH,8,3,FULL,30-08-2025,13:02:45,30-08-2025,13:02:45,30-08-2025,13:03:59,COMPLETED,0,1
79KWH,8,2,FULL,30-08-2025,13:03:44,30-08-2025,13:05:37,30-08-2025,13:07:36,COMPLETED,0,1
79KWH,8,1,FULL,30-08-2025,13:04:23,30-08-2025,13:04:24,30-08-2025,13:05:58,COMPLETED,0,1
79KWH,8,3,FULL,30-08-2025,13:05:38,30-08-2025,13:05:38,30-08-2025,13:06:54,COMPLETED,0,1
79KWH,8,1,FULL,30-08-2025,13:07:12,30-08-2025,13:07:13,30-08-2025,13:08:46,COMPLETED,0,1
79KWH,8,2,FULL,30-08-2025,13:07:42,30-08-2025,13:09:41,30-08-2025,13:11:39,COMPLETED,0,1
79KWH,8,3,FULL,30-08-2025,13:08:39,30-08-2025,13:08:40,30-08-2025,13:09:53,COMPLETED,0,1
79KWH,8,1,FULL,30-08-2025,13:09:58,30-08-2025,13:09:59,30-08-2025,13:11:34,COMPLETED,0,1
79KWH,8,3,FULL,30-08-2025,13:11:13,30-08-2025,13:11:14,30-08-2025,13:12:31,COMPLETED,0,1
79KWH,8,1,FULL,30-08-2025,13:11:49,30-08-2025,13:11:50,30-08-2025,13:13:23,COMPLETED,0,1
79KWH,8,2,FULL,30-08-2025,13:11:54,30-08-2025,13:13:46,30-08-2025,13:15:46,COMPLETED,0,1
79KWH,8,3,FULL,30-08-2025,13:13:06,30-08-2025,13:13:06,30-08-2025,13:14:22,COMPLETED,0,1
79KWH,8,2,FULL,30-08-2025,13:15:52,30-08-2025,13:17:49,30-08-2025,13:19:48,COMPLETED,0,1
79KWH,8,1,FULL,30-08-2025,13:37:56,30-08-2025,13:37:57,30-08-2025,13:39:34,COMPLETED,0,1
79KWH,8,3,FULL,30-08-2025,13:39:05,30-08-2025,13:39:05,30-08-2025,13:40:23,COMPLETED,0,1
79KWH,8,2,FULL,30-08-2025,13:39:20,30-08-2025,13:39:37,30-08-2025,13:41:38,COMPLETED,0,1
79KWH,8,1,FULL,30-08-2025,13:40:37,30-08-2025,13:40:38,30-08-2025,13:42:12,COMPLETED,0,1
79KWH,8,3,FULL,30-08-2025,13:41:51,30-08-2025,13:41:52,30-08-2025,13:43:09,COMPLETED,0,1
79KWH,8,2,FULL,30-08-2025,13:41:59,30-08-2025,13:43:42,30-08-2025,13:45:41,COMPLETED,0,1
79KWH,8,1,FULL,30-08-2025,13:43:32,30-08-2025,13:43:33,30-08-2025,13:45:11,COMPLETED,0,1
79KWH,8,3,FULL,30-08-2025,13:44:38,30-08-2025,13:44:39,30-08-2025,13:45:58,COMPLETED,0,1
79KWH,8,2,FULL,30-08-2025,13:45:55,30-08-2025,13:47:49,30-08-2025,13:49:50,COMPLETED,0,1
79KWH,8,1,FULL,30-08-2025,13:46:13,30-08-2025,13:46:14,30-08-2025,13:47:50,COMPLETED,0,1
79KWH,8,3,FULL,30-08-2025,13:47:29,30-08-2025,13:47:30,30-08-2025,13:48:48,COMPLETED,0,1
79KWH,8,1,FULL,30-08-2025,13:49:06,30-08-2025,13:49:07,30-08-2025,13:50:45,COMPLETED,0,1
79KWH,8,2,FULL,30-08-2025,13:49:56,30-08-2025,13:49:59,30-08-2025,13:51:07,COMPLETED,0,1
79KWH,8,3,FULL,30-08-2025,13:50:14,30-08-2025,13:50:14,30-08-2025,13:51:34,COMPLETED,0,1
79KWH,8,1,FULL,30-08-2025,13:52:35,30-08-2025,13:52:35,30-08-2025,13:54:12,COMPLETED,0,1
79KWH,8,3,FULL,30-08-2025,13:53:43,30-08-2025,13:53:44,30-08-2025,13:55:02,COMPLETED,0,1
79KWH,8,2,FULL,30-08-2025,13:54:04,30-08-2025,13:55:02,30-08-2025,13:57:05,COMPLETED,0,1
79KWH,8,1,FULL,30-08-2025,13:55:23,30-08-2025,13:55:25,30-08-2025,13:57:04,COMPLETED,0,1
79KWH,8,3,FULL,30-08-2025,13:56:36,30-08-2025,13:57:02,30-08-2025,13:59:10,COMPLETED,0,1
79KWH,8,2,FULL,30-08-2025,13:57:10,30-08-2025,13:57:13,30-08-2025,13:58:22,COMPLETED,0,1
79KWH,8,1,FULL,30-08-2025,13:58:12,30-08-2025,13:58:54,30-08-2025,14:01:08,COMPLETED,0,1
79KWH,8,3,FULL,30-08-2025,13:59:18,30-08-2025,14:01:07,30-08-2025,14:03:12,COMPLETED,0,1
79KWH,8,2,FULL,30-08-2025,14:28:37,30-08-2025,14:28:42,30-08-2025,14:30:45,COMPLETED,0,1
79KWH,8,1,FULL,30-08-2025,14:29:54,30-08-2025,14:29:54,30-08-2025,14:32:10,COMPLETED,0,1
79KWH,8,3,FULL,30-08-2025,14:31:09,30-08-2025,14:31:09,30-08-2025,14:33:17,COMPLETED,0,1
79KWH,8,2,FULL,30-08-2025,14:31:13,30-08-2025,14:31:15,30-08-2025,14:32:25,COMPLETED,0,1
79KWH,8,1,FULL,30-08-2025,14:32:43,30-08-2025,14:32:44,30-08-2025,14:34:22,COMPLETED,0,1
79KWH,8,3,FULL,30-08-2025,14:33:51,30-08-2025,14:33:53,30-08-2025,14:35:15,COMPLETED,0,1
79KWH,8,2,FULL,30-08-2025,14:34:11,30-08-2025,14:34:11,30-08-2025,14:35:24,COMPLETED,0,1
79KWH,8,1,FULL,30-08-2025,14:35:30,30-08-2025,14:35:31,30-08-2025,14:37:12,COMPLETED,0,1
79KWH,8,3,FULL,30-08-2025,14:36:44,30-08-2025,14:36:45,30-08-2025,14:38:10,COMPLETED,0,1
79KWH,8,2,FULL,30-08-2025,14:36:48,30-08-2025,14:36:49,30-08-2025,14:38:00,COMPLETED,0,1
79KWH,8,1,FULL,30-08-2025,14:38:17,30-08-2025,14:38:18,30-08-2025,14:39:58,COMPLETED,0,1
79KWH,8,3,FULL,30-08-2025,14:39:29,30-08-2025,14:39:30,30-08-2025,14:40:53,COMPLETED,0,1
79KWH,8,2,FULL,30-08-2025,14:39:47,30-08-2025,14:39:48,30-08-2025,14:41:02,COMPLETED,0,1
79KWH,8,1,FULL,30-08-2025,14:41:07,30-08-2025,14:41:08,30-08-2025,14:42:51,COMPLETED,0,1
79KWH,8,3,FULL,30-08-2025,14:42:19,30-08-2025,14:42:20,30-08-2025,14:43:45,COMPLETED,0,1
79KWH,8,2,FULL,30-08-2025,14:42:23,30-08-2025,14:42:24,30-08-2025,14:43:37,COMPLETED,0,1
79KWH,8,1,FULL,30-08-2025,14:43:55,30-08-2025,14:43:56,30-08-2025,14:45:37,COMPLETED,0,1
79KWH,8,3,FULL,30-08-2025,14:45:01,30-08-2025,14:45:02,30-08-2025,14:46:27,COMPLETED,0,1
79KWH,8,2,FULL,30-08-2025,14:45:23,30-08-2025,14:45:24,30-08-2025,14:46:40,COMPLETED,0,1
79KWH,8,1,FULL,30-08-2025,14:46:41,30-08-2025,14:47:20,30-08-2025,14:49:37,COMPLETED,0,1
79KWH,8,3,FULL,30-08-2025,14:47:53,30-08-2025,14:48:15,30-08-2025,14:50:24,COMPLETED,0,1
79KWH,8,2,FULL,30-08-2025,14:47:59,30-08-2025,14:48:42,30-08-2025,14:50:44,COMPLETED,0,1
79KWH,8,1,FULL,30-08-2025,14:49:44,30-08-2025,14:49:46,30-08-2025,14:51:33,COMPLETED,0,1
79KWH,8,3,FULL,30-08-2025,14:50:36,30-08-2025,14:52:24,30-08-2025,14:54:31,COMPLETED,0,1
79KWH,8,2,FULL,30-08-2025,14:50:58,30-08-2025,14:50:59,30-08-2025,14:52:15,COMPLETED,0,1
79KWH,8,1,FULL,30-08-2025,14:52:17,30-08-2025,14:53:20,30-08-2025,14:55:39,COMPLETED,0,1
79KWH,8,2,FULL,30-08-2025,14:53:35,30-08-2025,14:53:36,30-08-2025,14:54:51,COMPLETED,0,1
79KWH,8,3,FULL,30-08-2025,14:54:39,30-08-2025,14:54:39,30-08-2025,14:56:08,COMPLETED,0,1
79KWH,8,1,FULL,30-08-2025,14:55:45,30-08-2025,14:55:47,30-08-2025,14:57:34,COMPLETED,0,1
79KWH,8,3,FULL,30-08-2025,14:56:14,30-08-2025,14:56:16,30-08-2025,14:57:42,COMPLETED,0,1
79KWH,8,2,FULL,30-08-2025,16:08:56,30-08-2025,16:09:21,30-08-2025,16:11:26,COMPLETED,0,1
79KWH,8,1,FULL,30-08-2025,16:10:17,30-08-2025,16:10:36,30-08-2025,16:12:55,COMPLETED,0,1
79KWH,8,2,FULL,30-08-2025,16:11:33,30-08-2025,16:11:36,30-08-2025,16:12:52,COMPLETED,0,1
79KWH,8,1,FULL,30-08-2025,16:13:01,30-08-2025,16:13:04,30-08-2025,16:14:48,COMPLETED,0,1
79KWH,8,3,FULL,30-08-2025,16:13:30,30-08-2025,16:13:31,30-08-2025,16:15:42,COMPLETED,0,1
79KWH,8,2,FULL,30-08-2025,16:13:43,30-08-2025,16:13:44,30-08-2025,16:15:03,COMPLETED,0,1
79KWH,8,1,FULL,30-08-2025,16:15:07,30-08-2025,16:15:08,30-08-2025,16:16:55,COMPLETED,0,1
79KWH,8,3,FULL,30-08-2025,16:16:13,30-08-2025,16:16:14,30-08-2025,16:17:41,COMPLETED,0,1
79KWH,8,2,FULL,30-08-2025,16:16:26,30-08-2025,16:16:26,30-08-2025,16:17:43,COMPLETED,0,1
79KWH,8,1,FULL,30-08-2025,16:17:50,30-08-2025,16:17:50,30-08-2025,16:19:36,COMPLETED,0,1
79KWH,8,2,FULL,30-08-2025,16:20:01,30-08-2025,16:21:10,30-08-2025,16:23:16,COMPLETED,0,1
79KWH,8,3,FULL,30-08-2025,16:20:03,30-08-2025,16:20:46,30-08-2025,16:22:56,COMPLETED,0,1
79KWH,8,1,FULL,30-08-2025,16:21:06,30-08-2025,16:21:23,30-08-2025,16:23:43,COMPLETED,0,1
79KWH,8,3,FULL,30-08-2025,16:23:01,30-08-2025,16:23:05,30-08-2025,16:24:33,COMPLETED,0,1
79KWH,8,2,FULL,30-08-2025,16:23:21,30-08-2025,16:23:26,30-08-2025,16:24:44,COMPLETED,0,1
79KWH,8,1,FULL,30-08-2025,16:23:50,30-08-2025,16:23:51,30-08-2025,16:25:44,COMPLETED,0,1
79KWH,8,3,FULL,30-08-2025,16:24:46,30-08-2025,16:26:21,30-08-2025,16:28:33,COMPLETED,0,1
79KWH,8,2,FULL,30-08-2025,16:24:58,30-08-2025,16:26:58,30-08-2025,16:29:05,COMPLETED,0,1
79KWH,8,1,FULL,30-08-2025,16:26:23,30-08-2025,16:26:23,30-08-2025,16:28:12,COMPLETED,0,1
79KWH,8,3,FULL,30-08-2025,16:28:39,30-08-2025,16:28:42,30-08-2025,16:30:11,COMPLETED,0,1
79KWH,8,1,FULL,30-08-2025,16:29:06,30-08-2025,16:29:07,30-08-2025,16:30:56,COMPLETED,0,1
79KWH,8,2,FULL,30-08-2025,16:29:11,30-08-2025,16:29:14,30-08-2025,16:30:34,COMPLETED,0,1
79KWH,8,3,FULL,30-08-2025,16:30:22,30-08-2025,16:30:22,30-08-2025,16:31:54,COMPLETED,0,1
79KWH,8,2,FULL,30-08-2025,16:30:47,30-08-2025,16:30:49,30-08-2025,16:32:10,COMPLETED,0,1
79KWH,8,1,FULL,30-08-2025,16:31:59,30-08-2025,16:34:15,30-08-2025,16:36:36,COMPLETED,0,1
79KWH,8,3,FULL,30-08-2025,16:33:04,30-08-2025,16:33:04,30-08-2025,16:34:34,COMPLETED,0,1
79KWH,8,2,FULL,30-08-2025,16:33:16,30-08-2025,16:35:23,30-08-2025,16:37:28,COMPLETED,0,1
79KWH,8,3,FULL,30-08-2025,16:35:59,30-08-2025,16:36:27,30-08-2025,16:38:39,COMPLETED,0,1
79KWH,8,1,FULL,30-08-2025,16:36:42,30-08-2025,16:36:45,30-08-2025,16:38:35,COMPLETED,0,1
79KWH,8,2,FULL,30-08-2025,16:37:41,30-08-2025,16:37:43,30-08-2025,16:39:07,COMPLETED,0,1
79KWH,8,1,FULL,30-08-2025,16:38:43,30-08-2025,16:41:10,30-08-2025,16:49:41,COMPLETED,0,1
79KWH,8,3,FULL,30-08-2025,16:38:47,30-08-2025,16:40:30,30-08-2025,16:42:40,COMPLETED,0,1
79KWH,8,2,FULL,30-08-2025,16:39:13,30-08-2025,16:39:16,30-08-2025,16:40:39,COMPLETED,0,1
79KWH,8,2,FULL,30-08-2025,16:41:45,30-08-2025,16:41:46,30-08-2025,16:43:11,COMPLETED,0,1
79KWH,8,3,FULL,30-08-2025,16:42:49,30-08-2025,16:42:50,30-08-2025,16:44:25,COMPLETED,0,1
79KWH,8,2,FULL,30-08-2025,16:44:29,30-08-2025,16:44:29,30-08-2025,16:45:53,COMPLETED,0,1
79KWH,8,3,FULL,30-08-2025,16:44:31,30-08-2025,16:44:34,30-08-2025,16:46:07,COMPLETED,0,1
79KWH,8,3,FULL,30-08-2025,16:47:09,30-08-2025,16:47:11,30-08-2025,16:48:46,COMPLETED,0,1
79KWH,8,2,FULL,30-08-2025,16:47:20,30-08-2025,16:47:21,30-08-2025,16:48:46,COMPLETED,0,1
79KWH,8,1,FULL,30-08-2025,16:49:47,30-08-2025,16:49:54,30-08-2025,16:51:51,COMPLETED,0,1
79KWH,8,3,FULL,30-08-2025,16:49:51,30-08-2025,16:49:51,30-08-2025,16:51:26,COMPLETED,0,1
79KWH,8,2,FULL,30-08-2025,16:50:03,30-08-2025,16:50:05,30-08-2025,16:51:29,COMPLETED,0,1
79KWH,8,1,FULL,30-08-2025,16:51:58,30-08-2025,16:52:01,01-09-2025,17:14:12,COMPLETED,0,1
79KWH,8,3,FULL,30-08-2025,16:52:43,30-08-2025,16:52:44,30-08-2025,16:54:22,COMPLETED,0,1
79KWH,8,2,FULL,30-08-2025,16:52:56,30-08-2025,16:54:29,30-08-2025,16:56:39,COMPLETED,0,1
79KWH,8,3,FULL,30-08-2025,21:38:53,30-08-2025,21:38:54,30-08-2025,21:41:05,COMPLETED,0,1
79KWH,8,2,FULL,30-08-2025,21:39:00,30-08-2025,21:39:01,30-08-2025,21:41:08,COMPLETED,0,1
79KWH,8,3,FULL,30-08-2025,21:41:13,30-08-2025,21:41:14,30-08-2025,21:42:52,COMPLETED,0,1
79KWH,8,2,FULL,30-08-2025,21:42:34,30-08-2025,21:42:34,30-08-2025,21:44:02,COMPLETED,0,1
79KWH,8,3,FULL,30-08-2025,21:42:58,30-08-2025,21:43:01,30-08-2025,21:44:36,COMPLETED,0,1
79KWH,8,3,FULL,30-08-2025,21:44:45,30-08-2025,21:44:46,30-08-2025,21:46:25,COMPLETED,0,1
79KWH,8,2,FULL,30-08-2025,21:45:19,30-08-2025,21:45:20,30-08-2025,21:46:48,COMPLETED,0,1
79KWH,8,3,FULL,30-08-2025,21:48:03,30-08-2025,21:48:03,30-08-2025,21:49:40,COMPLETED,0,1
79KWH,8,2,FULL,30-08-2025,21:48:05,30-08-2025,21:48:05,30-08-2025,21:49:35,COMPLETED,0,1
79KWH,8,2,FULL,30-08-2025,21:49:41,30-08-2025,21:49:43,30-08-2025,21:51:11,COMPLETED,0,1
79KWH,8,3,FULL,30-08-2025,21:49:48,30-08-2025,21:49:48,30-08-2025,21:51:27,COMPLETED,0,1
79KWH,8,2,FULL,30-08-2025,21:51:25,30-08-2025,21:53:18,30-08-2025,21:55:30,COMPLETED,0,1
79KWH,8,3,FULL,30-08-2025,21:51:33,30-08-2025,21:53:19,30-08-2025,21:55:32,COMPLETED,0,1
79KWH,8,2,FULL,30-08-2025,21:55:36,30-08-2025,21:55:38,30-08-2025,21:57:07,COMPLETED,0,1
79KWH,8,3,FULL,30-08-2025,21:55:40,30-08-2025,21:57:18,30-08-2025,21:59:34,COMPLETED,0,1
79KWH,8,2,FULL,30-08-2025,21:57:21,30-08-2025,21:59:20,30-08-2025,22:01:32,COMPLETED,0,1
79KWH,8,3,FULL,30-08-2025,21:59:41,30-08-2025,21:59:43,30-08-2025,22:01:22,COMPLETED,0,1
79KWH,8,3,FULL,30-08-2025,22:01:31,30-08-2025,22:03:09,30-08-2025,22:05:26,COMPLETED,0,1
79KWH,8,2,FULL,30-08-2025,22:01:39,30-08-2025,22:01:40,30-08-2025,22:03:10,COMPLETED,0,1
79KWH,8,2,FULL,30-08-2025,22:03:23,30-08-2025,22:03:24,30-08-2025,22:04:56,COMPLETED,0,1
79KWH,8,2,FULL,30-08-2025,22:05:02,30-08-2025,22:05:06,30-08-2025,22:06:37,COMPLETED,0,1
79KWH,8,3,FULL,30-08-2025,22:05:32,30-08-2025,22:05:34,30-08-2025,22:07:14,COMPLETED,0,1
79KWH,8,2,FULL,30-08-2025,22:06:51,30-08-2025,22:06:51,30-08-2025,22:08:25,COMPLETED,0,1
79KWH,8,3,FULL,30-08-2025,22:07:22,30-08-2025,22:07:23,30-08-2025,22:09:06,COMPLETED,0,1
79KWH,8,2,FULL,30-08-2025,22:08:31,30-08-2025,22:08:35,30-08-2025,22:10:07,COMPLETED,0,1
79KWH,8,3,FULL,30-08-2025,22:09:12,30-08-2025,22:09:16,30-08-2025,22:10:57,COMPLETED,0,1
79KWH,8,2,FULL,30-08-2025,22:10:20,30-08-2025,22:10:21,30-08-2025,22:11:56,COMPLETED,0,1
79KWH,8,3,FULL,30-08-2025,22:11:06,30-08-2025,22:11:07,30-08-2025,22:12:52,COMPLETED,0,1
79KWH,8,2,FULL,30-08-2025,22:12:01,30-08-2025,22:12:05,30-08-2025,22:13:39,COMPLETED,0,1
79KWH,8,3,FULL,30-08-2025,22:12:58,30-08-2025,22:13:01,30-08-2025,22:14:43,COMPLETED,0,1
79KWH,8,3,FULL,30-08-2025,22:14:52,30-08-2025,22:14:52,30-08-2025,22:16:39,COMPLETED,0,1
79KWH,8,3,FULL,30-08-2025,22:16:45,30-08-2025,22:16:48,30-08-2025,22:18:35,COMPLETED,0,1
79KWH,8,3,FULL,30-08-2025,22:18:43,30-08-2025,22:18:43,30-08-2025,22:20:29,COMPLETED,0,1
79KWH,8,3,FULL,30-08-2025,22:20:35,30-08-2025,22:20:38,30-08-2025,22:22:22,COMPLETED,0,1
79KWH,8,2,FULL,30-08-2025,22:38:50,30-08-2025,22:38:51,30-08-2025,22:41:05,COMPLETED,0,1
79KWH,8,3,FULL,30-08-2025,22:40:21,30-08-2025,22:40:22,30-08-2025,22:42:42,COMPLETED,0,1
79KWH,8,2,FULL,30-08-2025,22:41:11,30-08-2025,22:41:14,30-08-2025,22:42:49,COMPLETED,0,1
79KWH,8,3,FULL,30-08-2025,22:42:47,30-08-2025,22:42:51,30-08-2025,22:44:37,COMPLETED,0,1
79KWH,8,2,FULL,30-08-2025,22:43:02,30-08-2025,22:43:02,30-08-2025,22:44:39,COMPLETED,0,1
79KWH,8,2,FULL,30-08-2025,22:44:45,30-08-2025,22:44:48,30-08-2025,22:46:24,COMPLETED,0,1
79KWH,8,3,FULL,30-08-2025,22:44:46,30-08-2025,22:44:46,30-08-2025,22:46:35,COMPLETED,0,1
79KWH,8,2,FULL,30-08-2025,22:46:38,30-08-2025,22:46:39,30-08-2025,22:48:17,COMPLETED,0,1
79KWH,8,3,FULL,30-08-2025,22:46:41,30-08-2025,22:46:44,30-08-2025,22:48:31,COMPLETED,0,1
79KWH,8,2,FULL,30-08-2025,22:48:23,30-08-2025,22:48:27,30-08-2025,22:50:03,COMPLETED,0,1
79KWH,8,3,FULL,30-08-2025,22:48:39,30-08-2025,22:50:17,30-08-2025,22:52:38,COMPLETED,0,1
79KWH,8,2,FULL,30-08-2025,22:50:16,30-08-2025,22:52:12,30-08-2025,22:54:28,COMPLETED,0,1
79KWH,8,3,FULL,30-08-2025,22:52:44,30-08-2025,22:54:21,30-08-2025,22:56:40,COMPLETED,0,1
79KWH,8,2,FULL,30-08-2025,22:54:35,30-08-2025,22:54:37,30-08-2025,22:56:15,COMPLETED,0,1
79KWH,8,2,FULL,30-08-2025,22:56:29,30-08-2025,22:58:28,30-08-2025,23:00:45,COMPLETED,0,1
79KWH,8,3,FULL,30-08-2025,22:56:48,30-08-2025,22:58:25,30-08-2025,23:00:46,COMPLETED,0,1
79KWH,8,2,FULL,30-08-2025,23:00:50,30-08-2025,23:00:54,30-08-2025,23:02:32,COMPLETED,0,1
79KWH,8,3,FULL,30-08-2025,23:00:53,30-08-2025,23:00:56,30-08-2025,23:02:46,COMPLETED,0,1
79KWH,8,2,FULL,30-08-2025,23:02:46,30-08-2025,23:02:47,30-08-2025,23:04:30,COMPLETED,0,1
79KWH,8,3,FULL,30-08-2025,23:02:54,30-08-2025,23:02:54,30-08-2025,23:04:45,COMPLETED,0,1
79KWH,8,2,FULL,30-08-2025,23:04:36,30-08-2025,23:04:39,30-08-2025,23:06:19,COMPLETED,0,1
79KWH,8,3,FULL,30-08-2025,23:04:52,30-08-2025,23:04:56,30-08-2025,23:06:45,COMPLETED,0,1
79KWH,8,2,FULL,30-08-2025,23:06:33,30-08-2025,23:06:33,30-08-2025,23:08:16,COMPLETED,0,1
79KWH,8,3,FULL,30-08-2025,23:06:54,30-08-2025,23:06:55,30-08-2025,23:08:48,COMPLETED,0,1
79KWH,8,2,FULL,30-08-2025,23:08:23,30-08-2025,23:08:25,30-08-2025,23:10:06,COMPLETED,0,1
79KWH,8,3,FULL,30-08-2025,23:08:55,30-08-2025,23:08:57,30-08-2025,23:10:48,COMPLETED,0,1
79KWH,8,2,FULL,30-08-2025,23:10:20,30-08-2025,23:10:20,30-08-2025,23:12:04,COMPLETED,0,1
79KWH,8,3,FULL,30-08-2025,23:10:57,30-08-2025,23:10:58,30-08-2025,23:12:52,COMPLETED,0,1
79KWH,8,2,FULL,30-08-2025,23:12:10,30-08-2025,23:12:13,30-08-2025,23:13:56,COMPLETED,0,1
79KWH,8,3,FULL,30-08-2025,23:12:59,30-08-2025,23:13:01,30-08-2025,23:14:53,COMPLETED,0,1
79KWH,8,2,FULL,30-08-2025,23:14:10,30-08-2025,23:14:10,30-08-2025,23:15:55,COMPLETED,0,1
79KWH,8,3,FULL,30-08-2025,23:15:02,30-08-2025,23:15:03,30-08-2025,23:16:57,COMPLETED,0,1
79KWH,8,2,FULL,30-08-2025,23:16:01,30-08-2025,23:16:04,30-08-2025,23:17:48,COMPLETED,0,1
79KWH,8,3,FULL,30-08-2025,23:17:03,30-08-2025,23:17:06,30-08-2025,23:18:59,COMPLETED,0,1
79KWH,8,2,FULL,30-08-2025,23:18:01,30-08-2025,23:18:02,30-08-2025,23:19:50,COMPLETED,0,1
79KWH,8,3,FULL,30-08-2025,23:19:08,30-08-2025,23:19:09,30-08-2025,23:21:04,COMPLETED,0,1
79KWH,8,2,FULL,30-08-2025,23:19:55,30-08-2025,23:19:58,30-08-2025,23:21:44,COMPLETED,0,1
79KWH,8,3,FULL,30-08-2025,23:21:10,30-08-2025,23:21:14,30-08-2025,23:23:07,COMPLETED,0,1
79KWH,8,2,FULL,30-08-2025,23:21:58,30-08-2025,23:21:58,30-08-2025,23:23:47,COMPLETED,0,1
79KWH,8,3,FULL,30-08-2025,23:23:16,30-08-2025,23:23:16,30-08-2025,23:25:13,COMPLETED,0,1
79KWH,8,2,FULL,30-08-2025,23:23:53,30-08-2025,23:23:55,30-08-2025,23:25:42,COMPLETED,0,1
79KWH,8,3,FULL,30-08-2025,23:25:19,30-08-2025,23:25:23,30-08-2025,23:27:18,COMPLETED,0,1
79KWH,8,2,FULL,30-08-2025,23:25:55,30-08-2025,23:25:56,30-08-2025,23:27:46,COMPLETED,0,1
79KWH,8,3,FULL,30-08-2025,23:27:27,30-08-2025,23:27:27,30-08-2025,23:29:25,COMPLETED,0,1
79KWH,8,2,FULL,30-08-2025,23:27:51,30-08-2025,23:27:54,30-08-2025,23:29:42,COMPLETED,0,1
79KWH,8,3,FULL,30-08-2025,23:29:31,30-08-2025,23:29:35,30-08-2025,23:31:31,COMPLETED,0,1
79KWH,8,2,FULL,30-08-2025,23:29:55,30-08-2025,23:29:56,30-08-2025,23:31:46,COMPLETED,0,1
79KWH,8,3,FULL,30-08-2025,23:31:40,30-08-2025,23:31:41,30-08-2025,23:33:41,COMPLETED,0,1
79KWH,8,2,FULL,30-08-2025,23:31:53,30-08-2025,23:31:56,30-08-2025,23:33:45,COMPLETED,0,1
79KWH,8,3,FULL,30-08-2025,23:33:47,30-08-2025,23:33:50,30-08-2025,23:35:48,COMPLETED,0,1
79KWH,8,2,FULL,30-08-2025,23:33:58,30-08-2025,23:33:58,30-08-2025,23:35:50,COMPLETED,0,1
79KWH,8,2,FULL,30-08-2025,23:35:56,30-08-2025,23:35:58,30-08-2025,23:37:47,COMPLETED,0,1
79KWH,8,3,FULL,30-08-2025,23:35:56,30-08-2025,23:35:57,30-08-2025,23:37:57,COMPLETED,0,1
79KWH,8,2,FULL,30-08-2025,23:38:00,30-08-2025,23:38:01,30-08-2025,23:39:53,COMPLETED,0,1
79KWH,8,3,FULL,30-08-2025,23:38:03,30-08-2025,23:38:06,30-08-2025,23:40:04,COMPLETED,0,1
79KWH,8,2,FULL,30-08-2025,23:39:59,30-08-2025,23:40:03,30-08-2025,23:41:53,COMPLETED,0,1
79KWH,8,3,FULL,30-08-2025,23:40:13,30-08-2025,23:40:13,30-08-2025,23:42:15,COMPLETED,0,1
79KWH,8,2,FULL,30-08-2025,23:42:07,30-08-2025,23:42:08,30-08-2025,23:44:02,COMPLETED,0,1
79KWH,8,3,FULL,30-08-2025,23:42:21,30-08-2025,23:42:24,30-08-2025,23:44:23,COMPLETED,0,1
79KWH,8,2,FULL,30-08-2025,23:44:08,30-08-2025,23:44:11,30-08-2025,23:46:03,COMPLETED,0,1
79KWH,8,3,FULL,30-08-2025,23:44:32,30-08-2025,23:44:32,30-08-2025,23:46:40,COMPLETED,0,1
79KWH,8,2,FULL,30-08-2025,23:46:17,30-08-2025,23:46:17,30-08-2025,23:48:12,COMPLETED,0,1
79KWH,8,3,FULL,30-08-2025,23:46:46,30-08-2025,23:46:49,30-08-2025,23:48:50,COMPLETED,0,1
79KWH,8,2,FULL,30-08-2025,23:48:19,30-08-2025,23:48:22,30-08-2025,23:50:15,COMPLETED,0,1
79KWH,8,3,FULL,30-08-2025,23:48:59,30-08-2025,23:48:59,30-08-2025,23:51:06,COMPLETED,0,1
79KWH,8,2,FULL,30-08-2025,23:50:29,30-08-2025,23:50:30,30-08-2025,23:52:25,COMPLETED,0,1
79KWH,8,3,FULL,30-08-2025,23:51:13,30-08-2025,23:51:14,30-08-2025,23:53:17,COMPLETED,0,1
79KWH,8,2,FULL,30-08-2025,23:52:31,30-08-2025,23:52:35,30-08-2025,23:54:29,COMPLETED,0,1
79KWH,8,3,FULL,30-08-2025,23:53:25,30-08-2025,23:53:25,30-08-2025,23:55:30,COMPLETED,0,1
79KWH,8,3,FULL,30-08-2025,23:55:37,30-08-2025,23:55:39,30-08-2025,23:57:43,COMPLETED,0,1
79KWH,8,3,FULL,30-08-2025,23:57:52,30-08-2025,23:57:52,30-08-2025,23:59:58,COMPLETED,0,1
79KWH,8,3,FULL,31-08-2025,00:00:04,31-08-2025,00:00:07,31-08-2025,00:02:17,COMPLETED,0,1
79KWH,8,3,FULL,01-09-2025,07:00:58,01-09-2025,07:06:15,01-09-2025,07:08:48,COMPLETED,0,1
79KWH,8,2,FULL,01-09-2025,07:01:10,01-09-2025,07:01:10,01-09-2025,07:03:33,COMPLETED,0,1
79KWH,8,2,FULL,01-09-2025,07:03:39,01-09-2025,07:03:43,01-09-2025,07:05:36,COMPLETED,0,1
79KWH,8,3,FULL,01-09-2025,07:08:54,01-09-2025,07:08:57,01-09-2025,07:11:02,COMPLETED,0,1
79KWH,8,2,FULL,01-09-2025,07:10:12,01-09-2025,07:12:04,01-09-2025,07:14:28,COMPLETED,0,1
79KWH,8,3,FULL,01-09-2025,07:11:11,01-09-2025,07:11:12,01-09-2025,07:13:25,COMPLETED,0,1
79KWH,8,3,FULL,01-09-2025,07:13:31,01-09-2025,07:13:34,01-09-2025,07:15:40,COMPLETED,0,1
79KWH,8,2,FULL,01-09-2025,07:14:34,01-09-2025,07:14:36,01-09-2025,07:16:32,COMPLETED,0,1
79KWH,8,3,FULL,01-09-2025,07:15:49,01-09-2025,07:17:17,01-09-2025,07:19:48,COMPLETED,0,1
79KWH,8,2,FULL,01-09-2025,07:16:46,01-09-2025,07:18:52,01-09-2025,07:21:17,COMPLETED,0,1
79KWH,8,3,FULL,01-09-2025,07:19:54,01-09-2025,07:19:57,01-09-2025,07:22:04,COMPLETED,0,1
79KWH,8,2,FULL,01-09-2025,07:21:23,01-09-2025,07:23:34,01-09-2025,07:25:58,COMPLETED,0,1
79KWH,8,3,FULL,01-09-2025,07:22:13,01-09-2025,07:23:35,01-09-2025,07:26:08,COMPLETED,0,1
79KWH,8,2,FULL,01-09-2025,07:26:11,01-09-2025,07:28:17,01-09-2025,07:30:43,COMPLETED,0,1
79KWH,8,3,FULL,01-09-2025,07:26:14,01-09-2025,07:26:20,01-09-2025,07:28:29,COMPLETED,0,1
79KWH,8,3,FULL,01-09-2025,07:28:37,01-09-2025,07:28:37,01-09-2025,07:30:52,COMPLETED,0,1
79KWH,8,2,FULL,01-09-2025,07:30:49,01-09-2025,07:30:52,01-09-2025,07:32:49,COMPLETED,0,1
79KWH,8,3,FULL,01-09-2025,07:30:58,01-09-2025,07:31:01,01-09-2025,07:33:15,COMPLETED,0,1
79KWH,8,2,FULL,01-09-2025,07:33:03,01-09-2025,07:35:04,01-09-2025,07:37:30,COMPLETED,0,1
79KWH,8,3,FULL,01-09-2025,07:33:23,01-09-2025,07:34:49,01-09-2025,07:37:21,COMPLETED,0,1
79KWH,8,3,FULL,01-09-2025,07:37:28,01-09-2025,07:37:30,01-09-2025,07:39:46,COMPLETED,0,1
79KWH,8,2,FULL,01-09-2025,07:37:37,01-09-2025,07:37:39,01-09-2025,07:39:37,COMPLETED,0,1
79KWH,8,2,FULL,01-09-2025,07:39:51,01-09-2025,07:41:58,01-09-2025,07:44:26,COMPLETED,0,1
79KWH,8,3,FULL,01-09-2025,07:39:54,01-09-2025,07:53:10,01-09-2025,07:55:42,COMPLETED,0,1
79KWH,8,2,FULL,01-09-2025,07:44:33,01-09-2025,07:44:35,01-09-2025,07:46:35,COMPLETED,0,1
79KWH,8,2,FULL,01-09-2025,07:46:50,01-09-2025,07:48:50,01-09-2025,07:51:17,COMPLETED,0,1
79KWH,8,2,FULL,01-09-2025,07:51:24,01-09-2025,07:53:39,01-09-2025,07:56:05,COMPLETED,0,1
79KWH,8,3,FULL,01-09-2025,07:55:48,01-09-2025,07:55:51,01-09-2025,07:58:03,COMPLETED,0,1
79KWH,8,2,FULL,01-09-2025,07:56:19,01-09-2025,07:58:19,01-09-2025,08:00:48,COMPLETED,0,1
79KWH,8,3,FULL,01-09-2025,07:58:12,01-09-2025,07:59:37,01-09-2025,08:02:10,COMPLETED,0,1
79KWH,8,2,FULL,01-09-2025,08:00:54,01-09-2025,08:00:56,01-09-2025,08:02:59,COMPLETED,0,1
79KWH,8,3,FULL,01-09-2025,08:02:17,01-09-2025,08:02:20,01-09-2025,08:04:33,COMPLETED,0,1
79KWH,8,2,FULL,01-09-2025,08:03:13,01-09-2025,08:05:18,01-09-2025,08:07:47,COMPLETED,0,1
79KWH,8,3,FULL,01-09-2025,08:04:42,01-09-2025,08:06:04,01-09-2025,08:08:37,COMPLETED,0,1
79KWH,8,2,FULL,01-09-2025,08:07:53,01-09-2025,08:10:03,01-09-2025,08:12:29,COMPLETED,0,1
79KWH,8,3,FULL,01-09-2025,08:08:43,01-09-2025,08:08:46,01-09-2025,08:10:59,COMPLETED,0,1
79KWH,8,3,FULL,01-09-2025,08:11:07,01-09-2025,08:12:33,01-09-2025,08:15:08,COMPLETED,0,1
79KWH,8,2,FULL,01-09-2025,08:12:43,01-09-2025,08:14:48,01-09-2025,08:17:17,COMPLETED,0,1
79KWH,8,3,FULL,01-09-2025,08:15:15,01-09-2025,08:16:38,01-09-2025,08:19:11,COMPLETED,0,1
79KWH,8,2,FULL,01-09-2025,08:17:23,01-09-2025,08:17:26,01-09-2025,08:19:29,COMPLETED,0,1
79KWH,8,3,FULL,01-09-2025,08:19:19,01-09-2025,08:20:43,01-09-2025,08:23:18,COMPLETED,0,1
79KWH,8,2,FULL,01-09-2025,08:19:43,01-09-2025,08:19:44,01-09-2025,08:21:51,COMPLETED,0,1
79KWH,8,2,FULL,01-09-2025,08:21:57,01-09-2025,08:21:59,01-09-2025,08:24:05,COMPLETED,0,1
79KWH,8,3,FULL,01-09-2025,08:23:24,01-09-2025,08:23:27,01-09-2025,08:25:49,COMPLETED,0,1
79KWH,8,2,FULL,01-09-2025,08:24:18,01-09-2025,08:24:19,01-09-2025,08:26:28,COMPLETED,0,1
79KWH,8,3,FULL,01-09-2025,08:25:58,01-09-2025,08:27:18,01-09-2025,08:29:58,COMPLETED,0,1
79KWH,8,2,FULL,01-09-2025,08:26:33,01-09-2025,08:26:37,01-09-2025,08:28:44,COMPLETED,0,1
79KWH,8,2,FULL,01-09-2025,08:28:58,01-09-2025,08:28:59,01-09-2025,08:31:09,COMPLETED,0,1
79KWH,8,3,FULL,01-09-2025,08:30:04,01-09-2025,08:30:07,01-09-2025,08:32:26,COMPLETED,0,1
79KWH,8,2,FULL,01-09-2025,08:31:15,01-09-2025,08:31:18,01-09-2025,08:33:25,COMPLETED,0,1
79KWH,8,3,FULL,01-09-2025,08:32:35,01-09-2025,08:32:36,01-09-2025,08:35:01,COMPLETED,0,1
79KWH,8,2,FULL,01-09-2025,08:33:39,01-09-2025,08:33:39,01-09-2025,08:35:50,COMPLETED,0,1
79KWH,8,3,FULL,01-09-2025,08:35:07,01-09-2025,08:35:10,01-09-2025,08:37:30,COMPLETED,0,1
79KWH,8,2,FULL,01-09-2025,08:35:55,01-09-2025,08:35:58,01-09-2025,08:38:07,COMPLETED,0,1
79KWH,8,3,FULL,01-09-2025,08:37:38,01-09-2025,08:37:40,01-09-2025,08:40:06,COMPLETED,0,1
79KWH,8,2,FULL,01-09-2025,08:38:21,01-09-2025,08:38:21,01-09-2025,08:40:33,COMPLETED,0,1
79KWH,8,3,FULL,01-09-2025,08:40:12,01-09-2025,08:40:15,01-09-2025,08:42:40,COMPLETED,0,1
79KWH,8,2,FULL,01-09-2025,08:40:40,01-09-2025,08:40:43,01-09-2025,08:42:52,COMPLETED,0,1
79KWH,8,3,FULL,01-09-2025,08:42:48,01-09-2025,08:44:08,01-09-2025,08:46:50,COMPLETED,0,1
79KWH,8,2,FULL,01-09-2025,08:43:06,01-09-2025,08:45:09,01-09-2025,08:47:42,COMPLETED,0,1
79KWH,8,3,FULL,01-09-2025,08:46:55,01-09-2025,09:14:37,01-09-2025,09:17:12,COMPLETED,0,1
79KWH,8,2,FULL,01-09-2025,08:47:49,01-09-2025,08:47:51,01-09-2025,08:50:02,COMPLETED,0,1
79KWH,8,2,FULL,01-09-2025,08:50:15,01-09-2025,08:52:24,01-09-2025,08:54:56,COMPLETED,0,1
79KWH,8,2,FULL,01-09-2025,08:55:03,01-09-2025,08:55:06,01-09-2025,08:57:18,COMPLETED,0,1
79KWH,8,2,FULL,01-09-2025,08:57:32,01-09-2025,08:57:34,01-09-2025,08:59:50,COMPLETED,0,1
79KWH,8,2,FULL,01-09-2025,08:59:56,01-09-2025,08:59:59,01-09-2025,09:02:13,COMPLETED,0,1
79KWH,8,2,FULL,01-09-2025,09:02:27,01-09-2025,09:02:28,01-09-2025,09:04:44,COMPLETED,0,1
79KWH,8,2,FULL,01-09-2025,09:04:50,01-09-2025,09:04:53,01-09-2025,09:07:08,COMPLETED,0,1
79KWH,8,2,FULL,01-09-2025,09:07:22,01-09-2025,09:07:23,01-09-2025,09:09:40,COMPLETED,0,1
79KWH,8,2,FULL,01-09-2025,09:09:46,01-09-2025,09:09:49,01-09-2025,09:12:03,COMPLETED,0,1
79KWH,8,2,FULL,01-09-2025,09:12:17,01-09-2025,09:12:18,01-09-2025,09:14:36,COMPLETED,0,1
79KWH,8,3,FULL,01-09-2025,09:17:20,01-09-2025,09:18:46,01-09-2025,00:00:00,COMPLETED,0,1
79KWH,8,2,FULL,01-09-2025,09:21:39,01-09-2025,09:21:40,01-09-2025,09:23:57,COMPLETED,0,1
79KWH,8,2,FULL,01-09-2025,09:24:11,01-09-2025,09:24:12,01-09-2025,09:26:32,COMPLETED,0,1
79KWH,8,2,FULL,01-09-2025,09:26:38,01-09-2025,09:26:40,01-09-2025,09:28:59,COMPLETED,0,1
79KWH,8,1,FULL,01-09-2025,17:15:39,01-09-2025,17:42:34,01-09-2025,17:44:07,COMPLETED,0,1
79KWH,8,1,FULL,01-09-2025,17:45:37,01-09-2025,17:46:39,01-09-2025,17:48:59,COMPLETED,0,1
79KWH,8,2,FULL,01-09-2025,17:46:32,01-09-2025,17:46:33,01-09-2025,17:49:10,COMPLETED,0,1
79KWH,8,1,FULL,01-09-2025,17:49:07,01-09-2025,17:51:33,01-09-2025,17:53:57,COMPLETED,0,1
79KWH,8,1,FULL,01-09-2025,17:54:02,01-09-2025,17:54:05,01-09-2025,17:57:00,COMPLETED,0,1
79KWH,8,1,FULL,01-09-2025,17:57:09,01-09-2025,17:59:34,01-09-2025,18:01:58,COMPLETED,0,1
79KWH,8,1,FULL,01-09-2025,21:52:40,01-09-2025,21:52:40,01-09-2025,21:56:49,COMPLETED,0,1
79KWH,8,2,FULL,01-09-2025,21:52:45,01-09-2025,21:52:46,01-09-2025,21:55:21,COMPLETED,0,1
79KWH,8,2,FULL,01-09-2025,21:55:35,01-09-2025,21:55:36,01-09-2025,21:57:58,COMPLETED,0,1
79KWH,8,1,FULL,01-09-2025,21:56:57,01-09-2025,21:56:58,01-09-2025,21:58:56,COMPLETED,0,1
79KWH,8,2,FULL,01-09-2025,21:58:05,01-09-2025,21:58:08,01-09-2025,22:00:29,COMPLETED,0,1
79KWH,8,1,FULL,01-09-2025,21:59:02,01-09-2025,21:59:06,01-09-2025,22:01:01,COMPLETED,0,1
79KWH,8,2,FULL,01-09-2025,22:00:42,01-09-2025,22:00:43,01-09-2025,22:03:06,COMPLETED,0,1
79KWH,8,1,FULL,01-09-2025,22:01:09,01-09-2025,22:01:10,01-09-2025,22:03:10,COMPLETED,0,1
79KWH,8,1,FULL,01-09-2025,22:03:16,01-09-2025,22:03:18,01-09-2025,22:05:16,COMPLETED,0,1
79KWH,8,1,FULL,01-09-2025,22:05:24,01-09-2025,22:07:42,01-09-2025,22:10:08,COMPLETED,0,1
79KWH,8,1,FULL,01-09-2025,22:10:14,01-09-2025,22:12:32,01-09-2025,22:14:55,COMPLETED,0,1
79KWH,8,1,FULL,01-09-2025,23:13:44,01-09-2025,23:14:59,01-09-2025,23:17:25,COMPLETED,0,1
79KWH,8,1,FULL,01-09-2025,23:17:31,01-09-2025,23:17:35,01-09-2025,23:19:34,COMPLETED,0,1
79KWH,8,2,FULL,01-09-2025,23:19:41,01-09-2025,23:19:42,01-09-2025,23:22:17,COMPLETED,0,1
79KWH,8,1,FULL,01-09-2025,23:19:42,01-09-2025,23:19:43,01-09-2025,23:21:45,COMPLETED,0,1
79KWH,8,1,FULL,01-09-2025,23:22:13,01-09-2025,23:22:14,01-09-2025,23:24:15,COMPLETED,0,1
79KWH,8,2,FULL,01-09-2025,23:33:32,01-09-2025,23:33:32,01-09-2025,23:36:10,COMPLETED,0,1
79KWH,8,1,FULL,03-09-2025,07:11:22,03-09-2025,07:11:23,03-09-2025,07:13:51,COMPLETED,0,1
79KWH,8,2,FULL,03-09-2025,07:11:48,03-09-2025,07:11:49,03-09-2025,07:14:28,COMPLETED,0,1
79KWH,8,1,FULL,03-09-2025,07:13:57,03-09-2025,07:14:00,03-09-2025,07:16:01,COMPLETED,0,1
79KWH,8,2,FULL,03-09-2025,07:14:34,03-09-2025,07:14:36,03-09-2025,07:17:00,COMPLETED,0,1
79KWH,8,1,FULL,03-09-2025,07:16:09,03-09-2025,07:16:10,03-09-2025,07:18:14,COMPLETED,0,1
79KWH,8,2,FULL,03-09-2025,07:17:14,03-09-2025,07:17:15,03-09-2025,07:19:42,COMPLETED,0,1
79KWH,8,1,FULL,03-09-2025,07:18:20,03-09-2025,07:18:23,03-09-2025,07:20:26,COMPLETED,0,1
79KWH,8,2,FULL,03-09-2025,07:19:48,03-09-2025,07:19:52,03-09-2025,07:22:16,COMPLETED,0,1
79KWH,8,1,FULL,03-09-2025,07:20:34,03-09-2025,07:20:35,03-09-2025,07:22:44,COMPLETED,0,1
79KWH,8,2,FULL,03-09-2025,07:22:29,03-09-2025,07:22:29,03-09-2025,07:24:58,COMPLETED,0,1
79KWH,8,1,FULL,03-09-2025,07:22:50,03-09-2025,07:22:53,03-09-2025,07:24:56,COMPLETED,0,1
79KWH,8,1,FULL,03-09-2025,07:25:04,03-09-2025,07:27:31,03-09-2025,07:30:00,COMPLETED,0,1
79KWH,8,2,FULL,03-09-2025,07:25:05,03-09-2025,07:27:47,03-09-2025,07:30:25,COMPLETED,0,1
79KWH,8,1,FULL,03-09-2025,07:30:06,03-09-2025,07:30:08,03-09-2025,07:32:13,COMPLETED,0,1
79KWH,8,2,FULL,03-09-2025,07:30:38,03-09-2025,07:33:17,03-09-2025,07:35:58,COMPLETED,0,1
79KWH,8,1,FULL,03-09-2025,07:32:21,03-09-2025,07:34:43,03-09-2025,07:37:12,COMPLETED,0,1
79KWH,8,2,FULL,03-09-2025,07:36:04,03-09-2025,07:36:07,03-09-2025,07:38:34,COMPLETED,0,1
79KWH,8,1,FULL,03-09-2025,07:37:18,03-09-2025,07:37:22,03-09-2025,07:39:28,COMPLETED,0,1
79KWH,8,1,FULL,03-09-2025,07:39:36,03-09-2025,07:39:37,03-09-2025,07:41:45,COMPLETED,0,1
79KWH,8,1,FULL,03-09-2025,07:41:51,03-09-2025,07:41:54,03-09-2025,07:44:03,COMPLETED,0,1
79KWH,8,2,FULL,03-09-2025,07:41:52,03-09-2025,07:41:53,03-09-2025,07:44:35,COMPLETED,0,1
79KWH,8,1,FULL,03-09-2025,07:44:11,03-09-2025,07:44:14,03-09-2025,07:46:23,COMPLETED,0,1
79KWH,8,2,FULL,03-09-2025,07:44:40,03-09-2025,07:44:43,03-09-2025,07:47:12,COMPLETED,0,1
79KWH,8,1,FULL,03-09-2025,07:46:29,03-09-2025,07:46:33,03-09-2025,07:48:41,COMPLETED,0,1
79KWH,8,2,FULL,03-09-2025,07:47:25,03-09-2025,07:50:04,03-09-2025,07:52:46,COMPLETED,0,1
79KWH,8,1,FULL,03-09-2025,07:48:48,03-09-2025,07:51:18,03-09-2025,07:53:50,COMPLETED,0,1
79KWH,8,2,FULL,03-09-2025,07:52:52,03-09-2025,07:55:34,03-09-2025,07:58:13,COMPLETED,0,1
79KWH,8,1,FULL,03-09-2025,07:53:56,03-09-2025,07:53:59,03-09-2025,08:03:09,COMPLETED,0,1
79KWH,8,2,FULL,03-09-2025,07:58:27,03-09-2025,08:01:09,03-09-2025,08:03:50,COMPLETED,0,1
79KWH,8,1,FULL,03-09-2025,08:03:18,03-09-2025,08:05:40,03-09-2025,08:08:12,COMPLETED,0,1
79KWH,8,2,FULL,03-09-2025,08:03:57,03-09-2025,08:03:59,03-09-2025,08:06:29,COMPLETED,0,1
79KWH,8,2,FULL,03-09-2025,08:06:43,03-09-2025,08:09:16,03-09-2025,08:11:59,COMPLETED,0,1
79KWH,8,1,FULL,03-09-2025,08:08:19,03-09-2025,08:08:20,03-09-2025,08:10:31,COMPLETED,0,1
79KWH,8,1,FULL,03-09-2025,08:10:39,03-09-2025,08:13:07,03-09-2025,08:15:39,COMPLETED,0,1
79KWH,8,2,FULL,03-09-2025,08:12:06,03-09-2025,08:12:08,03-09-2025,08:14:40,COMPLETED,0,1
79KWH,8,1,FULL,03-09-2025,08:15:45,03-09-2025,08:15:48,03-09-2025,08:17:59,COMPLETED,0,1
79KWH,8,1,FULL,03-09-2025,08:18:07,03-09-2025,08:18:08,03-09-2025,08:20:23,COMPLETED,0,1
79KWH,8,1,FULL,03-09-2025,08:20:29,03-09-2025,08:20:32,03-09-2025,08:22:44,COMPLETED,0,1
79KWH,8,1,FULL,03-09-2025,08:24:06,03-09-2025,08:24:07,03-09-2025,08:26:22,COMPLETED,0,1
79KWH,8,2,FULL,03-09-2025,08:27:00,03-09-2025,08:27:02,03-09-2025,08:29:46,COMPLETED,0,1
79KWH,8,1,FULL,03-09-2025,08:29:52,03-09-2025,08:29:53,03-09-2025,08:32:07,COMPLETED,0,1
79KWH,8,2,FULL,03-09-2025,08:36:53,03-09-2025,08:37:44,03-09-2025,08:40:25,COMPLETED,0,1
79KWH,8,1,FULL,03-09-2025,08:41:24,03-09-2025,08:41:25,03-09-2025,08:43:59,COMPLETED,0,1
79KWH,8,2,FULL,03-09-2025,08:43:24,03-09-2025,08:43:25,03-09-2025,08:46:10,COMPLETED,0,1
79KWH,8,1,FULL,03-09-2025,08:45:57,03-09-2025,08:45:58,03-09-2025,08:48:13,COMPLETED,0,1
79KWH,8,2,FULL,03-09-2025,08:46:33,03-09-2025,08:46:34,03-09-2025,08:49:10,COMPLETED,0,1
79KWH,8,1,FULL,03-09-2025,08:48:20,03-09-2025,08:48:21,03-09-2025,08:50:37,COMPLETED,0,1
79KWH,8,2,FULL,03-09-2025,08:49:23,03-09-2025,08:49:23,03-09-2025,08:51:59,COMPLETED,0,1
79KWH,8,1,FULL,03-09-2025,08:50:44,03-09-2025,08:50:47,03-09-2025,08:53:07,COMPLETED,0,1
79KWH,8,2,FULL,03-09-2025,08:52:05,03-09-2025,08:52:09,03-09-2025,08:54:44,COMPLETED,0,1
79KWH,8,1,FULL,03-09-2025,08:53:15,03-09-2025,08:53:17,03-09-2025,08:55:36,COMPLETED,0,1
79KWH,8,2,FULL,03-09-2025,08:54:57,03-09-2025,08:57:36,03-09-2025,09:00:21,COMPLETED,0,1
79KWH,8,1,FULL,03-09-2025,08:55:43,03-09-2025,08:55:45,03-09-2025,08:58:05,COMPLETED,0,1
79KWH,8,1,FULL,03-09-2025,08:58:13,03-09-2025,09:00:41,03-09-2025,09:03:22,COMPLETED,0,1
79KWH,8,2,FULL,03-09-2025,09:00:26,03-09-2025,09:00:29,03-09-2025,09:03:06,COMPLETED,0,1
79KWH,8,2,FULL,03-09-2025,09:03:19,03-09-2025,09:05:51,03-09-2025,09:08:37,COMPLETED,0,1
79KWH,8,1,FULL,03-09-2025,09:03:28,03-09-2025,09:06:06,03-09-2025,09:08:44,COMPLETED,0,1
79KWH,8,2,FULL,03-09-2025,09:08:43,03-09-2025,09:11:29,03-09-2025,09:14:12,COMPLETED,0,1
79KWH,8,1,FULL,03-09-2025,09:08:52,03-09-2025,09:08:55,03-09-2025,09:11:15,COMPLETED,0,1
79KWH,8,1,FULL,03-09-2025,09:11:21,03-09-2025,09:11:24,03-09-2025,09:13:42,COMPLETED,0,1
79KWH,8,1,FULL,03-09-2025,09:13:50,03-09-2025,09:13:50,03-09-2025,09:19:41,COMPLETED,0,1
79KWH,8,2,FULL,03-09-2025,09:14:27,03-09-2025,09:14:27,03-09-2025,09:21:45,COMPLETED,0,1
79KWH,8,1,FULL,03-09-2025,09:19:48,03-09-2025,09:19:50,03-09-2025,09:23:35,COMPLETED,0,1
79KWH,8,2,FULL,03-09-2025,09:21:52,03-09-2025,09:21:55,03-09-2025,09:24:33,COMPLETED,0,1
79KWH,8,1,FULL,03-09-2025,09:23:43,03-09-2025,09:23:44,03-09-2025,09:26:06,COMPLETED,0,1
79KWH,8,2,FULL,03-09-2025,09:24:46,03-09-2025,09:24:46,03-09-2025,09:27:27,COMPLETED,0,1
79KWH,8,1,FULL,03-09-2025,09:26:12,03-09-2025,09:26:15,03-09-2025,09:28:41,COMPLETED,0,1
79KWH,8,2,FULL,03-09-2025,09:27:34,03-09-2025,09:27:36,03-09-2025,09:30:15,COMPLETED,0,1
79KWH,8,1,FULL,03-09-2025,09:28:49,03-09-2025,09:28:50,03-09-2025,09:31:18,COMPLETED,0,1
79KWH,8,2,FULL,03-09-2025,09:30:29,03-09-2025,09:30:29,03-09-2025,09:33:12,COMPLETED,0,1
79KWH,8,1,FULL,03-09-2025,09:31:24,03-09-2025,09:31:26,03-09-2025,09:33:53,COMPLETED,0,1
79KWH,8,2,FULL,03-09-2025,09:33:17,03-09-2025,09:33:22,03-09-2025,09:36:02,COMPLETED,0,1
79KWH,8,1,FULL,03-09-2025,09:34:01,03-09-2025,09:34:04,03-09-2025,09:36:31,COMPLETED,0,1
79KWH,8,2,FULL,03-09-2025,09:36:15,03-09-2025,09:38:48,03-09-2025,09:41:36,COMPLETED,0,1
79KWH,8,1,FULL,03-09-2025,09:36:37,03-09-2025,09:36:40,03-09-2025,09:39:09,COMPLETED,0,1
79KWH,8,1,FULL,03-09-2025,09:39:17,03-09-2025,09:41:44,03-09-2025,09:44:26,COMPLETED,0,1
79KWH,8,2,FULL,03-09-2025,09:41:43,03-09-2025,09:41:45,03-09-2025,09:44:26,COMPLETED,0,1
79KWH,8,1,FULL,03-09-2025,09:44:32,03-09-2025,09:44:36,03-09-2025,09:47:05,COMPLETED,0,1
79KWH,8,2,FULL,03-09-2025,09:44:40,03-09-2025,09:47:17,03-09-2025,09:50:05,COMPLETED,0,1
79KWH,8,1,FULL,03-09-2025,09:47:13,03-09-2025,09:47:16,03-09-2025,09:49:48,COMPLETED,0,1
79KWH,8,1,FULL,03-09-2025,09:49:54,03-09-2025,09:49:57,03-09-2025,09:52:27,COMPLETED,0,1
79KWH,8,2,FULL,03-09-2025,09:50:11,03-09-2025,09:52:52,03-09-2025,09:55:38,COMPLETED,0,1
79KWH,8,1,FULL,03-09-2025,09:52:35,03-09-2025,09:52:37,03-09-2025,09:55:10,COMPLETED,0,1
79KWH,8,1,FULL,03-09-2025,09:55:15,03-09-2025,09:55:18,03-09-2025,09:57:50,COMPLETED,0,1
79KWH,8,2,FULL,03-09-2025,09:55:51,03-09-2025,09:58:29,03-09-2025,10:01:18,COMPLETED,0,1
79KWH,8,1,FULL,03-09-2025,09:57:57,03-09-2025,09:57:59,03-09-2025,10:00:33,COMPLETED,0,1
79KWH,8,1,FULL,03-09-2025,10:00:40,03-09-2025,10:00:42,03-09-2025,10:03:14,COMPLETED,0,1
79KWH,8,2,FULL,03-09-2025,10:01:24,03-09-2025,10:01:27,03-09-2025,10:04:10,COMPLETED,0,1
79KWH,8,1,FULL,03-09-2025,10:03:22,03-09-2025,10:05:59,03-09-2025,10:08:44,COMPLETED,0,1
79KWH,8,2,FULL,03-09-2025,10:04:24,03-09-2025,10:06:55,03-09-2025,10:09:45,COMPLETED,0,1
79KWH,8,1,FULL,03-09-2025,10:08:50,03-09-2025,10:08:53,03-09-2025,10:11:27,COMPLETED,0,1
79KWH,8,2,FULL,03-09-2025,10:09:51,03-09-2025,10:09:54,03-09-2025,10:12:38,COMPLETED,0,1
79KWH,8,1,FULL,03-09-2025,10:11:35,03-09-2025,10:14:05,03-09-2025,10:16:55,COMPLETED,0,1
79KWH,8,2,FULL,03-09-2025,10:12:51,03-09-2025,10:15:30,03-09-2025,10:18:20,COMPLETED,0,1
79KWH,8,1,FULL,03-09-2025,10:17:02,03-09-2025,10:17:05,03-09-2025,10:19:39,COMPLETED,0,1
79KWH,8,2,FULL,03-09-2025,10:18:27,03-09-2025,10:21:07,03-09-2025,10:23:55,COMPLETED,0,1
79KWH,8,1,FULL,03-09-2025,10:19:48,03-09-2025,10:19:49,03-09-2025,10:22:21,COMPLETED,0,1
79KWH,8,1,FULL,03-09-2025,10:22:29,03-09-2025,10:22:31,03-09-2025,10:41:23,COMPLETED,0,1
79KWH,8,2,FULL,03-09-2025,10:24:08,03-09-2025,10:24:09,03-09-2025,10:26:58,COMPLETED,0,1
79KWH,8,2,FULL,03-09-2025,10:27:04,03-09-2025,10:29:51,03-09-2025,10:32:39,COMPLETED,0,1
79KWH,8,2,FULL,03-09-2025,10:32:54,03-09-2025,10:35:24,03-09-2025,10:37:25,COMPLETED,0,1
79KWH,8,2,FULL,03-09-2025,10:37:31,03-09-2025,10:39:36,03-09-2025,10:41:36,COMPLETED,0,1
79KWH,8,1,FULL,03-09-2025,10:41:31,03-09-2025,10:44:52,03-09-2025,10:47:45,COMPLETED,0,1
79KWH,8,2,FULL,03-09-2025,10:41:49,03-09-2025,10:41:51,03-09-2025,10:43:43,COMPLETED,0,1
79KWH,8,2,FULL,03-09-2025,10:43:49,03-09-2025,10:43:52,03-09-2025,10:45:01,COMPLETED,0,1
79KWH,8,2,FULL,03-09-2025,10:45:15,03-09-2025,10:45:15,03-09-2025,10:46:25,COMPLETED,0,1
79KWH,8,2,FULL,03-09-2025,10:46:31,03-09-2025,10:46:35,03-09-2025,10:47:43,COMPLETED,0,1
79KWH,8,1,FULL,03-09-2025,10:47:52,03-09-2025,10:50:27,03-09-2025,10:53:12,COMPLETED,0,1
79KWH,8,2,FULL,03-09-2025,10:47:56,03-09-2025,10:47:56,03-09-2025,10:49:06,COMPLETED,0,1
79KWH,8,2,FULL,03-09-2025,10:49:11,03-09-2025,10:49:16,03-09-2025,10:50:24,COMPLETED,0,1
79KWH,8,2,FULL,03-09-2025,10:50:37,03-09-2025,10:52:27,03-09-2025,10:54:27,COMPLETED,0,1
79KWH,8,1,FULL,03-09-2025,10:53:20,03-09-2025,10:55:57,03-09-2025,10:58:52,COMPLETED,0,1
79KWH,8,2,FULL,03-09-2025,10:54:34,03-09-2025,10:56:35,03-09-2025,10:58:34,COMPLETED,0,1
79KWH,8,2,FULL,03-09-2025,10:58:48,03-09-2025,11:00:37,03-09-2025,11:02:39,COMPLETED,0,1
79KWH,8,1,FULL,03-09-2025,10:58:58,03-09-2025,10:59:05,03-09-2025,11:01:45,COMPLETED,0,1
79KWH,8,1,FULL,03-09-2025,11:01:53,03-09-2025,11:01:55,03-09-2025,11:07:56,COMPLETED,0,1
79KWH,8,2,FULL,03-09-2025,11:02:45,03-09-2025,11:04:45,03-09-2025,11:06:45,COMPLETED,0,1
79KWH,8,2,FULL,03-09-2025,11:06:58,03-09-2025,11:06:59,03-09-2025,11:08:09,COMPLETED,0,1
79KWH,8,1,FULL,03-09-2025,11:08:04,03-09-2025,11:08:05,03-09-2025,11:10:49,COMPLETED,0,1
79KWH,8,2,FULL,03-09-2025,11:08:15,03-09-2025,11:08:18,03-09-2025,11:09:26,COMPLETED,0,1
79KWH,8,2,FULL,03-09-2025,11:09:39,03-09-2025,11:09:41,03-09-2025,11:10:50,COMPLETED,0,1
79KWH,8,2,FULL,03-09-2025,11:10:56,03-09-2025,11:11:01,03-09-2025,11:12:09,COMPLETED,0,1
79KWH,8,1,FULL,03-09-2025,11:10:57,03-09-2025,11:10:58,03-09-2025,11:13:40,COMPLETED,0,1
79KWH,8,2,FULL,03-09-2025,11:12:22,03-09-2025,11:12:22,03-09-2025,11:13:32,COMPLETED,0,1
79KWH,8,2,FULL,03-09-2025,11:13:39,03-09-2025,11:13:42,03-09-2025,11:14:50,COMPLETED,0,1
79KWH,8,1,FULL,03-09-2025,11:13:46,03-09-2025,11:13:49,03-09-2025,11:16:29,COMPLETED,0,1
79KWH,8,2,FULL,03-09-2025,11:15:04,03-09-2025,11:15:05,03-09-2025,11:16:15,COMPLETED,0,1
79KWH,8,2,FULL,03-09-2025,11:16:22,03-09-2025,11:16:25,03-09-2025,11:17:34,COMPLETED,0,1
79KWH,8,1,FULL,03-09-2025,11:16:37,03-09-2025,11:16:38,03-09-2025,11:19:17,COMPLETED,0,1
79KWH,8,2,FULL,03-09-2025,11:17:46,03-09-2025,11:17:47,03-09-2025,11:18:58,COMPLETED,0,1
79KWH,8,2,FULL,03-09-2025,11:19:04,03-09-2025,11:19:07,03-09-2025,11:20:14,COMPLETED,0,1
79KWH,8,1,FULL,03-09-2025,11:19:23,03-09-2025,11:19:26,03-09-2025,11:23:29,COMPLETED,0,1
79KWH,8,2,FULL,03-09-2025,11:20:27,03-09-2025,11:20:28,03-09-2025,11:21:38,COMPLETED,0,1
79KWH,8,2,FULL,03-09-2025,11:21:44,03-09-2025,11:23:37,03-09-2025,11:25:36,COMPLETED,0,1
79KWH,8,1,FULL,03-09-2025,11:23:37,03-09-2025,11:26:11,03-09-2025,11:28:57,COMPLETED,0,1
79KWH,8,2,FULL,03-09-2025,11:25:50,03-09-2025,11:27:39,03-09-2025,11:29:41,COMPLETED,0,1
79KWH,8,1,FULL,03-09-2025,11:29:04,03-09-2025,11:29:06,03-09-2025,11:31:44,COMPLETED,0,1
79KWH,8,2,FULL,03-09-2025,11:29:47,03-09-2025,11:29:49,03-09-2025,11:30:57,COMPLETED,0,1
79KWH,8,2,FULL,03-09-2025,11:31:11,03-09-2025,11:33:00,03-09-2025,11:35:02,COMPLETED,0,1
79KWH,8,1,FULL,03-09-2025,11:31:52,03-09-2025,11:34:26,03-09-2025,11:37:11,COMPLETED,0,1
79KWH,8,2,FULL,03-09-2025,11:35:08,03-09-2025,11:35:11,03-09-2025,11:36:19,COMPLETED,0,1
79KWH,8,2,FULL,03-09-2025,11:36:27,03-09-2025,11:36:27,03-09-2025,11:38:20,COMPLETED,0,1
79KWH,8,1,FULL,03-09-2025,11:37:17,03-09-2025,11:37:21,03-09-2025,11:39:59,COMPLETED,0,1
79KWH,8,2,FULL,03-09-2025,11:38:26,03-09-2025,11:38:29,03-09-2025,11:41:03,COMPLETED,0,1
79KWH,8,1,FULL,03-09-2025,11:40:07,03-09-2025,11:40:07,03-09-2025,11:42:49,COMPLETED,0,1
79KWH,8,2,FULL,03-09-2025,11:41:17,03-09-2025,11:41:18,03-09-2025,11:43:11,COMPLETED,0,1
79KWH,8,1,FULL,03-09-2025,11:42:54,03-09-2025,11:42:58,03-09-2025,12:23:29,COMPLETED,0,1
79KWH,8,1,FULL,03-09-2025,12:23:36,03-09-2025,12:26:06,03-09-2025,12:28:53,COMPLETED,0,1
79KWH,8,2,FULL,03-09-2025,12:26:55,03-09-2025,12:26:55,03-09-2025,12:28:55,COMPLETED,0,1
79KWH,8,1,FULL,03-09-2025,12:28:59,03-09-2025,12:29:02,03-09-2025,12:31:42,COMPLETED,0,1
79KWH,8,2,FULL,03-09-2025,12:29:03,03-09-2025,12:30:56,03-09-2025,12:32:47,COMPLETED,0,1
79KWH,8,1,FULL,03-09-2025,12:31:51,03-09-2025,12:34:25,03-09-2025,12:37:13,COMPLETED,0,1
79KWH,8,2,FULL,03-09-2025,12:33:07,03-09-2025,12:33:08,03-09-2025,12:34:09,COMPLETED,0,1
79KWH,8,2,FULL,03-09-2025,12:34:15,03-09-2025,12:34:18,03-09-2025,12:35:28,COMPLETED,0,1
79KWH,8,2,FULL,03-09-2025,12:35:42,03-09-2025,12:35:42,03-09-2025,12:36:56,COMPLETED,0,1
79KWH,8,2,FULL,03-09-2025,12:37:03,03-09-2025,12:37:04,03-09-2025,12:38:16,COMPLETED,0,1
79KWH,8,1,FULL,03-09-2025,12:37:20,03-09-2025,12:37:21,03-09-2025,12:40:03,COMPLETED,0,1
79KWH,8,2,FULL,03-09-2025,12:38:30,03-09-2025,12:38:31,03-09-2025,12:39:46,COMPLETED,0,1
79KWH,8,2,FULL,03-09-2025,12:39:52,03-09-2025,12:39:56,03-09-2025,12:41:09,COMPLETED,0,1
79KWH,8,1,FULL,03-09-2025,12:40:12,03-09-2025,12:42:42,03-09-2025,12:45:30,COMPLETED,0,1
79KWH,8,2,FULL,03-09-2025,12:41:22,03-09-2025,12:41:23,03-09-2025,12:42:39,COMPLETED,0,1
79KWH,8,2,FULL,03-09-2025,12:43:05,03-09-2025,12:43:05,03-09-2025,12:44:20,COMPLETED,0,1
79KWH,8,2,FULL,03-09-2025,12:44:35,03-09-2025,12:44:36,03-09-2025,12:45:53,COMPLETED,0,1
79KWH,8,1,FULL,03-09-2025,12:45:36,03-09-2025,12:45:39,03-09-2025,12:48:27,COMPLETED,0,1
79KWH,8,2,FULL,03-09-2025,12:45:59,03-09-2025,12:46:02,03-09-2025,12:47:18,COMPLETED,0,1
79KWH,8,2,FULL,03-09-2025,12:47:31,03-09-2025,12:49:10,03-09-2025,12:51:16,COMPLETED,0,1
79KWH,8,1,FULL,03-09-2025,12:48:35,03-09-2025,12:48:37,03-09-2025,12:51:23,COMPLETED,0,1
79KWH,8,2,FULL,03-09-2025,12:51:22,03-09-2025,12:51:25,03-09-2025,12:52:42,COMPLETED,0,1
79KWH,8,1,FULL,03-09-2025,12:51:28,03-09-2025,12:51:31,03-09-2025,12:58:00,COMPLETED,0,1
79KWH,8,2,FULL,03-09-2025,12:52:55,03-09-2025,12:54:37,03-09-2025,12:56:43,COMPLETED,0,1
79KWH,8,2,FULL,03-09-2025,12:56:49,03-09-2025,12:56:52,03-09-2025,12:58:10,COMPLETED,0,1
79KWH,8,1,FULL,03-09-2025,12:58:08,03-09-2025,13:01:37,03-09-2025,13:10:50,COMPLETED,0,1
79KWH,8,2,FULL,03-09-2025,12:58:23,03-09-2025,13:00:01,03-09-2025,13:02:08,COMPLETED,0,1
79KWH,8,2,FULL,03-09-2025,13:02:14,03-09-2025,13:02:17,03-09-2025,13:03:36,COMPLETED,0,1
79KWH,8,2,FULL,03-09-2025,13:03:49,03-09-2025,13:05:28,03-09-2025,13:08:12,COMPLETED,0,1
79KWH,8,2,FULL,03-09-2025,13:08:18,03-09-2025,13:10:38,03-09-2025,13:13:19,COMPLETED,0,1
79KWH,8,1,FULL,03-09-2025,13:10:57,03-09-2025,13:14:41,03-09-2025,13:18:55,COMPLETED,0,1
79KWH,8,2,FULL,03-09-2025,13:13:33,03-09-2025,13:15:50,03-09-2025,13:17:57,COMPLETED,0,1
79KWH,8,2,FULL,03-09-2025,13:18:03,03-09-2025,13:18:07,03-09-2025,13:19:27,COMPLETED,0,1
79KWH,8,1,FULL,03-09-2025,13:19:03,03-09-2025,13:19:04,03-09-2025,13:23:18,COMPLETED,0,1
79KWH,8,2,FULL,03-09-2025,13:19:41,03-09-2025,13:19:42,03-09-2025,13:21:05,COMPLETED,0,1
79KWH,8,2,FULL,03-09-2025,13:21:11,03-09-2025,13:22:53,03-09-2025,13:24:58,COMPLETED,0,1
79KWH,8,1,FULL,03-09-2025,13:23:23,03-09-2025,13:27:13,03-09-2025,13:31:28,COMPLETED,0,1
79KWH,8,2,FULL,03-09-2025,13:25:12,03-09-2025,13:26:48,03-09-2025,13:29:33,COMPLETED,0,1
79KWH,8,2,FULL,03-09-2025,13:29:39,03-09-2025,13:29:43,03-09-2025,13:32:17,COMPLETED,0,1
79KWH,8,1,FULL,03-09-2025,13:31:36,03-09-2025,13:35:15,03-09-2025,13:37:58,COMPLETED,0,1
79KWH,8,2,FULL,03-09-2025,13:32:31,03-09-2025,13:34:44,03-09-2025,13:36:52,COMPLETED,0,1
79KWH,8,2,FULL,03-09-2025,13:36:58,03-09-2025,13:37:02,03-09-2025,13:38:25,COMPLETED,0,1
79KWH,8,1,FULL,03-09-2025,13:38:04,03-09-2025,13:38:07,03-09-2025,13:39:11,COMPLETED,0,1
79KWH,8,2,FULL,03-09-2025,13:38:38,03-09-2025,13:38:40,03-09-2025,13:40:41,COMPLETED,0,1
79KWH,8,1,FULL,03-09-2025,13:39:19,03-09-2025,13:39:20,03-09-2025,13:40:35,COMPLETED,0,1
79KWH,8,1,FULL,03-09-2025,13:40:42,03-09-2025,13:40:45,03-09-2025,13:41:54,COMPLETED,0,1
79KWH,8,2,FULL,03-09-2025,13:40:47,03-09-2025,13:40:50,03-09-2025,13:43:24,COMPLETED,0,1
79KWH,8,1,FULL,03-09-2025,13:42:03,03-09-2025,13:42:03,03-09-2025,13:43:16,COMPLETED,0,1
79KWH,8,1,FULL,03-09-2025,13:43:23,03-09-2025,13:43:26,03-09-2025,13:44:35,COMPLETED,0,1
79KWH,8,2,FULL,03-09-2025,13:43:38,03-09-2025,13:43:39,03-09-2025,13:46:15,COMPLETED,0,1
79KWH,8,1,FULL,03-09-2025,13:44:43,03-09-2025,13:44:44,03-09-2025,13:45:57,COMPLETED,0,1
79KWH,8,1,FULL,03-09-2025,13:46:04,03-09-2025,13:46:05,03-09-2025,13:47:14,COMPLETED,0,1
79KWH,8,2,FULL,03-09-2025,13:46:23,03-09-2025,13:46:25,03-09-2025,13:49:00,COMPLETED,0,1
79KWH,8,1,FULL,03-09-2025,13:47:23,03-09-2025,13:47:23,03-09-2025,13:48:30,COMPLETED,0,1
79KWH,8,1,FULL,03-09-2025,13:48:36,03-09-2025,13:48:38,03-09-2025,13:49:47,COMPLETED,0,1
79KWH,8,2,FULL,03-09-2025,13:49:14,03-09-2025,13:49:14,03-09-2025,13:51:52,COMPLETED,0,1
79KWH,8,1,FULL,03-09-2025,13:49:55,03-09-2025,13:49:56,03-09-2025,13:51:07,COMPLETED,0,1
79KWH,8,1,FULL,03-09-2025,13:51:13,03-09-2025,13:51:17,03-09-2025,13:52:22,COMPLETED,0,1
79KWH,8,2,FULL,03-09-2025,13:51:58,03-09-2025,13:52:02,03-09-2025,13:54:38,COMPLETED,0,1
79KWH,8,1,FULL,03-09-2025,13:52:30,03-09-2025,13:52:31,03-09-2025,13:53:39,COMPLETED,0,1
79KWH,8,1,FULL,03-09-2025,13:53:45,03-09-2025,13:53:47,03-09-2025,13:54:57,COMPLETED,0,1
79KWH,8,2,FULL,03-09-2025,13:54:51,03-09-2025,13:54:52,03-09-2025,13:57:32,COMPLETED,0,1
79KWH,8,1,FULL,03-09-2025,13:55:05,03-09-2025,13:55:06,03-09-2025,13:56:14,COMPLETED,0,1
79KWH,8,1,FULL,03-09-2025,13:56:22,03-09-2025,13:56:22,03-09-2025,13:57:32,COMPLETED,0,1
79KWH,8,2,FULL,03-09-2025,13:57:38,03-09-2025,13:57:40,03-09-2025,14:00:19,COMPLETED,0,1
79KWH,8,1,FULL,03-09-2025,13:57:41,03-09-2025,13:57:41,03-09-2025,13:58:49,COMPLETED,0,1
79KWH,8,1,FULL,03-09-2025,13:58:56,03-09-2025,13:58:57,03-09-2025,14:00:14,COMPLETED,0,1
79KWH,8,1,FULL,03-09-2025,14:00:22,03-09-2025,14:00:23,03-09-2025,14:01:31,COMPLETED,0,1
79KWH,8,2,FULL,03-09-2025,14:00:33,03-09-2025,14:00:33,03-09-2025,14:03:14,COMPLETED,0,1
79KWH,8,1,FULL,03-09-2025,14:01:37,03-09-2025,14:01:39,03-09-2025,14:02:52,COMPLETED,0,1
79KWH,8,1,FULL,03-09-2025,14:03:00,03-09-2025,14:05:30,03-09-2025,14:08:15,COMPLETED,0,1
79KWH,8,2,FULL,03-09-2025,14:03:20,03-09-2025,14:03:23,03-09-2025,14:06:03,COMPLETED,0,1
79KWH,8,2,FULL,03-09-2025,14:06:17,03-09-2025,14:08:34,03-09-2025,14:11:21,COMPLETED,0,1
79KWH,8,1,FULL,03-09-2025,14:08:20,03-09-2025,14:08:24,03-09-2025,14:09:36,COMPLETED,0,1
79KWH,8,1,FULL,03-09-2025,14:09:44,03-09-2025,14:12:08,03-09-2025,14:14:54,COMPLETED,0,1
79KWH,8,2,FULL,03-09-2025,14:11:28,03-09-2025,14:11:30,03-09-2025,14:14:11,COMPLETED,0,1
79KWH,8,2,FULL,03-09-2025,14:14:24,03-09-2025,14:16:37,03-09-2025,14:18:46,COMPLETED,0,1
79KWH,8,1,FULL,03-09-2025,14:15:00,03-09-2025,14:15:03,03-09-2025,14:16:17,COMPLETED,0,1
79KWH,8,1,FULL,03-09-2025,14:16:26,03-09-2025,14:18:54,03-09-2025,14:21:41,COMPLETED,0,1
79KWH,8,2,FULL,03-09-2025,14:18:52,03-09-2025,14:18:56,03-09-2025,14:20:19,COMPLETED,0,1
79KWH,8,1,FULL,03-09-2025,14:21:47,03-09-2025,14:21:50,03-09-2025,14:23:02,COMPLETED,0,1
79KWH,8,1,FULL,03-09-2025,14:23:11,03-09-2025,14:25:35,03-09-2025,14:28:23,COMPLETED,0,1
79KWH,8,1,FULL,03-09-2025,14:31:08,03-09-2025,14:31:09,03-09-2025,14:32:27,COMPLETED,0,1
79KWH,8,2,FULL,03-09-2025,14:31:37,03-09-2025,14:31:37,03-09-2025,14:33:46,COMPLETED,0,1
79KWH,8,1,FULL,03-09-2025,14:33:02,03-09-2025,14:33:03,03-09-2025,14:34:20,COMPLETED,0,1
79KWH,8,2,FULL,03-09-2025,14:33:52,03-09-2025,14:33:56,03-09-2025,14:35:20,COMPLETED,0,1
79KWH,8,1,FULL,03-09-2025,14:34:51,03-09-2025,14:34:51,03-09-2025,14:36:07,COMPLETED,0,1
79KWH,8,2,FULL,03-09-2025,14:35:34,03-09-2025,14:35:35,03-09-2025,14:37:02,COMPLETED,0,1
79KWH,8,1,FULL,03-09-2025,14:36:47,03-09-2025,14:36:47,03-09-2025,14:38:06,COMPLETED,0,1
79KWH,8,2,FULL,03-09-2025,14:37:08,03-09-2025,14:37:11,03-09-2025,14:38:37,COMPLETED,0,1
79KWH,8,1,FULL,03-09-2025,14:38:35,03-09-2025,14:40:55,03-09-2025,14:43:43,COMPLETED,0,1
79KWH,8,2,FULL,03-09-2025,14:39:03,03-09-2025,14:40:25,03-09-2025,14:43:13,COMPLETED,0,1
79KWH,8,2,FULL,03-09-2025,14:43:20,03-09-2025,14:45:39,03-09-2025,14:48:24,COMPLETED,0,1
79KWH,8,1,FULL,03-09-2025,14:43:51,03-09-2025,14:46:11,03-09-2025,14:49:01,COMPLETED,0,1
79KWH,8,2,FULL,03-09-2025,14:48:38,03-09-2025,14:50:53,03-09-2025,14:53:04,COMPLETED,0,1
79KWH,8,1,FULL,03-09-2025,14:49:08,03-09-2025,14:49:10,03-09-2025,14:50:30,COMPLETED,0,1
79KWH,8,1,FULL,03-09-2025,14:50:38,03-09-2025,14:53:00,03-09-2025,14:55:51,COMPLETED,0,1
79KWH,8,2,FULL,03-09-2025,14:53:10,03-09-2025,14:53:13,03-09-2025,14:54:40,COMPLETED,0,1
79KWH,8,2,FULL,03-09-2025,14:54:53,03-09-2025,14:56:26,03-09-2025,14:58:38,COMPLETED,0,1
79KWH,8,1,FULL,03-09-2025,14:55:57,03-09-2025,14:56:01,03-09-2025,14:57:22,COMPLETED,0,1
79KWH,8,1,FULL,03-09-2025,14:57:31,03-09-2025,14:57:32,03-09-2025,14:59:02,COMPLETED,0,1
79KWH,8,2,FULL,03-09-2025,14:58:44,03-09-2025,15:00:26,03-09-2025,15:02:35,COMPLETED,0,1
79KWH,8,1,FULL,03-09-2025,14:59:08,03-09-2025,14:59:10,03-09-2025,15:00:34,COMPLETED,0,1
79KWH,8,1,FULL,03-09-2025,15:00:42,03-09-2025,15:00:43,03-09-2025,15:02:09,COMPLETED,0,1
79KWH,8,1,FULL,03-09-2025,15:02:15,03-09-2025,15:02:19,03-09-2025,15:03:45,COMPLETED,0,1
79KWH,8,1,FULL,03-09-2025,15:03:54,03-09-2025,15:03:55,03-09-2025,15:05:24,COMPLETED,0,1
79KWH,8,1,FULL,03-09-2025,15:55:48,03-09-2025,15:55:49,03-09-2025,15:58:41,COMPLETED,0,1
79KWH,8,2,FULL,03-09-2025,15:56:17,03-09-2025,15:56:42,03-09-2025,15:58:53,COMPLETED,0,1
79KWH,8,1,FULL,03-09-2025,15:58:49,03-09-2025,15:58:49,03-09-2025,16:00:20,COMPLETED,0,1
79KWH,8,2,FULL,03-09-2025,15:59:00,03-09-2025,16:00:53,03-09-2025,16:03:02,COMPLETED,0,1
79KWH,8,1,FULL,03-09-2025,16:00:26,03-09-2025,16:00:30,03-09-2025,16:02:00,COMPLETED,0,1
79KWH,8,1,FULL,03-09-2025,16:02:09,03-09-2025,16:02:09,03-09-2025,16:03:41,COMPLETED,0,1
79KWH,8,2,FULL,03-09-2025,16:03:15,03-09-2025,16:03:17,03-09-2025,16:04:49,COMPLETED,0,1
79KWH,8,1,FULL,03-09-2025,16:03:47,03-09-2025,16:03:50,03-09-2025,16:05:22,COMPLETED,0,1
79KWH,8,2,FULL,03-09-2025,16:04:55,03-09-2025,16:04:57,03-09-2025,16:06:27,COMPLETED,0,1
79KWH,8,1,FULL,03-09-2025,16:05:30,03-09-2025,16:05:31,03-09-2025,16:07:07,COMPLETED,0,1
79KWH,8,2,FULL,03-09-2025,16:06:43,03-09-2025,16:06:43,03-09-2025,16:08:16,COMPLETED,0,1
79KWH,8,1,FULL,03-09-2025,16:07:13,03-09-2025,16:07:17,03-09-2025,16:08:51,COMPLETED,0,1
79KWH,8,2,FULL,03-09-2025,16:08:23,03-09-2025,16:08:26,03-09-2025,16:09:58,COMPLETED,0,1
79KWH,8,1,FULL,03-09-2025,16:09:00,03-09-2025,16:09:01,03-09-2025,16:10:37,COMPLETED,0,1
79KWH,8,2,FULL,03-09-2025,16:10:11,03-09-2025,16:10:12,03-09-2025,16:11:46,COMPLETED,0,1
79KWH,8,1,FULL,03-09-2025,16:10:44,03-09-2025,16:10:46,03-09-2025,16:12:21,COMPLETED,0,1
79KWH,8,2,FULL,03-09-2025,16:11:52,03-09-2025,16:11:55,03-09-2025,16:13:28,COMPLETED,0,1
79KWH,8,1,FULL,03-09-2025,16:12:30,03-09-2025,16:14:41,03-09-2025,16:17:41,COMPLETED,0,1
79KWH,8,2,FULL,03-09-2025,16:13:41,03-09-2025,16:15:10,03-09-2025,16:17:24,COMPLETED,0,1
79KWH,8,2,FULL,03-09-2025,16:17:31,03-09-2025,16:17:33,03-09-2025,16:19:07,COMPLETED,0,1
79KWH,8,1,FULL,03-09-2025,16:17:47,03-09-2025,16:17:50,03-09-2025,16:19:34,COMPLETED,0,1
79KWH,8,1,FULL,03-09-2025,16:19:42,03-09-2025,16:22:00,03-09-2025,16:25:01,COMPLETED,0,1
79KWH,8,2,FULL,03-09-2025,16:22:29,03-09-2025,16:24:18,03-09-2025,16:26:32,COMPLETED,0,1
79KWH,8,1,FULL,03-09-2025,16:25:07,03-09-2025,16:25:11,03-09-2025,16:27:02,COMPLETED,0,1
79KWH,8,2,FULL,03-09-2025,16:26:38,03-09-2025,16:26:42,03-09-2025,16:28:16,COMPLETED,0,1
79KWH,8,1,FULL,03-09-2025,16:27:09,03-09-2025,16:27:10,03-09-2025,16:28:58,COMPLETED,0,1
79KWH,8,2,FULL,03-09-2025,16:28:30,03-09-2025,16:28:31,03-09-2025,16:30:41,COMPLETED,0,1
79KWH,8,1,FULL,03-09-2025,16:29:04,03-09-2025,16:29:08,03-09-2025,16:30:52,COMPLETED,0,1
79KWH,8,2,FULL,03-09-2025,16:30:47,03-09-2025,16:30:52,03-09-2025,16:33:34,COMPLETED,0,1
79KWH,8,1,FULL,03-09-2025,16:31:00,03-09-2025,16:31:01,03-09-2025,16:32:47,COMPLETED,0,1
79KWH,8,1,FULL,03-09-2025,16:32:53,03-09-2025,16:32:57,03-09-2025,16:34:47,COMPLETED,0,1
79KWH,8,2,FULL,03-09-2025,16:33:48,03-09-2025,16:33:49,03-09-2025,16:36:35,COMPLETED,0,1
79KWH,8,1,FULL,03-09-2025,16:34:56,03-09-2025,16:34:58,03-09-2025,16:36:47,COMPLETED,0,1
79KWH,8,2,FULL,03-09-2025,16:36:42,03-09-2025,16:36:43,03-09-2025,16:39:26,COMPLETED,0,1
79KWH,8,1,FULL,03-09-2025,16:36:53,03-09-2025,16:36:55,03-09-2025,16:38:42,COMPLETED,0,1
79KWH,8,1,FULL,03-09-2025,16:38:50,03-09-2025,16:38:51,03-09-2025,16:40:41,COMPLETED,0,1
79KWH,8,2,FULL,03-09-2025,16:39:36,03-09-2025,16:39:37,03-09-2025,16:42:24,COMPLETED,0,1
79KWH,8,1,FULL,03-09-2025,16:40:48,03-09-2025,16:40:50,03-09-2025,16:42:39,COMPLETED,0,1
79KWH,8,2,FULL,03-09-2025,16:42:30,03-09-2025,16:44:48,03-09-2025,16:47:36,COMPLETED,0,1
79KWH,8,1,FULL,03-09-2025,16:42:48,03-09-2025,16:44:59,03-09-2025,16:48:05,COMPLETED,0,1
79KWH,8,2,FULL,03-09-2025,16:47:45,03-09-2025,16:49:55,03-09-2025,16:52:09,COMPLETED,0,1
79KWH,8,1,FULL,03-09-2025,16:48:12,03-09-2025,16:48:15,03-09-2025,16:50:10,COMPLETED,0,1
79KWH,8,1,FULL,03-09-2025,16:50:18,03-09-2025,16:50:19,03-09-2025,16:52:13,COMPLETED,0,1
79KWH,8,2,FULL,03-09-2025,16:52:16,03-09-2025,16:52:18,03-09-2025,16:53:53,COMPLETED,0,1
79KWH,8,1,FULL,03-09-2025,16:52:20,03-09-2025,16:52:23,03-09-2025,16:54:16,COMPLETED,0,1
79KWH,8,2,FULL,03-09-2025,16:54:02,03-09-2025,16:55:37,03-09-2025,16:58:27,COMPLETED,0,1
79KWH,8,1,FULL,03-09-2025,16:54:25,03-09-2025,16:54:25,03-09-2025,16:56:22,COMPLETED,0,1
79KWH,8,1,FULL,03-09-2025,16:56:28,03-09-2025,16:56:30,03-09-2025,16:58:32,COMPLETED,0,1
79KWH,8,2,FULL,03-09-2025,16:58:34,03-09-2025,16:58:37,03-09-2025,17:01:24,COMPLETED,0,1
79KWH,8,1,FULL,03-09-2025,16:58:41,03-09-2025,16:58:42,03-09-2025,17:00:40,COMPLETED,0,1
79KWH,8,1,FULL,03-09-2025,17:00:46,03-09-2025,17:00:50,03-09-2025,17:02:48,COMPLETED,0,1
79KWH,8,2,FULL,03-09-2025,17:01:33,03-09-2025,17:03:41,03-09-2025,17:05:56,COMPLETED,0,1
79KWH,8,1,FULL,03-09-2025,17:02:57,03-09-2025,17:02:58,03-09-2025,17:04:58,COMPLETED,0,1
79KWH,8,1,FULL,03-09-2025,17:05:04,03-09-2025,17:05:07,03-09-2025,17:07:06,COMPLETED,0,1
79KWH,8,2,FULL,03-09-2025,17:06:02,03-09-2025,17:06:05,03-09-2025,17:07:41,COMPLETED,0,1
79KWH,8,1,FULL,03-09-2025,17:07:15,03-09-2025,17:09:35,03-09-2025,17:12:46,COMPLETED,0,1
79KWH,8,2,FULL,03-09-2025,17:07:50,03-09-2025,17:09:25,03-09-2025,17:12:15,COMPLETED,0,1
79KWH,8,2,FULL,03-09-2025,17:12:21,03-09-2025,17:12:25,03-09-2025,17:15:12,COMPLETED,0,1
79KWH,8,1,FULL,03-09-2025,17:12:52,03-09-2025,17:12:55,03-09-2025,17:14:56,COMPLETED,0,1
79KWH,8,1,FULL,03-09-2025,17:15:05,03-09-2025,17:17:19,03-09-2025,17:20:33,COMPLETED,0,1
79KWH,8,2,FULL,03-09-2025,17:15:20,03-09-2025,17:17:29,03-09-2025,17:19:45,COMPLETED,0,1
79KWH,8,2,FULL,03-09-2025,17:19:51,03-09-2025,17:19:55,03-09-2025,17:21:33,COMPLETED,0,1
79KWH,8,1,FULL,03-09-2025,17:20:40,03-09-2025,17:20:42,03-09-2025,17:22:45,COMPLETED,0,1
79KWH,8,2,FULL,03-09-2025,17:21:42,03-09-2025,17:23:15,03-09-2025,17:25:18,COMPLETED,0,1
79KWH,8,1,FULL,03-09-2025,17:22:52,03-09-2025,17:25:13,03-09-2025,17:28:26,COMPLETED,0,1
79KWH,8,2,FULL,03-09-2025,17:25:25,03-09-2025,17:27:24,03-09-2025,17:29:25,COMPLETED,0,1
79KWH,8,1,FULL,03-09-2025,17:28:32,03-09-2025,17:28:35,03-09-2025,17:30:39,COMPLETED,0,1
79KWH,8,2,FULL,03-09-2025,17:29:35,03-09-2025,17:31:35,03-09-2025,17:33:51,COMPLETED,0,1
79KWH,8,1,FULL,03-09-2025,17:30:47,03-09-2025,17:33:02,03-09-2025,17:36:21,COMPLETED,0,1
79KWH,8,2,FULL,03-09-2025,17:33:57,03-09-2025,17:34:00,03-09-2025,17:35:38,COMPLETED,0,1
79KWH,8,2,FULL,03-09-2025,17:35:47,03-09-2025,17:37:17,03-09-2025,17:39:34,COMPLETED,0,1
79KWH,8,1,FULL,03-09-2025,17:36:28,03-09-2025,17:36:30,03-09-2025,17:38:38,COMPLETED,0,1
79KWH,8,1,FULL,03-09-2025,17:38:46,03-09-2025,17:38:47,03-09-2025,17:40:56,COMPLETED,0,1
79KWH,8,2,FULL,03-09-2025,17:39:41,03-09-2025,17:39:44,03-09-2025,17:41:24,COMPLETED,0,1
79KWH,8,1,FULL,03-09-2025,17:41:03,03-09-2025,17:41:06,03-09-2025,17:43:13,COMPLETED,0,1
79KWH,8,2,FULL,03-09-2025,17:41:33,03-09-2025,17:41:35,03-09-2025,17:43:03,COMPLETED,0,1
79KWH,8,2,FULL,03-09-2025,17:43:09,03-09-2025,17:43:12,03-09-2025,17:44:23,COMPLETED,0,1
79KWH,8,1,FULL,03-09-2025,17:43:22,03-09-2025,17:43:23,03-09-2025,17:45:35,COMPLETED,0,1
79KWH,8,2,FULL,03-09-2025,17:44:33,03-09-2025,17:46:32,03-09-2025,17:48:35,COMPLETED,0,1
79KWH,8,1,FULL,03-09-2025,17:45:41,03-09-2025,17:48:09,03-09-2025,17:51:23,COMPLETED,0,1
79KWH,8,2,FULL,03-09-2025,17:48:41,03-09-2025,17:48:44,03-09-2025,17:49:55,COMPLETED,0,1
79KWH,8,2,FULL,03-09-2025,17:50:04,03-09-2025,17:50:05,03-09-2025,17:51:33,COMPLETED,0,1
79KWH,8,1,FULL,03-09-2025,17:51:31,03-09-2025,17:51:32,03-09-2025,17:53:45,COMPLETED,0,1
79KWH,8,2,FULL,03-09-2025,17:51:39,03-09-2025,17:51:42,03-09-2025,17:53:23,COMPLETED,0,1
79KWH,8,2,FULL,03-09-2025,17:53:33,03-09-2025,17:53:34,03-09-2025,17:55:03,COMPLETED,0,1
79KWH,8,1,FULL,03-09-2025,17:53:52,03-09-2025,17:53:55,03-09-2025,17:56:07,COMPLETED,0,1
79KWH,8,2,FULL,03-09-2025,17:55:09,03-09-2025,17:55:13,03-09-2025,17:56:24,COMPLETED,0,1
79KWH,8,1,FULL,03-09-2025,17:56:16,03-09-2025,17:56:17,03-09-2025,17:58:33,COMPLETED,0,1
79KWH,8,2,FULL,03-09-2025,17:56:33,03-09-2025,17:56:34,03-09-2025,17:57:47,COMPLETED,0,1
79KWH,8,2,FULL,03-09-2025,17:57:54,03-09-2025,17:57:57,03-09-2025,17:59:09,COMPLETED,0,1
79KWH,8,1,FULL,03-09-2025,17:58:39,03-09-2025,17:58:42,03-09-2025,18:00:56,COMPLETED,0,1
79KWH,8,2,FULL,03-09-2025,17:59:18,03-09-2025,17:59:19,03-09-2025,18:00:32,COMPLETED,0,1
79KWH,8,2,FULL,03-09-2025,18:00:38,03-09-2025,18:00:41,03-09-2025,18:01:53,COMPLETED,0,1
79KWH,8,1,FULL,03-09-2025,18:01:05,03-09-2025,18:03:23,03-09-2025,18:06:42,COMPLETED,0,1
79KWH,8,2,FULL,03-09-2025,18:02:36,03-09-2025,18:02:37,03-09-2025,18:03:50,COMPLETED,0,1
79KWH,8,2,FULL,03-09-2025,18:03:57,03-09-2025,18:04:00,03-09-2025,18:05:11,COMPLETED,0,1
79KWH,8,2,FULL,03-09-2025,18:05:20,03-09-2025,18:05:21,03-09-2025,18:06:34,COMPLETED,0,1
79KWH,8,2,FULL,03-09-2025,18:06:41,03-09-2025,18:06:44,03-09-2025,18:07:55,COMPLETED,0,1
79KWH,8,1,FULL,03-09-2025,18:06:49,03-09-2025,18:06:51,03-09-2025,18:09:07,COMPLETED,0,1
79KWH,8,2,FULL,03-09-2025,18:08:04,03-09-2025,18:09:54,03-09-2025,18:11:57,COMPLETED,0,1
79KWH,8,1,FULL,03-09-2025,18:09:16,03-09-2025,18:11:40,03-09-2025,18:15:00,COMPLETED,0,1
79KWH,8,2,FULL,03-09-2025,18:12:03,03-09-2025,18:12:06,03-09-2025,18:13:17,COMPLETED,0,1
79KWH,8,2,FULL,03-09-2025,18:13:26,03-09-2025,18:15:21,03-09-2025,18:17:24,COMPLETED,0,1
79KWH,8,1,FULL,03-09-2025,18:15:07,03-09-2025,18:17:28,03-09-2025,18:20:44,COMPLETED,0,1
79KWH,8,2,FULL,03-09-2025,18:17:29,03-09-2025,18:17:34,03-09-2025,18:18:45,COMPLETED,0,1
79KWH,8,2,FULL,03-09-2025,18:18:55,03-09-2025,18:20:44,03-09-2025,18:23:02,COMPLETED,0,1
79KWH,8,1,FULL,03-09-2025,18:20:53,03-09-2025,18:23:16,03-09-2025,18:26:37,COMPLETED,0,1
79KWH,8,2,FULL,03-09-2025,18:23:10,03-09-2025,18:24:44,03-09-2025,18:27:00,COMPLETED,0,1
79KWH,8,1,FULL,03-09-2025,18:26:42,03-09-2025,18:26:45,03-09-2025,18:29:05,COMPLETED,0,1
79KWH,8,2,FULL,03-09-2025,18:27:10,03-09-2025,18:28:38,03-09-2025,18:30:57,COMPLETED,0,1
79KWH,8,1,FULL,03-09-2025,18:29:14,03-09-2025,18:31:32,03-09-2025,18:34:53,COMPLETED,0,1
79KWH,8,2,FULL,03-09-2025,18:31:03,03-09-2025,18:32:39,03-09-2025,18:34:55,COMPLETED,0,1
79KWH,8,1,FULL,03-09-2025,18:35:00,03-09-2025,18:35:02,03-09-2025,18:37:23,COMPLETED,0,1
79KWH,8,2,FULL,03-09-2025,18:35:05,03-09-2025,18:36:33,03-09-2025,18:38:52,COMPLETED,0,1
79KWH,8,1,FULL,03-09-2025,18:37:32,03-09-2025,18:37:32,03-09-2025,18:39:58,COMPLETED,0,1
79KWH,8,2,FULL,03-09-2025,18:38:59,03-09-2025,18:40:33,03-09-2025,18:42:50,COMPLETED,0,1
79KWH,8,1,FULL,03-09-2025,18:40:03,03-09-2025,18:40:06,03-09-2025,18:42:30,COMPLETED,0,1
79KWH,8,1,FULL,03-09-2025,18:42:38,03-09-2025,18:45:03,03-09-2025,18:48:27,COMPLETED,0,1
79KWH,8,2,FULL,03-09-2025,18:42:59,03-09-2025,18:44:27,03-09-2025,18:46:46,COMPLETED,0,1
79KWH,8,2,FULL,03-09-2025,18:46:53,03-09-2025,18:48:28,03-09-2025,18:50:46,COMPLETED,0,1
79KWH,8,1,FULL,03-09-2025,18:48:33,03-09-2025,18:48:35,03-09-2025,18:51:01,COMPLETED,0,1
79KWH,8,2,FULL,03-09-2025,18:50:55,03-09-2025,18:52:22,03-09-2025,18:54:42,COMPLETED,0,1
79KWH,8,1,FULL,03-09-2025,18:51:10,03-09-2025,18:53:29,03-09-2025,18:56:54,COMPLETED,0,1
79KWH,8,2,FULL,03-09-2025,18:54:48,03-09-2025,18:54:52,03-09-2025,18:56:39,COMPLETED,0,1
79KWH,8,2,FULL,03-09-2025,18:56:48,03-09-2025,18:56:49,03-09-2025,18:58:21,COMPLETED,0,1
79KWH,8,1,FULL,03-09-2025,18:57:00,03-09-2025,18:57:03,03-09-2025,18:59:37,COMPLETED,0,1
79KWH,8,2,FULL,03-09-2025,18:58:27,03-09-2025,18:58:30,03-09-2025,18:59:42,COMPLETED,0,1
79KWH,8,1,FULL,03-09-2025,18:59:46,03-09-2025,18:59:47,03-09-2025,19:02:21,COMPLETED,0,1
79KWH,8,2,FULL,03-09-2025,18:59:51,03-09-2025,18:59:52,03-09-2025,19:01:06,COMPLETED,0,1
79KWH,8,2,FULL,03-09-2025,19:01:11,03-09-2025,19:01:15,03-09-2025,19:02:26,COMPLETED,0,1
79KWH,8,1,FULL,03-09-2025,19:02:27,03-09-2025,19:02:30,03-09-2025,19:05:02,COMPLETED,0,1
79KWH,8,2,FULL,03-09-2025,19:02:35,03-09-2025,19:02:35,03-09-2025,19:03:49,COMPLETED,0,1
79KWH,8,2,FULL,03-09-2025,19:03:55,03-09-2025,19:05:52,03-09-2025,19:07:53,COMPLETED,0,1
79KWH,8,1,FULL,03-09-2025,19:05:10,03-09-2025,19:07:35,03-09-2025,19:11:01,COMPLETED,0,1
79KWH,8,2,FULL,03-09-2025,19:08:02,03-09-2025,19:08:03,03-09-2025,19:09:34,COMPLETED,0,1
79KWH,8,2,FULL,03-09-2025,19:09:40,03-09-2025,19:09:43,03-09-2025,19:11:30,COMPLETED,0,1
79KWH,8,1,FULL,03-09-2025,19:11:08,03-09-2025,19:11:10,03-09-2025,19:13:45,COMPLETED,0,1
79KWH,8,2,FULL,03-09-2025,19:11:40,03-09-2025,19:13:04,03-09-2025,19:15:07,COMPLETED,0,1
79KWH,8,1,FULL,03-09-2025,19:13:54,03-09-2025,19:13:54,03-09-2025,19:16:28,COMPLETED,0,1
79KWH,8,2,FULL,03-09-2025,19:15:14,03-09-2025,19:17:12,03-09-2025,19:19:13,COMPLETED,0,1
79KWH,8,1,FULL,03-09-2025,19:16:35,03-09-2025,19:16:37,03-09-2025,19:19:10,COMPLETED,0,1
79KWH,8,1,FULL,03-09-2025,19:19:19,03-09-2025,19:19:20,03-09-2025,19:21:57,COMPLETED,0,1
79KWH,8,2,FULL,03-09-2025,19:19:22,03-09-2025,19:21:10,03-09-2025,19:23:31,COMPLETED,0,1
79KWH,8,3,FULL,03-09-2025,19:20:41,03-09-2025,20:12:42,03-09-2025,20:15:21,COMPLETED,0,1
79KWH,8,1,FULL,03-09-2025,19:22:03,03-09-2025,19:22:05,03-09-2025,19:24:45,COMPLETED,0,1
79KWH,8,2,FULL,03-09-2025,19:23:37,03-09-2025,19:23:41,03-09-2025,19:25:29,COMPLETED,0,1
79KWH,8,1,FULL,03-09-2025,19:24:53,03-09-2025,19:27:15,03-09-2025,19:30:45,COMPLETED,0,1
79KWH,8,2,FULL,03-09-2025,19:25:38,03-09-2025,19:25:38,03-09-2025,19:27:10,COMPLETED,0,1
79KWH,8,2,FULL,03-09-2025,19:27:20,03-09-2025,19:27:21,03-09-2025,19:28:32,COMPLETED,0,1
79KWH,8,2,FULL,03-09-2025,19:28:43,03-09-2025,19:28:44,03-09-2025,19:29:57,COMPLETED,0,1
79KWH,8,2,FULL,03-09-2025,19:30:04,03-09-2025,19:30:06,03-09-2025,19:31:17,COMPLETED,0,1
79KWH,8,1,FULL,03-09-2025,19:30:51,03-09-2025,19:30:53,03-09-2025,19:33:31,COMPLETED,0,1
79KWH,8,1,FULL,03-09-2025,19:33:40,03-09-2025,19:36:06,03-09-2025,19:39:37,COMPLETED,0,1
79KWH,8,2,FULL,03-09-2025,19:33:45,03-09-2025,19:35:29,03-09-2025,19:37:51,COMPLETED,0,1
79KWH,8,2,FULL,03-09-2025,19:37:57,03-09-2025,19:38:00,03-09-2025,19:39:51,COMPLETED,0,1
79KWH,8,1,FULL,03-09-2025,19:39:43,03-09-2025,19:39:45,03-09-2025,19:42:24,COMPLETED,0,1
79KWH,8,2,FULL,03-09-2025,19:40:00,03-09-2025,19:41:27,03-09-2025,19:43:30,COMPLETED,0,1
79KWH,8,1,FULL,03-09-2025,19:42:33,03-09-2025,19:42:34,03-09-2025,19:45:17,COMPLETED,0,1
79KWH,8,2,FULL,03-09-2025,19:43:36,03-09-2025,19:43:40,03-09-2025,19:44:52,COMPLETED,0,1
79KWH,8,2,FULL,03-09-2025,19:45:02,03-09-2025,19:45:02,03-09-2025,19:46:16,COMPLETED,0,1
79KWH,8,1,FULL,03-09-2025,19:45:23,03-09-2025,19:45:26,03-09-2025,19:48:08,COMPLETED,0,1
79KWH,8,2,FULL,03-09-2025,19:46:22,03-09-2025,19:46:25,03-09-2025,19:47:38,COMPLETED,0,1
79KWH,8,2,FULL,03-09-2025,19:47:47,03-09-2025,19:47:48,03-09-2025,19:49:04,COMPLETED,0,1
79KWH,8,1,FULL,03-09-2025,19:48:16,03-09-2025,19:50:38,03-09-2025,19:54:10,COMPLETED,0,1
79KWH,8,2,FULL,03-09-2025,19:49:10,03-09-2025,19:49:13,03-09-2025,19:50:27,COMPLETED,0,1
79KWH,8,2,FULL,03-09-2025,19:50:37,03-09-2025,19:50:37,03-09-2025,19:52:13,COMPLETED,0,1
79KWH,8,2,FULL,03-09-2025,19:52:26,03-09-2025,19:52:27,03-09-2025,19:54:03,COMPLETED,0,1
79KWH,8,2,FULL,03-09-2025,19:54:08,03-09-2025,20:24:46,03-09-2025,20:26:49,COMPLETED,0,1
79KWH,8,1,FULL,03-09-2025,19:54:16,03-09-2025,19:54:19,03-09-2025,19:57:03,COMPLETED,0,1
79KWH,8,1,FULL,03-09-2025,19:57:11,03-09-2025,19:57:12,03-09-2025,19:59:57,COMPLETED,0,1
79KWH,8,1,FULL,03-09-2025,20:00:03,03-09-2025,20:00:06,03-09-2025,20:02:51,COMPLETED,0,1
79KWH,8,1,FULL,03-09-2025,20:02:59,03-09-2025,20:03:00,03-09-2025,20:05:49,COMPLETED,0,1
79KWH,8,1,FULL,03-09-2025,20:05:55,03-09-2025,20:05:58,03-09-2025,20:08:45,COMPLETED,0,1
79KWH,8,1,FULL,03-09-2025,20:08:53,03-09-2025,20:08:54,03-09-2025,20:11:44,COMPLETED,0,1
79KWH,8,1,FULL,03-09-2025,20:11:50,03-09-2025,20:11:53,03-09-2025,20:14:47,COMPLETED,0,1
79KWH,8,1,FULL,03-09-2025,20:14:55,03-09-2025,20:14:56,03-09-2025,20:17:49,COMPLETED,0,1
79KWH,8,3,FULL,03-09-2025,20:15:28,03-09-2025,20:15:30,03-09-2025,20:17:54,COMPLETED,0,1
79KWH,8,1,FULL,03-09-2025,20:17:55,03-09-2025,20:17:57,03-09-2025,20:20:48,COMPLETED,0,1
79KWH,8,3,FULL,03-09-2025,20:18:01,03-09-2025,20:18:03,03-09-2025,20:20:29,COMPLETED,0,1
79KWH,8,3,FULL,03-09-2025,20:20:35,03-09-2025,20:20:38,03-09-2025,20:23:07,COMPLETED,0,1
79KWH,8,1,FULL,03-09-2025,20:20:56,03-09-2025,20:20:57,03-09-2025,20:23:52,COMPLETED,0,1
79KWH,8,1,FULL,03-09-2025,20:23:58,03-09-2025,20:24:01,03-09-2025,20:26:54,COMPLETED,0,1
79KWH,8,2,FULL,03-09-2025,20:26:58,03-09-2025,20:26:59,03-09-2025,20:28:35,COMPLETED,0,1
79KWH,8,1,FULL,03-09-2025,20:27:03,03-09-2025,20:27:05,03-09-2025,20:30:01,COMPLETED,0,1
79KWH,8,3,FULL,03-09-2025,20:27:59,03-09-2025,20:27:59,03-09-2025,20:30:45,COMPLETED,0,1
79KWH,8,1,FULL,03-09-2025,20:30:07,03-09-2025,20:30:10,03-09-2025,20:33:05,COMPLETED,0,1
79KWH,8,3,FULL,03-09-2025,20:30:50,03-09-2025,20:30:54,03-09-2025,20:33:19,COMPLETED,0,1
79KWH,8,1,FULL,03-09-2025,20:33:14,03-09-2025,20:33:14,03-09-2025,20:36:13,COMPLETED,0,1
79KWH,8,1,FULL,03-09-2025,21:12:52,03-09-2025,21:12:53,03-09-2025,21:16:29,COMPLETED,0,1
79KWH,8,2,FULL,03-09-2025,21:13:13,03-09-2025,21:13:14,03-09-2025,21:15:35,COMPLETED,0,1
79KWH,8,2,FULL,03-09-2025,21:15:44,03-09-2025,21:15:45,03-09-2025,21:17:39,COMPLETED,0,1
79KWH,8,1,FULL,03-09-2025,21:16:38,03-09-2025,21:16:40,03-09-2025,21:19:41,COMPLETED,0,1
79KWH,8,2,FULL,03-09-2025,21:17:45,03-09-2025,21:17:49,03-09-2025,21:19:42,COMPLETED,0,1
79KWH,8,1,FULL,03-09-2025,21:19:47,03-09-2025,21:19:48,03-09-2025,21:22:53,COMPLETED,0,1
79KWH,8,2,FULL,03-09-2025,21:19:51,03-09-2025,21:19:52,03-09-2025,21:21:28,COMPLETED,0,1
79KWH,8,2,FULL,03-09-2025,21:21:34,03-09-2025,21:21:37,03-09-2025,21:22:53,COMPLETED,0,1
79KWH,8,1,FULL,03-09-2025,21:23:01,03-09-2025,21:23:01,03-09-2025,21:26:04,COMPLETED,0,1
79KWH,8,2,FULL,03-09-2025,21:23:02,03-09-2025,21:23:02,03-09-2025,21:24:20,COMPLETED,0,1
79KWH,8,2,FULL,03-09-2025,21:24:27,03-09-2025,21:24:29,03-09-2025,21:25:45,COMPLETED,0,1
79KWH,8,1,FULL,03-09-2025,21:26:10,03-09-2025,21:26:14,03-09-2025,21:29:15,COMPLETED,0,1
79KWH,8,2,FULL,03-09-2025,21:26:18,03-09-2025,21:26:19,03-09-2025,21:27:38,COMPLETED,0,1
79KWH,8,2,FULL,03-09-2025,21:28:06,03-09-2025,21:28:07,03-09-2025,21:29:25,COMPLETED,0,1
79KWH,8,1,FULL,03-09-2025,21:29:24,03-09-2025,21:29:24,03-09-2025,21:32:29,COMPLETED,0,1
79KWH,8,2,FULL,03-09-2025,21:30:01,03-09-2025,21:30:02,03-09-2025,21:31:22,COMPLETED,0,1
79KWH,8,2,FULL,03-09-2025,21:31:29,03-09-2025,21:31:31,03-09-2025,21:32:51,COMPLETED,0,1
79KWH,8,1,FULL,03-09-2025,21:32:35,03-09-2025,21:32:37,03-09-2025,21:35:52,COMPLETED,0,1
79KWH,8,2,FULL,03-09-2025,21:33:00,03-09-2025,21:33:01,03-09-2025,21:34:24,COMPLETED,0,1
79KWH,8,2,FULL,03-09-2025,21:34:29,03-09-2025,21:34:32,03-09-2025,21:35:53,COMPLETED,0,1
79KWH,8,1,FULL,03-09-2025,21:36:00,03-09-2025,21:36:00,03-09-2025,21:39:07,COMPLETED,0,1
79KWH,8,2,FULL,03-09-2025,21:36:02,03-09-2025,21:36:04,03-09-2025,21:37:27,COMPLETED,0,1
79KWH,8,1,FULL,03-09-2025,21:39:14,03-09-2025,21:39:15,03-09-2025,21:42:21,COMPLETED,0,1
79KWH,8,2,FULL,03-09-2025,21:41:32,03-09-2025,21:41:32,03-09-2025,21:42:53,COMPLETED,0,1
79KWH,8,1,FULL,03-09-2025,21:42:30,03-09-2025,21:42:30,03-09-2025,21:45:39,COMPLETED,0,1
79KWH,8,2,FULL,03-09-2025,21:43:26,03-09-2025,21:43:27,03-09-2025,21:44:51,COMPLETED,0,1
79KWH,8,2,FULL,03-09-2025,21:44:57,03-09-2025,21:45:01,03-09-2025,21:46:23,COMPLETED,0,1
79KWH,8,1,FULL,03-09-2025,21:45:45,03-09-2025,21:45:48,03-09-2025,21:48:55,COMPLETED,0,1
79KWH,8,2,FULL,03-09-2025,21:46:33,03-09-2025,21:46:34,03-09-2025,21:47:59,COMPLETED,0,1
79KWH,8,2,FULL,03-09-2025,21:48:05,03-09-2025,21:48:07,03-09-2025,21:49:31,COMPLETED,0,1
79KWH,8,1,FULL,03-09-2025,21:49:04,03-09-2025,21:49:04,03-09-2025,21:52:14,COMPLETED,0,1
79KWH,8,2,FULL,03-09-2025,21:49:41,03-09-2025,21:49:42,03-09-2025,21:51:09,COMPLETED,0,1
79KWH,8,2,FULL,03-09-2025,21:51:15,03-09-2025,21:51:17,03-09-2025,21:52:42,COMPLETED,0,1
79KWH,8,1,FULL,03-09-2025,21:52:20,03-09-2025,21:52:23,03-09-2025,21:55:36,COMPLETED,0,1
79KWH,8,2,FULL,03-09-2025,21:52:52,03-09-2025,21:52:53,03-09-2025,21:54:20,COMPLETED,0,1
79KWH,8,2,FULL,03-09-2025,21:54:26,03-09-2025,21:54:30,03-09-2025,21:55:56,COMPLETED,0,1
79KWH,8,1,FULL,03-09-2025,21:55:45,03-09-2025,21:55:45,03-09-2025,21:59:02,COMPLETED,0,1
79KWH,8,2,FULL,03-09-2025,21:56:05,03-09-2025,21:56:05,03-09-2025,21:57:34,COMPLETED,0,1
79KWH,8,2,FULL,03-09-2025,21:57:40,03-09-2025,21:57:43,03-09-2025,21:59:10,COMPLETED,0,1
79KWH,8,1,FULL,03-09-2025,21:59:08,03-09-2025,21:59:11,03-09-2025,22:02:22,COMPLETED,0,1
79KWH,8,2,FULL,03-09-2025,21:59:21,03-09-2025,21:59:21,03-09-2025,22:00:51,COMPLETED,0,1
79KWH,8,2,FULL,03-09-2025,22:00:56,03-09-2025,22:01:00,03-09-2025,22:02:28,COMPLETED,0,1
79KWH,8,1,FULL,03-09-2025,22:02:30,03-09-2025,22:02:31,03-09-2025,22:05:46,COMPLETED,0,1
79KWH,8,2,FULL,03-09-2025,22:02:37,03-09-2025,22:02:38,03-09-2025,22:04:08,COMPLETED,0,1
79KWH,8,2,FULL,03-09-2025,22:04:15,03-09-2025,22:04:18,03-09-2025,22:05:47,COMPLETED,0,1
79KWH,8,1,FULL,03-09-2025,22:05:52,03-09-2025,22:05:54,03-09-2025,22:09:08,COMPLETED,0,1
79KWH,8,2,FULL,03-09-2025,22:05:57,03-09-2025,22:05:58,03-09-2025,22:07:29,COMPLETED,0,1
79KWH,8,2,FULL,03-09-2025,22:07:36,03-09-2025,22:07:39,03-09-2025,22:09:10,COMPLETED,0,1
79KWH,8,1,FULL,03-09-2025,22:09:17,03-09-2025,22:09:18,03-09-2025,22:12:34,COMPLETED,0,1
79KWH,8,2,FULL,03-09-2025,22:09:19,03-09-2025,22:09:19,03-09-2025,22:10:52,COMPLETED,0,1
79KWH,8,2,FULL,03-09-2025,22:10:59,03-09-2025,22:11:01,03-09-2025,22:12:32,COMPLETED,0,1
79KWH,8,1,FULL,03-09-2025,22:12:41,03-09-2025,22:12:43,03-09-2025,22:15:58,COMPLETED,0,1
79KWH,8,2,FULL,03-09-2025,22:12:42,03-09-2025,22:12:43,03-09-2025,22:14:17,COMPLETED,0,1
79KWH,8,2,FULL,03-09-2025,22:14:22,03-09-2025,22:14:27,03-09-2025,22:15:59,COMPLETED,0,1
79KWH,8,1,FULL,03-09-2025,22:16:07,03-09-2025,22:16:07,03-09-2025,22:19:26,COMPLETED,0,1
79KWH,8,2,FULL,03-09-2025,22:16:09,03-09-2025,22:16:09,03-09-2025,22:17:45,COMPLETED,0,1
79KWH,8,2,FULL,03-09-2025,22:17:51,03-09-2025,22:17:53,03-09-2025,22:19:26,COMPLETED,0,1
79KWH,8,1,FULL,03-09-2025,22:19:32,03-09-2025,22:19:35,03-09-2025,22:22:52,COMPLETED,0,1
79KWH,8,2,FULL,03-09-2025,22:19:36,03-09-2025,22:19:36,03-09-2025,22:21:12,COMPLETED,0,1
79KWH,8,2,FULL,03-09-2025,22:21:17,03-09-2025,22:21:20,03-09-2025,22:22:55,COMPLETED,0,1
79KWH,8,1,FULL,03-09-2025,22:23:01,03-09-2025,22:23:02,03-09-2025,22:26:23,COMPLETED,0,1
79KWH,8,2,FULL,03-09-2025,22:23:04,03-09-2025,22:23:04,03-09-2025,22:24:42,COMPLETED,0,1
79KWH,8,2,FULL,03-09-2025,22:24:49,03-09-2025,22:24:51,03-09-2025,22:26:26,COMPLETED,0,1
79KWH,8,1,FULL,03-09-2025,22:26:29,03-09-2025,22:26:32,03-09-2025,22:29:59,COMPLETED,0,1
79KWH,8,2,FULL,03-09-2025,22:26:36,03-09-2025,22:26:37,03-09-2025,22:28:16,COMPLETED,0,1
79KWH,8,2,FULL,03-09-2025,22:28:22,03-09-2025,22:28:24,03-09-2025,22:30:01,COMPLETED,0,1
79KWH,8,1,FULL,03-09-2025,22:30:08,03-09-2025,22:30:08,03-09-2025,22:33:32,COMPLETED,0,1
79KWH,8,2,FULL,03-09-2025,22:30:10,03-09-2025,22:30:10,03-09-2025,22:31:50,COMPLETED,0,1
79KWH,8,1,FULL,03-09-2025,22:33:37,03-09-2025,22:33:41,03-09-2025,22:37:13,COMPLETED,0,1
79KWH,8,2,FULL,03-09-2025,22:35:30,03-09-2025,22:35:31,03-09-2025,22:37:08,COMPLETED,0,1
79KWH,8,2,FULL,03-09-2025,22:37:17,03-09-2025,22:37:18,03-09-2025,22:38:59,COMPLETED,0,1
79KWH,8,1,FULL,03-09-2025,22:37:21,03-09-2025,22:37:22,03-09-2025,22:40:47,COMPLETED,0,1
79KWH,8,2,FULL,03-09-2025,22:39:05,03-09-2025,22:39:08,03-09-2025,22:40:47,COMPLETED,0,1
79KWH,8,1,FULL,03-09-2025,22:40:53,03-09-2025,22:40:57,03-09-2025,22:44:22,COMPLETED,0,1
79KWH,8,2,FULL,03-09-2025,22:40:56,03-09-2025,22:40:58,03-09-2025,22:42:39,COMPLETED,0,1
79KWH,8,2,FULL,03-09-2025,22:42:45,03-09-2025,22:42:48,03-09-2025,22:44:28,COMPLETED,0,1
79KWH,8,1,FULL,03-09-2025,22:44:31,03-09-2025,22:44:32,03-09-2025,22:47:59,COMPLETED,0,1
79KWH,8,2,FULL,03-09-2025,22:44:38,03-09-2025,22:44:40,03-09-2025,22:46:22,COMPLETED,0,1
79KWH,8,2,FULL,03-09-2025,22:46:28,03-09-2025,22:46:31,03-09-2025,22:48:11,COMPLETED,0,1
79KWH,8,1,FULL,03-09-2025,22:48:05,03-09-2025,22:48:09,03-09-2025,22:51:40,COMPLETED,0,1
79KWH,8,2,FULL,03-09-2025,22:48:21,03-09-2025,22:48:22,03-09-2025,22:50:06,COMPLETED,0,1
79KWH,8,2,FULL,03-09-2025,22:50:12,03-09-2025,22:50:14,03-09-2025,22:51:56,COMPLETED,0,1
79KWH,8,1,FULL,03-09-2025,22:51:49,03-09-2025,22:51:50,03-09-2025,22:55:20,COMPLETED,0,1
79KWH,8,1,FULL,03-09-2025,22:55:27,03-09-2025,22:55:28,03-09-2025,22:58:57,COMPLETED,0,1
79KWH,8,1,FULL,03-09-2025,22:59:07,03-09-2025,22:59:08,03-09-2025,23:02:39,COMPLETED,0,1
79KWH,8,1,FULL,03-09-2025,23:02:44,03-09-2025,23:02:47,03-09-2025,23:06:22,COMPLETED,0,1
79KWH,8,1,FULL,03-09-2025,23:15:16,03-09-2025,23:15:17,03-09-2025,23:18:51,COMPLETED,0,1
79KWH,8,2,FULL,03-09-2025,23:15:37,03-09-2025,23:15:38,03-09-2025,23:17:22,COMPLETED,0,1
79KWH,8,2,FULL,03-09-2025,23:17:28,03-09-2025,23:17:31,03-09-2025,23:19:14,COMPLETED,0,1
79KWH,8,1,FULL,03-09-2025,23:18:57,03-09-2025,23:19:00,03-09-2025,23:22:33,COMPLETED,0,1
79KWH,8,2,FULL,03-09-2025,23:19:23,03-09-2025,23:19:23,03-09-2025,23:21:09,COMPLETED,0,1
79KWH,8,2,FULL,03-09-2025,23:21:15,03-09-2025,23:21:18,03-09-2025,23:23:03,COMPLETED,0,1
79KWH,8,1,FULL,03-09-2025,23:22:42,03-09-2025,23:22:44,03-09-2025,23:26:19,COMPLETED,0,1
79KWH,8,2,FULL,03-09-2025,23:23:12,03-09-2025,23:23:13,03-09-2025,23:25:00,COMPLETED,0,1
79KWH,8,2,FULL,03-09-2025,23:25:07,03-09-2025,23:25:10,03-09-2025,23:26:55,COMPLETED,0,1
79KWH,8,1,FULL,03-09-2025,23:26:25,03-09-2025,23:26:27,03-09-2025,23:30:06,COMPLETED,0,1
79KWH,8,2,FULL,03-09-2025,23:27:06,03-09-2025,23:27:07,03-09-2025,23:28:55,COMPLETED,0,1
79KWH,8,2,FULL,03-09-2025,23:29:01,03-09-2025,23:29:05,03-09-2025,23:30:51,COMPLETED,0,1
79KWH,8,1,FULL,03-09-2025,23:30:16,03-09-2025,23:30:18,03-09-2025,23:33:56,COMPLETED,0,1
79KWH,8,2,FULL,03-09-2025,23:31:00,03-09-2025,23:31:01,03-09-2025,23:32:49,COMPLETED,0,1
79KWH,8,2,FULL,03-09-2025,23:32:56,03-09-2025,23:32:59,03-09-2025,23:34:45,COMPLETED,0,1
79KWH,8,1,FULL,03-09-2025,23:34:03,03-09-2025,23:34:05,03-09-2025,23:37:41,COMPLETED,0,1
79KWH,8,2,FULL,03-09-2025,23:34:55,03-09-2025,23:34:56,03-09-2025,23:36:46,COMPLETED,0,1
79KWH,8,2,FULL,03-09-2025,23:36:52,03-09-2025,23:36:55,03-09-2025,23:38:43,COMPLETED,0,1
79KWH,8,1,FULL,03-09-2025,23:37:49,03-09-2025,23:37:50,03-09-2025,23:41:34,COMPLETED,0,1
79KWH,8,2,FULL,03-09-2025,23:38:52,03-09-2025,23:38:53,03-09-2025,23:40:44,COMPLETED,0,1
79KWH,8,2,FULL,03-09-2025,23:40:50,03-09-2025,23:40:54,03-09-2025,23:42:45,COMPLETED,0,1
79KWH,8,1,FULL,03-09-2025,23:41:40,03-09-2025,23:41:44,03-09-2025,23:45:27,COMPLETED,0,1
79KWH,8,2,FULL,03-09-2025,23:42:54,03-09-2025,23:42:55,03-09-2025,23:44:48,COMPLETED,0,1
79KWH,8,2,FULL,03-09-2025,23:44:54,03-09-2025,23:44:58,03-09-2025,23:46:49,COMPLETED,0,1
79KWH,8,1,FULL,03-09-2025,23:45:37,03-09-2025,23:45:38,03-09-2025,23:49:26,COMPLETED,0,1
79KWH,8,2,FULL,03-09-2025,23:46:59,03-09-2025,23:47:00,03-09-2025,23:48:55,COMPLETED,0,1
79KWH,8,2,FULL,03-09-2025,23:49:01,03-09-2025,23:49:04,03-09-2025,23:50:57,COMPLETED,0,1
79KWH,8,1,FULL,03-09-2025,23:49:32,03-09-2025,23:49:38,03-09-2025,23:53:24,COMPLETED,0,1
79KWH,8,2,FULL,03-09-2025,23:51:10,03-09-2025,23:51:11,03-09-2025,23:53:06,COMPLETED,0,1
79KWH,8,2,FULL,03-09-2025,23:53:12,03-09-2025,23:53:16,03-09-2025,23:55:09,COMPLETED,0,1
79KWH,8,1,FULL,03-09-2025,23:53:32,03-09-2025,23:53:34,03-09-2025,23:57:22,COMPLETED,0,1
79KWH,8,2,FULL,03-09-2025,23:55:20,03-09-2025,23:55:23,03-09-2025,23:57:19,COMPLETED,0,1
79KWH,8,2,FULL,03-09-2025,23:57:26,03-09-2025,23:57:29,03-09-2025,23:59:24,COMPLETED,0,1
79KWH,8,1,FULL,03-09-2025,23:57:28,03-09-2025,23:57:34,04-09-2025,00:01:20,COMPLETED,0,1
79KWH,8,2,FULL,03-09-2025,23:59:34,03-09-2025,23:59:34,04-09-2025,00:01:32,COMPLETED,0,1
79KWH,8,1,FULL,04-09-2025,00:01:29,04-09-2025,00:01:30,04-09-2025,00:05:20,COMPLETED,0,1
79KWH,8,2,FULL,04-09-2025,00:01:41,04-09-2025,00:01:41,04-09-2025,00:03:40,COMPLETED,0,1
79KWH,8,2,FULL,04-09-2025,00:03:46,04-09-2025,00:03:49,04-09-2025,00:05:47,COMPLETED,0,1
79KWH,8,1,FULL,04-09-2025,00:05:29,04-09-2025,00:05:32,04-09-2025,00:09:24,COMPLETED,0,1
79KWH,8,2,FULL,04-09-2025,00:05:54,04-09-2025,00:05:56,04-09-2025,00:07:56,COMPLETED,0,1
79KWH,8,1,FULL,04-09-2025,00:09:30,04-09-2025,00:09:36,04-09-2025,00:13:27,COMPLETED,0,1
79KWH,8,1,FULL,04-09-2025,00:13:34,04-09-2025,00:13:37,04-09-2025,00:17:31,COMPLETED,0,1
79KWH,8,1,FULL,04-09-2025,00:17:37,04-09-2025,00:17:39,04-09-2025,00:21:31,COMPLETED,0,1
79KWH,8,1,FULL,04-09-2025,00:21:39,04-09-2025,00:21:40,04-09-2025,00:25:31,COMPLETED,0,1
79KWH,8,1,FULL,04-09-2025,07:25:12,04-09-2025,07:26:21,04-09-2025,07:30:29,COMPLETED,0,1
79KWH,8,2,FULL,04-09-2025,07:25:34,04-09-2025,07:25:35,04-09-2025,07:27:57,COMPLETED,0,1
79KWH,8,2,FULL,04-09-2025,07:28:06,04-09-2025,07:29:30,04-09-2025,07:31:53,COMPLETED,0,1
79KWH,8,1,FULL,04-09-2025,07:30:37,04-09-2025,07:30:39,04-09-2025,07:34:32,COMPLETED,0,1
79KWH,8,2,FULL,04-09-2025,07:31:59,04-09-2025,07:32:02,04-09-2025,07:33:55,COMPLETED,0,1
79KWH,8,2,FULL,04-09-2025,07:34:03,04-09-2025,07:35:31,04-09-2025,07:37:53,COMPLETED,0,1
79KWH,8,1,FULL,04-09-2025,07:34:38,04-09-2025,07:37:35,04-09-2025,07:41:44,COMPLETED,0,1
79KWH,8,2,FULL,04-09-2025,07:38:00,04-09-2025,07:38:02,04-09-2025,07:39:56,COMPLETED,0,1
79KWH,8,2,FULL,04-09-2025,07:40:04,04-09-2025,07:40:05,04-09-2025,07:42:00,COMPLETED,0,1
79KWH,8,3,FULL,04-09-2025,07:40:26,04-09-2025,07:40:36,04-09-2025,07:43:21,COMPLETED,0,1
79KWH,8,1,FULL,04-09-2025,07:41:53,04-09-2025,07:44:43,04-09-2025,07:48:50,COMPLETED,0,1
79KWH,8,2,FULL,04-09-2025,07:42:06,04-09-2025,07:42:09,04-09-2025,07:44:05,COMPLETED,0,1
79KWH,8,3,FULL,04-09-2025,07:43:27,04-09-2025,07:45:45,04-09-2025,07:48:29,COMPLETED,0,1
79KWH,8,2,FULL,04-09-2025,07:44:12,04-09-2025,07:44:13,04-09-2025,07:46:12,COMPLETED,0,1
79KWH,8,2,FULL,04-09-2025,07:46:19,04-09-2025,07:46:22,04-09-2025,07:48:21,COMPLETED,0,1
79KWH,8,2,FULL,04-09-2025,07:48:28,04-09-2025,07:48:30,04-09-2025,07:50:32,COMPLETED,0,1
79KWH,8,3,FULL,04-09-2025,07:48:37,04-09-2025,07:50:55,04-09-2025,07:53:35,COMPLETED,0,1
79KWH,8,1,FULL,04-09-2025,07:48:56,04-09-2025,07:49:00,04-09-2025,07:52:54,COMPLETED,0,1
79KWH,8,2,FULL,04-09-2025,07:50:38,04-09-2025,07:50:40,04-09-2025,07:52:41,COMPLETED,0,1
79KWH,8,2,FULL,04-09-2025,07:52:49,04-09-2025,07:52:49,04-09-2025,07:54:53,COMPLETED,0,1
79KWH,8,1,FULL,04-09-2025,07:53:03,04-09-2025,07:53:03,04-09-2025,07:57:00,COMPLETED,0,1
79KWH,8,3,FULL,04-09-2025,07:53:41,04-09-2025,07:55:58,04-09-2025,07:58:37,COMPLETED,0,1
79KWH,8,2,FULL,04-09-2025,07:56:56,04-09-2025,07:56:56,04-09-2025,07:58:56,COMPLETED,0,1
79KWH,8,1,FULL,04-09-2025,07:57:06,04-09-2025,07:57:09,04-09-2025,08:01:05,COMPLETED,0,1
79KWH,8,3,FULL,04-09-2025,07:58:44,04-09-2025,08:01:03,04-09-2025,08:03:46,COMPLETED,0,1
79KWH,8,2,FULL,04-09-2025,07:59:06,04-09-2025,07:59:08,04-09-2025,08:01:10,COMPLETED,0,1
79KWH,8,1,FULL,04-09-2025,08:01:12,04-09-2025,08:01:14,04-09-2025,08:05:12,COMPLETED,0,1
79KWH,8,2,FULL,04-09-2025,08:01:17,04-09-2025,08:01:21,04-09-2025,08:03:23,COMPLETED,0,1
79KWH,8,2,FULL,04-09-2025,08:03:30,04-09-2025,08:03:30,04-09-2025,08:05:35,COMPLETED,0,1
79KWH,8,3,FULL,04-09-2025,08:03:52,04-09-2025,08:06:10,04-09-2025,08:08:50,COMPLETED,0,1
79KWH,8,1,FULL,04-09-2025,08:05:19,04-09-2025,08:05:21,04-09-2025,08:09:24,COMPLETED,0,1
79KWH,8,2,FULL,04-09-2025,08:05:42,04-09-2025,08:05:45,04-09-2025,08:07:47,COMPLETED,0,1
79KWH,8,2,FULL,04-09-2025,08:07:54,04-09-2025,08:09:22,04-09-2025,08:11:52,COMPLETED,0,1
79KWH,8,3,FULL,04-09-2025,08:08:58,04-09-2025,08:11:15,04-09-2025,08:13:58,COMPLETED,0,1
79KWH,8,1,FULL,04-09-2025,08:09:33,04-09-2025,08:12:30,04-09-2025,08:16:41,COMPLETED,0,1
79KWH,8,2,FULL,04-09-2025,08:11:58,04-09-2025,08:12:00,04-09-2025,08:14:03,COMPLETED,0,1
79KWH,8,3,FULL,04-09-2025,08:14:04,04-09-2025,08:14:06,04-09-2025,08:16:37,COMPLETED,0,1
79KWH,8,2,FULL,04-09-2025,08:14:11,04-09-2025,08:15:43,04-09-2025,08:18:13,COMPLETED,0,1
79KWH,8,3,FULL,04-09-2025,08:16:45,04-09-2025,08:16:46,04-09-2025,08:19:24,COMPLETED,0,1
79KWH,8,1,FULL,04-09-2025,08:16:47,04-09-2025,08:16:49,04-09-2025,08:20:49,COMPLETED,0,1
79KWH,8,2,FULL,04-09-2025,08:18:19,04-09-2025,08:18:21,04-09-2025,08:20:27,COMPLETED,0,1
79KWH,8,3,FULL,04-09-2025,08:19:30,04-09-2025,08:19:33,04-09-2025,08:22:09,COMPLETED,0,1
79KWH,8,2,FULL,04-09-2025,08:20:36,04-09-2025,08:20:36,04-09-2025,08:22:40,COMPLETED,0,1
79KWH,8,1,FULL,04-09-2025,08:20:56,04-09-2025,08:23:50,04-09-2025,08:28:02,COMPLETED,0,1
79KWH,8,3,FULL,04-09-2025,08:22:17,04-09-2025,08:22:18,04-09-2025,08:24:56,COMPLETED,0,1
79KWH,8,2,FULL,04-09-2025,08:22:47,04-09-2025,08:22:49,04-09-2025,08:24:45,COMPLETED,0,1
79KWH,8,2,FULL,04-09-2025,08:25:00,04-09-2025,08:25:01,04-09-2025,08:27:05,COMPLETED,0,1
79KWH,8,3,FULL,04-09-2025,08:25:02,04-09-2025,08:25:05,04-09-2025,08:27:42,COMPLETED,0,1
79KWH,8,2,FULL,04-09-2025,08:27:11,04-09-2025,08:27:14,04-09-2025,08:29:21,COMPLETED,0,1
79KWH,8,3,FULL,04-09-2025,08:27:49,04-09-2025,08:27:50,04-09-2025,08:30:27,COMPLETED,0,1
79KWH,8,1,FULL,04-09-2025,08:28:08,04-09-2025,08:28:09,04-09-2025,08:32:10,COMPLETED,0,1
79KWH,8,2,FULL,04-09-2025,08:29:43,04-09-2025,08:29:44,04-09-2025,08:31:54,COMPLETED,0,1
79KWH,8,3,FULL,04-09-2025,08:30:32,04-09-2025,08:30:37,04-09-2025,08:33:15,COMPLETED,0,1
79KWH,8,2,FULL,04-09-2025,08:32:00,04-09-2025,08:32:03,04-09-2025,08:34:10,COMPLETED,0,1
79KWH,8,1,FULL,04-09-2025,08:32:18,04-09-2025,08:35:18,04-09-2025,08:39:30,COMPLETED,0,1
79KWH,8,3,FULL,04-09-2025,08:33:22,04-09-2025,08:35:39,04-09-2025,08:38:28,COMPLETED,0,1
79KWH,8,2,FULL,04-09-2025,08:34:20,04-09-2025,08:35:48,04-09-2025,08:38:19,COMPLETED,0,1
79KWH,8,2,FULL,04-09-2025,08:38:25,04-09-2025,08:38:29,04-09-2025,08:40:38,COMPLETED,0,1
79KWH,8,3,FULL,04-09-2025,08:38:34,04-09-2025,08:38:37,04-09-2025,08:41:15,COMPLETED,0,1
79KWH,8,1,FULL,04-09-2025,08:39:37,04-09-2025,08:39:39,04-09-2025,08:43:44,COMPLETED,0,1
79KWH,8,2,FULL,04-09-2025,08:40:46,04-09-2025,08:40:48,04-09-2025,08:42:59,COMPLETED,0,1
79KWH,8,3,FULL,04-09-2025,08:41:24,04-09-2025,08:43:43,04-09-2025,08:46:32,COMPLETED,0,1
79KWH,8,2,FULL,04-09-2025,08:43:05,04-09-2025,08:43:09,04-09-2025,08:45:19,COMPLETED,0,1
79KWH,8,1,FULL,04-09-2025,08:43:51,04-09-2025,08:46:44,04-09-2025,08:50:57,COMPLETED,0,1
79KWH,8,2,FULL,04-09-2025,08:45:27,04-09-2025,08:45:28,04-09-2025,08:47:40,COMPLETED,0,1
79KWH,8,3,FULL,04-09-2025,08:46:39,04-09-2025,08:46:42,04-09-2025,08:49:22,COMPLETED,0,1
79KWH,8,2,FULL,04-09-2025,08:47:46,04-09-2025,08:47:49,04-09-2025,08:50:00,COMPLETED,0,1
79KWH,8,3,FULL,04-09-2025,08:49:30,04-09-2025,08:49:30,04-09-2025,08:52:10,COMPLETED,0,1
79KWH,8,2,FULL,04-09-2025,08:50:07,04-09-2025,08:50:08,04-09-2025,08:52:21,COMPLETED,0,1
79KWH,8,1,FULL,04-09-2025,08:51:04,04-09-2025,08:51:06,04-09-2025,08:55:15,COMPLETED,0,1
79KWH,8,3,FULL,04-09-2025,08:52:16,04-09-2025,08:52:19,04-09-2025,08:55:01,COMPLETED,0,1
79KWH,8,2,FULL,04-09-2025,08:52:28,04-09-2025,08:52:30,04-09-2025,08:54:42,COMPLETED,0,1
79KWH,8,2,FULL,04-09-2025,08:54:51,04-09-2025,08:54:52,04-09-2025,08:57:07,COMPLETED,0,1
79KWH,8,3,FULL,04-09-2025,08:55:09,04-09-2025,08:55:10,04-09-2025,08:57:54,COMPLETED,0,1
79KWH,8,1,FULL,04-09-2025,08:55:23,04-09-2025,08:58:22,04-09-2025,09:02:36,COMPLETED,0,1
79KWH,8,2,FULL,04-09-2025,08:57:12,04-09-2025,08:58:53,04-09-2025,09:01:24,COMPLETED,0,1
79KWH,8,3,FULL,04-09-2025,08:58:00,04-09-2025,08:58:03,04-09-2025,09:00:46,COMPLETED,0,1
79KWH,8,3,FULL,04-09-2025,09:00:54,04-09-2025,09:03:08,04-09-2025,09:05:59,COMPLETED,0,1
79KWH,8,2,FULL,04-09-2025,09:01:32,04-09-2025,09:01:33,04-09-2025,09:03:41,COMPLETED,0,1
79KWH,8,1,FULL,04-09-2025,09:02:42,04-09-2025,09:02:45,04-09-2025,09:06:52,COMPLETED,0,1
79KWH,8,2,FULL,04-09-2025,09:03:47,04-09-2025,09:03:50,04-09-2025,09:05:49,COMPLETED,0,1
79KWH,8,2,FULL,04-09-2025,09:05:57,04-09-2025,09:05:58,04-09-2025,09:08:07,COMPLETED,0,1
79KWH,8,3,FULL,04-09-2025,09:06:06,04-09-2025,09:06:09,04-09-2025,09:08:53,COMPLETED,0,1
79KWH,8,1,FULL,04-09-2025,09:07:01,04-09-2025,09:09:54,04-09-2025,09:14:08,COMPLETED,0,1
79KWH,8,2,FULL,04-09-2025,09:08:13,04-09-2025,09:08:18,04-09-2025,09:10:33,COMPLETED,0,1
79KWH,8,3,FULL,04-09-2025,09:09:02,04-09-2025,09:09:03,04-09-2025,09:11:49,COMPLETED,0,1
79KWH,8,3,FULL,04-09-2025,09:11:55,04-09-2025,09:11:58,04-09-2025,09:14:43,COMPLETED,0,1
79KWH,8,1,FULL,04-09-2025,09:14:14,04-09-2025,09:14:17,04-09-2025,09:18:26,COMPLETED,0,1
79KWH,8,3,FULL,04-09-2025,09:14:51,04-09-2025,09:17:12,04-09-2025,09:20:05,COMPLETED,0,1
79KWH,8,1,FULL,04-09-2025,09:18:34,04-09-2025,09:18:35,04-09-2025,09:22:47,COMPLETED,0,1
79KWH,8,3,FULL,04-09-2025,09:20:11,04-09-2025,09:20:13,04-09-2025,09:22:59,COMPLETED,0,1
79KWH,8,1,FULL,04-09-2025,09:22:53,04-09-2025,09:22:56,04-09-2025,09:27:08,COMPLETED,0,1
79KWH,8,1,FULL,04-09-2025,09:33:13,04-09-2025,09:33:14,04-09-2025,09:37:31,COMPLETED,0,1
79KWH,8,3,FULL,04-09-2025,09:34:21,04-09-2025,09:34:21,04-09-2025,09:37:10,COMPLETED,0,1
79KWH,8,2,FULL,04-09-2025,09:37:25,04-09-2025,09:37:26,04-09-2025,09:40:47,COMPLETED,0,1
79KWH,8,3,FULL,04-09-2025,09:37:37,04-09-2025,09:37:37,04-09-2025,09:40:24,COMPLETED,0,1
79KWH,8,1,FULL,04-09-2025,09:37:37,04-09-2025,09:40:34,04-09-2025,09:44:57,COMPLETED,0,1
79KWH,8,3,FULL,04-09-2025,09:40:32,04-09-2025,09:40:33,04-09-2025,09:43:23,COMPLETED,0,1
79KWH,8,2,FULL,04-09-2025,09:40:53,04-09-2025,09:40:58,04-09-2025,09:43:13,COMPLETED,0,1
79KWH,8,2,FULL,04-09-2025,09:43:22,04-09-2025,09:43:24,04-09-2025,09:45:42,COMPLETED,0,1
79KWH,8,3,FULL,04-09-2025,09:43:29,04-09-2025,09:43:32,04-09-2025,09:46:19,COMPLETED,0,1
79KWH,8,1,FULL,04-09-2025,09:45:11,04-09-2025,09:45:12,04-09-2025,09:47:55,COMPLETED,0,1
79KWH,8,3,FULL,04-09-2025,09:46:27,04-09-2025,09:46:28,04-09-2025,09:49:19,COMPLETED,0,1
79KWH,8,1,FULL,04-09-2025,09:48:00,04-09-2025,09:48:04,04-09-2025,09:49:11,COMPLETED,0,1
79KWH,8,1,FULL,04-09-2025,09:49:25,04-09-2025,09:51:58,04-09-2025,09:54:42,COMPLETED,0,1
79KWH,8,2,FULL,04-09-2025,09:55:49,04-09-2025,09:55:50,04-09-2025,09:58:24,COMPLETED,0,1
79KWH,8,1,FULL,04-09-2025,09:56:53,04-09-2025,09:56:54,04-09-2025,09:58:02,COMPLETED,0,1
79KWH,8,3,FULL,04-09-2025,09:57:43,04-09-2025,09:57:44,04-09-2025,10:00:35,COMPLETED,0,1
79KWH,8,2,FULL,04-09-2025,09:58:32,04-09-2025,09:58:33,04-09-2025,10:00:42,COMPLETED,0,1
79KWH,8,1,FULL,04-09-2025,09:59:14,04-09-2025,09:59:15,04-09-2025,10:00:25,COMPLETED,0,1
79KWH,8,3,FULL,04-09-2025,10:00:43,04-09-2025,10:00:45,04-09-2025,10:03:37,COMPLETED,0,1
79KWH,8,2,FULL,04-09-2025,10:00:48,04-09-2025,10:00:52,04-09-2025,10:02:50,COMPLETED,0,1
79KWH,8,1,FULL,04-09-2025,10:01:49,04-09-2025,10:01:51,04-09-2025,10:02:59,COMPLETED,0,1
79KWH,8,2,FULL,04-09-2025,10:03:13,04-09-2025,10:03:15,04-09-2025,10:05:25,COMPLETED,0,1
79KWH,8,3,FULL,04-09-2025,10:03:44,04-09-2025,10:03:50,04-09-2025,10:06:41,COMPLETED,0,1
79KWH,8,1,FULL,04-09-2025,10:04:47,04-09-2025,10:04:48,04-09-2025,10:05:58,COMPLETED,0,1
79KWH,8,2,FULL,04-09-2025,10:06:01,04-09-2025,10:06:02,04-09-2025,10:08:19,COMPLETED,0,1
79KWH,8,3,FULL,04-09-2025,10:06:50,04-09-2025,10:06:52,04-09-2025,10:09:45,COMPLETED,0,1
79KWH,8,1,FULL,04-09-2025,10:07:26,04-09-2025,10:07:26,04-09-2025,10:08:34,COMPLETED,0,1
79KWH,8,2,FULL,04-09-2025,10:08:48,04-09-2025,10:08:49,04-09-2025,10:11:10,COMPLETED,0,1
79KWH,8,3,FULL,04-09-2025,10:09:51,04-09-2025,10:09:55,04-09-2025,10:12:50,COMPLETED,0,1
79KWH,8,1,FULL,04-09-2025,10:10:24,04-09-2025,10:10:26,04-09-2025,10:11:36,COMPLETED,0,1
79KWH,8,2,FULL,04-09-2025,10:11:36,04-09-2025,10:11:36,04-09-2025,10:13:55,COMPLETED,0,1
79KWH,8,3,FULL,04-09-2025,10:12:58,04-09-2025,10:13:00,04-09-2025,10:15:54,COMPLETED,0,1
79KWH,8,1,FULL,04-09-2025,10:13:01,04-09-2025,10:13:01,04-09-2025,10:14:08,COMPLETED,0,1
79KWH,8,2,FULL,04-09-2025,10:14:24,04-09-2025,10:14:25,04-09-2025,10:16:46,COMPLETED,0,1
79KWH,8,1,FULL,04-09-2025,10:15:59,04-09-2025,10:16:00,04-09-2025,10:17:10,COMPLETED,0,1
79KWH,8,3,FULL,04-09-2025,10:16:01,04-09-2025,10:16:04,04-09-2025,10:18:56,COMPLETED,0,1
79KWH,8,2,FULL,04-09-2025,10:18:55,04-09-2025,10:18:55,04-09-2025,10:21:16,COMPLETED,0,1
79KWH,8,3,FULL,04-09-2025,10:19:09,04-09-2025,10:19:10,04-09-2025,10:21:07,COMPLETED,0,1
79KWH,8,1,FULL,04-09-2025,10:20:01,04-09-2025,10:20:01,04-09-2025,10:21:09,COMPLETED,0,1
79KWH,8,3,FULL,04-09-2025,10:21:14,04-09-2025,10:21:16,04-09-2025,10:22:18,COMPLETED,0,1
79KWH,8,2,FULL,04-09-2025,10:21:24,04-09-2025,10:21:24,04-09-2025,10:23:46,COMPLETED,0,1
79KWH,8,1,FULL,04-09-2025,10:22:39,04-09-2025,10:23:46,04-09-2025,10:26:31,COMPLETED,0,1
79KWH,8,3,FULL,04-09-2025,10:23:47,04-09-2025,10:24:23,04-09-2025,10:26:22,COMPLETED,0,1
79KWH,8,2,FULL,04-09-2025,10:23:53,04-09-2025,10:23:56,04-09-2025,10:26:17,COMPLETED,0,1
79KWH,8,3,FULL,04-09-2025,10:26:30,04-09-2025,10:26:31,04-09-2025,10:27:33,COMPLETED,0,1
79KWH,8,1,FULL,04-09-2025,10:26:37,04-09-2025,10:29:14,04-09-2025,10:31:56,COMPLETED,0,1
79KWH,8,2,FULL,04-09-2025,10:26:44,04-09-2025,10:28:02,04-09-2025,10:30:40,COMPLETED,0,1
79KWH,8,3,FULL,04-09-2025,10:29:23,04-09-2025,10:29:41,04-09-2025,10:31:39,COMPLETED,0,1
79KWH,8,2,FULL,04-09-2025,10:30:46,04-09-2025,10:30:49,04-09-2025,10:33:11,COMPLETED,0,1
79KWH,8,3,FULL,04-09-2025,10:32:04,04-09-2025,10:32:06,04-09-2025,10:33:08,COMPLETED,0,1
79KWH,8,1,FULL,04-09-2025,10:32:10,04-09-2025,10:32:10,04-09-2025,10:33:21,COMPLETED,0,1
79KWH,8,2,FULL,04-09-2025,10:33:19,04-09-2025,10:33:19,04-09-2025,10:35:33,COMPLETED,0,1
79KWH,8,1,FULL,04-09-2025,10:33:28,04-09-2025,10:33:29,04-09-2025,10:34:54,COMPLETED,0,1
79KWH,8,3,FULL,04-09-2025,10:34:58,04-09-2025,10:34:59,04-09-2025,10:36:05,COMPLETED,0,1
79KWH,8,1,FULL,04-09-2025,10:35:10,04-09-2025,10:35:11,04-09-2025,10:36:22,COMPLETED,0,1
79KWH,8,2,FULL,04-09-2025,10:35:39,04-09-2025,10:37:02,04-09-2025,10:39:26,COMPLETED,0,1
79KWH,8,1,FULL,04-09-2025,10:36:33,04-09-2025,10:38:57,04-09-2025,10:41:45,COMPLETED,0,1
79KWH,8,3,FULL,04-09-2025,10:37:40,04-09-2025,10:38:47,04-09-2025,10:40:42,COMPLETED,0,1
79KWH,8,2,FULL,04-09-2025,10:39:34,04-09-2025,10:39:34,04-09-2025,10:41:48,COMPLETED,0,1
79KWH,8,3,FULL,04-09-2025,10:41:15,04-09-2025,10:41:15,04-09-2025,10:42:21,COMPLETED,0,1
79KWH,8,2,FULL,04-09-2025,10:41:54,04-09-2025,10:43:35,04-09-2025,10:46:12,COMPLETED,0,1
79KWH,8,1,FULL,04-09-2025,10:42:00,04-09-2025,10:44:25,04-09-2025,10:47:10,COMPLETED,0,1
79KWH,8,3,FULL,04-09-2025,10:44:00,04-09-2025,10:44:01,04-09-2025,10:45:04,COMPLETED,0,1
79KWH,8,2,FULL,04-09-2025,10:46:20,04-09-2025,10:46:21,04-09-2025,10:48:36,COMPLETED,0,1
79KWH,8,1,FULL,04-09-2025,10:47:16,04-09-2025,10:47:19,04-09-2025,10:48:27,COMPLETED,0,1
79KWH,8,1,FULL,04-09-2025,10:48:43,04-09-2025,10:48:43,04-09-2025,10:49:54,COMPLETED,0,1
79KWH,8,3,FULL,04-09-2025,10:50:29,04-09-2025,10:50:30,04-09-2025,10:51:35,COMPLETED,0,1
79KWH,8,2,FULL,04-09-2025,11:07:11,04-09-2025,11:07:14,04-09-2025,11:09:40,COMPLETED,0,1
79KWH,8,1,FULL,04-09-2025,11:08:33,04-09-2025,11:08:34,04-09-2025,11:11:18,COMPLETED,0,1
79KWH,8,3,FULL,04-09-2025,11:09:22,04-09-2025,11:09:23,04-09-2025,11:11:18,COMPLETED,0,1
79KWH,8,2,FULL,04-09-2025,11:09:49,04-09-2025,11:09:50,04-09-2025,11:11:54,COMPLETED,0,1
79KWH,8,1,FULL,04-09-2025,11:12:41,04-09-2025,11:14:34,04-09-2025,11:17:21,COMPLETED,0,1
79KWH,8,2,FULL,04-09-2025,11:15:23,04-09-2025,11:15:24,04-09-2025,11:17:26,COMPLETED,0,1
79KWH,8,3,FULL,04-09-2025,11:15:45,04-09-2025,11:17:06,04-09-2025,11:19:04,COMPLETED,0,1
79KWH,8,2,FULL,04-09-2025,11:17:38,04-09-2025,11:17:39,04-09-2025,11:19:54,COMPLETED,0,1
79KWH,8,1,FULL,04-09-2025,11:17:43,04-09-2025,11:19:54,04-09-2025,11:22:42,COMPLETED,0,1
79KWH,8,3,FULL,04-09-2025,11:19:11,04-09-2025,11:19:14,04-09-2025,11:20:16,COMPLETED,0,1
79KWH,8,2,FULL,04-09-2025,11:20:25,04-09-2025,11:20:27,04-09-2025,11:22:51,COMPLETED,0,1
79KWH,8,3,FULL,04-09-2025,11:20:36,04-09-2025,11:20:37,04-09-2025,11:21:42,COMPLETED,0,1
79KWH,8,1,FULL,04-09-2025,11:22:49,04-09-2025,11:22:51,04-09-2025,11:24:05,COMPLETED,0,1
79KWH,8,1,FULL,04-09-2025,11:24:12,04-09-2025,11:24:12,04-09-2025,11:25:25,COMPLETED,0,1
79KWH,8,3,FULL,04-09-2025,11:46:33,04-09-2025,11:46:34,04-09-2025,11:47:37,COMPLETED,0,1
79KWH,8,2,FULL,04-09-2025,11:46:41,04-09-2025,11:46:42,04-09-2025,11:49:08,COMPLETED,0,1
79KWH,8,1,FULL,04-09-2025,11:48:18,04-09-2025,11:48:19,04-09-2025,11:49:36,COMPLETED,0,1
79KWH,8,3,FULL,04-09-2025,11:49:26,04-09-2025,11:49:27,04-09-2025,11:50:32,COMPLETED,0,1
79KWH,8,2,FULL,04-09-2025,11:49:31,04-09-2025,11:49:32,04-09-2025,11:51:57,COMPLETED,0,1
79KWH,8,1,FULL,04-09-2025,11:50:54,04-09-2025,11:50:55,04-09-2025,11:52:11,COMPLETED,0,1
79KWH,8,3,FULL,04-09-2025,11:52:08,04-09-2025,11:52:08,04-09-2025,11:53:12,COMPLETED,0,1
79KWH,8,2,FULL,04-09-2025,11:52:16,04-09-2025,11:52:18,04-09-2025,11:54:46,COMPLETED,0,1
79KWH,8,1,FULL,04-09-2025,11:53:53,04-09-2025,11:56:12,04-09-2025,11:59:02,COMPLETED,0,1
79KWH,8,3,FULL,04-09-2025,11:55:01,04-09-2025,11:55:02,04-09-2025,11:56:08,COMPLETED,0,1
79KWH,8,2,FULL,04-09-2025,11:55:05,04-09-2025,11:55:06,04-09-2025,11:57:33,COMPLETED,0,1
79KWH,8,3,FULL,04-09-2025,11:57:44,04-09-2025,11:57:45,04-09-2025,11:58:50,COMPLETED,0,1
79KWH,8,2,FULL,04-09-2025,11:57:53,04-09-2025,11:57:54,04-09-2025,12:00:22,COMPLETED,0,1
79KWH,8,1,FULL,04-09-2025,11:59:08,04-09-2025,12:01:33,04-09-2025,12:04:23,COMPLETED,0,1
79KWH,8,3,FULL,04-09-2025,12:00:38,04-09-2025,12:00:39,04-09-2025,12:01:45,COMPLETED,0,1
79KWH,8,2,FULL,04-09-2025,12:01:09,04-09-2025,12:01:09,04-09-2025,12:03:36,COMPLETED,0,1
79KWH,8,3,FULL,04-09-2025,12:03:47,04-09-2025,12:03:47,04-09-2025,12:04:58,COMPLETED,0,1
79KWH,8,2,FULL,04-09-2025,12:03:55,04-09-2025,12:03:56,04-09-2025,12:06:26,COMPLETED,0,1
79KWH,8,1,FULL,04-09-2025,12:04:39,04-09-2025,12:04:40,04-09-2025,12:06:01,COMPLETED,0,1
79KWH,8,1,FULL,04-09-2025,12:06:06,04-09-2025,12:06:09,04-09-2025,12:07:29,COMPLETED,0,1
79KWH,8,3,FULL,04-09-2025,12:06:39,04-09-2025,12:06:40,04-09-2025,12:07:47,COMPLETED,0,1
79KWH,8,2,FULL,04-09-2025,12:06:45,04-09-2025,12:06:46,04-09-2025,12:09:13,COMPLETED,0,1
79KWH,8,1,FULL,04-09-2025,12:07:45,04-09-2025,12:07:46,04-09-2025,12:09:11,COMPLETED,0,1
79KWH,8,1,FULL,04-09-2025,12:09:17,04-09-2025,12:09:19,04-09-2025,12:10:41,COMPLETED,0,1
79KWH,8,3,FULL,04-09-2025,12:09:22,04-09-2025,12:09:22,04-09-2025,12:10:27,COMPLETED,0,1
79KWH,8,2,FULL,04-09-2025,12:09:31,04-09-2025,12:09:33,04-09-2025,12:12:04,COMPLETED,0,1
79KWH,8,1,FULL,04-09-2025,12:11:08,04-09-2025,12:11:08,04-09-2025,12:12:33,COMPLETED,0,1
79KWH,8,3,FULL,04-09-2025,12:12:16,04-09-2025,12:12:16,04-09-2025,12:13:26,COMPLETED,0,1
79KWH,8,1,FULL,04-09-2025,12:23:12,04-09-2025,12:23:12,04-09-2025,12:27:34,COMPLETED,0,1
79KWH,8,2,FULL,04-09-2025,12:23:49,04-09-2025,12:23:49,04-09-2025,12:26:18,COMPLETED,0,1
79KWH,8,3,FULL,04-09-2025,12:24:03,04-09-2025,12:24:54,04-09-2025,12:26:52,COMPLETED,0,1
79KWH,8,2,FULL,04-09-2025,12:26:30,04-09-2025,12:26:30,04-09-2025,12:29:02,COMPLETED,0,1
79KWH,8,3,FULL,04-09-2025,12:27:09,04-09-2025,12:27:10,04-09-2025,12:28:19,COMPLETED,0,1
79KWH,8,1,FULL,04-09-2025,12:27:48,04-09-2025,12:27:49,04-09-2025,12:29:18,COMPLETED,0,1
79KWH,8,1,FULL,04-09-2025,12:29:24,04-09-2025,12:29:27,04-09-2025,12:30:54,COMPLETED,0,1
79KWH,8,3,FULL,04-09-2025,12:29:42,04-09-2025,12:29:42,04-09-2025,12:30:51,COMPLETED,0,1
79KWH,8,2,FULL,04-09-2025,12:50:37,04-09-2025,12:50:38,04-09-2025,12:53:09,COMPLETED,0,1
79KWH,8,1,FULL,04-09-2025,12:52:08,04-09-2025,12:52:09,04-09-2025,12:55:05,COMPLETED,0,1
79KWH,8,2,FULL,04-09-2025,12:53:24,04-09-2025,12:53:24,04-09-2025,12:55:57,COMPLETED,0,1
79KWH,8,3,FULL,04-09-2025,12:53:24,04-09-2025,12:53:24,04-09-2025,12:55:26,COMPLETED,0,1
79KWH,8,1,FULL,04-09-2025,12:55:11,04-09-2025,12:55:14,04-09-2025,12:56:48,COMPLETED,0,1
79KWH,8,3,FULL,04-09-2025,12:55:58,04-09-2025,12:57:29,04-09-2025,12:59:28,COMPLETED,0,1
79KWH,8,2,FULL,04-09-2025,12:56:12,04-09-2025,12:56:12,04-09-2025,12:58:44,COMPLETED,0,1
79KWH,8,1,FULL,04-09-2025,12:57:44,04-09-2025,12:57:45,04-09-2025,12:59:17,COMPLETED,0,1
79KWH,8,2,FULL,04-09-2025,12:58:57,04-09-2025,12:58:58,04-09-2025,13:01:32,COMPLETED,0,1
79KWH,8,3,FULL,04-09-2025,12:59:44,04-09-2025,12:59:44,04-09-2025,13:00:57,COMPLETED,0,1
79KWH,8,1,FULL,04-09-2025,13:00:28,04-09-2025,13:00:28,04-09-2025,13:02:00,COMPLETED,0,1
79KWH,8,3,FULL,04-09-2025,13:01:33,04-09-2025,13:01:35,04-09-2025,13:02:45,COMPLETED,0,1
79KWH,8,2,FULL,04-09-2025,13:01:48,04-09-2025,13:01:48,04-09-2025,13:04:21,COMPLETED,0,1
79KWH,8,1,FULL,04-09-2025,13:03:21,04-09-2025,13:03:21,04-09-2025,13:04:56,COMPLETED,0,1
79KWH,8,2,FULL,04-09-2025,13:04:35,04-09-2025,13:04:36,04-09-2025,13:07:12,COMPLETED,0,1
79KWH,8,3,FULL,04-09-2025,13:04:35,04-09-2025,13:04:36,04-09-2025,13:05:49,COMPLETED,0,1
79KWH,8,1,FULL,04-09-2025,13:06:03,04-09-2025,13:07:20,04-09-2025,13:10:15,COMPLETED,0,1
79KWH,8,3,FULL,04-09-2025,13:07:09,04-09-2025,13:07:47,04-09-2025,13:09:47,COMPLETED,0,1
79KWH,8,2,FULL,04-09-2025,13:07:23,04-09-2025,13:07:24,04-09-2025,13:09:59,COMPLETED,0,1
79KWH,8,1,FULL,04-09-2025,13:10:31,04-09-2025,13:10:32,04-09-2025,13:12:08,COMPLETED,0,1
79KWH,8,3,FULL,04-09-2025,13:15:16,04-09-2025,13:15:17,04-09-2025,13:17:21,COMPLETED,0,1
79KWH,8,2,FULL,04-09-2025,13:15:17,04-09-2025,13:15:17,04-09-2025,13:17:53,COMPLETED,0,1
79KWH,8,1,FULL,04-09-2025,13:16:44,04-09-2025,13:16:45,04-09-2025,13:18:20,COMPLETED,0,1
79KWH,8,3,FULL,04-09-2025,13:17:51,04-09-2025,13:17:52,04-09-2025,13:19:05,COMPLETED,0,1
79KWH,8,2,FULL,04-09-2025,13:18:05,04-09-2025,13:18:06,04-09-2025,13:20:41,COMPLETED,0,1
79KWH,8,1,FULL,04-09-2025,13:19:37,04-09-2025,13:19:38,04-09-2025,13:21:16,COMPLETED,0,1
79KWH,8,2,FULL,04-09-2025,13:20:51,04-09-2025,13:20:52,04-09-2025,13:23:31,COMPLETED,0,1
79KWH,8,3,FULL,04-09-2025,13:20:52,04-09-2025,13:20:53,04-09-2025,13:22:09,COMPLETED,0,1
79KWH,8,1,FULL,04-09-2025,13:22:20,04-09-2025,13:22:20,04-09-2025,13:23:58,COMPLETED,0,1
79KWH,8,3,FULL,04-09-2025,13:23:27,04-09-2025,13:23:28,04-09-2025,13:24:42,COMPLETED,0,1
79KWH,8,2,FULL,04-09-2025,13:23:40,04-09-2025,13:23:41,04-09-2025,13:26:17,COMPLETED,0,1
79KWH,8,1,FULL,04-09-2025,13:25:13,04-09-2025,13:25:14,04-09-2025,13:26:55,COMPLETED,0,1
79KWH,8,2,FULL,04-09-2025,13:26:27,04-09-2025,13:26:28,04-09-2025,13:29:07,COMPLETED,0,1
79KWH,8,3,FULL,04-09-2025,13:26:28,04-09-2025,13:26:28,04-09-2025,13:27:45,COMPLETED,0,1
79KWH,8,1,FULL,04-09-2025,13:28:17,04-09-2025,13:28:18,04-09-2025,13:29:57,COMPLETED,0,1
79KWH,8,3,FULL,04-09-2025,13:29:24,04-09-2025,13:29:25,04-09-2025,13:30:40,COMPLETED,0,1
79KWH,8,2,FULL,04-09-2025,13:29:37,04-09-2025,13:29:39,04-09-2025,13:32:16,COMPLETED,0,1
79KWH,8,1,FULL,04-09-2025,13:31:10,04-09-2025,13:31:10,04-09-2025,13:32:52,COMPLETED,0,1
79KWH,8,2,FULL,04-09-2025,13:32:24,04-09-2025,13:32:25,04-09-2025,13:35:04,COMPLETED,0,1
79KWH,8,3,FULL,04-09-2025,13:32:24,04-09-2025,13:32:25,04-09-2025,13:33:42,COMPLETED,0,1
79KWH,8,1,FULL,04-09-2025,13:33:54,04-09-2025,13:33:54,04-09-2025,13:35:35,COMPLETED,0,1
79KWH,8,3,FULL,04-09-2025,13:35:00,04-09-2025,13:35:59,04-09-2025,13:38:02,COMPLETED,0,1
79KWH,8,2,FULL,04-09-2025,13:35:13,04-09-2025,13:35:14,04-09-2025,13:37:53,COMPLETED,0,1
79KWH,8,1,FULL,04-09-2025,13:36:45,04-09-2025,13:36:46,04-09-2025,13:38:31,COMPLETED,0,1
79KWH,8,2,FULL,04-09-2025,13:38:03,04-09-2025,13:38:05,04-09-2025,13:40:45,COMPLETED,0,1
79KWH,8,3,FULL,04-09-2025,13:38:19,04-09-2025,13:39:55,04-09-2025,13:42:01,COMPLETED,0,1
79KWH,8,1,FULL,04-09-2025,13:39:28,04-09-2025,13:39:28,04-09-2025,13:41:12,COMPLETED,0,1
79KWH,8,2,FULL,04-09-2025,13:40:51,04-09-2025,13:40:54,04-09-2025,13:43:33,COMPLETED,0,1
79KWH,8,3,FULL,04-09-2025,13:42:06,04-09-2025,13:44:00,04-09-2025,13:46:02,COMPLETED,0,1
79KWH,8,1,FULL,04-09-2025,13:42:21,04-09-2025,13:42:22,04-09-2025,13:44:15,COMPLETED,0,1
79KWH,8,2,FULL,04-09-2025,13:43:41,04-09-2025,13:43:42,04-09-2025,13:46:24,COMPLETED,0,1
79KWH,8,3,FULL,04-09-2025,13:46:16,04-09-2025,13:47:57,04-09-2025,13:50:03,COMPLETED,0,1
79KWH,8,1,FULL,04-09-2025,15:56:13,04-09-2025,15:56:14,04-09-2025,15:58:00,COMPLETED,0,1
79KWH,8,3,FULL,04-09-2025,15:57:20,04-09-2025,15:57:45,04-09-2025,15:59:49,COMPLETED,0,1
79KWH,8,2,FULL,04-09-2025,15:57:33,04-09-2025,15:57:33,04-09-2025,16:00:14,COMPLETED,0,1
79KWH,8,1,FULL,04-09-2025,15:59:06,04-09-2025,15:59:07,04-09-2025,16:01:01,COMPLETED,0,1
79KWH,8,3,FULL,04-09-2025,16:00:19,04-09-2025,16:01:57,04-09-2025,16:04:04,COMPLETED,0,1
79KWH,8,2,FULL,04-09-2025,16:00:22,04-09-2025,16:00:23,04-09-2025,16:03:05,COMPLETED,0,1
79KWH,8,1,FULL,04-09-2025,16:01:48,04-09-2025,16:01:58,04-09-2025,16:03:52,COMPLETED,0,1
79KWH,8,2,FULL,04-09-2025,16:03:11,04-09-2025,16:03:13,04-09-2025,16:05:54,COMPLETED,0,1
79KWH,8,3,FULL,04-09-2025,16:04:10,04-09-2025,16:05:58,04-09-2025,16:08:02,COMPLETED,0,1
79KWH,8,1,FULL,04-09-2025,16:04:42,04-09-2025,16:04:43,04-09-2025,16:06:39,COMPLETED,0,1
79KWH,8,2,FULL,04-09-2025,16:06:02,04-09-2025,16:06:04,04-09-2025,16:08:48,COMPLETED,0,1
79KWH,8,1,FULL,04-09-2025,16:07:25,04-09-2025,16:07:25,04-09-2025,16:09:14,COMPLETED,0,1
79KWH,8,3,FULL,04-09-2025,16:08:18,04-09-2025,16:08:18,04-09-2025,16:09:40,COMPLETED,0,1
79KWH,8,2,FULL,04-09-2025,16:08:54,04-09-2025,16:08:57,04-09-2025,16:11:39,COMPLETED,0,1
79KWH,8,3,FULL,04-09-2025,16:09:47,04-09-2025,16:09:50,04-09-2025,16:11:11,COMPLETED,0,1
79KWH,8,1,FULL,04-09-2025,16:10:16,04-09-2025,16:10:17,04-09-2025,16:12:14,COMPLETED,0,1
79KWH,8,3,FULL,04-09-2025,16:11:32,04-09-2025,16:11:32,04-09-2025,16:12:55,COMPLETED,0,1
79KWH,8,2,FULL,04-09-2025,16:11:47,04-09-2025,16:11:49,04-09-2025,16:14:33,COMPLETED,0,1
79KWH,8,1,FULL,04-09-2025,16:12:58,04-09-2025,16:12:59,04-09-2025,16:27:19,COMPLETED,0,1
79KWH,8,3,FULL,04-09-2025,16:14:07,04-09-2025,16:14:08,04-09-2025,16:15:30,COMPLETED,0,1
79KWH,8,2,FULL,04-09-2025,16:14:39,04-09-2025,16:14:42,04-09-2025,16:17:26,COMPLETED,0,1
79KWH,8,3,FULL,04-09-2025,16:17:06,04-09-2025,16:17:26,04-09-2025,16:19:34,COMPLETED,0,1
79KWH,8,2,FULL,04-09-2025,16:17:34,04-09-2025,16:17:36,04-09-2025,16:20:21,COMPLETED,0,1
79KWH,8,3,FULL,04-09-2025,16:19:42,04-09-2025,16:21:28,04-09-2025,16:23:35,COMPLETED,0,1
79KWH,8,2,FULL,04-09-2025,16:20:28,04-09-2025,16:20:30,04-09-2025,16:23:13,COMPLETED,0,1
79KWH,8,2,FULL,04-09-2025,16:23:21,04-09-2025,16:23:21,04-09-2025,16:26:10,COMPLETED,0,1
79KWH,8,3,FULL,04-09-2025,16:23:49,04-09-2025,16:25:30,04-09-2025,16:27:39,COMPLETED,0,1
79KWH,8,2,FULL,04-09-2025,16:26:15,04-09-2025,16:26:19,04-09-2025,16:29:06,COMPLETED,0,1
79KWH,8,1,FULL,04-09-2025,16:27:34,04-09-2025,16:27:35,04-09-2025,16:29:29,COMPLETED,0,1
79KWH,8,3,FULL,04-09-2025,16:27:45,04-09-2025,16:27:48,04-09-2025,16:29:11,COMPLETED,0,1
79KWH,8,2,FULL,04-09-2025,16:29:15,04-09-2025,16:29:16,04-09-2025,16:32:06,COMPLETED,0,1
79KWH,8,3,FULL,04-09-2025,16:29:24,04-09-2025,16:31:01,04-09-2025,16:33:10,COMPLETED,0,1
79KWH,8,1,FULL,04-09-2025,16:29:35,04-09-2025,16:29:38,04-09-2025,16:31:31,COMPLETED,0,1
79KWH,8,1,FULL,04-09-2025,16:31:46,04-09-2025,16:31:47,04-09-2025,16:33:44,COMPLETED,0,1
79KWH,8,2,FULL,04-09-2025,16:32:13,04-09-2025,16:32:15,04-09-2025,16:35:03,COMPLETED,0,1
79KWH,8,3,FULL,04-09-2025,16:33:16,04-09-2025,16:35:06,04-09-2025,16:37:13,COMPLETED,0,1
79KWH,8,1,FULL,04-09-2025,16:33:50,04-09-2025,16:33:53,04-09-2025,16:35:48,COMPLETED,0,1
79KWH,8,2,FULL,04-09-2025,16:35:13,04-09-2025,16:35:13,04-09-2025,16:37:14,COMPLETED,0,1
79KWH,8,1,FULL,04-09-2025,16:36:03,04-09-2025,16:36:04,04-09-2025,16:38:04,COMPLETED,0,1
79KWH,8,2,FULL,04-09-2025,16:37:20,04-09-2025,16:37:24,04-09-2025,16:38:35,COMPLETED,0,1
79KWH,8,3,FULL,04-09-2025,16:37:28,04-09-2025,16:39:02,04-09-2025,16:41:12,COMPLETED,0,1
79KWH,8,1,FULL,04-09-2025,16:38:10,04-09-2025,16:38:13,04-09-2025,16:40:09,COMPLETED,0,1
79KWH,8,2,FULL,04-09-2025,16:38:45,04-09-2025,16:38:46,04-09-2025,16:39:59,COMPLETED,0,1
79KWH,8,1,FULL,04-09-2025,16:40:25,04-09-2025,16:40:25,04-09-2025,16:42:25,COMPLETED,0,1
79KWH,8,3,FULL,04-09-2025,16:41:18,04-09-2025,16:41:21,04-09-2025,16:42:47,COMPLETED,0,1
79KWH,8,2,FULL,04-09-2025,16:41:23,04-09-2025,16:41:23,04-09-2025,16:42:34,COMPLETED,0,1
79KWH,8,1,FULL,04-09-2025,16:42:32,04-09-2025,16:42:34,04-09-2025,16:44:33,COMPLETED,0,1
79KWH,8,3,FULL,04-09-2025,16:43:02,04-09-2025,16:44:41,04-09-2025,16:46:51,COMPLETED,0,1
79KWH,8,1,FULL,04-09-2025,16:44:48,04-09-2025,16:44:50,04-09-2025,16:46:52,COMPLETED,0,1
79KWH,8,2,FULL,04-09-2025,16:45:51,04-09-2025,16:45:51,04-09-2025,16:47:05,COMPLETED,0,1
79KWH,8,3,FULL,04-09-2025,16:46:58,04-09-2025,16:47:01,04-09-2025,16:48:28,COMPLETED,0,1
79KWH,8,1,FULL,04-09-2025,16:46:58,04-09-2025,16:47:01,04-09-2025,16:49:01,COMPLETED,0,1
79KWH,8,2,FULL,04-09-2025,16:48:31,04-09-2025,16:48:31,04-09-2025,16:49:42,COMPLETED,0,1
79KWH,8,3,FULL,04-09-2025,16:48:44,04-09-2025,16:50:16,04-09-2025,16:52:31,COMPLETED,0,1
79KWH,8,1,FULL,04-09-2025,16:49:17,04-09-2025,16:49:18,04-09-2025,16:51:22,COMPLETED,0,1
79KWH,8,2,FULL,04-09-2025,16:51:23,04-09-2025,16:51:25,04-09-2025,16:52:38,COMPLETED,0,1
79KWH,8,1,FULL,04-09-2025,16:51:29,04-09-2025,16:51:31,04-09-2025,16:53:34,COMPLETED,0,1
79KWH,8,3,FULL,04-09-2025,16:52:37,04-09-2025,16:52:40,04-09-2025,16:54:08,COMPLETED,0,1
79KWH,8,1,FULL,04-09-2025,16:53:50,04-09-2025,16:53:50,04-09-2025,16:55:56,COMPLETED,0,1
79KWH,8,2,FULL,04-09-2025,16:54:05,04-09-2025,16:54:06,04-09-2025,16:55:17,COMPLETED,0,1
79KWH,8,3,FULL,04-09-2025,16:54:24,04-09-2025,16:56:00,04-09-2025,16:58:12,COMPLETED,0,1
79KWH,8,1,FULL,04-09-2025,16:56:02,04-09-2025,16:56:05,04-09-2025,17:12:38,COMPLETED,0,1
79KWH,8,2,FULL,04-09-2025,16:56:58,04-09-2025,16:56:59,04-09-2025,16:58:12,COMPLETED,0,1
79KWH,8,3,FULL,04-09-2025,16:58:19,04-09-2025,16:58:21,04-09-2025,16:59:50,COMPLETED,0,1
79KWH,8,2,FULL,04-09-2025,16:59:42,04-09-2025,16:59:43,04-09-2025,17:00:54,COMPLETED,0,1
79KWH,8,3,FULL,04-09-2025,17:00:06,04-09-2025,17:01:38,04-09-2025,17:03:49,COMPLETED,0,1
79KWH,8,2,FULL,04-09-2025,17:02:34,04-09-2025,17:02:35,04-09-2025,17:03:48,COMPLETED,0,1
79KWH,8,3,FULL,04-09-2025,17:03:55,04-09-2025,17:05:46,04-09-2025,17:07:55,COMPLETED,0,1
79KWH,8,2,FULL,04-09-2025,17:05:18,04-09-2025,17:05:18,04-09-2025,17:06:29,COMPLETED,0,1
79KWH,8,2,FULL,04-09-2025,17:08:07,04-09-2025,17:08:08,04-09-2025,17:09:21,COMPLETED,0,1
79KWH,8,3,FULL,04-09-2025,17:08:12,04-09-2025,17:09:44,04-09-2025,17:11:57,COMPLETED,0,1
79KWH,8,2,FULL,04-09-2025,17:10:52,04-09-2025,17:10:53,04-09-2025,17:12:04,COMPLETED,0,1
79KWH,8,3,FULL,04-09-2025,17:12:03,04-09-2025,17:13:49,04-09-2025,17:15:59,COMPLETED,0,1
79KWH,8,2,FULL,04-09-2025,17:12:46,04-09-2025,17:12:46,04-09-2025,17:13:59,COMPLETED,0,1
79KWH,8,1,FULL,04-09-2025,17:12:53,04-09-2025,17:12:53,04-09-2025,17:15:01,COMPLETED,0,1
79KWH,8,2,FULL,04-09-2025,17:14:36,04-09-2025,17:14:36,04-09-2025,17:15:48,COMPLETED,0,1
79KWH,8,1,FULL,04-09-2025,17:15:08,04-09-2025,17:15:10,04-09-2025,17:17:17,COMPLETED,0,1
79KWH,8,3,FULL,04-09-2025,17:16:20,04-09-2025,17:17:45,04-09-2025,17:19:58,COMPLETED,0,1
79KWH,8,1,FULL,04-09-2025,17:17:32,04-09-2025,17:17:32,04-09-2025,17:19:42,COMPLETED,0,1
79KWH,8,2,FULL,04-09-2025,17:19:28,04-09-2025,17:19:29,04-09-2025,17:20:42,COMPLETED,0,1
79KWH,8,1,FULL,04-09-2025,17:19:48,04-09-2025,17:19:50,04-09-2025,17:21:59,COMPLETED,0,1
79KWH,8,3,FULL,04-09-2025,17:20:04,04-09-2025,17:20:07,04-09-2025,17:21:40,COMPLETED,0,1
79KWH,8,3,FULL,04-09-2025,17:21:57,04-09-2025,17:23:33,04-09-2025,17:25:48,COMPLETED,0,1
79KWH,8,2,FULL,04-09-2025,17:22:11,04-09-2025,17:22:12,04-09-2025,17:23:23,COMPLETED,0,1
79KWH,8,1,FULL,04-09-2025,17:22:14,04-09-2025,17:22:15,04-09-2025,17:24:27,COMPLETED,0,1
79KWH,8,1,FULL,04-09-2025,17:24:33,04-09-2025,17:24:36,04-09-2025,17:26:46,COMPLETED,0,1
79KWH,8,2,FULL,04-09-2025,17:25:04,04-09-2025,17:25:05,04-09-2025,17:26:19,COMPLETED,0,1
79KWH,8,3,FULL,04-09-2025,17:25:53,04-09-2025,17:25:56,04-09-2025,17:27:30,COMPLETED,0,1
79KWH,8,1,FULL,04-09-2025,17:27:01,04-09-2025,17:27:02,04-09-2025,17:29:15,COMPLETED,0,1
79KWH,8,3,FULL,04-09-2025,17:27:45,04-09-2025,17:29:16,04-09-2025,17:31:31,COMPLETED,0,1
79KWH,8,2,FULL,04-09-2025,17:27:46,04-09-2025,17:27:47,04-09-2025,17:28:58,COMPLETED,0,1
79KWH,8,1,FULL,04-09-2025,17:29:22,04-09-2025,17:29:24,04-09-2025,17:31:42,COMPLETED,0,1
79KWH,8,2,FULL,04-09-2025,17:30:39,04-09-2025,17:30:40,04-09-2025,17:31:54,COMPLETED,0,1
79KWH,8,3,FULL,04-09-2025,17:31:37,04-09-2025,17:33:22,04-09-2025,17:35:34,COMPLETED,0,1
79KWH,8,1,FULL,04-09-2025,17:31:56,04-09-2025,17:31:58,04-09-2025,17:34:19,COMPLETED,0,1
79KWH,8,2,FULL,04-09-2025,17:33:21,04-09-2025,17:33:22,04-09-2025,17:34:34,COMPLETED,0,1
79KWH,8,1,FULL,04-09-2025,17:34:25,04-09-2025,17:34:28,04-09-2025,17:37:10,COMPLETED,0,1
79KWH,8,3,FULL,04-09-2025,17:35:49,04-09-2025,17:37:19,04-09-2025,17:39:34,COMPLETED,0,1
79KWH,8,2,FULL,04-09-2025,17:36:24,04-09-2025,17:36:24,04-09-2025,17:37:37,COMPLETED,0,1
79KWH,8,1,FULL,04-09-2025,17:37:26,04-09-2025,17:37:26,04-09-2025,17:39:44,COMPLETED,0,1
79KWH,8,2,FULL,04-09-2025,17:39:07,04-09-2025,17:39:09,04-09-2025,17:40:20,COMPLETED,0,1
79KWH,8,3,FULL,04-09-2025,17:39:40,04-09-2025,17:39:43,04-09-2025,17:41:18,COMPLETED,0,1
79KWH,8,1,FULL,04-09-2025,17:39:51,04-09-2025,17:39:54,04-09-2025,17:42:10,COMPLETED,0,1
79KWH,8,3,FULL,04-09-2025,17:41:32,04-09-2025,17:43:10,04-09-2025,17:45:25,COMPLETED,0,1
79KWH,8,2,FULL,04-09-2025,17:41:59,04-09-2025,17:42:00,04-09-2025,17:43:13,COMPLETED,0,1
79KWH,8,1,FULL,04-09-2025,17:42:25,04-09-2025,17:42:25,04-09-2025,17:44:45,COMPLETED,0,1
79KWH,8,2,FULL,04-09-2025,17:44:42,04-09-2025,17:44:43,04-09-2025,17:45:54,COMPLETED,0,1
79KWH,8,1,FULL,04-09-2025,17:44:51,04-09-2025,17:44:54,04-09-2025,17:47:12,COMPLETED,0,1
79KWH,8,3,FULL,04-09-2025,17:45:31,04-09-2025,17:45:35,04-09-2025,17:47:13,COMPLETED,0,1
79KWH,8,1,FULL,04-09-2025,17:47:29,04-09-2025,17:47:29,04-09-2025,17:49:51,COMPLETED,0,1
79KWH,8,3,FULL,04-09-2025,17:47:30,04-09-2025,17:48:56,04-09-2025,17:51:11,COMPLETED,0,1
79KWH,8,2,FULL,04-09-2025,17:47:35,04-09-2025,17:47:35,04-09-2025,17:48:48,COMPLETED,0,1
79KWH,8,1,FULL,04-09-2025,17:49:57,04-09-2025,17:50:00,04-09-2025,17:52:53,COMPLETED,0,1
79KWH,8,2,FULL,04-09-2025,17:50:17,04-09-2025,17:50:19,04-09-2025,17:51:30,COMPLETED,0,1
79KWH,8,3,FULL,04-09-2025,17:51:17,04-09-2025,17:53:05,04-09-2025,17:55:18,COMPLETED,0,1
79KWH,8,1,FULL,04-09-2025,17:53:09,04-09-2025,17:53:10,04-09-2025,17:55:33,COMPLETED,0,1
79KWH,8,2,FULL,04-09-2025,17:53:10,04-09-2025,17:53:10,04-09-2025,17:54:24,COMPLETED,0,1
79KWH,8,2,FULL,04-09-2025,17:55:15,04-09-2025,17:55:15,04-09-2025,17:56:26,COMPLETED,0,1
79KWH,8,3,FULL,04-09-2025,17:55:33,04-09-2025,17:57:04,04-09-2025,17:59:20,COMPLETED,0,1
79KWH,8,1,FULL,04-09-2025,17:55:39,04-09-2025,17:55:42,04-09-2025,17:58:05,COMPLETED,0,1
79KWH,8,1,FULL,04-09-2025,17:58:19,04-09-2025,17:58:20,04-09-2025,18:00:45,COMPLETED,0,1
79KWH,8,3,FULL,04-09-2025,17:59:25,04-09-2025,17:59:28,04-09-2025,18:01:12,COMPLETED,0,1
79KWH,8,1,FULL,04-09-2025,18:00:52,04-09-2025,18:00:54,04-09-2025,18:03:18,COMPLETED,0,1
79KWH,8,3,FULL,04-09-2025,18:01:29,04-09-2025,18:03:04,04-09-2025,18:05:22,COMPLETED,0,1
79KWH,8,2,FULL,04-09-2025,18:05:13,04-09-2025,18:05:13,04-09-2025,18:06:27,COMPLETED,0,1
79KWH,8,3,FULL,04-09-2025,18:05:28,04-09-2025,18:05:31,04-09-2025,18:07:10,COMPLETED,0,1
79KWH,8,1,FULL,04-09-2025,18:06:50,04-09-2025,18:06:51,04-09-2025,18:09:19,COMPLETED,0,1
79KWH,8,3,FULL,04-09-2025,18:07:27,04-09-2025,18:08:55,04-09-2025,18:11:13,COMPLETED,0,1
79KWH,8,2,FULL,04-09-2025,18:08:01,04-09-2025,18:08:02,04-09-2025,18:09:13,COMPLETED,0,1
79KWH,8,1,FULL,04-09-2025,18:09:26,04-09-2025,18:09:28,04-09-2025,18:45:06,COMPLETED,0,1
79KWH,8,2,FULL,04-09-2025,18:10:49,04-09-2025,18:10:49,04-09-2025,18:12:03,COMPLETED,0,1
79KWH,8,3,FULL,04-09-2025,18:11:20,04-09-2025,18:11:21,04-09-2025,18:13:01,COMPLETED,0,1
79KWH,8,3,FULL,04-09-2025,18:13:17,04-09-2025,18:14:51,04-09-2025,18:17:09,COMPLETED,0,1
79KWH,8,2,FULL,04-09-2025,18:13:38,04-09-2025,18:13:38,04-09-2025,18:14:50,COMPLETED,0,1
79KWH,8,2,FULL,04-09-2025,18:16:23,04-09-2025,18:16:24,04-09-2025,18:17:39,COMPLETED,0,1
79KWH,8,3,FULL,04-09-2025,18:17:16,04-09-2025,18:18:52,04-09-2025,18:21:08,COMPLETED,0,1
79KWH,8,2,FULL,04-09-2025,18:19:13,04-09-2025,18:19:14,04-09-2025,18:20:27,COMPLETED,0,1
79KWH,8,3,FULL,04-09-2025,18:21:24,04-09-2025,18:22:53,04-09-2025,18:25:12,COMPLETED,0,1
79KWH,8,3,FULL,04-09-2025,18:25:18,04-09-2025,18:25:22,04-09-2025,18:27:05,COMPLETED,0,1
79KWH,8,3,FULL,04-09-2025,18:27:21,04-09-2025,18:28:44,04-09-2025,18:31:05,COMPLETED,0,1
79KWH,8,3,FULL,04-09-2025,18:43:53,04-09-2025,18:44:04,04-09-2025,18:46:22,COMPLETED,0,1
79KWH,8,2,FULL,04-09-2025,18:44:03,04-09-2025,18:44:03,04-09-2025,18:45:17,COMPLETED,0,1
79KWH,8,1,FULL,04-09-2025,18:45:21,04-09-2025,18:45:22,04-09-2025,18:47:59,COMPLETED,0,1
79KWH,8,3,FULL,04-09-2025,18:46:47,04-09-2025,18:48:05,04-09-2025,18:50:25,COMPLETED,0,1
79KWH,8,2,FULL,04-09-2025,18:46:52,04-09-2025,18:46:53,04-09-2025,18:48:06,COMPLETED,0,1
79KWH,8,1,FULL,04-09-2025,18:48:05,04-09-2025,18:48:08,04-09-2025,18:50:37,COMPLETED,0,1
79KWH,8,2,FULL,04-09-2025,18:48:45,04-09-2025,18:48:45,04-09-2025,18:50:02,COMPLETED,0,1
79KWH,8,3,FULL,04-09-2025,18:50:31,04-09-2025,18:50:33,04-09-2025,18:52:18,COMPLETED,0,1
79KWH,8,1,FULL,04-09-2025,18:50:52,04-09-2025,18:50:53,04-09-2025,18:53:26,COMPLETED,0,1
79KWH,8,2,FULL,04-09-2025,18:51:28,04-09-2025,18:51:29,04-09-2025,18:52:43,COMPLETED,0,1
79KWH,8,3,FULL,04-09-2025,18:52:33,04-09-2025,18:54:05,04-09-2025,18:56:25,COMPLETED,0,1
79KWH,8,1,FULL,04-09-2025,18:53:32,04-09-2025,18:53:34,04-09-2025,18:56:06,COMPLETED,0,1
79KWH,8,2,FULL,04-09-2025,18:54:21,04-09-2025,18:54:22,04-09-2025,18:55:38,COMPLETED,0,1
79KWH,8,1,FULL,04-09-2025,18:56:21,04-09-2025,18:56:22,04-09-2025,18:58:56,COMPLETED,0,1
79KWH,8,3,FULL,04-09-2025,18:56:32,04-09-2025,18:58:06,04-09-2025,19:00:25,COMPLETED,0,1
79KWH,8,2,FULL,04-09-2025,18:57:03,04-09-2025,18:57:04,04-09-2025,18:58:20,COMPLETED,0,1
79KWH,8,1,FULL,04-09-2025,18:59:03,04-09-2025,18:59:05,04-09-2025,19:01:39,COMPLETED,0,1
79KWH,8,2,FULL,04-09-2025,18:59:55,04-09-2025,18:59:57,04-09-2025,19:01:14,COMPLETED,0,1
79KWH,8,3,FULL,04-09-2025,19:00:41,04-09-2025,19:02:12,04-09-2025,19:04:32,COMPLETED,0,1
79KWH,8,1,FULL,04-09-2025,19:01:53,04-09-2025,19:01:54,04-09-2025,19:04:31,COMPLETED,0,1
79KWH,8,2,FULL,04-09-2025,19:02:38,04-09-2025,19:02:40,04-09-2025,19:03:56,COMPLETED,0,1
79KWH,8,1,FULL,04-09-2025,19:04:38,04-09-2025,19:04:40,04-09-2025,19:07:28,COMPLETED,0,1
79KWH,8,3,FULL,04-09-2025,19:04:39,04-09-2025,19:06:14,04-09-2025,19:08:32,COMPLETED,0,1
79KWH,8,2,FULL,04-09-2025,19:05:30,04-09-2025,19:05:30,04-09-2025,19:06:48,COMPLETED,0,1
79KWH,8,1,FULL,04-09-2025,19:07:44,04-09-2025,19:07:45,04-09-2025,19:10:24,COMPLETED,0,1
79KWH,8,2,FULL,04-09-2025,19:08:14,04-09-2025,19:08:14,04-09-2025,19:09:32,COMPLETED,0,1
79KWH,8,3,FULL,04-09-2025,19:08:47,04-09-2025,19:10:16,04-09-2025,19:12:41,COMPLETED,0,1
79KWH,8,1,FULL,04-09-2025,19:10:30,04-09-2025,19:10:33,04-09-2025,19:13:11,COMPLETED,0,1
79KWH,8,2,FULL,04-09-2025,19:11:06,04-09-2025,19:11:08,04-09-2025,19:12:28,COMPLETED,0,1
79KWH,8,3,FULL,04-09-2025,19:12:47,04-09-2025,19:12:51,04-09-2025,19:14:40,COMPLETED,0,1
79KWH,8,1,FULL,04-09-2025,19:13:27,04-09-2025,19:13:27,04-09-2025,19:16:09,COMPLETED,0,1
79KWH,8,2,FULL,04-09-2025,19:13:49,04-09-2025,19:13:50,04-09-2025,19:15:07,COMPLETED,0,1
79KWH,8,3,FULL,04-09-2025,19:14:56,04-09-2025,19:16:20,04-09-2025,19:18:44,COMPLETED,0,1
79KWH,8,1,FULL,04-09-2025,19:16:15,04-09-2025,19:16:17,04-09-2025,19:19:07,COMPLETED,0,1
79KWH,8,3,FULL,04-09-2025,19:18:50,04-09-2025,19:20:29,04-09-2025,19:22:49,COMPLETED,0,1
79KWH,8,1,FULL,04-09-2025,19:19:22,04-09-2025,19:19:24,04-09-2025,19:22:06,COMPLETED,0,1
79KWH,8,2,FULL,04-09-2025,19:19:49,04-09-2025,19:19:51,04-09-2025,19:21:13,COMPLETED,0,1
79KWH,8,1,FULL,04-09-2025,19:22:14,04-09-2025,19:22:15,04-09-2025,19:24:55,COMPLETED,0,1
79KWH,8,2,FULL,04-09-2025,19:22:34,04-09-2025,19:22:35,04-09-2025,19:23:54,COMPLETED,0,1
79KWH,8,3,FULL,04-09-2025,19:23:03,04-09-2025,19:24:25,04-09-2025,19:26:48,COMPLETED,0,1
79KWH,8,1,FULL,04-09-2025,19:25:11,04-09-2025,19:25:11,04-09-2025,19:27:56,COMPLETED,0,1
79KWH,8,2,FULL,04-09-2025,19:25:24,04-09-2025,19:25:25,04-09-2025,19:26:46,COMPLETED,0,1
79KWH,8,3,FULL,04-09-2025,19:26:54,04-09-2025,19:26:57,04-09-2025,19:28:49,COMPLETED,0,1
79KWH,8,1,FULL,04-09-2025,19:28:02,04-09-2025,19:28:05,04-09-2025,19:30:48,COMPLETED,0,1
79KWH,8,2,FULL,04-09-2025,19:28:07,04-09-2025,19:28:08,04-09-2025,19:29:28,COMPLETED,0,1
79KWH,8,3,FULL,04-09-2025,19:29:04,04-09-2025,19:30:34,04-09-2025,19:32:58,COMPLETED,0,1
79KWH,8,2,FULL,04-09-2025,19:30:59,04-09-2025,19:31:00,04-09-2025,19:32:25,COMPLETED,0,1
79KWH,8,1,FULL,04-09-2025,19:31:03,04-09-2025,19:31:05,04-09-2025,19:33:51,COMPLETED,0,1
79KWH,8,3,FULL,04-09-2025,19:33:04,04-09-2025,19:34:35,04-09-2025,19:36:56,COMPLETED,0,1
79KWH,8,2,FULL,04-09-2025,19:33:43,04-09-2025,19:33:45,04-09-2025,19:35:06,COMPLETED,0,1
79KWH,8,1,FULL,04-09-2025,19:33:57,04-09-2025,19:34:00,04-09-2025,19:36:44,COMPLETED,0,1
79KWH,8,1,FULL,04-09-2025,19:36:59,04-09-2025,19:37:01,04-09-2025,19:39:50,COMPLETED,0,1
79KWH,8,3,FULL,04-09-2025,19:37:12,04-09-2025,19:38:42,04-09-2025,19:41:10,COMPLETED,0,1
79KWH,8,2,FULL,04-09-2025,19:38:13,04-09-2025,19:38:13,04-09-2025,19:39:38,COMPLETED,0,1
79KWH,8,1,FULL,04-09-2025,19:39:56,04-09-2025,19:39:59,04-09-2025,19:42:45,COMPLETED,0,1
79KWH,8,2,FULL,04-09-2025,19:40:12,04-09-2025,19:40:14,04-09-2025,19:41:37,COMPLETED,0,1
79KWH,8,3,FULL,04-09-2025,19:41:17,04-09-2025,19:41:19,04-09-2025,19:43:18,COMPLETED,0,1
79KWH,8,1,FULL,04-09-2025,19:43:00,04-09-2025,19:43:01,04-09-2025,19:45:52,COMPLETED,0,1
79KWH,8,2,FULL,04-09-2025,19:43:06,04-09-2025,19:43:07,04-09-2025,19:44:34,COMPLETED,0,1
79KWH,8,3,FULL,04-09-2025,19:43:34,04-09-2025,19:44:52,04-09-2025,19:47:17,COMPLETED,0,1
79KWH,8,1,FULL,04-09-2025,19:45:58,04-09-2025,19:47:10,04-09-2025,19:49:48,COMPLETED,0,1
79KWH,8,3,FULL,04-09-2025,19:47:23,04-09-2025,19:47:26,04-09-2025,19:49:21,COMPLETED,0,1
79KWH,8,2,FULL,04-09-2025,19:48:46,04-09-2025,19:49:13,04-09-2025,19:51:21,COMPLETED,0,1
79KWH,8,3,FULL,04-09-2025,19:49:37,04-09-2025,19:51:06,04-09-2025,19:53:36,COMPLETED,0,1
79KWH,8,1,FULL,04-09-2025,19:50:03,04-09-2025,19:51:57,04-09-2025,19:55:33,COMPLETED,0,1
79KWH,8,2,FULL,04-09-2025,19:51:37,04-09-2025,19:53:09,04-09-2025,19:55:37,COMPLETED,0,1
79KWH,8,3,FULL,04-09-2025,19:53:42,04-09-2025,19:55:16,04-09-2025,19:57:38,COMPLETED,0,1
79KWH,8,1,FULL,04-09-2025,19:55:39,04-09-2025,19:55:42,04-09-2025,19:58:34,COMPLETED,0,1
79KWH,8,2,FULL,04-09-2025,19:55:43,04-09-2025,19:57:09,04-09-2025,19:59:35,COMPLETED,0,1
79KWH,8,3,FULL,04-09-2025,19:57:53,04-09-2025,19:59:20,04-09-2025,20:01:45,COMPLETED,0,1
79KWH,8,1,FULL,04-09-2025,19:58:49,04-09-2025,20:00:43,04-09-2025,20:04:20,COMPLETED,0,1
79KWH,8,3,FULL,04-09-2025,20:01:51,04-09-2025,20:01:55,04-09-2025,20:03:52,COMPLETED,0,1
79KWH,8,3,FULL,04-09-2025,20:04:07,04-09-2025,20:05:28,04-09-2025,20:07:54,COMPLETED,0,1
79KWH,8,1,FULL,04-09-2025,20:04:26,04-09-2025,20:04:29,04-09-2025,20:07:22,COMPLETED,0,1
79KWH,8,1,FULL,04-09-2025,20:07:38,04-09-2025,20:09:26,04-09-2025,20:13:05,COMPLETED,0,1
79KWH,8,3,FULL,04-09-2025,20:08:00,04-09-2025,20:08:03,04-09-2025,20:10:01,COMPLETED,0,1
79KWH,8,2,FULL,04-09-2025,20:51:36,04-09-2025,20:52:41,04-09-2025,20:55:09,COMPLETED,0,1
79KWH,8,1,FULL,04-09-2025,20:53:46,04-09-2025,20:53:46,04-09-2025,20:57:22,COMPLETED,0,1
79KWH,8,3,FULL,04-09-2025,20:54:50,04-09-2025,20:54:51,04-09-2025,20:57:18,COMPLETED,0,1
79KWH,8,2,FULL,04-09-2025,20:55:15,04-09-2025,20:55:18,04-09-2025,20:57:21,COMPLETED,0,1
79KWH,8,3,FULL,04-09-2025,20:57:24,04-09-2025,20:57:29,04-09-2025,20:59:28,COMPLETED,0,1
79KWH,8,2,FULL,04-09-2025,20:57:29,04-09-2025,20:57:30,04-09-2025,20:59:37,COMPLETED,0,1
79KWH,8,1,FULL,04-09-2025,20:57:39,04-09-2025,20:59:22,04-09-2025,21:03:02,COMPLETED,0,1
79KWH,8,2,FULL,04-09-2025,21:00:11,04-09-2025,21:00:11,04-09-2025,21:02:16,COMPLETED,0,1
79KWH,8,3,FULL,04-09-2025,21:00:14,04-09-2025,21:00:15,04-09-2025,21:02:21,COMPLETED,0,1
79KWH,8,3,FULL,04-09-2025,21:02:50,04-09-2025,21:02:51,04-09-2025,21:04:55,COMPLETED,0,1
79KWH,8,1,FULL,04-09-2025,21:03:09,04-09-2025,21:03:12,04-09-2025,21:06:10,COMPLETED,0,1
79KWH,8,2,FULL,04-09-2025,21:04:14,04-09-2025,21:04:15,04-09-2025,21:06:23,COMPLETED,0,1
79KWH,8,1,FULL,04-09-2025,21:06:26,04-09-2025,21:06:26,04-09-2025,21:09:26,COMPLETED,0,1
79KWH,8,3,FULL,04-09-2025,21:08:26,04-09-2025,21:08:26,04-09-2025,21:10:29,COMPLETED,0,1
79KWH,8,1,FULL,04-09-2025,21:09:32,04-09-2025,21:09:35,04-09-2025,21:12:35,COMPLETED,0,1
79KWH,8,2,FULL,04-09-2025,21:11:14,04-09-2025,21:11:14,04-09-2025,21:13:20,COMPLETED,0,1
79KWH,8,1,FULL,04-09-2025,21:12:49,04-09-2025,21:14:43,04-09-2025,21:18:24,COMPLETED,0,1
79KWH,8,3,FULL,04-09-2025,21:13:19,04-09-2025,21:13:20,04-09-2025,21:15:21,COMPLETED,0,1
79KWH,8,2,FULL,04-09-2025,21:13:28,04-09-2025,21:13:29,04-09-2025,21:15:18,COMPLETED,0,1
79KWH,8,2,FULL,04-09-2025,21:15:56,04-09-2025,21:15:58,04-09-2025,21:17:23,COMPLETED,0,1
79KWH,8,3,FULL,04-09-2025,21:15:59,04-09-2025,21:16:01,04-09-2025,21:18:09,COMPLETED,0,1
79KWH,8,1,FULL,04-09-2025,21:18:30,04-09-2025,21:18:33,04-09-2025,21:21:34,COMPLETED,0,1
79KWH,8,3,FULL,04-09-2025,21:18:36,04-09-2025,21:18:36,04-09-2025,21:20:43,COMPLETED,0,1
79KWH,8,2,FULL,04-09-2025,21:19:23,04-09-2025,21:19:24,04-09-2025,21:20:52,COMPLETED,0,1
79KWH,8,2,FULL,04-09-2025,21:21:31,04-09-2025,21:21:31,04-09-2025,21:22:58,COMPLETED,0,1
79KWH,8,3,FULL,04-09-2025,21:21:34,04-09-2025,21:21:35,04-09-2025,21:23:40,COMPLETED,0,1
79KWH,8,1,FULL,04-09-2025,21:21:50,04-09-2025,21:23:38,04-09-2025,21:27:26,COMPLETED,0,1
79KWH,8,3,FULL,04-09-2025,21:24:10,04-09-2025,21:24:11,04-09-2025,21:26:15,COMPLETED,0,1
79KWH,8,2,FULL,04-09-2025,21:26:07,04-09-2025,21:26:08,04-09-2025,21:27:38,COMPLETED,0,1
79KWH,8,2,FULL,04-09-2025,21:28:50,04-09-2025,21:28:50,04-09-2025,21:30:18,COMPLETED,0,1
79KWH,8,3,FULL,04-09-2025,21:28:52,04-09-2025,21:28:53,04-09-2025,21:31:11,COMPLETED,0,1
79KWH,8,3,FULL,04-09-2025,21:31:32,04-09-2025,21:31:33,04-09-2025,21:33:41,COMPLETED,0,1
79KWH,8,2,FULL,04-09-2025,21:31:43,04-09-2025,21:31:44,04-09-2025,21:33:14,COMPLETED,0,1
79KWH,8,2,FULL,04-09-2025,21:33:33,04-09-2025,21:33:34,04-09-2025,21:35:03,COMPLETED,0,1
79KWH,8,1,FULL,04-09-2025,21:33:35,04-09-2025,21:33:36,04-09-2025,21:37:40,COMPLETED,0,1
79KWH,8,3,FULL,04-09-2025,21:33:57,04-09-2025,21:33:58,04-09-2025,21:36:11,COMPLETED,0,1
79KWH,8,3,FULL,04-09-2025,21:36:17,04-09-2025,21:36:19,04-09-2025,21:38:25,COMPLETED,0,1
79KWH,8,2,FULL,04-09-2025,21:36:20,04-09-2025,21:36:20,04-09-2025,21:37:53,COMPLETED,0,1
79KWH,8,1,FULL,04-09-2025,21:37:56,04-09-2025,21:39:40,04-09-2025,21:43:24,COMPLETED,0,1
79KWH,8,3,FULL,04-09-2025,21:39:04,04-09-2025,21:39:04,04-09-2025,21:41:13,COMPLETED,0,1
79KWH,8,2,FULL,04-09-2025,21:41:18,04-09-2025,21:41:19,04-09-2025,21:42:50,COMPLETED,0,1
79KWH,8,3,FULL,04-09-2025,21:42:59,04-09-2025,21:42:59,04-09-2025,21:45:06,COMPLETED,0,1
79KWH,8,2,FULL,04-09-2025,21:43:13,04-09-2025,21:43:13,04-09-2025,21:44:47,COMPLETED,0,1
79KWH,8,1,FULL,04-09-2025,21:43:31,04-09-2025,21:43:32,04-09-2025,21:46:37,COMPLETED,0,1
79KWH,8,2,FULL,04-09-2025,21:45:56,04-09-2025,21:46:34,04-09-2025,21:48:45,COMPLETED,0,1
79KWH,8,3,FULL,04-09-2025,21:45:57,04-09-2025,21:46:38,04-09-2025,21:49:10,COMPLETED,0,1
79KWH,8,1,FULL,04-09-2025,21:46:53,04-09-2025,21:48:44,04-09-2025,21:52:28,COMPLETED,0,1
79KWH,8,2,FULL,04-09-2025,21:48:53,04-09-2025,21:50:35,04-09-2025,21:52:47,COMPLETED,0,1
79KWH,8,3,FULL,04-09-2025,21:49:16,04-09-2025,21:49:19,04-09-2025,21:51:32,COMPLETED,0,1
79KWH,8,3,FULL,04-09-2025,21:51:46,04-09-2025,21:53:06,04-09-2025,21:55:42,COMPLETED,0,1
79KWH,8,1,FULL,04-09-2025,21:52:33,04-09-2025,21:54:31,04-09-2025,21:58:13,COMPLETED,0,1
79KWH,8,2,FULL,04-09-2025,21:52:54,04-09-2025,21:52:56,04-09-2025,21:54:30,COMPLETED,0,1
79KWH,8,2,FULL,04-09-2025,21:54:38,04-09-2025,21:56:15,04-09-2025,21:58:46,COMPLETED,0,1
79KWH,8,3,FULL,04-09-2025,21:55:48,04-09-2025,21:55:51,04-09-2025,21:58:01,COMPLETED,0,1
79KWH,8,3,FULL,04-09-2025,21:58:16,04-09-2025,21:59:32,04-09-2025,22:02:09,COMPLETED,0,1
79KWH,8,1,FULL,04-09-2025,21:58:27,04-09-2025,21:58:28,04-09-2025,22:01:39,COMPLETED,0,1
79KWH,8,2,FULL,04-09-2025,21:58:52,04-09-2025,21:58:56,04-09-2025,22:01:03,COMPLETED,0,1
79KWH,8,2,FULL,04-09-2025,22:01:12,04-09-2025,22:01:13,04-09-2025,22:03:04,COMPLETED,0,1
79KWH,8,1,FULL,04-09-2025,22:01:45,04-09-2025,22:01:48,04-09-2025,22:04:57,COMPLETED,0,1
79KWH,8,3,FULL,04-09-2025,22:02:15,04-09-2025,22:02:18,04-09-2025,22:04:33,COMPLETED,0,1
79KWH,8,2,FULL,04-09-2025,22:03:10,04-09-2025,22:03:14,04-09-2025,22:04:48,COMPLETED,0,1
79KWH,8,3,FULL,04-09-2025,22:04:48,04-09-2025,22:06:08,04-09-2025,22:08:45,COMPLETED,0,1
79KWH,8,2,FULL,04-09-2025,22:04:57,04-09-2025,22:04:58,04-09-2025,22:06:35,COMPLETED,0,1
79KWH,8,1,FULL,04-09-2025,22:05:14,04-09-2025,22:05:15,04-09-2025,22:08:27,COMPLETED,0,1
79KWH,8,2,FULL,04-09-2025,22:07:20,04-09-2025,22:07:21,04-09-2025,22:08:56,COMPLETED,0,1
79KWH,8,1,FULL,04-09-2025,22:08:34,04-09-2025,22:08:36,04-09-2025,22:11:46,COMPLETED,0,1
79KWH,8,3,FULL,04-09-2025,22:08:52,04-09-2025,22:08:57,04-09-2025,22:11:13,COMPLETED,0,1
79KWH,8,2,FULL,04-09-2025,22:11:01,04-09-2025,22:11:04,04-09-2025,22:13:19,COMPLETED,0,1
79KWH,8,3,FULL,04-09-2025,22:11:29,04-09-2025,22:12:42,04-09-2025,22:15:16,COMPLETED,0,1
79KWH,8,1,FULL,04-09-2025,22:12:01,04-09-2025,22:13:54,04-09-2025,22:17:41,COMPLETED,0,1
79KWH,8,2,FULL,04-09-2025,22:13:43,04-09-2025,22:15:04,04-09-2025,22:17:15,COMPLETED,0,1
79KWH,8,3,FULL,04-09-2025,22:15:22,04-09-2025,22:15:25,04-09-2025,22:17:42,COMPLETED,0,1
79KWH,8,2,FULL,04-09-2025,22:17:24,04-09-2025,22:17:25,04-09-2025,22:19:20,COMPLETED,0,1
79KWH,8,1,FULL,04-09-2025,22:17:49,04-09-2025,22:19:45,04-09-2025,22:23:30,COMPLETED,0,1
79KWH,8,3,FULL,04-09-2025,22:17:57,04-09-2025,22:19:15,04-09-2025,22:21:53,COMPLETED,0,1
79KWH,8,2,FULL,04-09-2025,22:19:26,04-09-2025,22:19:30,04-09-2025,22:21:39,COMPLETED,0,1
79KWH,8,2,FULL,04-09-2025,22:21:48,04-09-2025,22:21:50,04-09-2025,22:23:44,COMPLETED,0,1
79KWH,8,3,FULL,04-09-2025,22:21:58,04-09-2025,22:22:02,04-09-2025,22:24:16,COMPLETED,0,1
79KWH,8,1,FULL,04-09-2025,22:23:45,04-09-2025,22:23:45,04-09-2025,22:27:02,COMPLETED,0,1
79KWH,8,2,FULL,04-09-2025,22:23:51,04-09-2025,22:23:53,04-09-2025,22:25:30,COMPLETED,0,1
79KWH,8,3,FULL,04-09-2025,22:24:32,04-09-2025,22:25:46,04-09-2025,22:28:24,COMPLETED,0,1
79KWH,8,2,FULL,04-09-2025,22:25:56,04-09-2025,22:25:56,04-09-2025,22:27:37,COMPLETED,0,1
79KWH,8,1,FULL,04-09-2025,22:27:08,04-09-2025,22:27:11,04-09-2025,22:30:25,COMPLETED,0,1
79KWH,8,2,FULL,04-09-2025,22:28:00,04-09-2025,22:28:01,04-09-2025,22:29:39,COMPLETED,0,1
79KWH,8,3,FULL,04-09-2025,22:28:31,04-09-2025,22:29:57,04-09-2025,22:32:30,COMPLETED,0,1
79KWH,8,2,FULL,04-09-2025,22:29:48,04-09-2025,22:29:49,04-09-2025,22:31:29,COMPLETED,0,1
79KWH,8,1,FULL,04-09-2025,22:30:41,04-09-2025,22:32:32,04-09-2025,22:36:22,COMPLETED,0,1
79KWH,8,3,FULL,04-09-2025,22:32:47,04-09-2025,22:32:48,04-09-2025,22:35:06,COMPLETED,0,1
79KWH,8,3,FULL,04-09-2025,22:35:11,04-09-2025,22:35:14,04-09-2025,22:37:35,COMPLETED,0,1
79KWH,8,2,FULL,04-09-2025,22:35:15,04-09-2025,22:35:15,04-09-2025,22:36:53,COMPLETED,0,1
79KWH,8,1,FULL,04-09-2025,22:36:28,04-09-2025,22:36:30,04-09-2025,22:40:18,COMPLETED,0,1
79KWH,8,3,FULL,04-09-2025,22:37:50,04-09-2025,22:37:51,04-09-2025,22:40:13,COMPLETED,0,1
79KWH,8,2,FULL,04-09-2025,22:38:08,04-09-2025,22:38:10,04-09-2025,22:39:53,COMPLETED,0,1
79KWH,8,2,FULL,04-09-2025,22:39:59,04-09-2025,22:40:01,04-09-2025,22:41:42,COMPLETED,0,1
79KWH,8,3,FULL,04-09-2025,22:40:19,04-09-2025,22:40:22,04-09-2025,22:42:43,COMPLETED,0,1
79KWH,8,1,FULL,04-09-2025,22:40:34,04-09-2025,22:42:21,04-09-2025,22:46:16,COMPLETED,0,1
79KWH,8,2,FULL,04-09-2025,22:42:46,04-09-2025,22:42:48,04-09-2025,22:44:31,COMPLETED,0,1
79KWH,8,3,FULL,04-09-2025,22:43:00,04-09-2025,22:43:02,04-09-2025,22:45:26,COMPLETED,0,1
79KWH,8,2,FULL,04-09-2025,22:44:38,04-09-2025,22:44:41,04-09-2025,22:46:21,COMPLETED,0,1
79KWH,8,3,FULL,04-09-2025,22:45:32,04-09-2025,22:45:34,04-09-2025,22:47:56,COMPLETED,0,1
79KWH,8,1,FULL,04-09-2025,22:46:22,04-09-2025,22:46:25,04-09-2025,22:49:58,COMPLETED,0,1
79KWH,8,2,FULL,04-09-2025,22:46:30,04-09-2025,22:46:32,04-09-2025,22:48:16,COMPLETED,0,1
79KWH,8,3,FULL,04-09-2025,22:48:12,04-09-2025,22:48:13,04-09-2025,22:50:38,COMPLETED,0,1
79KWH,8,2,FULL,04-09-2025,22:48:23,04-09-2025,22:48:25,04-09-2025,22:50:08,COMPLETED,0,1
79KWH,8,1,FULL,04-09-2025,22:50:12,04-09-2025,22:50:12,04-09-2025,22:53:35,COMPLETED,0,1
79KWH,8,2,FULL,04-09-2025,22:50:17,04-09-2025,22:50:19,04-09-2025,22:52:03,COMPLETED,0,1
79KWH,8,3,FULL,04-09-2025,22:50:44,04-09-2025,22:50:46,04-09-2025,22:53:10,COMPLETED,0,1
79KWH,8,2,FULL,04-09-2025,22:52:59,04-09-2025,22:53:01,04-09-2025,22:54:44,COMPLETED,0,1
79KWH,8,3,FULL,04-09-2025,22:53:25,04-09-2025,22:53:26,04-09-2025,22:55:52,COMPLETED,0,1
79KWH,8,1,FULL,04-09-2025,22:53:42,04-09-2025,22:53:44,04-09-2025,22:57:11,COMPLETED,0,1
79KWH,8,2,FULL,04-09-2025,22:55:47,04-09-2025,22:57:07,04-09-2025,22:59:25,COMPLETED,0,1
79KWH,8,3,FULL,04-09-2025,22:55:58,04-09-2025,22:56:02,04-09-2025,22:58:26,COMPLETED,0,1
79KWH,8,1,FULL,04-09-2025,22:57:26,04-09-2025,22:59:22,04-09-2025,23:03:13,COMPLETED,0,1
79KWH,8,3,FULL,04-09-2025,22:58:42,04-09-2025,22:59:52,04-09-2025,23:02:30,COMPLETED,0,1
79KWH,8,2,FULL,04-09-2025,22:59:32,04-09-2025,22:59:34,04-09-2025,23:01:19,COMPLETED,0,1
79KWH,8,2,FULL,04-09-2025,23:01:28,04-09-2025,23:02:59,04-09-2025,23:05:30,COMPLETED,0,1
79KWH,8,3,FULL,04-09-2025,23:02:37,04-09-2025,23:04:00,04-09-2025,23:06:40,COMPLETED,0,1
79KWH,8,1,FULL,04-09-2025,23:03:20,04-09-2025,23:03:22,04-09-2025,23:06:45,COMPLETED,0,1
79KWH,8,2,FULL,04-09-2025,23:05:37,04-09-2025,23:05:39,04-09-2025,23:07:48,COMPLETED,0,1
79KWH,8,3,FULL,04-09-2025,23:06:54,04-09-2025,23:08:04,04-09-2025,23:10:47,COMPLETED,0,1
79KWH,8,1,FULL,04-09-2025,23:07:00,04-09-2025,23:08:47,04-09-2025,23:12:40,COMPLETED,0,1
79KWH,8,2,FULL,04-09-2025,23:07:57,04-09-2025,23:07:57,04-09-2025,23:09:58,COMPLETED,0,1
79KWH,8,2,FULL,04-09-2025,23:10:03,04-09-2025,23:10:06,04-09-2025,23:11:53,COMPLETED,0,1
79KWH,8,3,FULL,04-09-2025,23:10:53,04-09-2025,23:10:56,04-09-2025,23:13:23,COMPLETED,0,1
79KWH,8,2,FULL,04-09-2025,23:12:02,04-09-2025,23:13:36,04-09-2025,23:15:56,COMPLETED,0,1
79KWH,8,1,FULL,04-09-2025,23:12:46,04-09-2025,23:14:50,04-09-2025,23:22:36,COMPLETED,0,1
79KWH,8,3,FULL,04-09-2025,23:13:38,04-09-2025,23:14:55,04-09-2025,23:17:33,COMPLETED,0,1
79KWH,8,2,FULL,04-09-2025,23:16:03,04-09-2025,23:16:05,04-09-2025,23:17:52,COMPLETED,0,1
79KWH,8,3,FULL,04-09-2025,23:17:39,04-09-2025,23:17:43,04-09-2025,23:20:11,COMPLETED,0,1
79KWH,8,2,FULL,04-09-2025,23:18:01,04-09-2025,23:19:31,04-09-2025,23:22:02,COMPLETED,0,1
79KWH,8,3,FULL,04-09-2025,23:20:26,04-09-2025,23:21:34,04-09-2025,23:24:17,COMPLETED,0,1
79KWH,8,2,FULL,04-09-2025,23:22:08,04-09-2025,23:22:11,04-09-2025,23:24:21,COMPLETED,0,1
79KWH,8,1,FULL,04-09-2025,23:22:52,04-09-2025,23:22:53,04-09-2025,23:26:20,COMPLETED,0,1
79KWH,8,3,FULL,04-09-2025,23:24:23,04-09-2025,23:24:27,04-09-2025,23:26:55,COMPLETED,0,1
79KWH,8,1,FULL,04-09-2025,23:26:26,04-09-2025,23:26:30,04-09-2025,23:29:57,COMPLETED,0,1
79KWH,8,3,FULL,04-09-2025,23:27:11,04-09-2025,23:27:12,04-09-2025,23:29:38,COMPLETED,0,1
79KWH,8,3,FULL,04-09-2025,23:29:43,04-09-2025,23:29:47,04-09-2025,23:32:17,COMPLETED,0,1
79KWH,8,1,FULL,04-09-2025,23:30:12,04-09-2025,23:32:00,04-09-2025,23:35:56,COMPLETED,0,1
79KWH,8,1,FULL,04-09-2025,23:36:02,04-09-2025,23:38:05,04-09-2025,23:47:30,COMPLETED,0,1
79KWH,8,2,FULL,04-09-2025,23:52:13,04-09-2025,23:52:13,04-09-2025,23:54:45,COMPLETED,0,1
79KWH,8,3,FULL,04-09-2025,23:52:25,04-09-2025,23:52:26,04-09-2025,23:55:12,COMPLETED,0,1
79KWH,8,2,FULL,04-09-2025,23:54:51,04-09-2025,23:54:54,04-09-2025,23:57:05,COMPLETED,0,1
79KWH,8,3,FULL,04-09-2025,23:55:19,04-09-2025,23:55:24,04-09-2025,23:57:55,COMPLETED,0,1
79KWH,8,2,FULL,04-09-2025,23:57:14,04-09-2025,23:58:25,05-09-2025,00:00:46,COMPLETED,0,1
79KWH,8,3,FULL,04-09-2025,23:58:11,04-09-2025,23:59:21,05-09-2025,00:02:04,COMPLETED,0,1
79KWH,8,2,FULL,05-09-2025,00:00:54,05-09-2025,00:00:55,05-09-2025,00:02:46,COMPLETED,0,1
79KWH,8,3,FULL,05-09-2025,00:02:12,05-09-2025,00:02:16,05-09-2025,00:04:56,COMPLETED,0,1
79KWH,8,3,FULL,05-09-2025,00:05:03,05-09-2025,00:05:05,05-09-2025,00:07:38,COMPLETED,0,1
79KWH,8,3,FULL,05-09-2025,00:07:46,05-09-2025,00:07:47,05-09-2025,00:10:24,COMPLETED,0,1
79KWH,8,3,FULL,05-09-2025,15:46:30,05-09-2025,15:46:32,05-09-2025,15:49:15,COMPLETED,0,1
79KWH,8,2,FULL,05-09-2025,15:46:37,05-09-2025,15:46:38,05-09-2025,15:48:56,COMPLETED,0,1
79KWH,8,2,FULL,05-09-2025,15:49:04,05-09-2025,15:49:05,05-09-2025,15:51:06,COMPLETED,0,1
79KWH,8,3,FULL,05-09-2025,15:49:23,05-09-2025,15:52:01,05-09-2025,15:54:49,COMPLETED,0,1
79KWH,8,2,FULL,05-09-2025,15:51:12,05-09-2025,15:51:16,05-09-2025,15:53:27,COMPLETED,0,1
79KWH,8,2,FULL,05-09-2025,15:53:36,05-09-2025,15:54:56,05-09-2025,15:57:29,COMPLETED,0,1
79KWH,8,3,FULL,05-09-2025,15:54:56,05-09-2025,15:55:02,05-09-2025,15:57:37,COMPLETED,0,1
79KWH,8,1,FULL,05-09-2025,15:55:44,05-09-2025,15:55:46,05-09-2025,15:59:42,COMPLETED,0,1
79KWH,8,2,FULL,05-09-2025,15:57:35,05-09-2025,15:57:39,05-09-2025,15:59:52,COMPLETED,0,1
79KWH,8,3,FULL,05-09-2025,15:57:44,05-09-2025,16:00:18,05-09-2025,16:03:07,COMPLETED,0,1
79KWH,8,1,FULL,05-09-2025,15:59:48,05-09-2025,15:59:50,05-09-2025,16:03:26,COMPLETED,0,1
79KWH,8,2,FULL,05-09-2025,16:00:00,05-09-2025,16:00:00,05-09-2025,16:02:16,COMPLETED,0,1
79KWH,8,2,FULL,05-09-2025,16:02:23,05-09-2025,16:02:25,05-09-2025,16:04:40,COMPLETED,0,1
79KWH,8,3,FULL,05-09-2025,16:03:12,05-09-2025,16:03:16,05-09-2025,16:05:52,COMPLETED,0,1
79KWH,8,1,FULL,05-09-2025,16:03:42,05-09-2025,16:03:43,05-09-2025,16:07:21,COMPLETED,0,1
79KWH,8,2,FULL,05-09-2025,16:04:47,05-09-2025,16:04:47,05-09-2025,16:07:05,COMPLETED,0,1
79KWH,8,3,FULL,05-09-2025,16:06:00,05-09-2025,16:06:02,05-09-2025,16:08:41,COMPLETED,0,1
79KWH,8,2,FULL,05-09-2025,16:07:10,05-09-2025,16:07:13,05-09-2025,16:09:29,COMPLETED,0,1
79KWH,8,1,FULL,05-09-2025,16:07:27,05-09-2025,16:07:29,05-09-2025,16:11:02,COMPLETED,0,1
79KWH,8,3,FULL,05-09-2025,16:08:46,05-09-2025,16:08:51,05-09-2025,16:11:27,COMPLETED,0,1
79KWH,8,2,FULL,05-09-2025,16:09:58,05-09-2025,16:09:59,05-09-2025,16:12:18,COMPLETED,0,1
79KWH,8,1,FULL,05-09-2025,16:11:18,05-09-2025,16:11:19,05-09-2025,16:14:54,COMPLETED,0,1
79KWH,8,3,FULL,05-09-2025,16:11:35,05-09-2025,16:11:36,05-09-2025,16:14:16,COMPLETED,0,1
79KWH,8,2,FULL,05-09-2025,16:13:27,05-09-2025,16:13:28,05-09-2025,16:15:46,COMPLETED,0,1
79KWH,8,3,FULL,05-09-2025,16:14:22,05-09-2025,16:14:26,05-09-2025,16:45:00,COMPLETED,0,1
79KWH,8,1,FULL,05-09-2025,16:15:01,05-09-2025,16:15:04,05-09-2025,16:18:37,COMPLETED,0,1
79KWH,8,2,FULL,05-09-2025,16:16:22,05-09-2025,16:16:23,05-09-2025,16:19:09,COMPLETED,0,1
79KWH,8,1,FULL,05-09-2025,16:18:51,05-09-2025,16:18:52,05-09-2025,16:22:33,COMPLETED,0,1
79KWH,8,1,FULL,05-09-2025,16:22:39,05-09-2025,16:23:56,05-09-2025,16:27:56,COMPLETED,0,1
79KWH,8,1,FULL,05-09-2025,16:28:11,05-09-2025,16:29:21,05-09-2025,16:33:24,COMPLETED,0,1
79KWH,8,2,FULL,05-09-2025,16:28:12,05-09-2025,16:28:12,05-09-2025,16:30:45,COMPLETED,0,1
79KWH,8,2,FULL,05-09-2025,16:30:53,05-09-2025,16:32:10,05-09-2025,16:34:47,COMPLETED,0,1
79KWH,8,1,FULL,05-09-2025,16:33:30,05-09-2025,16:33:34,05-09-2025,16:37:17,COMPLETED,0,1
79KWH,8,2,FULL,05-09-2025,16:34:54,05-09-2025,16:34:56,05-09-2025,16:37:16,COMPLETED,0,1
79KWH,8,2,FULL,05-09-2025,16:37:25,05-09-2025,16:37:26,05-09-2025,16:39:48,COMPLETED,0,1
79KWH,8,1,FULL,05-09-2025,16:37:33,05-09-2025,16:37:33,05-09-2025,16:41:15,COMPLETED,0,1
79KWH,8,2,FULL,05-09-2025,16:39:54,05-09-2025,16:39:57,05-09-2025,16:42:16,COMPLETED,0,1
79KWH,8,1,FULL,05-09-2025,16:41:21,05-09-2025,16:41:24,05-09-2025,16:45:10,COMPLETED,0,1
79KWH,8,2,FULL,05-09-2025,16:42:25,05-09-2025,16:42:26,05-09-2025,16:44:49,COMPLETED,0,1
79KWH,8,2,FULL,05-09-2025,16:44:55,05-09-2025,16:46:11,05-09-2025,16:48:47,COMPLETED,0,1
79KWH,8,3,FULL,05-09-2025,16:45:08,05-09-2025,16:47:48,05-09-2025,16:50:37,COMPLETED,0,1
79KWH,8,1,FULL,05-09-2025,16:45:24,05-09-2025,16:46:33,05-09-2025,16:50:42,COMPLETED,0,1
79KWH,8,2,FULL,05-09-2025,16:48:55,05-09-2025,16:50:12,05-09-2025,16:52:51,COMPLETED,0,1
79KWH,8,3,FULL,05-09-2025,16:50:43,05-09-2025,16:53:25,05-09-2025,16:56:13,COMPLETED,0,1
79KWH,8,1,FULL,05-09-2025,16:50:49,05-09-2025,16:50:52,05-09-2025,16:54:39,COMPLETED,0,1
79KWH,8,2,FULL,05-09-2025,16:52:57,05-09-2025,16:53:00,05-09-2025,16:55:22,COMPLETED,0,1
79KWH,8,1,FULL,05-09-2025,16:54:53,05-09-2025,16:54:54,05-09-2025,16:58:45,COMPLETED,0,1
79KWH,8,2,FULL,05-09-2025,16:55:30,05-09-2025,16:55:31,05-09-2025,16:57:56,COMPLETED,0,1
79KWH,8,3,FULL,05-09-2025,16:56:21,05-09-2025,16:56:23,05-09-2025,16:59:06,COMPLETED,0,1
79KWH,8,2,FULL,05-09-2025,16:58:03,05-09-2025,16:58:05,05-09-2025,17:00:27,COMPLETED,0,1
79KWH,8,1,FULL,05-09-2025,16:58:52,05-09-2025,16:58:57,05-09-2025,17:02:46,COMPLETED,0,1
79KWH,8,3,FULL,05-09-2025,16:59:12,05-09-2025,16:59:17,05-09-2025,17:01:58,COMPLETED,0,1
79KWH,8,2,FULL,05-09-2025,17:00:35,05-09-2025,17:00:35,05-09-2025,17:03:02,COMPLETED,0,1
79KWH,8,3,FULL,05-09-2025,17:02:06,05-09-2025,17:04:52,05-09-2025,17:07:42,COMPLETED,0,1
79KWH,8,1,FULL,05-09-2025,17:03:01,05-09-2025,17:03:02,05-09-2025,17:06:59,COMPLETED,0,1
79KWH,8,2,FULL,05-09-2025,17:03:08,05-09-2025,17:03:10,05-09-2025,17:05:35,COMPLETED,0,1
79KWH,8,2,FULL,05-09-2025,17:05:44,05-09-2025,17:05:44,05-09-2025,17:08:12,COMPLETED,0,1
79KWH,8,1,FULL,05-09-2025,17:07:06,05-09-2025,17:07:12,05-09-2025,17:13:17,COMPLETED,0,1
79KWH,8,3,FULL,05-09-2025,17:07:48,05-09-2025,17:07:55,05-09-2025,17:10:36,COMPLETED,0,1
79KWH,8,2,FULL,05-09-2025,17:08:18,05-09-2025,17:08:21,05-09-2025,17:10:48,COMPLETED,0,1
79KWH,8,3,FULL,05-09-2025,17:10:44,05-09-2025,17:10:47,05-09-2025,17:13:31,COMPLETED,0,1
79KWH,8,2,FULL,05-09-2025,17:10:56,05-09-2025,17:10:57,05-09-2025,17:13:28,COMPLETED,0,1
79KWH,8,1,FULL,05-09-2025,17:13:32,05-09-2025,17:14:50,05-09-2025,17:54:18,COMPLETED,0,1
79KWH,8,2,FULL,05-09-2025,17:13:34,05-09-2025,17:13:37,05-09-2025,17:16:06,COMPLETED,0,1
79KWH,8,3,FULL,05-09-2025,17:13:37,05-09-2025,17:13:41,05-09-2025,17:16:23,COMPLETED,0,1
79KWH,8,2,FULL,05-09-2025,17:16:14,05-09-2025,17:16:15,05-09-2025,17:18:46,COMPLETED,0,1
79KWH,8,3,FULL,05-09-2025,17:16:31,05-09-2025,17:19:08,05-09-2025,17:22:00,COMPLETED,0,1
79KWH,8,2,FULL,05-09-2025,17:18:52,05-09-2025,17:18:54,05-09-2025,17:21:23,COMPLETED,0,1
79KWH,8,2,FULL,05-09-2025,17:21:32,05-09-2025,17:21:32,05-09-2025,17:24:03,COMPLETED,0,1
79KWH,8,3,FULL,05-09-2025,17:22:06,05-09-2025,17:22:12,05-09-2025,17:24:56,COMPLETED,0,1
79KWH,8,2,FULL,05-09-2025,17:24:10,05-09-2025,17:24:14,05-09-2025,17:26:43,COMPLETED,0,1
79KWH,8,3,FULL,05-09-2025,17:25:04,05-09-2025,17:25:06,05-09-2025,17:27:53,COMPLETED,0,1
79KWH,8,2,FULL,05-09-2025,17:26:51,05-09-2025,17:26:53,05-09-2025,17:29:26,COMPLETED,0,1
79KWH,8,3,FULL,05-09-2025,17:27:59,05-09-2025,17:28:02,05-09-2025,17:50:50,COMPLETED,0,1
79KWH,8,2,FULL,05-09-2025,17:29:33,05-09-2025,17:29:35,05-09-2025,17:52:00,COMPLETED,0,1
79KWH,8,3,FULL,05-09-2025,17:50:58,05-09-2025,17:50:59,05-09-2025,17:53:47,COMPLETED,0,1
79KWH,8,2,FULL,05-09-2025,17:52:07,05-09-2025,17:52:08,05-09-2025,17:54:43,COMPLETED,0,1
79KWH,8,3,FULL,05-09-2025,17:53:53,05-09-2025,17:53:59,05-09-2025,17:56:45,COMPLETED,0,1
79KWH,8,1,FULL,05-09-2025,17:54:24,05-09-2025,17:54:26,05-09-2025,17:58:34,COMPLETED,0,1
79KWH,8,3,FULL,05-09-2025,17:56:52,05-09-2025,17:56:52,05-09-2025,17:59:41,COMPLETED,0,1
79KWH,8,2,FULL,05-09-2025,17:57:57,05-09-2025,17:57:58,05-09-2025,18:00:31,COMPLETED,0,1
79KWH,8,1,FULL,05-09-2025,17:58:49,05-09-2025,17:59:58,05-09-2025,18:04:08,COMPLETED,0,1
79KWH,8,3,FULL,05-09-2025,17:59:47,05-09-2025,17:59:55,05-09-2025,18:02:41,COMPLETED,0,1
79KWH,8,2,FULL,05-09-2025,18:02:47,05-09-2025,18:02:48,05-09-2025,18:05:23,COMPLETED,0,1
79KWH,8,3,FULL,05-09-2025,18:02:49,05-09-2025,18:02:50,05-09-2025,18:05:41,COMPLETED,0,1
79KWH,8,1,FULL,05-09-2025,18:04:15,05-09-2025,18:04:17,05-09-2025,18:08:43,COMPLETED,0,1
79KWH,8,2,FULL,05-09-2025,18:05:30,05-09-2025,18:05:31,05-09-2025,18:08:06,COMPLETED,0,1
79KWH,8,3,FULL,05-09-2025,18:05:47,05-09-2025,18:05:53,05-09-2025,18:08:38,COMPLETED,0,1
79KWH,8,2,FULL,05-09-2025,18:08:13,05-09-2025,18:08:13,05-09-2025,18:10:50,COMPLETED,0,1
79KWH,8,3,FULL,05-09-2025,18:08:46,05-09-2025,18:08:48,05-09-2025,18:11:35,COMPLETED,0,1
79KWH,8,1,FULL,05-09-2025,18:08:57,05-09-2025,18:10:14,05-09-2025,18:15:24,COMPLETED,0,1
79KWH,8,3,FULL,05-09-2025,18:11:41,05-09-2025,18:11:44,05-09-2025,18:14:29,COMPLETED,0,1
79KWH,8,3,FULL,05-09-2025,18:14:38,05-09-2025,18:14:38,05-09-2025,18:17:32,COMPLETED,0,1
79KWH,8,1,FULL,05-09-2025,18:15:30,05-09-2025,18:16:55,05-09-2025,18:27:12,COMPLETED,0,1
79KWH,8,3,FULL,05-09-2025,18:17:38,05-09-2025,18:17:44,05-09-2025,18:20:36,COMPLETED,0,1
79KWH,8,3,FULL,05-09-2025,18:25:37,05-09-2025,18:25:38,05-09-2025,18:28:32,COMPLETED,0,1
79KWH,8,2,FULL,05-09-2025,18:25:47,05-09-2025,18:25:47,05-09-2025,18:28:21,COMPLETED,0,1
79KWH,8,1,FULL,05-09-2025,18:27:26,05-09-2025,18:28:42,05-09-2025,18:32:50,COMPLETED,0,1
79KWH,8,2,FULL,05-09-2025,18:28:33,05-09-2025,18:29:33,05-09-2025,18:31:55,COMPLETED,0,1
79KWH,8,3,FULL,05-09-2025,18:28:38,05-09-2025,18:31:28,05-09-2025,18:34:21,COMPLETED,0,1
79KWH,8,2,FULL,05-09-2025,18:32:01,05-09-2025,18:33:39,05-09-2025,18:35:59,COMPLETED,0,1
79KWH,8,1,FULL,05-09-2025,18:32:55,05-09-2025,18:32:58,05-09-2025,18:38:44,COMPLETED,0,1
79KWH,8,3,FULL,05-09-2025,18:34:30,05-09-2025,18:34:31,05-09-2025,18:36:28,COMPLETED,0,1
79KWH,8,2,FULL,05-09-2025,18:36:06,05-09-2025,18:37:35,05-09-2025,18:40:20,COMPLETED,0,1
79KWH,8,3,FULL,05-09-2025,18:36:35,05-09-2025,18:38:34,05-09-2025,18:40:31,COMPLETED,0,1
79KWH,8,1,FULL,05-09-2025,18:38:59,05-09-2025,18:40:09,05-09-2025,18:44:23,COMPLETED,0,1
79KWH,8,2,FULL,05-09-2025,18:40:26,05-09-2025,18:40:28,05-09-2025,18:43:05,COMPLETED,0,1
79KWH,8,3,FULL,05-09-2025,18:40:39,05-09-2025,18:42:38,05-09-2025,18:44:36,COMPLETED,0,1
79KWH,8,2,FULL,05-09-2025,18:43:13,05-09-2025,18:44:20,05-09-2025,18:46:43,COMPLETED,0,1
79KWH,8,1,FULL,05-09-2025,18:44:30,05-09-2025,18:44:31,05-09-2025,18:48:27,COMPLETED,0,1
79KWH,8,3,FULL,05-09-2025,18:44:43,05-09-2025,18:46:44,05-09-2025,18:48:39,COMPLETED,0,1
79KWH,8,2,FULL,05-09-2025,18:46:49,05-09-2025,18:46:52,05-09-2025,18:48:42,COMPLETED,0,1
79KWH,8,1,FULL,05-09-2025,18:48:42,05-09-2025,18:49:56,05-09-2025,18:54:11,COMPLETED,0,1
79KWH,8,3,FULL,05-09-2025,18:48:47,05-09-2025,18:50:49,05-09-2025,18:52:46,COMPLETED,0,1
79KWH,8,2,FULL,05-09-2025,18:48:51,05-09-2025,18:50:20,05-09-2025,18:53:06,COMPLETED,0,1
79KWH,8,3,FULL,05-09-2025,18:52:52,05-09-2025,18:52:56,05-09-2025,18:53:59,COMPLETED,0,1
79KWH,8,2,FULL,05-09-2025,18:53:12,05-09-2025,18:54:22,05-09-2025,18:57:05,COMPLETED,0,1
79KWH,8,3,FULL,05-09-2025,18:54:08,05-09-2025,18:56:06,05-09-2025,18:58:04,COMPLETED,0,1
79KWH,8,1,FULL,05-09-2025,18:54:17,05-09-2025,18:54:21,05-09-2025,18:58:32,COMPLETED,0,1
79KWH,8,2,FULL,05-09-2025,18:57:14,05-09-2025,18:58:19,05-09-2025,19:01:05,COMPLETED,0,1
79KWH,8,3,FULL,05-09-2025,18:58:10,05-09-2025,19:00:14,05-09-2025,19:02:10,COMPLETED,0,1
79KWH,8,1,FULL,05-09-2025,18:58:47,05-09-2025,18:59:55,05-09-2025,19:04:05,COMPLETED,0,1
79KWH,8,2,FULL,05-09-2025,19:01:14,05-09-2025,19:02:23,05-09-2025,19:05:07,COMPLETED,0,1
79KWH,8,3,FULL,05-09-2025,19:02:18,05-09-2025,19:04:16,05-09-2025,19:06:14,COMPLETED,0,1
79KWH,8,1,FULL,05-09-2025,19:04:12,05-09-2025,19:04:14,05-09-2025,19:12:01,COMPLETED,0,1
79KWH,8,2,FULL,05-09-2025,19:05:15,05-09-2025,19:06:20,05-09-2025,19:09:05,COMPLETED,0,1
79KWH,8,3,FULL,05-09-2025,19:06:21,05-09-2025,19:06:23,05-09-2025,19:07:26,COMPLETED,0,1
79KWH,8,3,FULL,05-09-2025,19:07:34,05-09-2025,19:09:34,05-09-2025,19:11:33,COMPLETED,0,1
79KWH,8,2,FULL,05-09-2025,19:09:11,05-09-2025,19:09:15,05-09-2025,19:11:54,COMPLETED,0,1
79KWH,8,3,FULL,05-09-2025,19:11:39,05-09-2025,19:13:40,05-09-2025,19:15:36,COMPLETED,0,1
79KWH,8,2,FULL,05-09-2025,19:12:01,05-09-2025,19:12:03,05-09-2025,19:14:21,COMPLETED,0,1
79KWH,8,1,FULL,05-09-2025,19:12:16,05-09-2025,19:13:30,05-09-2025,19:17:40,COMPLETED,0,1
79KWH,8,2,FULL,05-09-2025,19:14:26,05-09-2025,19:14:29,05-09-2025,19:16:22,COMPLETED,0,1
79KWH,8,3,FULL,05-09-2025,19:15:44,05-09-2025,19:17:42,05-09-2025,19:19:46,COMPLETED,0,1
79KWH,8,2,FULL,05-09-2025,19:16:30,05-09-2025,19:16:31,05-09-2025,19:18:27,COMPLETED,0,1
79KWH,8,1,FULL,05-09-2025,19:17:47,05-09-2025,19:17:50,05-09-2025,19:22:16,COMPLETED,0,1
79KWH,8,2,FULL,05-09-2025,19:18:33,05-09-2025,19:18:36,05-09-2025,19:20:29,COMPLETED,0,1
79KWH,8,3,FULL,05-09-2025,19:19:53,05-09-2025,19:21:44,05-09-2025,19:23:40,COMPLETED,0,1
79KWH,8,2,FULL,05-09-2025,19:20:37,05-09-2025,19:22:11,05-09-2025,19:24:35,COMPLETED,0,1
79KWH,8,1,FULL,05-09-2025,19:22:32,05-09-2025,19:23:42,05-09-2025,19:27:54,COMPLETED,0,1
79KWH,8,3,FULL,05-09-2025,19:24:08,05-09-2025,19:25:48,05-09-2025,19:27:46,COMPLETED,0,1
79KWH,8,2,FULL,05-09-2025,19:24:41,05-09-2025,19:24:45,05-09-2025,19:26:40,COMPLETED,0,1
79KWH,8,2,FULL,05-09-2025,19:26:48,05-09-2025,19:26:49,05-09-2025,19:29:09,COMPLETED,0,1
79KWH,8,3,FULL,05-09-2025,19:27:52,05-09-2025,19:27:56,05-09-2025,19:28:58,COMPLETED,0,1
79KWH,8,1,FULL,05-09-2025,19:28:01,05-09-2025,19:28:03,05-09-2025,19:32:07,COMPLETED,0,1
79KWH,8,3,FULL,05-09-2025,19:29:06,05-09-2025,19:29:06,05-09-2025,19:30:11,COMPLETED,0,1
79KWH,8,2,FULL,05-09-2025,19:29:15,05-09-2025,19:29:18,05-09-2025,19:31:58,COMPLETED,0,1
79KWH,8,3,FULL,05-09-2025,19:30:18,05-09-2025,19:30:21,05-09-2025,19:31:23,COMPLETED,0,1
79KWH,8,3,FULL,05-09-2025,19:31:32,05-09-2025,19:31:34,05-09-2025,19:32:40,COMPLETED,0,1
79KWH,8,2,FULL,05-09-2025,19:32:07,05-09-2025,19:32:07,05-09-2025,19:34:27,COMPLETED,0,1
79KWH,8,1,FULL,05-09-2025,19:32:22,05-09-2025,19:33:36,05-09-2025,19:37:49,COMPLETED,0,1
79KWH,8,3,FULL,05-09-2025,19:32:46,05-09-2025,19:32:50,05-09-2025,19:33:54,COMPLETED,0,1
79KWH,8,3,FULL,05-09-2025,19:34:03,05-09-2025,19:34:03,05-09-2025,19:35:10,COMPLETED,0,1
79KWH,8,2,FULL,05-09-2025,19:34:33,05-09-2025,19:34:36,05-09-2025,19:36:31,COMPLETED,0,1
79KWH,8,3,FULL,05-09-2025,19:35:16,05-09-2025,19:35:18,05-09-2025,19:36:23,COMPLETED,0,1
79KWH,8,3,FULL,05-09-2025,19:36:31,05-09-2025,19:36:33,05-09-2025,19:37:41,COMPLETED,0,1
79KWH,8,2,FULL,05-09-2025,19:36:39,05-09-2025,19:36:40,05-09-2025,19:38:38,COMPLETED,0,1
79KWH,8,3,FULL,05-09-2025,19:37:48,05-09-2025,19:37:49,05-09-2025,19:38:54,COMPLETED,0,1
79KWH,8,1,FULL,05-09-2025,19:37:56,05-09-2025,19:37:57,05-09-2025,19:42:02,COMPLETED,0,1
79KWH,8,2,FULL,05-09-2025,19:38:45,05-09-2025,19:38:48,05-09-2025,19:40:45,COMPLETED,0,1
79KWH,8,3,FULL,05-09-2025,19:39:02,05-09-2025,19:39:02,05-09-2025,19:40:11,COMPLETED,0,1
79KWH,8,3,FULL,05-09-2025,19:40:17,05-09-2025,19:40:21,05-09-2025,19:41:28,COMPLETED,0,1
79KWH,8,2,FULL,05-09-2025,19:40:54,05-09-2025,19:40:55,05-09-2025,19:42:55,COMPLETED,0,1
79KWH,8,1,FULL,05-09-2025,19:42:17,05-09-2025,19:43:26,05-09-2025,19:47:41,COMPLETED,0,1
79KWH,8,3,FULL,05-09-2025,19:43:09,05-09-2025,19:44:09,05-09-2025,19:46:10,COMPLETED,0,1
79KWH,8,2,FULL,05-09-2025,19:43:14,05-09-2025,19:44:37,05-09-2025,19:47:00,COMPLETED,0,1
79KWH,8,3,FULL,05-09-2025,19:46:15,05-09-2025,19:46:19,05-09-2025,19:47:27,COMPLETED,0,1
79KWH,8,2,FULL,05-09-2025,19:47:09,05-09-2025,19:48:41,05-09-2025,19:51:06,COMPLETED,0,1
79KWH,8,3,FULL,05-09-2025,19:47:34,05-09-2025,19:49:31,05-09-2025,19:51:33,COMPLETED,0,1
79KWH,8,1,FULL,05-09-2025,19:47:47,05-09-2025,19:47:49,05-09-2025,19:51:57,COMPLETED,0,1
79KWH,8,2,FULL,05-09-2025,19:51:12,05-09-2025,19:51:15,05-09-2025,19:53:13,COMPLETED,0,1
79KWH,8,3,FULL,05-09-2025,19:51:39,05-09-2025,19:51:42,05-09-2025,19:52:52,COMPLETED,0,1
79KWH,8,1,FULL,05-09-2025,19:52:12,05-09-2025,19:52:12,05-09-2025,19:56:25,COMPLETED,0,1
79KWH,8,3,FULL,05-09-2025,19:53:00,05-09-2025,19:53:01,05-09-2025,19:54:14,COMPLETED,0,1
79KWH,8,2,FULL,05-09-2025,19:53:23,05-09-2025,19:53:24,05-09-2025,19:55:46,COMPLETED,0,1
79KWH,8,3,FULL,05-09-2025,19:54:21,05-09-2025,19:54:23,05-09-2025,19:55:34,COMPLETED,0,1
79KWH,8,1,FULL,05-09-2025,19:56:32,05-09-2025,19:56:33,05-09-2025,20:00:45,COMPLETED,0,1
79KWH,8,3,FULL,05-09-2025,19:57:20,05-09-2025,19:57:20,05-09-2025,19:58:34,COMPLETED,0,1
79KWH,8,2,FULL,05-09-2025,19:57:27,05-09-2025,19:57:27,05-09-2025,20:00:08,COMPLETED,0,1
79KWH,8,3,FULL,05-09-2025,20:00:02,05-09-2025,20:00:03,05-09-2025,20:01:15,COMPLETED,0,1
79KWH,8,2,FULL,05-09-2025,20:00:18,05-09-2025,20:00:19,05-09-2025,20:02:42,COMPLETED,0,1
79KWH,8,1,FULL,05-09-2025,20:01:00,05-09-2025,20:01:00,05-09-2025,20:05:15,COMPLETED,0,1
79KWH,8,3,FULL,05-09-2025,20:02:55,05-09-2025,20:02:56,05-09-2025,20:04:11,COMPLETED,0,1
79KWH,8,2,FULL,05-09-2025,20:03:00,05-09-2025,20:03:01,05-09-2025,20:05:02,COMPLETED,0,1
79KWH,8,3,FULL,05-09-2025,20:04:48,05-09-2025,20:04:48,05-09-2025,20:06:01,COMPLETED,0,1
79KWH,8,2,FULL,05-09-2025,20:05:10,05-09-2025,20:05:11,05-09-2025,20:07:14,COMPLETED,0,1
79KWH,8,1,FULL,05-09-2025,20:05:21,05-09-2025,20:05:24,05-09-2025,20:09:40,COMPLETED,0,1
79KWH,8,3,FULL,05-09-2025,20:07:32,05-09-2025,20:07:33,05-09-2025,20:08:48,COMPLETED,0,1
79KWH,8,2,FULL,05-09-2025,20:07:42,05-09-2025,20:07:43,05-09-2025,20:09:43,COMPLETED,0,1
79KWH,8,3,FULL,05-09-2025,20:09:24,05-09-2025,20:09:25,05-09-2025,20:10:39,COMPLETED,0,1
79KWH,8,2,FULL,05-09-2025,20:09:52,05-09-2025,20:09:52,05-09-2025,20:11:56,COMPLETED,0,1
79KWH,8,1,FULL,05-09-2025,20:09:56,05-09-2025,20:09:57,05-09-2025,20:12:45,COMPLETED,0,1
79KWH,8,3,FULL,05-09-2025,20:12:14,05-09-2025,20:12:16,05-09-2025,20:13:33,COMPLETED,0,1
79KWH,8,2,FULL,05-09-2025,20:12:20,05-09-2025,20:12:20,05-09-2025,20:14:23,COMPLETED,0,1
79KWH,8,1,FULL,05-09-2025,20:12:52,05-09-2025,20:12:54,05-09-2025,20:14:01,COMPLETED,0,1
79KWH,8,3,FULL,05-09-2025,20:14:07,05-09-2025,20:14:08,05-09-2025,20:15:23,COMPLETED,0,1
79KWH,8,1,FULL,05-09-2025,20:14:17,05-09-2025,20:14:17,05-09-2025,20:15:28,COMPLETED,0,1
79KWH,8,2,FULL,05-09-2025,20:14:31,05-09-2025,20:14:33,05-09-2025,20:16:38,COMPLETED,0,1
79KWH,8,1,FULL,05-09-2025,20:15:34,05-09-2025,20:15:37,05-09-2025,20:16:45,COMPLETED,0,1
79KWH,8,1,FULL,05-09-2025,20:17:00,05-09-2025,20:19:34,05-09-2025,20:22:18,COMPLETED,0,1
79KWH,8,1,FULL,05-09-2025,20:59:19,05-09-2025,20:59:21,05-09-2025,21:02:02,COMPLETED,0,1
79KWH,8,2,FULL,05-09-2025,21:00:06,05-09-2025,21:01:17,05-09-2025,21:03:42,COMPLETED,0,1
79KWH,8,3,FULL,05-09-2025,21:00:13,05-09-2025,21:02:28,05-09-2025,21:04:33,COMPLETED,0,1
79KWH,8,1,FULL,05-09-2025,21:02:17,05-09-2025,21:04:47,05-09-2025,21:07:31,COMPLETED,0,1
79KWH,8,2,FULL,05-09-2025,21:03:50,05-09-2025,21:03:51,05-09-2025,21:06:16,COMPLETED,0,1
79KWH,8,3,FULL,05-09-2025,21:04:40,05-09-2025,21:04:43,05-09-2025,21:05:59,COMPLETED,0,1
79KWH,8,3,FULL,05-09-2025,21:06:06,05-09-2025,21:07:50,05-09-2025,21:09:55,COMPLETED,0,1
79KWH,8,2,FULL,05-09-2025,21:06:23,05-09-2025,21:07:31,05-09-2025,21:10:17,COMPLETED,0,1
79KWH,8,1,FULL,05-09-2025,21:07:37,05-09-2025,21:07:40,05-09-2025,21:08:47,COMPLETED,0,1
79KWH,8,1,FULL,05-09-2025,21:09:03,05-09-2025,21:09:05,05-09-2025,21:10:15,COMPLETED,0,1
79KWH,8,3,FULL,05-09-2025,21:10:01,05-09-2025,21:10:04,05-09-2025,21:11:21,COMPLETED,0,1
79KWH,8,1,FULL,05-09-2025,21:10:21,05-09-2025,21:10:24,05-09-2025,21:11:36,COMPLETED,0,1
79KWH,8,2,FULL,05-09-2025,21:10:25,05-09-2025,21:10:26,05-09-2025,21:13:11,COMPLETED,0,1
79KWH,8,3,FULL,05-09-2025,21:11:29,05-09-2025,21:11:30,05-09-2025,21:12:50,COMPLETED,0,1
79KWH,8,1,FULL,05-09-2025,21:12:32,05-09-2025,21:12:33,05-09-2025,21:13:43,COMPLETED,0,1
79KWH,8,2,FULL,05-09-2025,21:13:17,05-09-2025,21:13:21,05-09-2025,21:16:03,COMPLETED,0,1
79KWH,8,3,FULL,05-09-2025,21:13:35,05-09-2025,21:13:36,05-09-2025,21:14:54,COMPLETED,0,1
79KWH,8,1,FULL,05-09-2025,21:15:13,05-09-2025,21:15:13,05-09-2025,21:16:22,COMPLETED,0,1
79KWH,8,2,FULL,05-09-2025,21:16:11,05-09-2025,21:16:12,05-09-2025,21:18:38,COMPLETED,0,1
79KWH,8,3,FULL,05-09-2025,21:16:21,05-09-2025,21:16:22,05-09-2025,21:17:43,COMPLETED,0,1
79KWH,8,1,FULL,05-09-2025,21:18:07,05-09-2025,21:18:58,05-09-2025,21:21:42,COMPLETED,0,1
79KWH,8,2,FULL,05-09-2025,21:18:45,05-09-2025,21:18:47,05-09-2025,21:20:52,COMPLETED,0,1
79KWH,8,3,FULL,05-09-2025,21:19:10,05-09-2025,21:19:38,05-09-2025,21:21:41,COMPLETED,0,1
79KWH,8,2,FULL,05-09-2025,21:21:00,05-09-2025,21:22:31,05-09-2025,21:25:00,COMPLETED,0,1
79KWH,8,1,FULL,05-09-2025,21:29:23,05-09-2025,21:29:24,05-09-2025,21:32:05,COMPLETED,0,1
79KWH,8,3,FULL,05-09-2025,21:30:33,05-09-2025,21:30:34,05-09-2025,21:32:41,COMPLETED,0,1
79KWH,8,2,FULL,05-09-2025,21:30:44,05-09-2025,21:30:46,05-09-2025,21:32:51,COMPLETED,0,1
79KWH,8,1,FULL,05-09-2025,21:32:24,05-09-2025,21:32:25,05-09-2025,21:33:35,COMPLETED,0,1
79KWH,8,3,FULL,05-09-2025,21:33:21,05-09-2025,21:33:22,05-09-2025,21:34:42,COMPLETED,0,1
79KWH,8,2,FULL,05-09-2025,21:33:31,05-09-2025,21:33:31,05-09-2025,21:35:58,COMPLETED,0,1
79KWH,8,1,FULL,05-09-2025,21:34:58,05-09-2025,21:34:59,05-09-2025,21:36:06,COMPLETED,0,1
79KWH,8,3,FULL,05-09-2025,21:36:07,05-09-2025,21:36:08,05-09-2025,21:37:31,COMPLETED,0,1
79KWH,8,2,FULL,05-09-2025,21:36:21,05-09-2025,21:36:22,05-09-2025,21:39:07,COMPLETED,0,1
79KWH,8,1,FULL,05-09-2025,21:37:53,05-09-2025,21:37:54,05-09-2025,21:39:04,COMPLETED,0,1
79KWH,8,3,FULL,05-09-2025,21:38:56,05-09-2025,21:38:57,05-09-2025,21:40:19,COMPLETED,0,1
79KWH,8,2,FULL,05-09-2025,21:39:14,05-09-2025,21:39:16,05-09-2025,21:41:43,COMPLETED,0,1
79KWH,8,1,FULL,05-09-2025,21:40:35,05-09-2025,21:42:52,05-09-2025,21:45:35,COMPLETED,0,1
79KWH,8,3,FULL,05-09-2025,21:41:44,05-09-2025,21:43:30,05-09-2025,21:45:38,COMPLETED,0,1
79KWH,8,2,FULL,05-09-2025,21:41:55,05-09-2025,21:43:21,05-09-2025,21:45:49,COMPLETED,0,1
79KWH,8,1,FULL,05-09-2025,21:45:50,05-09-2025,21:48:14,05-09-2025,21:50:59,COMPLETED,0,1
79KWH,8,3,FULL,05-09-2025,21:46:58,05-09-2025,21:47:00,05-09-2025,21:48:22,COMPLETED,0,1
79KWH,8,2,FULL,05-09-2025,21:47:08,05-09-2025,21:47:30,05-09-2025,21:50:00,COMPLETED,0,1
79KWH,8,3,FULL,05-09-2025,21:49:44,05-09-2025,21:49:45,05-09-2025,21:51:12,COMPLETED,0,1
79KWH,8,2,FULL,05-09-2025,21:50:07,05-09-2025,21:50:10,05-09-2025,21:52:17,COMPLETED,0,1
79KWH,8,1,FULL,05-09-2025,21:51:05,05-09-2025,21:51:08,05-09-2025,21:52:17,COMPLETED,0,1
79KWH,8,1,FULL,05-09-2025,21:52:32,05-09-2025,21:52:32,05-09-2025,21:53:48,COMPLETED,0,1
79KWH,8,3,FULL,05-09-2025,21:52:34,05-09-2025,21:52:34,05-09-2025,21:53:59,COMPLETED,0,1
79KWH,8,2,FULL,05-09-2025,21:52:44,05-09-2025,21:52:44,05-09-2025,21:55:13,COMPLETED,0,1
79KWH,8,1,FULL,05-09-2025,21:54:11,05-09-2025,21:54:11,05-09-2025,21:55:25,COMPLETED,0,1
79KWH,8,3,FULL,05-09-2025,21:55:20,05-09-2025,21:55:20,05-09-2025,21:56:49,COMPLETED,0,1
79KWH,8,2,FULL,05-09-2025,21:55:32,05-09-2025,21:55:33,05-09-2025,21:58:20,COMPLETED,0,1
79KWH,8,1,FULL,05-09-2025,21:57:04,05-09-2025,21:57:04,05-09-2025,21:58:18,COMPLETED,0,1
79KWH,8,3,FULL,05-09-2025,21:58:09,05-09-2025,21:58:10,05-09-2025,21:59:35,COMPLETED,0,1
79KWH,8,2,FULL,05-09-2025,21:58:28,05-09-2025,21:58:29,05-09-2025,22:01:00,COMPLETED,0,1
79KWH,8,1,FULL,05-09-2025,21:59:46,05-09-2025,21:59:47,05-09-2025,22:01:00,COMPLETED,0,1
79KWH,8,3,FULL,05-09-2025,22:00:56,05-09-2025,22:00:56,05-09-2025,22:02:32,COMPLETED,0,1
79KWH,8,2,FULL,05-09-2025,22:01:06,05-09-2025,22:01:08,05-09-2025,22:03:17,COMPLETED,0,1
79KWH,8,1,FULL,05-09-2025,22:02:40,05-09-2025,22:02:40,05-09-2025,22:03:57,COMPLETED,0,1
79KWH,8,3,FULL,05-09-2025,22:03:44,05-09-2025,22:03:44,05-09-2025,22:05:11,COMPLETED,0,1
79KWH,8,2,FULL,05-09-2025,22:03:53,05-09-2025,22:03:54,05-09-2025,22:06:05,COMPLETED,0,1
79KWH,8,1,FULL,05-09-2025,22:05:24,05-09-2025,22:05:25,05-09-2025,22:06:39,COMPLETED,0,1
79KWH,8,3,FULL,05-09-2025,22:06:32,05-09-2025,22:07:23,05-09-2025,22:09:34,COMPLETED,0,1
79KWH,8,2,FULL,05-09-2025,22:14:39,05-09-2025,22:14:40,05-09-2025,22:17:10,COMPLETED,0,1
79KWH,8,1,FULL,05-09-2025,22:16:12,05-09-2025,22:16:13,05-09-2025,22:19:02,COMPLETED,0,1
79KWH,8,3,FULL,05-09-2025,22:17:16,05-09-2025,22:17:18,05-09-2025,22:19:27,COMPLETED,0,1
79KWH,8,2,FULL,05-09-2025,22:17:26,05-09-2025,22:17:27,05-09-2025,22:19:57,COMPLETED,0,1
79KWH,8,1,FULL,05-09-2025,22:19:08,05-09-2025,22:19:13,05-09-2025,22:20:28,COMPLETED,0,1
79KWH,8,3,FULL,05-09-2025,22:20:03,05-09-2025,22:20:05,05-09-2025,22:21:35,COMPLETED,0,1
79KWH,8,2,FULL,05-09-2025,22:20:15,05-09-2025,22:20:16,05-09-2025,22:23:03,COMPLETED,0,1
79KWH,8,1,FULL,05-09-2025,22:21:47,05-09-2025,22:23:04,05-09-2025,22:25:54,COMPLETED,0,1
79KWH,8,3,FULL,05-09-2025,22:22:50,05-09-2025,22:23:34,05-09-2025,22:25:44,COMPLETED,0,1
79KWH,8,2,FULL,05-09-2025,22:23:11,05-09-2025,22:23:13,05-09-2025,22:25:43,COMPLETED,0,1
79KWH,8,2,FULL,05-09-2025,22:25:50,05-09-2025,22:25:52,05-09-2025,22:28:02,COMPLETED,0,1
79KWH,8,3,FULL,05-09-2025,22:25:52,05-09-2025,22:25:53,05-09-2025,22:27:24,COMPLETED,0,1
79KWH,8,1,FULL,05-09-2025,22:26:00,05-09-2025,22:26:03,05-09-2025,22:27:21,COMPLETED,0,1
79KWH,8,1,FULL,05-09-2025,22:27:36,05-09-2025,22:29:54,05-09-2025,22:32:44,COMPLETED,0,1
79KWH,8,3,FULL,05-09-2025,22:28:27,05-09-2025,22:28:28,05-09-2025,22:29:57,COMPLETED,0,1
79KWH,8,2,FULL,05-09-2025,22:28:35,05-09-2025,22:28:37,05-09-2025,22:30:50,COMPLETED,0,1
79KWH,8,3,FULL,05-09-2025,22:31:13,05-09-2025,22:31:14,05-09-2025,22:32:46,COMPLETED,0,1
79KWH,8,2,FULL,05-09-2025,22:31:24,05-09-2025,22:31:25,05-09-2025,22:33:37,COMPLETED,0,1
79KWH,8,1,FULL,05-09-2025,22:32:51,05-09-2025,22:32:53,05-09-2025,22:34:13,COMPLETED,0,1
79KWH,8,3,FULL,05-09-2025,22:34:02,05-09-2025,22:34:02,05-09-2025,22:35:33,COMPLETED,0,1
79KWH,8,2,FULL,05-09-2025,22:34:11,05-09-2025,22:34:11,05-09-2025,22:36:27,COMPLETED,0,1
79KWH,8,1,FULL,05-09-2025,22:34:27,05-09-2025,22:34:28,05-09-2025,22:35:51,COMPLETED,0,1
79KWH,8,1,FULL,05-09-2025,22:35:57,05-09-2025,22:36:00,05-09-2025,22:37:28,COMPLETED,0,1
79KWH,8,3,FULL,05-09-2025,22:36:49,05-09-2025,22:36:50,05-09-2025,22:38:25,COMPLETED,0,1
79KWH,8,2,FULL,05-09-2025,22:37:01,05-09-2025,22:37:02,05-09-2025,22:39:15,COMPLETED,0,1
79KWH,8,1,FULL,05-09-2025,22:38:33,05-09-2025,22:40:02,05-09-2025,22:42:53,COMPLETED,0,1
79KWH,8,3,FULL,05-09-2025,22:39:38,05-09-2025,22:39:39,05-09-2025,22:41:11,COMPLETED,0,1
79KWH,8,2,FULL,05-09-2025,22:39:46,05-09-2025,22:39:47,05-09-2025,22:42:03,COMPLETED,0,1
79KWH,8,3,FULL,05-09-2025,22:42:25,05-09-2025,22:42:26,05-09-2025,22:44:01,COMPLETED,0,1
79KWH,8,2,FULL,05-09-2025,22:42:34,05-09-2025,22:42:35,05-09-2025,22:44:50,COMPLETED,0,1
79KWH,8,1,FULL,05-09-2025,22:43:00,05-09-2025,22:43:02,05-09-2025,22:44:26,COMPLETED,0,1
79KWH,8,1,FULL,05-09-2025,22:44:43,05-09-2025,22:46:55,05-09-2025,22:49:48,COMPLETED,0,1
79KWH,8,3,FULL,05-09-2025,22:45:12,05-09-2025,22:45:13,05-09-2025,22:46:46,COMPLETED,0,1
79KWH,8,2,FULL,05-09-2025,22:45:21,05-09-2025,22:45:22,05-09-2025,22:47:39,COMPLETED,0,1
79KWH,8,3,FULL,05-09-2025,22:47:59,05-09-2025,22:48:00,05-09-2025,22:49:36,COMPLETED,0,1
79KWH,8,2,FULL,05-09-2025,22:48:10,05-09-2025,22:48:11,05-09-2025,22:50:27,COMPLETED,0,1
79KWH,8,1,FULL,05-09-2025,22:49:56,05-09-2025,22:49:58,05-09-2025,22:51:29,COMPLETED,0,1
79KWH,8,3,FULL,05-09-2025,22:50:48,05-09-2025,22:50:49,05-09-2025,22:52:24,COMPLETED,0,1
79KWH,8,2,FULL,05-09-2025,22:50:56,05-09-2025,22:50:58,05-09-2025,22:53:16,COMPLETED,0,1
79KWH,8,1,FULL,05-09-2025,22:51:44,05-09-2025,22:54:01,05-09-2025,22:56:56,COMPLETED,0,1
79KWH,8,3,FULL,05-09-2025,22:53:34,05-09-2025,22:53:35,05-09-2025,22:55:12,COMPLETED,0,1
79KWH,8,2,FULL,05-09-2025,22:53:47,05-09-2025,22:53:48,05-09-2025,22:56:04,COMPLETED,0,1
79KWH,8,3,FULL,05-09-2025,22:56:23,05-09-2025,22:56:24,05-09-2025,22:57:59,COMPLETED,0,1
79KWH,8,2,FULL,05-09-2025,22:56:33,05-09-2025,22:56:35,05-09-2025,22:58:54,COMPLETED,0,1
79KWH,8,1,FULL,05-09-2025,22:57:02,05-09-2025,22:57:04,05-09-2025,22:58:32,COMPLETED,0,1
79KWH,8,1,FULL,05-09-2025,22:58:47,05-09-2025,23:01:00,05-09-2025,23:03:55,COMPLETED,0,1
79KWH,8,3,FULL,05-09-2025,22:59:10,05-09-2025,22:59:12,05-09-2025,23:00:49,COMPLETED,0,1
79KWH,8,2,FULL,05-09-2025,22:59:21,05-09-2025,22:59:22,05-09-2025,23:01:41,COMPLETED,0,1
79KWH,8,3,FULL,05-09-2025,23:01:58,05-09-2025,23:01:58,05-09-2025,23:03:34,COMPLETED,0,1
79KWH,8,2,FULL,05-09-2025,23:02:08,05-09-2025,23:02:09,05-09-2025,23:04:31,COMPLETED,0,1
79KWH,8,1,FULL,05-09-2025,23:04:02,05-09-2025,23:04:04,05-09-2025,23:05:40,COMPLETED,0,1
79KWH,8,3,FULL,05-09-2025,23:04:44,05-09-2025,23:04:45,05-09-2025,23:06:23,COMPLETED,0,1
79KWH,8,2,FULL,05-09-2025,23:04:56,05-09-2025,23:04:56,05-09-2025,23:07:16,COMPLETED,0,1
79KWH,8,1,FULL,05-09-2025,23:05:55,05-09-2025,23:08:12,05-09-2025,23:11:10,COMPLETED,0,1
79KWH,8,3,FULL,05-09-2025,23:07:33,05-09-2025,23:07:35,05-09-2025,23:09:20,COMPLETED,0,1
79KWH,8,2,FULL,05-09-2025,23:07:44,05-09-2025,23:07:44,05-09-2025,23:10:07,COMPLETED,0,1
79KWH,8,3,FULL,05-09-2025,23:10:21,05-09-2025,23:10:22,05-09-2025,23:12:02,COMPLETED,0,1
79KWH,8,2,FULL,05-09-2025,23:10:32,05-09-2025,23:10:34,05-09-2025,23:12:54,COMPLETED,0,1
79KWH,8,1,FULL,05-09-2025,23:11:17,05-09-2025,23:11:19,05-09-2025,23:12:50,COMPLETED,0,1
79KWH,8,1,FULL,05-09-2025,23:13:06,05-09-2025,23:15:17,05-09-2025,23:18:13,COMPLETED,0,1
79KWH,8,3,FULL,05-09-2025,23:13:10,05-09-2025,23:13:11,05-09-2025,23:14:48,COMPLETED,0,1
79KWH,8,2,FULL,05-09-2025,23:13:18,05-09-2025,23:13:18,05-09-2025,23:15:43,COMPLETED,0,1
79KWH,8,1,FULL,05-09-2025,23:18:19,05-09-2025,23:18:22,05-09-2025,23:19:54,COMPLETED,0,1
79KWH,8,1,FULL,05-09-2025,23:20:09,05-09-2025,23:22:28,05-09-2025,23:25:26,COMPLETED,0,1
79KWH,8,3,FULL,05-09-2025,23:23:22,05-09-2025,23:25:49,05-09-2025,23:28:06,COMPLETED,0,1
79KWH,8,2,FULL,05-09-2025,23:23:34,05-09-2025,23:23:35,05-09-2025,23:26:11,COMPLETED,0,1
79KWH,8,1,FULL,05-09-2025,23:25:32,05-09-2025,23:25:35,05-09-2025,23:27:10,COMPLETED,0,1
79KWH,8,2,FULL,05-09-2025,23:26:18,05-09-2025,23:29:02,05-09-2025,23:31:41,COMPLETED,0,1
79KWH,8,1,FULL,05-09-2025,23:27:25,05-09-2025,23:29:36,05-09-2025,23:32:36,COMPLETED,0,1
79KWH,8,3,FULL,05-09-2025,23:28:12,05-09-2025,23:30:11,05-09-2025,23:32:25,COMPLETED,0,1
79KWH,8,2,FULL,05-09-2025,23:31:46,05-09-2025,23:31:50,05-09-2025,23:34:13,COMPLETED,0,1
79KWH,8,3,FULL,05-09-2025,23:32:34,05-09-2025,23:34:26,05-09-2025,23:36:42,COMPLETED,0,1
79KWH,8,1,FULL,05-09-2025,23:32:42,05-09-2025,23:32:45,05-09-2025,23:34:27,COMPLETED,0,1
79KWH,8,2,FULL,05-09-2025,23:34:21,05-09-2025,23:36:59,05-09-2025,23:38:59,COMPLETED,0,1
79KWH,8,1,FULL,05-09-2025,23:34:42,05-09-2025,23:36:56,05-09-2025,23:39:57,COMPLETED,0,1
79KWH,8,3,FULL,05-09-2025,23:36:49,05-09-2025,23:36:52,05-09-2025,23:38:32,COMPLETED,0,1
79KWH,8,3,FULL,05-09-2025,23:38:40,05-09-2025,23:40:35,05-09-2025,23:42:54,COMPLETED,0,1
79KWH,8,2,FULL,05-09-2025,23:39:05,05-09-2025,23:39:09,05-09-2025,23:40:17,COMPLETED,0,1
79KWH,8,1,FULL,05-09-2025,23:40:03,05-09-2025,23:40:06,05-09-2025,23:41:47,COMPLETED,0,1
79KWH,8,1,FULL,05-09-2025,23:42:02,05-09-2025,23:42:04,05-09-2025,23:43:48,COMPLETED,0,1
79KWH,8,3,FULL,05-09-2025,23:43:00,05-09-2025,23:43:03,05-09-2025,23:44:45,COMPLETED,0,1
79KWH,8,1,FULL,05-09-2025,23:43:56,05-09-2025,23:43:58,05-09-2025,23:45:41,COMPLETED,0,1
79KWH,8,3,FULL,05-09-2025,23:44:54,05-09-2025,23:46:46,05-09-2025,23:49:05,COMPLETED,0,1
79KWH,8,1,FULL,05-09-2025,23:46:29,05-09-2025,23:46:30,05-09-2025,23:48:16,COMPLETED,0,1
79KWH,8,2,FULL,05-09-2025,23:47:10,05-09-2025,23:47:10,05-09-2025,23:49:12,COMPLETED,0,1
79KWH,8,1,FULL,05-09-2025,23:48:22,05-09-2025,23:48:26,05-09-2025,23:50:11,COMPLETED,0,1
79KWH,8,3,FULL,05-09-2025,23:49:12,05-09-2025,23:51:10,05-09-2025,23:53:27,COMPLETED,0,1
79KWH,8,2,FULL,05-09-2025,23:49:39,05-09-2025,23:49:40,05-09-2025,23:50:48,COMPLETED,0,1
79KWH,8,1,FULL,05-09-2025,23:51:16,05-09-2025,23:51:16,05-09-2025,23:53:10,COMPLETED,0,1
79KWH,8,2,FULL,05-09-2025,23:52:25,05-09-2025,23:52:26,05-09-2025,23:54:13,COMPLETED,0,1
79KWH,8,3,FULL,05-09-2025,23:53:35,05-09-2025,23:55:28,05-09-2025,23:57:48,COMPLETED,0,1
79KWH,8,1,FULL,05-09-2025,23:53:55,05-09-2025,23:53:55,05-09-2025,23:55:42,COMPLETED,0,1
79KWH,8,2,FULL,05-09-2025,23:55:14,05-09-2025,23:55:15,05-09-2025,23:57:38,COMPLETED,0,1
79KWH,8,1,FULL,05-09-2025,23:56:48,05-09-2025,23:56:49,05-09-2025,23:58:43,COMPLETED,0,1
79KWH,8,3,FULL,05-09-2025,23:57:54,05-09-2025,23:57:57,05-09-2025,23:59:42,COMPLETED,0,1
79KWH,8,2,FULL,05-09-2025,23:58:02,05-09-2025,23:58:03,06-09-2025,00:00:30,COMPLETED,0,1
79KWH,8,3,FULL,05-09-2025,23:59:50,06-09-2025,00:01:47,06-09-2025,00:04:06,COMPLETED,0,1
79KWH,8,3,FULL,06-09-2025,00:04:15,06-09-2025,00:04:16,06-09-2025,00:06:04,COMPLETED,0,1
79KWH,8,1,FULL,08-09-2025,07:09:21,08-09-2025,07:09:21,08-09-2025,07:12:26,COMPLETED,0,1
79KWH,8,3,FULL,08-09-2025,07:10:24,08-09-2025,07:33:29,08-09-2025,07:35:50,COMPLETED,0,1
79KWH,8,2,FULL,08-09-2025,07:10:35,08-09-2025,07:10:36,08-09-2025,07:12:36,COMPLETED,0,1
79KWH,8,1,FULL,08-09-2025,07:12:33,08-09-2025,07:12:35,08-09-2025,07:14:26,COMPLETED,0,1
79KWH,8,2,FULL,08-09-2025,07:13:15,08-09-2025,07:13:15,08-09-2025,07:14:24,COMPLETED,0,1
79KWH,8,1,FULL,08-09-2025,07:14:55,08-09-2025,07:14:56,08-09-2025,07:16:57,COMPLETED,0,1
79KWH,8,2,FULL,08-09-2025,07:16:10,08-09-2025,07:16:11,08-09-2025,07:17:23,COMPLETED,0,1
79KWH,8,1,FULL,08-09-2025,07:17:32,08-09-2025,07:17:33,08-09-2025,07:19:26,COMPLETED,0,1
79KWH,8,2,FULL,08-09-2025,07:18:52,08-09-2025,07:18:52,08-09-2025,07:20:01,COMPLETED,0,1
79KWH,8,1,FULL,08-09-2025,07:20:29,08-09-2025,07:20:30,08-09-2025,07:22:32,COMPLETED,0,1
79KWH,8,2,FULL,08-09-2025,07:21:44,08-09-2025,07:21:45,08-09-2025,07:23:34,COMPLETED,0,1
79KWH,8,1,FULL,08-09-2025,07:23:06,08-09-2025,07:23:07,08-09-2025,07:25:01,COMPLETED,0,1
79KWH,8,2,FULL,08-09-2025,07:24:26,08-09-2025,07:24:28,08-09-2025,07:26:52,COMPLETED,0,1
79KWH,8,1,FULL,08-09-2025,07:26:05,08-09-2025,07:26:06,08-09-2025,07:28:04,COMPLETED,0,1
79KWH,8,2,FULL,08-09-2025,07:27:00,08-09-2025,07:27:01,08-09-2025,07:29:28,COMPLETED,0,1
79KWH,8,1,FULL,08-09-2025,07:28:10,08-09-2025,07:28:12,08-09-2025,07:30:10,COMPLETED,0,1
79KWH,8,2,FULL,08-09-2025,07:29:34,08-09-2025,07:29:36,08-09-2025,07:32:02,COMPLETED,0,1
79KWH,8,1,FULL,08-09-2025,07:30:24,08-09-2025,07:30:24,08-09-2025,07:32:27,COMPLETED,0,1
79KWH,8,2,FULL,08-09-2025,07:32:10,08-09-2025,07:32:11,08-09-2025,07:34:41,COMPLETED,0,1
79KWH,8,1,FULL,08-09-2025,07:32:33,08-09-2025,07:32:36,08-09-2025,07:34:34,COMPLETED,0,1
79KWH,8,2,FULL,08-09-2025,07:34:47,08-09-2025,07:34:50,08-09-2025,07:37:19,COMPLETED,0,1
79KWH,8,1,FULL,08-09-2025,07:34:47,08-09-2025,07:37:52,08-09-2025,07:41:02,COMPLETED,0,1
79KWH,8,3,FULL,08-09-2025,07:35:56,08-09-2025,07:35:59,08-09-2025,07:37:46,COMPLETED,0,1
79KWH,8,2,FULL,08-09-2025,07:37:27,08-09-2025,07:40:04,08-09-2025,07:42:44,COMPLETED,0,1
79KWH,8,3,FULL,08-09-2025,07:37:54,08-09-2025,07:39:45,08-09-2025,07:42:11,COMPLETED,0,1
79KWH,8,1,FULL,08-09-2025,07:41:09,08-09-2025,07:41:11,08-09-2025,07:43:10,COMPLETED,0,1
79KWH,8,3,FULL,08-09-2025,07:42:16,08-09-2025,07:42:20,08-09-2025,07:44:12,COMPLETED,0,1
79KWH,8,2,FULL,08-09-2025,07:42:50,08-09-2025,07:45:38,08-09-2025,07:48:17,COMPLETED,0,1
79KWH,8,1,FULL,08-09-2025,07:43:23,08-09-2025,07:46:34,08-09-2025,07:49:47,COMPLETED,0,1
79KWH,8,3,FULL,08-09-2025,07:44:21,08-09-2025,07:46:13,08-09-2025,07:48:34,COMPLETED,0,1
79KWH,8,2,FULL,08-09-2025,07:48:26,08-09-2025,07:51:05,08-09-2025,07:53:06,COMPLETED,0,1
79KWH,8,3,FULL,08-09-2025,07:48:41,08-09-2025,07:48:44,08-09-2025,07:50:33,COMPLETED,0,1
79KWH,8,1,FULL,08-09-2025,07:49:52,08-09-2025,07:49:55,08-09-2025,07:51:58,COMPLETED,0,1
79KWH,8,3,FULL,08-09-2025,07:50:41,08-09-2025,07:52:36,08-09-2025,07:54:57,COMPLETED,0,1
79KWH,8,1,FULL,08-09-2025,07:52:12,08-09-2025,07:52:14,08-09-2025,07:54:19,COMPLETED,0,1
79KWH,8,2,FULL,08-09-2025,07:53:12,08-09-2025,07:53:15,08-09-2025,07:54:23,COMPLETED,0,1
79KWH,8,1,FULL,08-09-2025,07:54:26,08-09-2025,07:54:28,08-09-2025,07:56:35,COMPLETED,0,1
79KWH,8,2,FULL,08-09-2025,07:54:31,08-09-2025,07:54:32,08-09-2025,07:56:23,COMPLETED,0,1
79KWH,8,3,FULL,08-09-2025,07:55:03,08-09-2025,07:56:58,08-09-2025,07:59:17,COMPLETED,0,1
79KWH,8,2,FULL,08-09-2025,07:56:29,08-09-2025,07:56:33,08-09-2025,07:59:03,COMPLETED,0,1
79KWH,8,1,FULL,08-09-2025,07:56:48,08-09-2025,07:56:49,08-09-2025,07:58:57,COMPLETED,0,1
79KWH,8,1,FULL,08-09-2025,07:59:02,08-09-2025,07:59:06,08-09-2025,08:01:12,COMPLETED,0,1
79KWH,8,2,FULL,08-09-2025,07:59:11,08-09-2025,07:59:12,08-09-2025,08:01:46,COMPLETED,0,1
79KWH,8,3,FULL,08-09-2025,07:59:25,08-09-2025,08:01:17,08-09-2025,08:03:40,COMPLETED,0,1
79KWH,8,1,FULL,08-09-2025,08:01:25,08-09-2025,08:01:27,08-09-2025,08:03:36,COMPLETED,0,1
79KWH,8,2,FULL,08-09-2025,08:01:52,08-09-2025,08:01:54,08-09-2025,08:04:26,COMPLETED,0,1
79KWH,8,1,FULL,08-09-2025,08:03:43,08-09-2025,08:03:45,08-09-2025,08:05:53,COMPLETED,0,1
79KWH,8,3,FULL,08-09-2025,08:03:46,08-09-2025,08:03:50,08-09-2025,08:05:42,COMPLETED,0,1
79KWH,8,2,FULL,08-09-2025,08:04:34,08-09-2025,08:04:35,08-09-2025,08:07:09,COMPLETED,0,1
79KWH,8,3,FULL,08-09-2025,08:05:50,08-09-2025,08:05:50,08-09-2025,08:07:45,COMPLETED,0,1
79KWH,8,1,FULL,08-09-2025,08:06:06,08-09-2025,08:06:06,08-09-2025,08:08:18,COMPLETED,0,1
79KWH,8,2,FULL,08-09-2025,08:07:15,08-09-2025,08:07:18,08-09-2025,08:09:51,COMPLETED,0,1
79KWH,8,3,FULL,08-09-2025,08:07:51,08-09-2025,08:07:55,08-09-2025,08:09:47,COMPLETED,0,1
79KWH,8,1,FULL,08-09-2025,08:08:24,08-09-2025,08:08:27,08-09-2025,08:10:37,COMPLETED,0,1
79KWH,8,3,FULL,08-09-2025,08:09:55,08-09-2025,08:09:56,08-09-2025,08:11:51,COMPLETED,0,1
79KWH,8,2,FULL,08-09-2025,08:09:59,08-09-2025,08:10:00,08-09-2025,08:12:35,COMPLETED,0,1
79KWH,8,1,FULL,08-09-2025,08:10:51,08-09-2025,08:10:53,08-09-2025,08:13:07,COMPLETED,0,1
79KWH,8,3,FULL,08-09-2025,08:11:57,08-09-2025,08:12:01,08-09-2025,08:13:55,COMPLETED,0,1
79KWH,8,2,FULL,08-09-2025,08:12:41,08-09-2025,08:12:44,08-09-2025,08:15:18,COMPLETED,0,1
79KWH,8,1,FULL,08-09-2025,08:13:13,08-09-2025,08:13:15,08-09-2025,08:15:32,COMPLETED,0,1
79KWH,8,3,FULL,08-09-2025,08:14:03,08-09-2025,08:14:04,08-09-2025,08:16:01,COMPLETED,0,1
79KWH,8,2,FULL,08-09-2025,08:15:26,08-09-2025,08:15:26,08-09-2025,08:18:02,COMPLETED,0,1
79KWH,8,1,FULL,08-09-2025,08:15:46,08-09-2025,08:15:47,08-09-2025,08:18:03,COMPLETED,0,1
79KWH,8,3,FULL,08-09-2025,08:16:07,08-09-2025,08:16:10,08-09-2025,08:18:04,COMPLETED,0,1
79KWH,8,2,FULL,08-09-2025,08:18:08,08-09-2025,08:18:11,08-09-2025,08:20:46,COMPLETED,0,1
79KWH,8,1,FULL,08-09-2025,08:18:09,08-09-2025,08:18:12,08-09-2025,08:20:26,COMPLETED,0,1
79KWH,8,3,FULL,08-09-2025,08:18:12,08-09-2025,08:18:13,08-09-2025,08:20:10,COMPLETED,0,1
79KWH,8,3,FULL,08-09-2025,08:20:17,08-09-2025,08:20:20,08-09-2025,08:22:15,COMPLETED,0,1
79KWH,8,1,FULL,08-09-2025,08:20:40,08-09-2025,08:20:41,08-09-2025,08:22:58,COMPLETED,0,1
79KWH,8,3,FULL,08-09-2025,08:22:23,08-09-2025,08:22:23,08-09-2025,08:24:23,COMPLETED,0,1
79KWH,8,1,FULL,08-09-2025,08:23:04,08-09-2025,08:23:07,08-09-2025,08:25:23,COMPLETED,0,1
79KWH,8,2,FULL,08-09-2025,08:23:21,08-09-2025,08:23:22,08-09-2025,08:25:58,COMPLETED,0,1
79KWH,8,3,FULL,08-09-2025,08:24:28,08-09-2025,08:24:32,08-09-2025,08:26:28,COMPLETED,0,1
79KWH,8,1,FULL,08-09-2025,08:25:37,08-09-2025,08:25:38,08-09-2025,08:27:57,COMPLETED,0,1
79KWH,8,2,FULL,08-09-2025,08:26:05,08-09-2025,08:26:08,08-09-2025,08:28:43,COMPLETED,0,1
79KWH,8,3,FULL,08-09-2025,08:26:37,08-09-2025,08:26:38,08-09-2025,08:28:37,COMPLETED,0,1
79KWH,8,1,FULL,08-09-2025,08:28:03,08-09-2025,08:28:07,08-09-2025,08:30:24,COMPLETED,0,1
79KWH,8,3,FULL,08-09-2025,08:28:43,08-09-2025,08:28:46,08-09-2025,08:30:44,COMPLETED,0,1
79KWH,8,2,FULL,08-09-2025,08:28:52,08-09-2025,08:28:53,08-09-2025,08:31:31,COMPLETED,0,1
79KWH,8,1,FULL,08-09-2025,08:30:37,08-09-2025,08:30:37,08-09-2025,08:32:59,COMPLETED,0,1
79KWH,8,3,FULL,08-09-2025,08:30:56,08-09-2025,08:30:57,08-09-2025,08:33:02,COMPLETED,0,1
79KWH,8,2,FULL,08-09-2025,08:31:38,08-09-2025,08:31:40,08-09-2025,08:34:17,COMPLETED,0,1
79KWH,8,1,FULL,08-09-2025,08:33:05,08-09-2025,08:33:09,08-09-2025,08:35:28,COMPLETED,0,1
79KWH,8,3,FULL,08-09-2025,08:33:46,08-09-2025,08:33:47,08-09-2025,08:35:47,COMPLETED,0,1
79KWH,8,2,FULL,08-09-2025,08:34:25,08-09-2025,08:34:26,08-09-2025,08:37:05,COMPLETED,0,1
79KWH,8,1,FULL,08-09-2025,08:35:42,08-09-2025,08:35:43,08-09-2025,08:38:06,COMPLETED,0,1
79KWH,8,3,FULL,08-09-2025,08:36:32,08-09-2025,08:36:32,08-09-2025,08:38:34,COMPLETED,0,1
79KWH,8,2,FULL,08-09-2025,08:37:11,08-09-2025,08:37:14,08-09-2025,08:39:52,COMPLETED,0,1
79KWH,8,1,FULL,08-09-2025,08:38:13,08-09-2025,08:38:15,08-09-2025,08:40:37,COMPLETED,0,1
79KWH,8,3,FULL,08-09-2025,08:39:20,08-09-2025,08:39:21,08-09-2025,08:41:20,COMPLETED,0,1
79KWH,8,2,FULL,08-09-2025,08:40:01,08-09-2025,08:40:02,08-09-2025,08:42:43,COMPLETED,0,1
79KWH,8,1,FULL,08-09-2025,08:40:50,08-09-2025,08:40:51,08-09-2025,08:43:22,COMPLETED,0,1
79KWH,8,3,FULL,08-09-2025,08:42:05,08-09-2025,08:42:06,08-09-2025,08:44:09,COMPLETED,0,1
79KWH,8,2,FULL,08-09-2025,08:42:49,08-09-2025,08:42:52,08-09-2025,08:45:31,COMPLETED,0,1
79KWH,8,1,FULL,08-09-2025,08:43:28,08-09-2025,08:43:32,08-09-2025,08:46:02,COMPLETED,0,1
79KWH,8,3,FULL,08-09-2025,08:44:57,08-09-2025,08:44:58,08-09-2025,08:46:59,COMPLETED,0,1
79KWH,8,2,FULL,08-09-2025,08:45:38,08-09-2025,08:45:40,08-09-2025,08:48:22,COMPLETED,0,1
79KWH,8,1,FULL,08-09-2025,08:46:15,08-09-2025,08:46:16,08-09-2025,08:48:44,COMPLETED,0,1
79KWH,8,3,FULL,08-09-2025,08:47:43,08-09-2025,08:47:43,08-09-2025,08:49:47,COMPLETED,0,1
79KWH,8,2,FULL,08-09-2025,08:48:29,08-09-2025,08:48:31,08-09-2025,08:51:11,COMPLETED,0,1
79KWH,8,1,FULL,08-09-2025,08:48:50,08-09-2025,08:48:52,08-09-2025,08:51:19,COMPLETED,0,1
79KWH,8,3,FULL,08-09-2025,08:50:31,08-09-2025,08:50:32,08-09-2025,08:52:34,COMPLETED,0,1
79KWH,8,2,FULL,08-09-2025,08:51:20,08-09-2025,08:51:21,08-09-2025,08:54:05,COMPLETED,0,1
79KWH,8,1,FULL,08-09-2025,08:51:33,08-09-2025,08:51:34,08-09-2025,08:54:03,COMPLETED,0,1
79KWH,8,3,FULL,08-09-2025,08:54:03,08-09-2025,08:54:38,08-09-2025,08:57:12,COMPLETED,0,1
79KWH,8,1,FULL,08-09-2025,08:54:11,08-09-2025,08:57:36,08-09-2025,09:00:58,COMPLETED,0,1
79KWH,8,2,FULL,08-09-2025,08:54:15,08-09-2025,08:57:03,08-09-2025,08:59:48,COMPLETED,0,1
79KWH,8,3,FULL,08-09-2025,08:57:18,08-09-2025,08:57:20,08-09-2025,08:59:24,COMPLETED,0,1
79KWH,8,3,FULL,08-09-2025,08:59:39,08-09-2025,09:01:34,08-09-2025,09:04:03,COMPLETED,0,1
79KWH,8,2,FULL,08-09-2025,08:59:55,08-09-2025,09:01:49,08-09-2025,09:03:03,COMPLETED,0,1
79KWH,8,1,FULL,08-09-2025,09:01:13,08-09-2025,09:04:36,08-09-2025,09:08:01,COMPLETED,0,1
79KWH,8,2,FULL,08-09-2025,09:03:09,08-09-2025,09:03:11,08-09-2025,09:04:18,COMPLETED,0,1
79KWH,8,3,FULL,08-09-2025,09:04:10,08-09-2025,09:04:13,08-09-2025,09:06:18,COMPLETED,0,1
79KWH,8,2,FULL,08-09-2025,09:04:34,08-09-2025,09:04:35,08-09-2025,09:06:32,COMPLETED,0,1
79KWH,8,3,FULL,08-09-2025,09:06:26,08-09-2025,09:06:27,08-09-2025,09:08:38,COMPLETED,0,1
79KWH,8,2,FULL,08-09-2025,09:07:17,08-09-2025,09:07:18,08-09-2025,09:10:00,COMPLETED,0,1
79KWH,8,1,FULL,08-09-2025,09:08:08,08-09-2025,09:08:10,08-09-2025,09:10:40,COMPLETED,0,1
79KWH,8,3,FULL,08-09-2025,09:08:44,08-09-2025,09:08:48,08-09-2025,09:10:58,COMPLETED,0,1
79KWH,8,1,FULL,08-09-2025,09:10:53,08-09-2025,09:10:53,08-09-2025,09:13:26,COMPLETED,0,1
79KWH,8,1,FULL,08-09-2025,09:13:32,08-09-2025,09:13:35,08-09-2025,09:16:05,COMPLETED,0,1
79KWH,8,1,FULL,08-09-2025,09:16:18,08-09-2025,09:16:19,08-09-2025,09:18:54,COMPLETED,0,1
79KWH,8,1,FULL,08-09-2025,09:18:59,08-09-2025,09:19:02,08-09-2025,09:21:35,COMPLETED,0,1
79KWH,8,3,FULL,08-09-2025,09:28:32,08-09-2025,09:28:33,08-09-2025,09:30:46,COMPLETED,0,1
79KWH,8,2,FULL,08-09-2025,09:28:40,08-09-2025,09:28:41,08-09-2025,09:31:24,COMPLETED,0,1
79KWH,8,3,FULL,08-09-2025,09:30:52,08-09-2025,09:30:56,08-09-2025,09:33:03,COMPLETED,0,1
79KWH,8,2,FULL,08-09-2025,09:31:31,08-09-2025,09:31:34,08-09-2025,09:34:17,COMPLETED,0,1
79KWH,8,3,FULL,08-09-2025,09:33:41,08-09-2025,09:33:42,08-09-2025,09:35:56,COMPLETED,0,1
79KWH,8,2,FULL,08-09-2025,09:34:25,08-09-2025,09:34:27,08-09-2025,09:37:12,COMPLETED,0,1
79KWH,8,3,FULL,08-09-2025,09:36:03,08-09-2025,09:36:06,08-09-2025,09:38:19,COMPLETED,0,1
79KWH,8,2,FULL,08-09-2025,09:37:18,08-09-2025,09:37:21,08-09-2025,09:40:05,COMPLETED,0,1
79KWH,8,3,FULL,08-09-2025,09:38:27,08-09-2025,09:38:28,08-09-2025,09:40:43,COMPLETED,0,1
79KWH,8,2,FULL,08-09-2025,09:40:13,08-09-2025,09:40:14,08-09-2025,09:43:02,COMPLETED,0,1
79KWH,8,3,FULL,08-09-2025,09:41:01,08-09-2025,09:41:02,08-09-2025,09:43:16,COMPLETED,0,1
79KWH,8,2,FULL,08-09-2025,09:43:08,08-09-2025,09:43:11,08-09-2025,09:45:56,COMPLETED,0,1
79KWH,8,3,FULL,08-09-2025,09:43:24,08-09-2025,09:43:24,08-09-2025,09:45:50,COMPLETED,0,1
79KWH,8,3,FULL,08-09-2025,09:45:56,08-09-2025,09:47:59,08-09-2025,09:50:34,COMPLETED,0,1
79KWH,8,2,FULL,08-09-2025,09:46:04,08-09-2025,09:48:54,08-09-2025,09:51:45,COMPLETED,0,1
79KWH,8,3,FULL,08-09-2025,09:50:41,08-09-2025,09:52:42,08-09-2025,09:55:19,COMPLETED,0,1
79KWH,8,2,FULL,08-09-2025,09:51:52,08-09-2025,09:51:55,08-09-2025,09:54:42,COMPLETED,0,1
79KWH,8,2,FULL,08-09-2025,09:54:50,08-09-2025,09:54:50,08-09-2025,09:56:51,COMPLETED,0,1
79KWH,8,3,FULL,08-09-2025,09:55:25,08-09-2025,09:55:29,08-09-2025,09:57:44,COMPLETED,0,1
79KWH,8,2,FULL,08-09-2025,09:56:57,08-09-2025,09:56:59,08-09-2025,09:58:07,COMPLETED,0,1
79KWH,8,3,FULL,08-09-2025,09:57:52,08-09-2025,09:57:53,08-09-2025,10:00:06,COMPLETED,0,1
79KWH,8,2,FULL,08-09-2025,09:58:16,08-09-2025,09:58:17,08-09-2025,10:00:17,COMPLETED,0,1
79KWH,8,3,FULL,08-09-2025,10:00:12,08-09-2025,10:00:15,08-09-2025,10:02:26,COMPLETED,0,1
79KWH,8,2,FULL,08-09-2025,10:00:23,08-09-2025,10:00:26,08-09-2025,10:03:14,COMPLETED,0,1
79KWH,8,3,FULL,08-09-2025,10:02:34,08-09-2025,10:02:35,08-09-2025,10:04:50,COMPLETED,0,1
79KWH,8,2,FULL,08-09-2025,10:03:22,08-09-2025,10:03:23,08-09-2025,10:05:26,COMPLETED,0,1
79KWH,8,3,FULL,08-09-2025,10:04:55,08-09-2025,10:05:00,08-09-2025,10:07:12,COMPLETED,0,1
79KWH,8,2,FULL,08-09-2025,10:05:33,08-09-2025,10:05:35,08-09-2025,10:06:49,COMPLETED,0,1
79KWH,8,2,FULL,08-09-2025,10:06:57,08-09-2025,10:06:57,08-09-2025,10:08:13,COMPLETED,0,1
79KWH,8,3,FULL,08-09-2025,10:07:20,08-09-2025,10:07:21,08-09-2025,10:09:38,COMPLETED,0,1
79KWH,8,2,FULL,08-09-2025,10:08:19,08-09-2025,10:08:23,08-09-2025,10:09:38,COMPLETED,0,1
79KWH,8,3,FULL,08-09-2025,10:09:44,08-09-2025,10:09:46,08-09-2025,10:12:01,COMPLETED,0,1
79KWH,8,2,FULL,08-09-2025,10:09:46,08-09-2025,10:09:47,08-09-2025,10:11:04,COMPLETED,0,1
79KWH,8,2,FULL,08-09-2025,10:11:11,08-09-2025,10:11:12,08-09-2025,10:12:26,COMPLETED,0,1
79KWH,8,3,FULL,08-09-2025,10:12:09,08-09-2025,10:12:09,08-09-2025,10:14:27,COMPLETED,0,1
79KWH,8,2,FULL,08-09-2025,10:12:34,08-09-2025,10:12:35,08-09-2025,10:13:51,COMPLETED,0,1
79KWH,8,2,FULL,08-09-2025,10:13:57,08-09-2025,10:14:00,08-09-2025,10:15:14,COMPLETED,0,1
79KWH,8,3,FULL,08-09-2025,10:14:33,08-09-2025,10:14:36,08-09-2025,10:16:51,COMPLETED,0,1
79KWH,8,2,FULL,08-09-2025,10:15:21,08-09-2025,10:15:23,08-09-2025,10:16:39,COMPLETED,0,1
79KWH,8,2,FULL,08-09-2025,10:16:46,08-09-2025,10:16:48,08-09-2025,10:18:01,COMPLETED,0,1
79KWH,8,3,FULL,08-09-2025,10:17:00,08-09-2025,10:17:01,08-09-2025,10:19:20,COMPLETED,0,1
79KWH,8,2,FULL,08-09-2025,10:18:10,08-09-2025,10:18:11,08-09-2025,10:19:27,COMPLETED,0,1
79KWH,8,3,FULL,08-09-2025,10:19:25,08-09-2025,10:19:30,08-09-2025,10:21:46,COMPLETED,0,1
79KWH,8,2,FULL,08-09-2025,10:19:33,08-09-2025,10:19:36,08-09-2025,10:20:50,COMPLETED,0,1
79KWH,8,2,FULL,08-09-2025,10:20:58,08-09-2025,10:20:59,08-09-2025,10:22:15,COMPLETED,0,1
79KWH,8,3,FULL,08-09-2025,10:21:54,08-09-2025,10:21:55,08-09-2025,10:24:19,COMPLETED,0,1
79KWH,8,2,FULL,08-09-2025,10:22:21,08-09-2025,10:22:25,08-09-2025,10:23:39,COMPLETED,0,1
79KWH,8,2,FULL,08-09-2025,10:23:47,08-09-2025,10:23:48,08-09-2025,10:25:05,COMPLETED,0,1
79KWH,8,3,FULL,08-09-2025,10:24:25,08-09-2025,10:24:29,08-09-2025,10:26:53,COMPLETED,0,1
79KWH,8,2,FULL,08-09-2025,10:25:11,08-09-2025,10:25:14,08-09-2025,10:26:28,COMPLETED,0,1
79KWH,8,2,FULL,08-09-2025,10:26:36,08-09-2025,10:26:37,08-09-2025,10:27:54,COMPLETED,0,1
79KWH,8,3,FULL,08-09-2025,10:27:00,08-09-2025,10:27:02,08-09-2025,10:29:28,COMPLETED,0,1
79KWH,8,2,FULL,08-09-2025,10:28:00,08-09-2025,10:28:02,08-09-2025,10:29:17,COMPLETED,0,1
79KWH,8,2,FULL,08-09-2025,10:29:24,08-09-2025,10:29:25,08-09-2025,10:30:41,COMPLETED,0,1
79KWH,8,3,FULL,08-09-2025,10:29:35,08-09-2025,10:29:37,08-09-2025,10:32:01,COMPLETED,0,1
79KWH,8,2,FULL,08-09-2025,10:30:47,08-09-2025,10:30:50,08-09-2025,10:32:04,COMPLETED,0,1
79KWH,8,3,FULL,08-09-2025,10:32:09,08-09-2025,10:32:10,08-09-2025,10:34:32,COMPLETED,0,1
79KWH,8,2,FULL,08-09-2025,10:32:12,08-09-2025,10:32:13,08-09-2025,10:33:29,COMPLETED,0,1
79KWH,8,2,FULL,08-09-2025,10:33:36,08-09-2025,10:33:38,08-09-2025,10:34:52,COMPLETED,0,1
79KWH,8,3,FULL,08-09-2025,10:34:38,08-09-2025,10:34:41,08-09-2025,10:37:05,COMPLETED,0,1
79KWH,8,2,FULL,08-09-2025,10:35:00,08-09-2025,10:35:01,08-09-2025,10:36:18,COMPLETED,0,1
79KWH,8,2,FULL,08-09-2025,10:36:24,08-09-2025,10:36:26,08-09-2025,10:37:40,COMPLETED,0,1
79KWH,8,3,FULL,08-09-2025,10:37:14,08-09-2025,10:39:16,08-09-2025,10:41:58,COMPLETED,0,1
79KWH,8,2,FULL,08-09-2025,10:37:48,08-09-2025,10:37:49,08-09-2025,10:39:05,COMPLETED,0,1
79KWH,8,2,FULL,08-09-2025,10:39:12,08-09-2025,10:39:15,08-09-2025,10:40:29,COMPLETED,0,1
79KWH,8,2,FULL,08-09-2025,10:40:38,08-09-2025,10:40:40,08-09-2025,10:41:57,COMPLETED,0,1
79KWH,8,2,FULL,08-09-2025,10:42:03,08-09-2025,10:42:06,08-09-2025,10:43:20,COMPLETED,0,1
79KWH,8,3,FULL,08-09-2025,10:42:05,08-09-2025,10:42:08,08-09-2025,10:44:34,COMPLETED,0,1
79KWH,8,2,FULL,08-09-2025,10:43:28,08-09-2025,10:43:29,08-09-2025,10:44:45,COMPLETED,0,1
79KWH,8,3,FULL,08-09-2025,10:44:42,08-09-2025,10:46:50,08-09-2025,10:49:33,COMPLETED,0,1
79KWH,8,2,FULL,08-09-2025,10:44:51,08-09-2025,10:44:55,08-09-2025,10:46:09,COMPLETED,0,1
79KWH,8,2,FULL,08-09-2025,10:46:16,08-09-2025,10:46:17,08-09-2025,10:47:34,COMPLETED,0,1
79KWH,8,2,FULL,08-09-2025,10:47:39,08-09-2025,10:47:44,08-09-2025,10:48:57,COMPLETED,0,1
79KWH,8,2,FULL,08-09-2025,10:49:06,08-09-2025,10:49:06,08-09-2025,10:50:23,COMPLETED,0,1
79KWH,8,3,FULL,08-09-2025,10:49:39,08-09-2025,10:49:42,08-09-2025,10:52:10,COMPLETED,0,1
79KWH,8,2,FULL,08-09-2025,10:50:29,08-09-2025,10:50:32,08-09-2025,10:51:46,COMPLETED,0,1
79KWH,8,2,FULL,08-09-2025,10:51:54,08-09-2025,10:51:55,08-09-2025,10:53:11,COMPLETED,0,1
79KWH,8,3,FULL,08-09-2025,10:52:19,08-09-2025,10:52:20,08-09-2025,10:54:51,COMPLETED,0,1
79KWH,8,2,FULL,08-09-2025,10:53:18,08-09-2025,10:53:20,08-09-2025,10:54:34,COMPLETED,0,1
79KWH,8,2,FULL,08-09-2025,10:54:43,08-09-2025,10:54:44,08-09-2025,10:56:01,COMPLETED,0,1
79KWH,8,3,FULL,08-09-2025,10:54:58,08-09-2025,10:55:01,08-09-2025,10:57:25,COMPLETED,0,1
79KWH,8,2,FULL,08-09-2025,10:56:07,08-09-2025,10:56:09,08-09-2025,10:57:23,COMPLETED,0,1
79KWH,8,2,FULL,08-09-2025,10:57:31,08-09-2025,10:57:32,08-09-2025,10:58:49,COMPLETED,0,1
79KWH,8,3,FULL,08-09-2025,10:57:33,08-09-2025,10:57:34,08-09-2025,11:00:05,COMPLETED,0,1
79KWH,8,2,FULL,08-09-2025,10:58:55,08-09-2025,10:58:59,08-09-2025,11:00:14,COMPLETED,0,1
79KWH,8,3,FULL,08-09-2025,11:00:12,08-09-2025,11:00:15,08-09-2025,11:02:45,COMPLETED,0,1
79KWH,8,2,FULL,08-09-2025,11:00:23,08-09-2025,11:00:24,08-09-2025,11:01:43,COMPLETED,0,1
79KWH,8,2,FULL,08-09-2025,11:01:50,08-09-2025,11:01:52,08-09-2025,11:03:10,COMPLETED,0,1
79KWH,8,3,FULL,08-09-2025,11:02:54,08-09-2025,11:02:54,08-09-2025,11:05:28,COMPLETED,0,1
79KWH,8,2,FULL,08-09-2025,11:03:18,08-09-2025,11:03:19,08-09-2025,11:04:38,COMPLETED,0,1
79KWH,8,2,FULL,08-09-2025,11:04:45,08-09-2025,11:04:48,08-09-2025,11:06:06,COMPLETED,0,1
79KWH,8,3,FULL,08-09-2025,11:05:34,08-09-2025,11:05:39,08-09-2025,11:08:19,COMPLETED,0,1
79KWH,8,2,FULL,08-09-2025,11:06:14,08-09-2025,11:06:15,08-09-2025,11:07:37,COMPLETED,0,1
79KWH,8,2,FULL,08-09-2025,11:07:43,08-09-2025,11:07:46,08-09-2025,11:09:06,COMPLETED,0,1
79KWH,8,3,FULL,08-09-2025,11:08:27,08-09-2025,11:08:29,08-09-2025,11:11:03,COMPLETED,0,1
79KWH,8,2,FULL,08-09-2025,11:09:13,08-09-2025,11:09:15,08-09-2025,11:10:36,COMPLETED,0,1
79KWH,8,2,FULL,08-09-2025,11:10:42,08-09-2025,11:10:45,08-09-2025,11:12:05,COMPLETED,0,1
79KWH,8,3,FULL,08-09-2025,11:11:08,08-09-2025,11:11:11,08-09-2025,11:13:43,COMPLETED,0,1
79KWH,8,2,FULL,08-09-2025,11:12:13,08-09-2025,11:12:14,08-09-2025,11:13:37,COMPLETED,0,1
79KWH,8,2,FULL,08-09-2025,11:13:43,08-09-2025,11:13:47,08-09-2025,11:15:08,COMPLETED,0,1
79KWH,8,3,FULL,08-09-2025,11:13:51,08-09-2025,11:13:52,08-09-2025,11:16:27,COMPLETED,0,1
79KWH,8,2,FULL,08-09-2025,11:15:17,08-09-2025,11:15:17,08-09-2025,11:16:42,COMPLETED,0,1
79KWH,8,3,FULL,08-09-2025,11:16:33,08-09-2025,11:16:36,08-09-2025,11:19:10,COMPLETED,0,1
79KWH,8,2,FULL,08-09-2025,11:16:48,08-09-2025,11:16:51,08-09-2025,11:18:13,COMPLETED,0,1
79KWH,8,2,FULL,08-09-2025,11:18:20,08-09-2025,11:18:21,08-09-2025,11:19:46,COMPLETED,0,1
79KWH,8,3,FULL,08-09-2025,11:19:18,08-09-2025,11:19:19,08-09-2025,11:21:54,COMPLETED,0,1
79KWH,8,2,FULL,08-09-2025,11:19:52,08-09-2025,11:19:55,08-09-2025,11:21:18,COMPLETED,0,1
79KWH,8,2,FULL,08-09-2025,11:21:27,08-09-2025,11:21:27,08-09-2025,11:22:53,COMPLETED,0,1
79KWH,8,3,FULL,08-09-2025,11:22:01,08-09-2025,11:22:04,08-09-2025,11:24:37,COMPLETED,0,1
79KWH,8,2,FULL,08-09-2025,11:23:00,08-09-2025,11:23:03,08-09-2025,11:24:27,COMPLETED,0,1
79KWH,8,3,FULL,08-09-2025,11:24:45,08-09-2025,11:24:46,08-09-2025,11:27:22,COMPLETED,0,1
79KWH,8,3,FULL,08-09-2025,11:27:28,08-09-2025,11:27:32,08-09-2025,11:30:06,COMPLETED,0,1
79KWH,8,2,FULL,08-09-2025,11:27:43,08-09-2025,11:27:43,08-09-2025,11:29:11,COMPLETED,0,1
79KWH,8,2,FULL,08-09-2025,11:29:16,08-09-2025,11:29:19,08-09-2025,11:30:45,COMPLETED,0,1
79KWH,8,3,FULL,08-09-2025,11:30:15,08-09-2025,11:30:16,08-09-2025,11:32:55,COMPLETED,0,1
79KWH,8,2,FULL,08-09-2025,11:30:53,08-09-2025,11:30:55,08-09-2025,11:32:22,COMPLETED,0,1
79KWH,8,2,FULL,08-09-2025,11:32:28,08-09-2025,11:32:32,08-09-2025,11:33:59,COMPLETED,0,1
79KWH,8,3,FULL,08-09-2025,11:33:02,08-09-2025,11:33:08,08-09-2025,11:35:39,COMPLETED,0,1
79KWH,8,2,FULL,08-09-2025,11:34:06,08-09-2025,11:34:07,08-09-2025,11:35:36,COMPLETED,0,1
79KWH,8,2,FULL,08-09-2025,11:35:42,08-09-2025,11:35:45,08-09-2025,11:37:13,COMPLETED,0,1
79KWH,8,3,FULL,08-09-2025,11:35:47,08-09-2025,11:35:48,08-09-2025,11:38:28,COMPLETED,0,1
79KWH,8,2,FULL,08-09-2025,11:37:21,08-09-2025,11:37:22,08-09-2025,11:38:52,COMPLETED,0,1
79KWH,8,2,FULL,08-09-2025,11:38:58,08-09-2025,11:39:02,08-09-2025,11:40:31,COMPLETED,0,1
79KWH,8,2,FULL,08-09-2025,11:40:40,08-09-2025,11:40:41,08-09-2025,11:42:13,COMPLETED,0,1
79KWH,8,2,FULL,08-09-2025,11:42:20,08-09-2025,11:42:22,08-09-2025,11:43:52,COMPLETED,0,1
79KWH,8,2,FULL,08-09-2025,12:46:36,08-09-2025,12:46:37,08-09-2025,12:48:09,COMPLETED,0,1
79KWH,8,3,FULL,08-09-2025,12:48:05,08-09-2025,12:48:05,08-09-2025,12:50:42,COMPLETED,0,1
79KWH,8,1,FULL,08-09-2025,12:50:13,08-09-2025,12:51:15,08-09-2025,12:54:44,COMPLETED,0,1
79KWH,8,3,FULL,08-09-2025,12:50:50,08-09-2025,12:50:52,08-09-2025,12:53:30,COMPLETED,0,1
79KWH,8,2,FULL,08-09-2025,12:53:02,08-09-2025,12:53:03,08-09-2025,12:54:32,COMPLETED,0,1
79KWH,8,3,FULL,08-09-2025,12:53:37,08-09-2025,12:53:40,08-09-2025,12:56:18,COMPLETED,0,1
79KWH,8,1,FULL,08-09-2025,12:54:50,08-09-2025,12:58:10,08-09-2025,13:01:46,COMPLETED,0,1
79KWH,8,2,FULL,08-09-2025,12:54:58,08-09-2025,12:54:59,08-09-2025,12:56:32,COMPLETED,0,1
79KWH,8,3,FULL,08-09-2025,12:56:26,08-09-2025,12:56:27,08-09-2025,12:59:08,COMPLETED,0,1
79KWH,8,2,FULL,08-09-2025,12:56:48,08-09-2025,12:56:50,08-09-2025,12:58:20,COMPLETED,0,1
79KWH,8,2,FULL,08-09-2025,12:58:41,08-09-2025,12:58:42,08-09-2025,13:00:17,COMPLETED,0,1
79KWH,8,3,FULL,08-09-2025,12:59:14,08-09-2025,12:59:20,08-09-2025,13:02:00,COMPLETED,0,1
79KWH,8,2,FULL,08-09-2025,13:00:31,08-09-2025,13:00:31,08-09-2025,13:02:04,COMPLETED,0,1
79KWH,8,3,FULL,08-09-2025,13:02:09,08-09-2025,13:02:10,08-09-2025,13:04:51,COMPLETED,0,1
79KWH,8,2,FULL,08-09-2025,13:02:12,08-09-2025,13:02:13,08-09-2025,13:03:49,COMPLETED,0,1
79KWH,8,2,FULL,08-09-2025,13:03:55,08-09-2025,13:03:58,08-09-2025,13:05:32,COMPLETED,0,1
79KWH,8,3,FULL,08-09-2025,13:04:58,08-09-2025,13:05:02,08-09-2025,13:07:42,COMPLETED,0,1
79KWH,8,2,FULL,08-09-2025,13:05:40,08-09-2025,13:05:41,08-09-2025,13:07:17,COMPLETED,0,1
79KWH,8,2,FULL,08-09-2025,13:07:24,08-09-2025,13:07:26,08-09-2025,13:09:01,COMPLETED,0,1
79KWH,8,3,FULL,08-09-2025,13:07:50,08-09-2025,13:07:50,08-09-2025,13:10:35,COMPLETED,0,1
79KWH,8,2,FULL,08-09-2025,13:09:12,08-09-2025,13:09:13,08-09-2025,13:10:51,COMPLETED,0,1
79KWH,8,3,FULL,08-09-2025,13:10:41,08-09-2025,13:10:47,08-09-2025,13:13:30,COMPLETED,0,1
79KWH,8,2,FULL,08-09-2025,13:10:57,08-09-2025,13:11:01,08-09-2025,13:12:37,COMPLETED,0,1
79KWH,8,2,FULL,08-09-2025,13:12:45,08-09-2025,13:12:45,08-09-2025,13:14:24,COMPLETED,0,1
79KWH,8,3,FULL,08-09-2025,13:13:39,08-09-2025,13:13:40,08-09-2025,13:16:24,COMPLETED,0,1
79KWH,8,2,FULL,08-09-2025,13:14:31,08-09-2025,13:14:34,08-09-2025,13:16:12,COMPLETED,0,1
79KWH,8,2,FULL,08-09-2025,13:16:20,08-09-2025,13:16:21,08-09-2025,13:18:00,COMPLETED,0,1
79KWH,8,3,FULL,08-09-2025,13:16:30,08-09-2025,13:16:32,08-09-2025,13:19:15,COMPLETED,0,1
79KWH,8,2,FULL,08-09-2025,13:18:06,08-09-2025,13:18:09,08-09-2025,13:19:47,COMPLETED,0,1
79KWH,8,3,FULL,08-09-2025,13:19:23,08-09-2025,13:19:23,08-09-2025,13:22:09,COMPLETED,0,1
79KWH,8,2,FULL,08-09-2025,13:19:55,08-09-2025,13:19:56,08-09-2025,13:21:37,COMPLETED,0,1
79KWH,8,2,FULL,08-09-2025,13:21:44,08-09-2025,13:21:46,08-09-2025,13:23:25,COMPLETED,0,1
79KWH,8,3,FULL,08-09-2025,13:22:16,08-09-2025,13:22:21,08-09-2025,13:25:05,COMPLETED,0,1
79KWH,8,2,FULL,08-09-2025,13:23:34,08-09-2025,13:23:34,08-09-2025,13:25:16,COMPLETED,0,1
79KWH,8,3,FULL,08-09-2025,13:25:12,08-09-2025,13:25:13,08-09-2025,13:27:59,COMPLETED,0,1
79KWH,8,2,FULL,08-09-2025,13:25:23,08-09-2025,13:25:26,08-09-2025,13:27:07,COMPLETED,0,1
79KWH,8,2,FULL,08-09-2025,13:27:15,08-09-2025,13:27:16,08-09-2025,13:29:00,COMPLETED,0,1
79KWH,8,3,FULL,08-09-2025,13:28:05,08-09-2025,13:28:08,08-09-2025,13:30:53,COMPLETED,0,1
79KWH,8,2,FULL,08-09-2025,13:29:06,08-09-2025,13:29:09,08-09-2025,13:30:50,COMPLETED,0,1
79KWH,8,2,FULL,08-09-2025,13:30:59,08-09-2025,13:30:59,08-09-2025,13:32:44,COMPLETED,0,1
79KWH,8,3,FULL,08-09-2025,13:31:02,08-09-2025,13:31:04,08-09-2025,13:33:52,COMPLETED,0,1
79KWH,8,2,FULL,08-09-2025,13:32:50,08-09-2025,13:32:54,08-09-2025,13:34:37,COMPLETED,0,1
79KWH,8,3,FULL,08-09-2025,13:33:58,08-09-2025,13:34:01,08-09-2025,13:36:47,COMPLETED,0,1
79KWH,8,2,FULL,08-09-2025,13:34:45,08-09-2025,13:34:46,08-09-2025,13:36:31,COMPLETED,0,1
79KWH,8,2,FULL,08-09-2025,13:36:37,08-09-2025,13:36:40,08-09-2025,13:38:23,COMPLETED,0,1
79KWH,8,3,FULL,08-09-2025,13:36:55,08-09-2025,13:36:56,08-09-2025,13:39:44,COMPLETED,0,1
79KWH,8,2,FULL,08-09-2025,13:38:32,08-09-2025,13:38:32,08-09-2025,13:40:20,COMPLETED,0,1
79KWH,8,3,FULL,08-09-2025,13:39:50,08-09-2025,13:39:53,08-09-2025,13:42:39,COMPLETED,0,1
79KWH,8,2,FULL,08-09-2025,13:40:26,08-09-2025,13:40:28,08-09-2025,13:42:13,COMPLETED,0,1
79KWH,8,2,FULL,08-09-2025,13:42:21,08-09-2025,13:42:22,08-09-2025,13:44:10,COMPLETED,0,1
79KWH,8,3,FULL,08-09-2025,13:42:47,08-09-2025,13:42:48,08-09-2025,13:45:46,COMPLETED,0,1
79KWH,8,2,FULL,08-09-2025,13:44:17,08-09-2025,13:44:20,08-09-2025,13:46:07,COMPLETED,0,1
79KWH,8,3,FULL,08-09-2025,13:45:53,08-09-2025,13:45:56,08-09-2025,13:48:44,COMPLETED,0,1
79KWH,8,2,FULL,08-09-2025,13:46:16,08-09-2025,13:46:16,08-09-2025,13:48:04,COMPLETED,0,1
79KWH,8,2,FULL,08-09-2025,13:48:10,08-09-2025,13:48:14,08-09-2025,13:50:01,COMPLETED,0,1
79KWH,8,3,FULL,08-09-2025,13:48:52,08-09-2025,13:48:53,08-09-2025,13:51:44,COMPLETED,0,1
79KWH,8,2,FULL,08-09-2025,13:50:09,08-09-2025,13:50:10,08-09-2025,13:51:58,COMPLETED,0,1
79KWH,8,3,FULL,08-09-2025,13:51:51,08-09-2025,13:51:57,08-09-2025,13:54:46,COMPLETED,0,1
79KWH,8,3,FULL,08-09-2025,13:54:55,08-09-2025,13:54:56,08-09-2025,13:57:49,COMPLETED,0,1
79KWH,8,3,FULL,08-09-2025,13:57:56,08-09-2025,13:58:01,08-09-2025,14:00:52,COMPLETED,0,1
79KWH,8,3,FULL,08-09-2025,14:01:01,08-09-2025,14:01:01,08-09-2025,14:03:54,COMPLETED,0,1
79KWH,8,3,FULL,08-09-2025,14:04:00,08-09-2025,14:04:07,08-09-2025,14:06:59,COMPLETED,0,1
79KWH,8,3,FULL,08-09-2025,14:07:07,08-09-2025,14:07:09,08-09-2025,14:10:02,COMPLETED,0,1
79KWH,8,2,FULL,08-09-2025,14:09:46,08-09-2025,14:09:46,08-09-2025,14:11:35,COMPLETED,0,1
79KWH,8,3,FULL,08-09-2025,14:11:23,08-09-2025,14:11:24,08-09-2025,14:14:16,COMPLETED,0,1
79KWH,8,2,FULL,08-09-2025,14:11:43,08-09-2025,14:11:45,08-09-2025,14:13:36,COMPLETED,0,1
79KWH,8,2,FULL,08-09-2025,14:13:43,08-09-2025,14:13:45,08-09-2025,14:15:35,COMPLETED,0,1
79KWH,8,3,FULL,08-09-2025,14:14:25,08-09-2025,14:14:27,08-09-2025,14:16:45,COMPLETED,0,1
79KWH,8,2,FULL,08-09-2025,14:15:44,08-09-2025,14:15:45,08-09-2025,14:17:38,COMPLETED,0,1
79KWH,8,3,FULL,08-09-2025,14:16:51,08-09-2025,14:16:57,08-09-2025,14:18:02,COMPLETED,0,1
79KWH,8,2,FULL,08-09-2025,14:17:44,08-09-2025,14:17:48,08-09-2025,14:19:40,COMPLETED,0,1
79KWH,8,3,FULL,08-09-2025,14:18:10,08-09-2025,14:18:11,08-09-2025,14:19:19,COMPLETED,0,1
79KWH,8,3,FULL,08-09-2025,14:19:26,08-09-2025,14:19:29,08-09-2025,14:20:38,COMPLETED,0,1
79KWH,8,2,FULL,08-09-2025,14:19:49,08-09-2025,14:19:49,08-09-2025,14:21:43,COMPLETED,0,1
79KWH,8,3,FULL,08-09-2025,14:20:46,08-09-2025,14:20:47,08-09-2025,14:22:02,COMPLETED,0,1
79KWH,8,2,FULL,08-09-2025,14:30:11,08-09-2025,14:30:14,08-09-2025,14:32:07,COMPLETED,0,1
79KWH,8,3,FULL,08-09-2025,14:31:46,08-09-2025,14:31:47,08-09-2025,14:32:52,COMPLETED,0,1
79KWH,8,2,FULL,08-09-2025,14:32:16,08-09-2025,14:32:16,08-09-2025,14:34:12,COMPLETED,0,1
79KWH,8,3,FULL,08-09-2025,14:33:39,08-09-2025,14:33:39,08-09-2025,14:34:47,COMPLETED,0,1
79KWH,8,2,FULL,08-09-2025,14:34:20,08-09-2025,14:34:22,08-09-2025,14:36:16,COMPLETED,0,1
79KWH,8,3,FULL,08-09-2025,14:35:28,08-09-2025,14:35:29,08-09-2025,14:47:34,COMPLETED,0,1
79KWH,8,2,FULL,08-09-2025,14:36:24,08-09-2025,14:36:25,08-09-2025,14:38:22,COMPLETED,0,1
79KWH,8,2,FULL,08-09-2025,14:38:28,08-09-2025,14:38:31,08-09-2025,14:40:26,COMPLETED,0,1
79KWH,8,2,FULL,08-09-2025,14:40:36,08-09-2025,14:40:36,08-09-2025,14:42:32,COMPLETED,0,1
79KWH,8,2,FULL,08-09-2025,14:42:38,08-09-2025,14:42:42,08-09-2025,14:44:37,COMPLETED,0,1
79KWH,8,2,FULL,08-09-2025,14:44:46,08-09-2025,14:44:46,08-09-2025,14:46:43,COMPLETED,0,1
79KWH,8,2,FULL,08-09-2025,14:46:49,08-09-2025,14:46:53,08-09-2025,14:48:50,COMPLETED,0,1
79KWH,8,3,FULL,08-09-2025,14:47:51,08-09-2025,14:47:51,08-09-2025,14:49:04,COMPLETED,0,1
79KWH,8,2,FULL,08-09-2025,14:48:59,08-09-2025,14:49:00,08-09-2025,14:50:59,COMPLETED,0,1
79KWH,8,3,FULL,08-09-2025,14:49:10,08-09-2025,14:49:17,08-09-2025,14:50:23,COMPLETED,0,1
79KWH,8,3,FULL,08-09-2025,14:50:31,08-09-2025,14:50:32,08-09-2025,14:51:40,COMPLETED,0,1
79KWH,8,2,FULL,08-09-2025,14:51:06,08-09-2025,14:51:09,08-09-2025,14:53:06,COMPLETED,0,1
79KWH,8,3,FULL,08-09-2025,14:51:46,08-09-2025,14:51:49,08-09-2025,14:52:55,COMPLETED,0,1
79KWH,8,3,FULL,08-09-2025,14:53:04,08-09-2025,14:53:04,08-09-2025,14:54:17,COMPLETED,0,1
79KWH,8,2,FULL,08-09-2025,14:53:14,08-09-2025,14:53:15,08-09-2025,14:55:14,COMPLETED,0,1
79KWH,8,3,FULL,08-09-2025,14:54:23,08-09-2025,14:54:27,08-09-2025,14:55:33,COMPLETED,0,1
79KWH,8,2,FULL,08-09-2025,14:55:22,08-09-2025,14:55:24,08-09-2025,14:57:22,COMPLETED,0,1
79KWH,8,3,FULL,08-09-2025,14:55:41,08-09-2025,14:55:42,08-09-2025,14:56:50,COMPLETED,0,1
79KWH,8,3,FULL,08-09-2025,14:56:56,08-09-2025,14:56:59,08-09-2025,14:58:09,COMPLETED,0,1
79KWH,8,2,FULL,08-09-2025,14:57:31,08-09-2025,14:57:31,08-09-2025,14:59:34,COMPLETED,0,1
79KWH,8,3,FULL,08-09-2025,14:58:17,08-09-2025,14:58:18,08-09-2025,14:59:30,COMPLETED,0,1
79KWH,8,3,FULL,08-09-2025,14:59:36,08-09-2025,14:59:40,08-09-2025,15:00:46,COMPLETED,0,1
79KWH,8,2,FULL,08-09-2025,14:59:40,08-09-2025,14:59:42,08-09-2025,15:01:43,COMPLETED,0,1
79KWH,8,3,FULL,08-09-2025,15:00:54,08-09-2025,15:00:54,08-09-2025,15:02:03,COMPLETED,0,1
79KWH,8,2,FULL,08-09-2025,15:01:53,08-09-2025,15:01:54,08-09-2025,15:03:58,COMPLETED,0,1
79KWH,8,3,FULL,08-09-2025,15:02:09,08-09-2025,15:02:11,08-09-2025,15:03:17,COMPLETED,0,1
79KWH,8,3,FULL,08-09-2025,15:03:26,08-09-2025,15:03:26,08-09-2025,15:04:39,COMPLETED,0,1
79KWH,8,2,FULL,08-09-2025,15:04:05,08-09-2025,15:04:07,08-09-2025,15:06:08,COMPLETED,0,1
79KWH,8,3,FULL,08-09-2025,15:04:45,08-09-2025,15:04:52,08-09-2025,15:05:58,COMPLETED,0,1
79KWH,8,3,FULL,08-09-2025,15:06:07,08-09-2025,15:06:08,08-09-2025,15:07:16,COMPLETED,0,1
79KWH,8,2,FULL,08-09-2025,15:06:17,08-09-2025,15:06:18,08-09-2025,15:08:21,COMPLETED,0,1
79KWH,8,3,FULL,08-09-2025,15:07:23,08-09-2025,15:07:25,08-09-2025,15:08:31,COMPLETED,0,1
79KWH,8,2,FULL,08-09-2025,15:08:27,08-09-2025,15:08:30,08-09-2025,15:10:33,COMPLETED,0,1
79KWH,8,3,FULL,08-09-2025,15:08:39,08-09-2025,15:08:40,08-09-2025,15:09:53,COMPLETED,0,1
79KWH,8,3,FULL,08-09-2025,15:10:00,08-09-2025,15:10:05,08-09-2025,15:11:12,COMPLETED,0,1
79KWH,8,3,FULL,08-09-2025,15:19:23,08-09-2025,15:19:24,08-09-2025,15:20:34,COMPLETED,0,1
79KWH,8,2,FULL,08-09-2025,15:19:31,08-09-2025,15:19:32,08-09-2025,15:21:36,COMPLETED,0,1
79KWH,8,3,FULL,08-09-2025,15:21:12,08-09-2025,15:21:13,08-09-2025,15:22:21,COMPLETED,0,1
79KWH,8,2,FULL,08-09-2025,15:21:42,08-09-2025,15:21:46,08-09-2025,15:23:48,COMPLETED,0,1
79KWH,8,3,FULL,08-09-2025,15:23:07,08-09-2025,15:23:07,08-09-2025,15:24:23,COMPLETED,0,1
79KWH,8,2,FULL,08-09-2025,15:23:56,08-09-2025,15:23:56,08-09-2025,15:26:03,COMPLETED,0,1
79KWH,8,3,FULL,08-09-2025,15:24:56,08-09-2025,15:24:57,08-09-2025,15:26:07,COMPLETED,0,1
79KWH,8,2,FULL,08-09-2025,15:26:09,08-09-2025,15:26:11,08-09-2025,15:28:15,COMPLETED,0,1
79KWH,8,3,FULL,08-09-2025,15:26:50,08-09-2025,15:26:51,08-09-2025,15:28:04,COMPLETED,0,1
79KWH,8,2,FULL,08-09-2025,15:28:23,08-09-2025,15:28:24,08-09-2025,15:30:30,COMPLETED,0,1
79KWH,8,3,FULL,08-09-2025,15:28:42,08-09-2025,15:28:42,08-09-2025,15:29:53,COMPLETED,0,1
79KWH,8,3,FULL,08-09-2025,15:30:34,08-09-2025,15:30:36,08-09-2025,15:31:54,COMPLETED,0,1
79KWH,8,2,FULL,08-09-2025,15:30:38,08-09-2025,15:30:40,08-09-2025,15:32:45,COMPLETED,0,1
79KWH,8,3,FULL,08-09-2025,15:32:01,08-09-2025,15:32:04,08-09-2025,15:33:15,COMPLETED,0,1
79KWH,8,2,FULL,08-09-2025,15:32:53,08-09-2025,15:32:54,08-09-2025,15:35:03,COMPLETED,0,1
79KWH,8,3,FULL,08-09-2025,15:33:25,08-09-2025,15:33:25,08-09-2025,15:34:40,COMPLETED,0,1
79KWH,8,2,FULL,08-09-2025,15:35:10,08-09-2025,15:35:12,08-09-2025,15:37:19,COMPLETED,0,1
79KWH,8,3,FULL,08-09-2025,15:35:10,08-09-2025,15:35:11,08-09-2025,15:36:24,COMPLETED,0,1
79KWH,8,3,FULL,08-09-2025,15:37:04,08-09-2025,15:37:05,08-09-2025,15:38:26,COMPLETED,0,1
79KWH,8,2,FULL,08-09-2025,15:37:27,08-09-2025,15:37:28,08-09-2025,15:39:37,COMPLETED,0,1
79KWH,8,3,FULL,08-09-2025,15:38:31,08-09-2025,15:38:40,08-09-2025,15:39:53,COMPLETED,0,1
79KWH,8,2,FULL,08-09-2025,15:39:44,08-09-2025,15:39:46,08-09-2025,15:41:52,COMPLETED,0,1
79KWH,8,3,FULL,08-09-2025,15:40:02,08-09-2025,15:40:03,08-09-2025,15:41:23,COMPLETED,0,1
79KWH,8,2,FULL,08-09-2025,15:42:01,08-09-2025,15:42:03,08-09-2025,15:44:13,COMPLETED,0,1
79KWH,8,3,FULL,08-09-2025,15:46:00,08-09-2025,15:46:01,08-09-2025,15:47:15,COMPLETED,0,1
79KWH,8,2,FULL,08-09-2025,15:46:07,08-09-2025,15:46:07,08-09-2025,15:48:17,COMPLETED,0,1
79KWH,8,3,FULL,08-09-2025,15:47:53,08-09-2025,15:47:55,08-09-2025,15:49:18,COMPLETED,0,1
79KWH,8,2,FULL,08-09-2025,15:48:26,08-09-2025,15:48:26,08-09-2025,15:50:37,COMPLETED,0,1
79KWH,8,3,FULL,08-09-2025,15:49:44,08-09-2025,15:49:44,08-09-2025,15:50:59,COMPLETED,0,1
79KWH,8,2,FULL,08-09-2025,15:50:44,08-09-2025,15:50:47,08-09-2025,15:52:57,COMPLETED,0,1
79KWH,8,3,FULL,08-09-2025,15:51:38,08-09-2025,15:51:39,08-09-2025,15:53:02,COMPLETED,0,1
79KWH,8,2,FULL,08-09-2025,15:53:06,08-09-2025,15:53:06,08-09-2025,15:55:17,COMPLETED,0,1
79KWH,8,3,FULL,08-09-2025,15:53:27,08-09-2025,15:53:27,08-09-2025,15:54:43,COMPLETED,0,1
79KWH,8,3,FULL,08-09-2025,15:55:20,08-09-2025,15:55:20,08-09-2025,15:56:45,COMPLETED,0,1
79KWH,8,2,FULL,08-09-2025,15:55:24,08-09-2025,15:55:27,08-09-2025,15:57:37,COMPLETED,0,1
79KWH,8,3,FULL,08-09-2025,15:56:51,08-09-2025,15:56:58,08-09-2025,15:58:21,COMPLETED,0,1
79KWH,8,2,FULL,08-09-2025,15:57:46,08-09-2025,15:57:46,08-09-2025,16:00:00,COMPLETED,0,1
79KWH,8,3,FULL,08-09-2025,15:58:30,08-09-2025,15:58:31,08-09-2025,15:59:58,COMPLETED,0,1
79KWH,8,3,FULL,08-09-2025,16:00:04,08-09-2025,16:00:07,08-09-2025,16:01:31,COMPLETED,0,1
79KWH,8,2,FULL,08-09-2025,16:00:06,08-09-2025,16:00:09,08-09-2025,16:02:22,COMPLETED,0,1
79KWH,8,3,FULL,08-09-2025,16:01:39,08-09-2025,16:01:40,08-09-2025,16:03:06,COMPLETED,0,1
79KWH,8,2,FULL,08-09-2025,16:02:31,08-09-2025,16:02:31,08-09-2025,16:04:46,COMPLETED,0,1
79KWH,8,3,FULL,08-09-2025,16:03:12,08-09-2025,16:03:18,08-09-2025,16:04:43,COMPLETED,0,1
79KWH,8,2,FULL,08-09-2025,16:04:52,08-09-2025,16:04:55,08-09-2025,16:07:08,COMPLETED,0,1
79KWH,8,3,FULL,08-09-2025,16:05:06,08-09-2025,16:05:07,08-09-2025,16:06:30,COMPLETED,0,1
79KWH,8,3,FULL,08-09-2025,16:06:57,08-09-2025,16:06:58,08-09-2025,16:08:24,COMPLETED,0,1
79KWH,8,2,FULL,08-09-2025,16:07:17,08-09-2025,16:07:18,08-09-2025,16:09:34,COMPLETED,0,1
79KWH,8,3,FULL,08-09-2025,16:08:31,08-09-2025,16:08:33,08-09-2025,16:10:02,COMPLETED,0,1
79KWH,8,2,FULL,08-09-2025,16:09:40,08-09-2025,16:09:43,08-09-2025,16:11:57,COMPLETED,0,1
79KWH,8,3,FULL,08-09-2025,16:10:08,08-09-2025,16:10:14,08-09-2025,16:11:36,COMPLETED,0,1
79KWH,8,3,FULL,08-09-2025,16:11:45,08-09-2025,16:11:45,08-09-2025,16:13:10,COMPLETED,0,1
79KWH,8,2,FULL,08-09-2025,16:12:06,08-09-2025,16:12:06,08-09-2025,16:14:23,COMPLETED,0,1
79KWH,8,3,FULL,08-09-2025,16:13:16,08-09-2025,16:13:20,08-09-2025,16:14:43,COMPLETED,0,1
79KWH,8,2,FULL,08-09-2025,16:14:29,08-09-2025,16:14:33,08-09-2025,16:16:48,COMPLETED,0,1
79KWH,8,3,FULL,08-09-2025,16:17:19,08-09-2025,16:17:20,08-09-2025,16:18:59,COMPLETED,0,1
79KWH,8,2,FULL,08-09-2025,16:17:27,08-09-2025,16:17:28,08-09-2025,16:19:47,COMPLETED,0,1
79KWH,8,3,FULL,08-09-2025,16:19:10,08-09-2025,16:19:11,08-09-2025,16:20:41,COMPLETED,0,1
79KWH,8,2,FULL,08-09-2025,16:19:52,08-09-2025,16:19:56,08-09-2025,16:22:13,COMPLETED,0,1
79KWH,8,3,FULL,08-09-2025,16:21:05,08-09-2025,16:21:06,08-09-2025,16:22:42,COMPLETED,0,1
79KWH,8,2,FULL,08-09-2025,16:22:22,08-09-2025,16:22:23,08-09-2025,16:24:42,COMPLETED,0,1
79KWH,8,3,FULL,08-09-2025,16:22:55,08-09-2025,16:22:56,08-09-2025,16:24:35,COMPLETED,0,1
79KWH,8,3,FULL,08-09-2025,16:24:48,08-09-2025,16:24:49,08-09-2025,16:26:23,COMPLETED,0,1
79KWH,8,2,FULL,08-09-2025,16:24:48,08-09-2025,16:24:52,08-09-2025,16:27:10,COMPLETED,0,1
79KWH,8,3,FULL,08-09-2025,16:26:38,08-09-2025,16:26:39,08-09-2025,16:28:10,COMPLETED,0,1
79KWH,8,2,FULL,08-09-2025,16:27:18,08-09-2025,16:27:20,08-09-2025,16:29:40,COMPLETED,0,1
79KWH,8,3,FULL,08-09-2025,16:28:20,08-09-2025,16:28:22,08-09-2025,16:29:55,COMPLETED,0,1
79KWH,8,2,FULL,08-09-2025,16:29:46,08-09-2025,16:29:48,08-09-2025,16:32:06,COMPLETED,0,1
79KWH,8,3,FULL,08-09-2025,16:30:02,08-09-2025,16:30:04,08-09-2025,16:31:32,COMPLETED,0,1
79KWH,8,3,FULL,08-09-2025,16:31:41,08-09-2025,16:31:41,08-09-2025,16:33:17,COMPLETED,0,1
79KWH,8,2,FULL,08-09-2025,16:32:15,08-09-2025,16:32:15,08-09-2025,16:34:37,COMPLETED,0,1
79KWH,8,3,FULL,08-09-2025,16:33:24,08-09-2025,16:33:25,08-09-2025,16:34:54,COMPLETED,0,1
79KWH,8,2,FULL,08-09-2025,16:34:43,08-09-2025,16:34:47,08-09-2025,16:37:07,COMPLETED,0,1
79KWH,8,3,FULL,08-09-2025,16:35:02,08-09-2025,16:35:04,08-09-2025,16:36:34,COMPLETED,0,1
79KWH,8,3,FULL,08-09-2025,16:36:40,08-09-2025,16:36:44,08-09-2025,16:38:13,COMPLETED,0,1
79KWH,8,2,FULL,08-09-2025,16:37:15,08-09-2025,16:37:16,08-09-2025,16:39:39,COMPLETED,0,1
79KWH,8,3,FULL,08-09-2025,16:38:21,08-09-2025,16:38:22,08-09-2025,16:39:59,COMPLETED,0,1
79KWH,8,2,FULL,08-09-2025,16:39:45,08-09-2025,16:39:48,08-09-2025,16:42:10,COMPLETED,0,1
79KWH,8,3,FULL,08-09-2025,16:40:06,08-09-2025,16:40:11,08-09-2025,16:41:42,COMPLETED,0,1
79KWH,8,3,FULL,08-09-2025,16:41:50,08-09-2025,16:41:51,08-09-2025,16:43:24,COMPLETED,0,1
79KWH,8,2,FULL,08-09-2025,16:42:19,08-09-2025,16:42:20,08-09-2025,16:44:43,COMPLETED,0,1
79KWH,8,3,FULL,08-09-2025,16:43:30,08-09-2025,16:43:34,08-09-2025,16:45:11,COMPLETED,0,1
79KWH,8,2,FULL,08-09-2025,16:44:51,08-09-2025,16:44:54,08-09-2025,16:47:16,COMPLETED,0,1
79KWH,8,3,FULL,08-09-2025,16:45:19,08-09-2025,16:45:22,08-09-2025,16:47:11,COMPLETED,0,1
79KWH,8,3,FULL,08-09-2025,16:47:17,08-09-2025,16:47:22,08-09-2025,16:48:56,COMPLETED,0,1
79KWH,8,2,FULL,08-09-2025,16:47:25,08-09-2025,16:47:26,08-09-2025,16:49:50,COMPLETED,0,1
79KWH,8,3,FULL,08-09-2025,16:49:04,08-09-2025,16:49:05,08-09-2025,16:50:46,COMPLETED,0,1
79KWH,8,2,FULL,08-09-2025,16:49:57,08-09-2025,16:49:59,08-09-2025,16:52:22,COMPLETED,0,1
79KWH,8,3,FULL,08-09-2025,16:50:52,08-09-2025,16:50:55,08-09-2025,16:52:35,COMPLETED,0,1
79KWH,8,2,FULL,08-09-2025,16:52:30,08-09-2025,16:52:32,08-09-2025,16:54:57,COMPLETED,0,1
79KWH,8,3,FULL,08-09-2025,16:52:44,08-09-2025,16:52:44,08-09-2025,16:54:42,COMPLETED,0,1
79KWH,8,3,FULL,08-09-2025,16:54:48,08-09-2025,16:54:51,08-09-2025,16:57:05,COMPLETED,0,1
79KWH,8,2,FULL,08-09-2025,16:55:04,08-09-2025,16:55:07,08-09-2025,16:57:30,COMPLETED,0,1
79KWH,8,3,FULL,08-09-2025,16:57:14,08-09-2025,16:57:15,08-09-2025,16:59:27,COMPLETED,0,1
79KWH,8,2,FULL,08-09-2025,16:57:38,08-09-2025,16:57:39,08-09-2025,17:00:06,COMPLETED,0,1
79KWH,8,3,FULL,08-09-2025,16:59:32,08-09-2025,16:59:36,08-09-2025,17:01:51,COMPLETED,0,1
79KWH,8,2,FULL,08-09-2025,17:00:12,08-09-2025,17:00:14,08-09-2025,17:02:40,COMPLETED,0,1
79KWH,8,3,FULL,08-09-2025,17:01:59,08-09-2025,17:02:03,08-09-2025,17:04:21,COMPLETED,0,1
79KWH,8,2,FULL,08-09-2025,17:02:49,08-09-2025,17:02:49,08-09-2025,17:05:17,COMPLETED,0,1
79KWH,8,3,FULL,08-09-2025,17:04:27,08-09-2025,17:04:33,08-09-2025,17:06:49,COMPLETED,0,1
79KWH,8,2,FULL,08-09-2025,17:05:23,08-09-2025,17:05:26,08-09-2025,17:07:52,COMPLETED,0,1
79KWH,8,3,FULL,08-09-2025,17:06:57,08-09-2025,17:06:59,08-09-2025,17:09:18,COMPLETED,0,1
79KWH,8,2,FULL,08-09-2025,17:08:01,08-09-2025,17:08:02,08-09-2025,17:10:31,COMPLETED,0,1
79KWH,8,3,FULL,08-09-2025,17:09:24,08-09-2025,17:09:31,08-09-2025,17:11:51,COMPLETED,0,1
79KWH,8,2,FULL,08-09-2025,17:10:37,08-09-2025,17:10:40,08-09-2025,17:13:06,COMPLETED,0,1
79KWH,8,3,FULL,08-09-2025,17:12:00,08-09-2025,17:12:00,08-09-2025,17:14:19,COMPLETED,0,1
79KWH,8,2,FULL,08-09-2025,17:13:15,08-09-2025,17:13:15,08-09-2025,17:15:46,COMPLETED,0,1
79KWH,8,3,FULL,08-09-2025,17:14:26,08-09-2025,17:14:29,08-09-2025,17:16:56,COMPLETED,0,1
79KWH,8,2,FULL,08-09-2025,17:15:53,08-09-2025,17:15:56,08-09-2025,17:18:23,COMPLETED,0,1
79KWH,8,3,FULL,08-09-2025,17:17:04,08-09-2025,17:17:06,08-09-2025,17:19:27,COMPLETED,0,1
79KWH,8,2,FULL,08-09-2025,17:18:32,08-09-2025,17:18:41,08-09-2025,17:21:13,COMPLETED,0,1
79KWH,8,3,FULL,08-09-2025,17:19:33,08-09-2025,17:19:39,08-09-2025,17:21:58,COMPLETED,0,1
79KWH,8,2,FULL,08-09-2025,17:21:20,08-09-2025,17:21:22,08-09-2025,17:23:51,COMPLETED,0,1
79KWH,8,3,FULL,08-09-2025,17:22:06,08-09-2025,17:22:07,08-09-2025,17:24:24,COMPLETED,0,1
79KWH,8,2,FULL,08-09-2025,17:24:00,08-09-2025,17:24:02,08-09-2025,17:26:34,COMPLETED,0,1
79KWH,8,3,FULL,08-09-2025,17:24:30,08-09-2025,17:24:34,08-09-2025,17:26:50,COMPLETED,0,1
79KWH,8,2,FULL,08-09-2025,17:26:40,08-09-2025,17:26:43,08-09-2025,17:29:14,COMPLETED,0,1
79KWH,8,3,FULL,08-09-2025,17:26:58,08-09-2025,17:26:59,08-09-2025,17:29:22,COMPLETED,0,1
79KWH,8,2,FULL,08-09-2025,17:29:23,08-09-2025,17:29:25,08-09-2025,17:31:58,COMPLETED,0,1
79KWH,8,3,FULL,08-09-2025,17:29:28,08-09-2025,17:29:36,08-09-2025,17:31:56,COMPLETED,0,1
79KWH,8,3,FULL,08-09-2025,17:32:05,08-09-2025,17:32:07,08-09-2025,17:34:35,COMPLETED,0,1
79KWH,8,2,FULL,08-09-2025,17:32:05,08-09-2025,17:32:07,08-09-2025,17:34:38,COMPLETED,0,1
79KWH,8,3,FULL,08-09-2025,17:34:42,08-09-2025,17:34:44,08-09-2025,17:37:08,COMPLETED,0,1
79KWH,8,2,FULL,08-09-2025,17:34:47,08-09-2025,17:34:48,08-09-2025,17:37:22,COMPLETED,0,1
79KWH,8,3,FULL,08-09-2025,17:37:17,08-09-2025,17:37:18,08-09-2025,17:39:45,COMPLETED,0,1
79KWH,8,2,FULL,08-09-2025,17:37:29,08-09-2025,17:37:31,08-09-2025,17:40:04,COMPLETED,0,1
79KWH,8,3,FULL,08-09-2025,17:39:51,08-09-2025,17:39:56,08-09-2025,17:42:22,COMPLETED,0,1
79KWH,8,2,FULL,08-09-2025,17:40:12,08-09-2025,17:40:13,08-09-2025,17:42:48,COMPLETED,0,1
79KWH,8,3,FULL,08-09-2025,17:42:30,08-09-2025,17:42:31,08-09-2025,17:44:59,COMPLETED,0,1
79KWH,8,2,FULL,08-09-2025,17:42:55,08-09-2025,17:42:58,08-09-2025,17:45:31,COMPLETED,0,1
79KWH,8,3,FULL,08-09-2025,17:45:05,08-09-2025,17:45:11,08-09-2025,17:47:37,COMPLETED,0,1
79KWH,8,2,FULL,08-09-2025,17:45:39,08-09-2025,17:45:40,08-09-2025,17:48:16,COMPLETED,0,1
79KWH,8,3,FULL,08-09-2025,17:47:46,08-09-2025,17:47:48,08-09-2025,17:50:16,COMPLETED,0,1
79KWH,8,2,FULL,08-09-2025,17:48:22,08-09-2025,17:48:25,08-09-2025,17:51:00,COMPLETED,0,1
79KWH,8,3,FULL,08-09-2025,17:50:22,08-09-2025,17:50:26,08-09-2025,17:52:49,COMPLETED,0,1
79KWH,8,2,FULL,08-09-2025,17:51:09,08-09-2025,17:51:09,08-09-2025,17:53:47,COMPLETED,0,1
79KWH,8,3,FULL,08-09-2025,17:52:58,08-09-2025,17:53:00,08-09-2025,17:55:37,COMPLETED,0,1
79KWH,8,2,FULL,08-09-2025,17:53:54,08-09-2025,17:53:57,08-09-2025,17:56:33,COMPLETED,0,1
79KWH,8,3,FULL,08-09-2025,17:55:43,08-09-2025,17:55:47,08-09-2025,17:58:24,COMPLETED,0,1
79KWH,8,2,FULL,08-09-2025,17:56:43,08-09-2025,17:56:43,08-09-2025,17:59:22,COMPLETED,0,1
79KWH,8,3,FULL,08-09-2025,17:58:32,08-09-2025,17:58:34,08-09-2025,18:01:05,COMPLETED,0,1
79KWH,8,2,FULL,08-09-2025,17:59:28,08-09-2025,17:59:32,08-09-2025,18:02:09,COMPLETED,0,1
79KWH,8,3,FULL,08-09-2025,18:01:11,08-09-2025,18:01:18,08-09-2025,18:03:49,COMPLETED,0,1
79KWH,8,2,FULL,08-09-2025,18:02:17,08-09-2025,18:02:18,08-09-2025,18:04:56,COMPLETED,0,1
79KWH,8,3,FULL,08-09-2025,18:03:57,08-09-2025,18:03:59,08-09-2025,18:06:34,COMPLETED,0,1
79KWH,8,2,FULL,08-09-2025,18:05:01,08-09-2025,18:05:06,08-09-2025,18:07:43,COMPLETED,0,1
79KWH,8,3,FULL,08-09-2025,18:06:41,08-09-2025,18:06:45,08-09-2025,18:09:20,COMPLETED,0,1
79KWH,8,2,FULL,08-09-2025,18:07:52,08-09-2025,18:07:53,08-09-2025,18:10:34,COMPLETED,0,1
79KWH,8,3,FULL,08-09-2025,18:09:28,08-09-2025,18:09:30,08-09-2025,18:11:33,COMPLETED,0,1
79KWH,8,2,FULL,08-09-2025,18:10:42,08-09-2025,18:10:44,08-09-2025,18:13:23,COMPLETED,0,1
79KWH,8,3,FULL,08-09-2025,18:11:39,08-09-2025,18:11:42,08-09-2025,18:13:03,COMPLETED,0,1
79KWH,8,3,FULL,08-09-2025,18:13:12,08-09-2025,18:13:13,08-09-2025,18:14:36,COMPLETED,0,1
79KWH,8,2,FULL,08-09-2025,18:13:32,08-09-2025,18:13:32,08-09-2025,18:16:13,COMPLETED,0,1
79KWH,8,3,FULL,08-09-2025,18:14:42,08-09-2025,18:14:46,08-09-2025,18:16:12,COMPLETED,0,1
79KWH,8,3,FULL,08-09-2025,18:16:20,08-09-2025,18:16:21,08-09-2025,18:17:45,COMPLETED,0,1
79KWH,8,2,FULL,08-09-2025,18:16:20,08-09-2025,18:16:24,08-09-2025,18:19:04,COMPLETED,0,1
79KWH,8,3,FULL,08-09-2025,18:17:51,08-09-2025,18:17:54,08-09-2025,18:19:17,COMPLETED,0,1
79KWH,8,2,FULL,08-09-2025,18:19:14,08-09-2025,18:19:14,08-09-2025,18:21:57,COMPLETED,0,1
79KWH,8,3,FULL,08-09-2025,18:19:25,08-09-2025,18:19:26,08-09-2025,18:20:51,COMPLETED,0,1
79KWH,8,3,FULL,08-09-2025,18:20:57,08-09-2025,18:21:00,08-09-2025,18:22:23,COMPLETED,0,1
79KWH,8,2,FULL,08-09-2025,18:22:03,08-09-2025,18:22:06,08-09-2025,18:24:46,COMPLETED,0,1
79KWH,8,3,FULL,08-09-2025,18:22:32,08-09-2025,18:22:32,08-09-2025,18:23:59,COMPLETED,0,1
79KWH,8,3,FULL,08-09-2025,18:24:05,08-09-2025,18:24:08,08-09-2025,18:25:37,COMPLETED,0,1
79KWH,8,3,FULL,08-09-2025,18:37:54,08-09-2025,18:37:54,08-09-2025,18:39:29,COMPLETED,0,1
79KWH,8,2,FULL,08-09-2025,18:38:01,08-09-2025,18:38:01,08-09-2025,18:40:46,COMPLETED,0,1
79KWH,8,3,FULL,08-09-2025,18:39:43,08-09-2025,18:39:44,08-09-2025,18:41:13,COMPLETED,0,1
79KWH,8,2,FULL,08-09-2025,18:40:52,08-09-2025,18:40:54,08-09-2025,18:43:37,COMPLETED,0,1
79KWH,8,3,FULL,08-09-2025,18:41:37,08-09-2025,18:41:38,08-09-2025,18:43:47,COMPLETED,0,1
79KWH,8,2,FULL,08-09-2025,18:43:45,08-09-2025,18:43:46,08-09-2025,18:46:32,COMPLETED,0,1
79KWH,8,3,FULL,08-09-2025,18:43:53,08-09-2025,18:44:00,08-09-2025,18:46:39,COMPLETED,0,1
79KWH,8,2,FULL,08-09-2025,18:46:38,08-09-2025,18:46:41,08-09-2025,18:49:25,COMPLETED,0,1
79KWH,8,3,FULL,08-09-2025,18:46:48,08-09-2025,18:46:49,08-09-2025,18:48:44,COMPLETED,0,1
79KWH,8,3,FULL,08-09-2025,18:48:51,08-09-2025,18:48:54,08-09-2025,18:50:03,COMPLETED,0,1
79KWH,8,2,FULL,08-09-2025,18:49:34,08-09-2025,18:49:34,08-09-2025,18:52:21,COMPLETED,0,1
79KWH,8,3,FULL,08-09-2025,18:50:12,08-09-2025,18:50:12,08-09-2025,18:52:16,COMPLETED,0,1
79KWH,8,3,FULL,08-09-2025,18:52:23,08-09-2025,18:52:28,08-09-2025,18:55:18,COMPLETED,0,1
79KWH,8,3,FULL,08-09-2025,18:55:27,08-09-2025,18:55:27,08-09-2025,18:58:20,COMPLETED,0,1
79KWH,8,3,FULL,08-09-2025,18:58:27,08-09-2025,18:58:32,08-09-2025,19:01:23,COMPLETED,0,1
79KWH,8,2,FULL,08-09-2025,19:15:47,08-09-2025,19:15:47,08-09-2025,19:18:31,COMPLETED,0,1
79KWH,8,3,FULL,08-09-2025,19:17:26,08-09-2025,19:17:26,08-09-2025,19:20:20,COMPLETED,0,1
79KWH,8,2,FULL,08-09-2025,19:18:41,08-09-2025,19:18:41,08-09-2025,19:21:29,COMPLETED,0,1
79KWH,8,3,FULL,08-09-2025,19:30:36,08-09-2025,19:30:37,08-09-2025,19:33:29,COMPLETED,0,1
79KWH,8,2,FULL,08-09-2025,19:30:46,08-09-2025,19:30:47,08-09-2025,19:33:35,COMPLETED,0,1
79KWH,8,3,FULL,08-09-2025,19:33:37,08-09-2025,19:33:38,08-09-2025,19:36:33,COMPLETED,0,1
79KWH,8,2,FULL,08-09-2025,19:33:43,08-09-2025,19:33:45,08-09-2025,19:36:34,COMPLETED,0,1
79KWH,8,3,FULL,08-09-2025,19:36:39,08-09-2025,19:36:45,08-09-2025,19:39:38,COMPLETED,0,1
79KWH,8,2,FULL,08-09-2025,19:36:40,08-09-2025,19:36:44,08-09-2025,19:39:31,COMPLETED,0,1
79KWH,8,2,FULL,08-09-2025,19:39:40,08-09-2025,19:39:41,08-09-2025,19:41:44,COMPLETED,0,1
79KWH,8,3,FULL,08-09-2025,19:39:46,08-09-2025,19:39:47,08-09-2025,19:41:49,COMPLETED,0,1
79KWH,8,2,FULL,08-09-2025,19:41:50,08-09-2025,19:41:54,08-09-2025,19:43:08,COMPLETED,0,1
79KWH,8,3,FULL,08-09-2025,19:41:54,08-09-2025,19:41:58,08-09-2025,19:43:10,COMPLETED,0,1
79KWH,8,3,FULL,08-09-2025,19:43:19,08-09-2025,19:43:19,08-09-2025,19:44:33,COMPLETED,0,1
79KWH,8,3,FULL,08-09-2025,19:44:40,08-09-2025,19:44:41,08-09-2025,19:45:53,COMPLETED,0,1
79KWH,8,3,FULL,08-09-2025,19:46:02,08-09-2025,19:46:02,08-09-2025,19:47:20,COMPLETED,0,1
79KWH,8,2,FULL,08-09-2025,19:46:24,08-09-2025,19:46:25,08-09-2025,19:47:41,COMPLETED,0,1
79KWH,8,3,FULL,08-09-2025,19:47:26,08-09-2025,19:47:30,08-09-2025,19:48:46,COMPLETED,0,1
79KWH,8,2,FULL,08-09-2025,19:48:14,08-09-2025,19:48:16,08-09-2025,19:49:30,COMPLETED,0,1
79KWH,8,3,FULL,08-09-2025,19:48:55,08-09-2025,19:48:55,08-09-2025,19:50:09,COMPLETED,0,1
79KWH,8,2,FULL,08-09-2025,19:50:08,08-09-2025,19:50:09,08-09-2025,19:51:25,COMPLETED,0,1
79KWH,8,3,FULL,08-09-2025,19:50:15,08-09-2025,19:50:18,08-09-2025,19:51:30,COMPLETED,0,1
79KWH,8,3,FULL,08-09-2025,19:51:39,08-09-2025,19:51:40,08-09-2025,19:52:58,COMPLETED,0,1
79KWH,8,2,FULL,08-09-2025,19:51:56,08-09-2025,19:51:57,08-09-2025,19:53:11,COMPLETED,0,1
79KWH,8,3,FULL,08-09-2025,19:53:04,08-09-2025,19:53:07,08-09-2025,19:54:18,COMPLETED,0,1
79KWH,8,2,FULL,08-09-2025,19:53:51,08-09-2025,19:53:52,08-09-2025,19:55:08,COMPLETED,0,1
79KWH,8,3,FULL,08-09-2025,19:54:27,08-09-2025,19:54:27,08-09-2025,19:55:42,COMPLETED,0,1
79KWH,8,2,FULL,08-09-2025,19:55:39,08-09-2025,19:55:39,08-09-2025,19:56:53,COMPLETED,0,1
79KWH,8,3,FULL,08-09-2025,19:55:48,08-09-2025,19:55:51,08-09-2025,19:57:03,COMPLETED,0,1
79KWH,8,3,FULL,08-09-2025,19:57:28,08-09-2025,19:57:29,08-09-2025,19:58:43,COMPLETED,0,1
79KWH,8,2,FULL,08-09-2025,19:57:33,08-09-2025,19:57:34,08-09-2025,19:58:51,COMPLETED,0,1
79KWH,8,3,FULL,08-09-2025,19:59:18,08-09-2025,19:59:18,08-09-2025,20:00:30,COMPLETED,0,1
79KWH,8,2,FULL,08-09-2025,19:59:24,08-09-2025,19:59:25,08-09-2025,20:00:39,COMPLETED,0,1
79KWH,8,3,FULL,08-09-2025,20:01:13,08-09-2025,20:01:14,08-09-2025,20:02:28,COMPLETED,0,1
79KWH,8,2,FULL,08-09-2025,20:01:19,08-09-2025,20:01:20,08-09-2025,20:02:37,COMPLETED,0,1
79KWH,8,3,FULL,08-09-2025,20:03:00,08-09-2025,20:03:01,08-09-2025,20:04:16,COMPLETED,0,1
79KWH,8,2,FULL,08-09-2025,20:03:08,08-09-2025,20:03:09,08-09-2025,20:04:24,COMPLETED,0,1
79KWH,8,3,FULL,08-09-2025,20:04:55,08-09-2025,20:04:56,08-09-2025,20:06:10,COMPLETED,0,1
79KWH,8,2,FULL,08-09-2025,20:05:01,08-09-2025,20:05:02,08-09-2025,20:06:18,COMPLETED,0,1
79KWH,8,3,FULL,08-09-2025,20:06:44,08-09-2025,20:06:45,08-09-2025,20:07:56,COMPLETED,0,1
79KWH,8,2,FULL,08-09-2025,20:06:52,08-09-2025,20:06:52,08-09-2025,20:08:07,COMPLETED,0,1
79KWH,8,3,FULL,08-09-2025,20:08:38,08-09-2025,20:08:39,08-09-2025,20:09:58,COMPLETED,0,1
79KWH,8,2,FULL,08-09-2025,20:08:45,08-09-2025,20:08:46,08-09-2025,20:10:03,COMPLETED,0,1
79KWH,8,3,FULL,08-09-2025,20:10:26,08-09-2025,20:10:27,08-09-2025,20:11:39,COMPLETED,0,1
79KWH,8,2,FULL,08-09-2025,20:10:35,08-09-2025,20:10:36,08-09-2025,20:11:50,COMPLETED,0,1
79KWH,8,3,FULL,08-09-2025,21:01:19,08-09-2025,21:01:20,08-09-2025,21:02:34,COMPLETED,0,1
79KWH,8,2,FULL,08-09-2025,21:01:26,08-09-2025,21:01:26,08-09-2025,21:02:43,COMPLETED,0,1
79KWH,8,3,FULL,08-09-2025,21:03:06,08-09-2025,21:03:07,08-09-2025,21:04:20,COMPLETED,0,1
79KWH,8,2,FULL,08-09-2025,21:03:14,08-09-2025,21:03:14,08-09-2025,21:04:28,COMPLETED,0,1
79KWH,8,3,FULL,08-09-2025,21:05:02,08-09-2025,21:05:03,08-09-2025,21:06:17,COMPLETED,0,1
79KWH,8,2,FULL,08-09-2025,21:05:08,08-09-2025,21:05:10,08-09-2025,21:06:26,COMPLETED,0,1
79KWH,8,3,FULL,08-09-2025,21:06:51,08-09-2025,21:06:52,08-09-2025,21:08:04,COMPLETED,0,1
79KWH,8,2,FULL,08-09-2025,21:06:58,08-09-2025,21:06:59,08-09-2025,21:08:13,COMPLETED,0,1
79KWH,8,3,FULL,08-09-2025,21:08:46,08-09-2025,21:08:47,08-09-2025,21:10:01,COMPLETED,0,1
79KWH,8,2,FULL,08-09-2025,21:08:53,08-09-2025,21:08:54,08-09-2025,21:10:10,COMPLETED,0,1
79KWH,8,3,FULL,08-09-2025,21:10:34,08-09-2025,21:10:34,08-09-2025,21:11:46,COMPLETED,0,1
79KWH,8,2,FULL,08-09-2025,21:10:40,08-09-2025,21:10:41,08-09-2025,21:11:55,COMPLETED,0,1
79KWH,8,3,FULL,08-09-2025,21:12:28,08-09-2025,21:12:30,08-09-2025,21:13:44,COMPLETED,0,1
79KWH,8,2,FULL,08-09-2025,21:12:37,08-09-2025,21:12:38,08-09-2025,21:13:53,COMPLETED,0,1
79KWH,8,3,FULL,09-09-2025,07:44:59,09-09-2025,07:44:59,09-09-2025,07:47:19,COMPLETED,0,1
79KWH,8,2,FULL,09-09-2025,07:45:07,09-09-2025,07:45:08,09-09-2025,07:47:08,COMPLETED,0,1
79KWH,8,1,FULL,09-09-2025,07:46:42,09-09-2025,07:46:43,09-09-2025,07:50:12,COMPLETED,0,1
79KWH,8,3,FULL,09-09-2025,07:47:43,09-09-2025,07:47:44,09-09-2025,07:49:19,COMPLETED,0,1
79KWH,8,2,FULL,09-09-2025,07:47:55,09-09-2025,07:47:55,09-09-2025,07:49:03,COMPLETED,0,1
79KWH,8,1,FULL,09-09-2025,07:50:19,09-09-2025,07:50:21,09-09-2025,07:52:59,COMPLETED,0,1
79KWH,8,3,FULL,09-09-2025,07:50:34,09-09-2025,07:50:36,09-09-2025,07:52:14,COMPLETED,0,1
79KWH,8,2,FULL,09-09-2025,07:50:43,09-09-2025,07:50:44,09-09-2025,07:51:55,COMPLETED,0,1
79KWH,8,1,FULL,09-09-2025,07:53:12,09-09-2025,07:53:13,09-09-2025,07:55:54,COMPLETED,0,1
79KWH,8,3,FULL,09-09-2025,07:53:19,09-09-2025,07:53:20,09-09-2025,07:54:56,COMPLETED,0,1
79KWH,8,2,FULL,09-09-2025,07:53:31,09-09-2025,07:53:32,09-09-2025,07:54:40,COMPLETED,0,1
79KWH,8,1,FULL,09-09-2025,07:56:00,09-09-2025,07:56:04,09-09-2025,07:58:44,COMPLETED,0,1
79KWH,8,3,FULL,09-09-2025,07:56:10,09-09-2025,07:56:11,09-09-2025,07:57:55,COMPLETED,0,1
79KWH,8,2,FULL,09-09-2025,07:56:18,09-09-2025,07:56:18,09-09-2025,07:57:31,COMPLETED,0,1
79KWH,8,1,FULL,09-09-2025,07:58:57,09-09-2025,07:58:58,09-09-2025,08:01:40,COMPLETED,0,1
79KWH,8,3,FULL,09-09-2025,07:59:00,09-09-2025,07:59:01,09-09-2025,08:00:43,COMPLETED,0,1
79KWH,8,2,FULL,09-09-2025,07:59:15,09-09-2025,07:59:15,09-09-2025,08:00:29,COMPLETED,0,1
79KWH,8,1,FULL,09-09-2025,08:01:46,09-09-2025,08:01:50,09-09-2025,08:04:31,COMPLETED,0,1
79KWH,8,3,FULL,09-09-2025,08:01:54,09-09-2025,08:01:54,09-09-2025,08:03:39,COMPLETED,0,1
79KWH,8,2,FULL,09-09-2025,08:02:01,09-09-2025,08:02:01,09-09-2025,08:03:17,COMPLETED,0,1
79KWH,8,3,FULL,09-09-2025,08:04:36,09-09-2025,08:04:37,09-09-2025,08:06:20,COMPLETED,0,1
79KWH,8,1,FULL,09-09-2025,08:04:43,09-09-2025,08:04:44,09-09-2025,08:07:29,COMPLETED,0,1
79KWH,8,2,FULL,09-09-2025,08:04:49,09-09-2025,08:04:50,09-09-2025,08:06:04,COMPLETED,0,1
79KWH,8,3,FULL,09-09-2025,08:07:31,09-09-2025,08:07:32,09-09-2025,08:08:59,COMPLETED,0,1
79KWH,8,1,FULL,09-09-2025,08:07:36,09-09-2025,08:07:38,09-09-2025,08:10:22,COMPLETED,0,1
79KWH,8,2,FULL,09-09-2025,08:07:36,09-09-2025,08:07:37,09-09-2025,08:08:53,COMPLETED,0,1
79KWH,8,3,FULL,09-09-2025,08:10:12,09-09-2025,08:11:04,09-09-2025,08:13:04,COMPLETED,0,1
79KWH,8,1,FULL,09-09-2025,08:10:35,09-09-2025,08:12:09,09-09-2025,08:15:40,COMPLETED,0,1
79KWH,8,2,FULL,09-09-2025,08:12:28,09-09-2025,08:14:57,09-09-2025,08:16:57,COMPLETED,0,1
79KWH,8,3,FULL,09-09-2025,08:15:14,09-09-2025,08:15:15,09-09-2025,08:16:29,COMPLETED,0,1
79KWH,8,1,FULL,09-09-2025,08:15:46,09-09-2025,08:15:50,09-09-2025,08:18:35,COMPLETED,0,1
79KWH,8,2,FULL,09-09-2025,08:17:05,09-09-2025,08:17:05,09-09-2025,08:18:19,COMPLETED,0,1
79KWH,8,3,FULL,09-09-2025,08:17:52,09-09-2025,08:18:34,09-09-2025,08:20:40,COMPLETED,0,1
79KWH,8,2,FULL,09-09-2025,08:18:25,09-09-2025,08:18:29,09-09-2025,08:19:37,COMPLETED,0,1
79KWH,8,1,FULL,09-09-2025,08:18:48,09-09-2025,08:18:48,09-09-2025,08:21:37,COMPLETED,0,1
79KWH,8,3,FULL,09-09-2025,08:20:47,09-09-2025,08:20:49,09-09-2025,08:22:22,COMPLETED,0,1
79KWH,8,2,FULL,09-09-2025,08:20:52,09-09-2025,08:20:52,09-09-2025,08:22:06,COMPLETED,0,1
79KWH,8,1,FULL,09-09-2025,08:21:42,09-09-2025,08:21:46,09-09-2025,08:24:33,COMPLETED,0,1
79KWH,8,3,FULL,09-09-2025,08:23:27,09-09-2025,08:23:27,09-09-2025,08:25:07,COMPLETED,0,1
79KWH,8,2,FULL,09-09-2025,08:23:40,09-09-2025,08:23:40,09-09-2025,08:24:55,COMPLETED,0,1
79KWH,8,1,FULL,09-09-2025,08:24:47,09-09-2025,08:24:48,09-09-2025,08:27:39,COMPLETED,0,1
79KWH,8,1,FULL,09-09-2025,08:27:44,09-09-2025,08:27:47,09-09-2025,08:30:36,COMPLETED,0,1
79KWH,8,3,FULL,09-09-2025,15:38:18,09-09-2025,15:38:19,09-09-2025,15:40:36,COMPLETED,0,1
79KWH,8,2,FULL,09-09-2025,15:38:25,09-09-2025,15:38:27,09-09-2025,15:40:29,COMPLETED,0,1
79KWH,8,1,FULL,09-09-2025,15:41:17,09-09-2025,15:41:18,09-09-2025,15:44:54,COMPLETED,0,1
79KWH,8,3,FULL,09-09-2025,15:42:16,09-09-2025,15:42:17,09-09-2025,15:44:02,COMPLETED,0,1
79KWH,8,2,FULL,09-09-2025,15:42:28,09-09-2025,15:42:29,09-09-2025,15:43:37,COMPLETED,0,1
79KWH,8,1,FULL,09-09-2025,15:45:00,09-09-2025,15:45:03,09-09-2025,15:47:54,COMPLETED,0,1
79KWH,8,3,FULL,09-09-2025,15:45:09,09-09-2025,15:45:09,09-09-2025,15:46:58,COMPLETED,0,1
79KWH,8,2,FULL,09-09-2025,15:45:15,09-09-2025,15:45:16,09-09-2025,15:46:26,COMPLETED,0,1
79KWH,8,3,FULL,09-09-2025,15:47:05,09-09-2025,15:47:10,09-09-2025,15:48:55,COMPLETED,0,1
79KWH,8,2,FULL,09-09-2025,15:47:07,09-09-2025,15:47:08,09-09-2025,15:48:17,COMPLETED,0,1
79KWH,8,2,FULL,09-09-2025,15:49:00,09-09-2025,15:49:00,09-09-2025,15:50:11,COMPLETED,0,1
79KWH,8,3,FULL,09-09-2025,15:49:03,09-09-2025,15:49:04,09-09-2025,15:50:49,COMPLETED,0,1
79KWH,8,3,FULL,09-09-2025,15:51:55,09-09-2025,15:51:56,09-09-2025,15:53:43,COMPLETED,0,1
79KWH,8,2,FULL,09-09-2025,15:52:02,09-09-2025,15:52:03,09-09-2025,15:53:12,COMPLETED,0,1
79KWH,8,3,FULL,09-09-2025,15:53:51,09-09-2025,15:53:54,09-09-2025,15:55:48,COMPLETED,0,1
79KWH,8,2,FULL,09-09-2025,15:53:56,09-09-2025,15:53:57,09-09-2025,15:55:07,COMPLETED,0,1
79KWH,8,2,FULL,09-09-2025,15:55:46,09-09-2025,15:55:46,09-09-2025,15:56:54,COMPLETED,0,1
79KWH,8,3,FULL,09-09-2025,15:55:54,09-09-2025,15:55:59,09-09-2025,15:57:51,COMPLETED,0,1
79KWH,8,2,FULL,09-09-2025,15:57:40,09-09-2025,15:57:42,09-09-2025,15:58:51,COMPLETED,0,1
79KWH,8,3,FULL,09-09-2025,15:57:59,09-09-2025,15:58:00,09-09-2025,15:59:51,COMPLETED,0,1
79KWH,8,2,FULL,09-09-2025,15:59:31,09-09-2025,15:59:31,09-09-2025,16:00:40,COMPLETED,0,1
79KWH,8,3,FULL,09-09-2025,15:59:57,09-09-2025,16:00:01,09-09-2025,16:01:46,COMPLETED,0,1
79KWH,8,2,FULL,09-09-2025,16:01:24,09-09-2025,16:01:24,09-09-2025,16:02:36,COMPLETED,0,1
79KWH,8,3,FULL,09-09-2025,16:01:54,09-09-2025,16:01:54,09-09-2025,16:03:46,COMPLETED,0,1
79KWH,8,2,FULL,09-09-2025,16:03:14,09-09-2025,16:03:15,09-09-2025,16:04:25,COMPLETED,0,1
79KWH,8,3,FULL,09-09-2025,16:03:52,09-09-2025,16:03:59,09-09-2025,16:05:49,COMPLETED,0,1
79KWH,8,2,FULL,09-09-2025,16:05:08,09-09-2025,16:05:10,09-09-2025,16:06:21,COMPLETED,0,1
79KWH,8,3,FULL,09-09-2025,16:05:58,09-09-2025,16:05:59,09-09-2025,16:07:52,COMPLETED,0,1
79KWH,8,2,FULL,09-09-2025,16:06:59,09-09-2025,16:07:00,09-09-2025,16:08:12,COMPLETED,0,1
79KWH,8,3,FULL,09-09-2025,16:07:59,09-09-2025,16:08:03,09-09-2025,16:09:54,COMPLETED,0,1
79KWH,8,2,FULL,09-09-2025,16:08:53,09-09-2025,16:08:54,09-09-2025,16:10:08,COMPLETED,0,1
79KWH,8,3,FULL,09-09-2025,16:10:02,09-09-2025,16:10:04,09-09-2025,16:11:59,COMPLETED,0,1
79KWH,8,2,FULL,09-09-2025,16:10:42,09-09-2025,16:10:42,09-09-2025,16:11:54,COMPLETED,0,1
79KWH,8,3,FULL,09-09-2025,16:12:05,09-09-2025,16:12:12,09-09-2025,16:14:06,COMPLETED,0,1
79KWH,8,2,FULL,09-09-2025,16:12:35,09-09-2025,16:12:36,09-09-2025,16:13:50,COMPLETED,0,1
79KWH,8,3,FULL,09-09-2025,16:14:14,09-09-2025,16:14:14,09-09-2025,16:16:11,COMPLETED,0,1
79KWH,8,2,FULL,09-09-2025,16:14:26,09-09-2025,16:14:27,09-09-2025,16:15:39,COMPLETED,0,1
79KWH,8,3,FULL,09-09-2025,16:16:18,09-09-2025,16:16:23,09-09-2025,16:18:17,COMPLETED,0,1
79KWH,8,2,FULL,09-09-2025,16:16:21,09-09-2025,16:16:23,09-09-2025,16:17:39,COMPLETED,0,1
79KWH,8,3,FULL,09-09-2025,16:18:25,09-09-2025,16:18:26,09-09-2025,16:20:00,COMPLETED,0,1
79KWH,8,3,FULL,16-09-2025,07:33:57,16-09-2025,07:33:57,16-09-2025,07:36:24,COMPLETED,0,1
79KWH,8,3,FULL,16-09-2025,07:36:31,16-09-2025,07:36:33,16-09-2025,07:38:29,COMPLETED,0,1
79KWH,8,3,FULL,16-09-2025,07:38:38,16-09-2025,07:38:39,16-09-2025,07:40:38,COMPLETED,0,1
79KWH,8,3,FULL,16-09-2025,07:40:43,16-09-2025,07:40:50,16-09-2025,07:42:48,COMPLETED,0,1
79KWH,8,3,FULL,16-09-2025,07:42:56,16-09-2025,07:45:09,16-09-2025,07:47:37,COMPLETED,0,1
79KWH,8,3,FULL,16-09-2025,07:47:44,16-09-2025,07:47:46,16-09-2025,07:49:45,COMPLETED,0,1
79KWH,8,3,FULL,16-09-2025,07:49:52,16-09-2025,07:49:55,16-09-2025,07:51:57,COMPLETED,0,1
79KWH,8,3,FULL,16-09-2025,07:52:03,16-09-2025,07:54:20,16-09-2025,07:56:47,COMPLETED,0,1
79KWH,8,3,FULL,16-09-2025,07:56:55,16-09-2025,07:59:07,16-09-2025,08:01:32,COMPLETED,0,1
79KWH,8,3,FULL,16-09-2025,08:01:39,16-09-2025,08:01:40,16-09-2025,08:03:40,COMPLETED,0,1
79KWH,8,3,FULL,16-09-2025,08:03:47,16-09-2025,08:06:00,16-09-2025,08:08:26,COMPLETED,0,1
79KWH,8,3,FULL,16-09-2025,08:08:32,16-09-2025,08:10:49,16-09-2025,08:13:17,COMPLETED,0,1
79KWH,8,3,FULL,16-09-2025,08:13:24,16-09-2025,08:15:35,16-09-2025,08:18:01,COMPLETED,0,1
79KWH,8,3,FULL,16-09-2025,08:18:08,16-09-2025,08:18:10,16-09-2025,08:20:12,COMPLETED,0,1
79KWH,8,3,FULL,16-09-2025,08:20:20,16-09-2025,08:22:35,16-09-2025,08:25:07,COMPLETED,0,1
79KWH,8,3,FULL,16-09-2025,08:25:13,16-09-2025,08:25:18,16-09-2025,08:27:19,COMPLETED,0,1
79KWH,8,3,FULL,16-09-2025,08:27:27,16-09-2025,08:29:39,16-09-2025,08:32:10,COMPLETED,0,1
79KWH,8,3,FULL,16-09-2025,08:32:16,16-09-2025,08:32:19,16-09-2025,08:34:24,COMPLETED,0,1
79KWH,8,3,FULL,16-09-2025,08:34:32,16-09-2025,08:34:34,16-09-2025,08:36:42,COMPLETED,0,1
79KWH,8,3,FULL,16-09-2025,08:36:47,16-09-2025,08:36:50,16-09-2025,08:38:57,COMPLETED,0,1
79KWH,8,3,FULL,16-09-2025,08:39:05,16-09-2025,08:41:21,16-09-2025,08:43:54,COMPLETED,0,1
79KWH,8,3,FULL,16-09-2025,08:44:00,16-09-2025,08:46:11,16-09-2025,08:48:42,COMPLETED,0,1
79KWH,8,3,FULL,16-09-2025,08:48:50,16-09-2025,08:51:05,16-09-2025,08:53:39,COMPLETED,0,1
79KWH,8,3,FULL,16-09-2025,08:53:44,16-09-2025,08:56:03,16-09-2025,08:58:34,COMPLETED,0,1
79KWH,8,3,FULL,16-09-2025,08:58:41,16-09-2025,08:58:42,16-09-2025,09:00:52,COMPLETED,0,1
79KWH,8,3,FULL,16-09-2025,09:00:59,16-09-2025,09:03:13,16-09-2025,09:05:45,COMPLETED,0,1
79KWH,8,3,FULL,16-09-2025,09:05:53,16-09-2025,09:05:56,16-09-2025,09:08:09,COMPLETED,0,1
79KWH,8,3,FULL,16-09-2025,09:08:15,16-09-2025,09:08:21,16-09-2025,09:10:31,COMPLETED,0,1
79KWH,8,3,FULL,16-09-2025,09:10:39,16-09-2025,09:10:40,16-09-2025,09:12:53,COMPLETED,0,1
79KWH,8,3,FULL,16-09-2025,09:12:59,16-09-2025,09:13:03,16-09-2025,09:15:14,COMPLETED,0,1
79KWH,8,3,FULL,16-09-2025,09:15:22,16-09-2025,09:15:25,16-09-2025,09:17:40,COMPLETED,0,1
79KWH,8,2,FULL,16-09-2025,09:15:27,16-09-2025,09:15:28,16-09-2025,09:18:18,COMPLETED,0,1
79KWH,8,3,FULL,16-09-2025,09:17:47,16-09-2025,09:17:52,16-09-2025,09:20:05,COMPLETED,0,1
79KWH,8,2,FULL,16-09-2025,09:18:25,16-09-2025,09:18:27,16-09-2025,09:19:45,COMPLETED,0,1
79KWH,8,2,FULL,16-09-2025,09:19:53,16-09-2025,09:19:54,16-09-2025,09:21:17,COMPLETED,0,1
79KWH,8,3,FULL,16-09-2025,09:20:13,16-09-2025,09:20:15,16-09-2025,09:22:29,COMPLETED,0,1
79KWH,8,2,FULL,16-09-2025,09:21:23,16-09-2025,09:21:25,16-09-2025,09:22:48,COMPLETED,0,1
79KWH,8,3,FULL,16-09-2025,09:22:35,16-09-2025,09:22:39,16-09-2025,09:24:53,COMPLETED,0,1
79KWH,8,3,FULL,16-09-2025,09:25:01,16-09-2025,09:25:04,16-09-2025,09:27:21,COMPLETED,0,1
79KWH,8,3,FULL,16-09-2025,09:27:27,16-09-2025,09:27:35,16-09-2025,09:29:50,COMPLETED,0,1
79KWH,8,2,FULL,16-09-2025,09:28:19,16-09-2025,09:29:47,16-09-2025,09:32:39,COMPLETED,0,1
79KWH,8,3,FULL,16-09-2025,09:29:58,16-09-2025,09:29:59,16-09-2025,09:32:17,COMPLETED,0,1
79KWH,8,3,FULL,16-09-2025,09:32:24,16-09-2025,09:32:29,16-09-2025,09:34:45,COMPLETED,0,1
79KWH,8,2,FULL,16-09-2025,09:32:45,16-09-2025,09:32:48,16-09-2025,09:34:11,COMPLETED,0,1
79KWH,8,2,FULL,16-09-2025,09:34:19,16-09-2025,09:34:20,16-09-2025,09:35:46,COMPLETED,0,1
79KWH,8,3,FULL,16-09-2025,09:34:53,16-09-2025,09:34:55,16-09-2025,09:37:13,COMPLETED,0,1
79KWH,8,2,FULL,16-09-2025,09:35:53,16-09-2025,09:35:56,16-09-2025,09:37:21,COMPLETED,0,1
79KWH,8,3,FULL,16-09-2025,09:37:20,16-09-2025,09:37:26,16-09-2025,09:39:43,COMPLETED,0,1
79KWH,8,2,FULL,16-09-2025,09:37:28,16-09-2025,09:37:30,16-09-2025,09:38:58,COMPLETED,0,1
79KWH,8,2,FULL,16-09-2025,09:39:04,16-09-2025,09:39:07,16-09-2025,09:40:35,COMPLETED,0,1
79KWH,8,3,FULL,16-09-2025,09:39:52,16-09-2025,09:39:53,16-09-2025,09:42:12,COMPLETED,0,1
79KWH,8,1,FULL,16-09-2025,09:40:00,16-09-2025,09:40:01,16-09-2025,09:42:47,COMPLETED,0,1
79KWH,8,2,FULL,16-09-2025,09:41:19,16-09-2025,09:43:15,16-09-2025,09:46:09,COMPLETED,0,1
79KWH,8,3,FULL,16-09-2025,09:42:18,16-09-2025,09:42:23,16-09-2025,09:44:40,COMPLETED,0,1
79KWH,8,1,FULL,16-09-2025,09:42:53,16-09-2025,09:42:56,16-09-2025,09:44:07,COMPLETED,0,1
79KWH,8,1,FULL,16-09-2025,09:44:43,16-09-2025,09:44:43,16-09-2025,09:45:56,COMPLETED,0,1
79KWH,8,3,FULL,16-09-2025,09:44:48,16-09-2025,09:44:48,16-09-2025,09:47:09,COMPLETED,0,1
79KWH,8,1,FULL,16-09-2025,09:46:02,16-09-2025,09:46:06,16-09-2025,09:47:16,COMPLETED,0,1
79KWH,8,3,FULL,16-09-2025,09:47:15,16-09-2025,09:47:22,16-09-2025,09:49:37,COMPLETED,0,1
79KWH,8,1,FULL,16-09-2025,09:47:32,16-09-2025,09:47:33,16-09-2025,09:48:46,COMPLETED,0,1
79KWH,8,1,FULL,16-09-2025,09:48:52,16-09-2025,09:48:54,16-09-2025,09:50:05,COMPLETED,0,1
79KWH,8,3,FULL,16-09-2025,09:49:44,16-09-2025,09:49:45,16-09-2025,09:52:03,COMPLETED,0,1
79KWH,8,1,FULL,16-09-2025,09:50:22,16-09-2025,09:50:23,16-09-2025,09:51:36,COMPLETED,0,1
79KWH,8,1,FULL,16-09-2025,09:51:43,16-09-2025,09:51:44,16-09-2025,09:52:55,COMPLETED,0,1
79KWH,8,3,FULL,16-09-2025,09:52:09,16-09-2025,09:52:12,16-09-2025,09:54:32,COMPLETED,0,1
79KWH,8,1,FULL,16-09-2025,09:53:20,16-09-2025,09:53:21,16-09-2025,09:54:34,COMPLETED,0,1
79KWH,8,3,FULL,16-09-2025,09:54:40,16-09-2025,09:54:43,16-09-2025,09:57:02,COMPLETED,0,1
79KWH,8,1,FULL,16-09-2025,09:55:07,16-09-2025,09:55:08,16-09-2025,09:56:19,COMPLETED,0,1
79KWH,8,3,FULL,16-09-2025,09:57:08,16-09-2025,09:57:11,16-09-2025,09:59:31,COMPLETED,0,1
79KWH,8,2,FULL,16-09-2025,09:57:11,16-09-2025,09:57:11,16-09-2025,10:00:03,COMPLETED,0,1
79KWH,8,3,FULL,16-09-2025,09:59:39,16-09-2025,09:59:40,16-09-2025,10:02:04,COMPLETED,0,1
79KWH,8,2,FULL,16-09-2025,10:00:11,16-09-2025,10:02:40,16-09-2025,10:05:36,COMPLETED,0,1
79KWH,8,3,FULL,16-09-2025,10:02:10,16-09-2025,10:02:14,16-09-2025,10:04:37,COMPLETED,0,1
79KWH,8,3,FULL,16-09-2025,10:04:45,16-09-2025,10:04:46,16-09-2025,10:07:12,COMPLETED,0,1
79KWH,8,3,FULL,16-09-2025,10:07:18,16-09-2025,10:07:24,16-09-2025,10:28:15,COMPLETED,0,1
79KWH,8,3,FULL,16-09-2025,10:28:23,16-09-2025,10:28:23,16-09-2025,10:30:50,COMPLETED,0,1
79KWH,8,3,FULL,16-09-2025,10:30:56,16-09-2025,10:31:02,16-09-2025,10:33:27,COMPLETED,0,1
79KWH,8,3,FULL,16-09-2025,10:33:35,16-09-2025,10:33:37,16-09-2025,10:36:05,COMPLETED,0,1
79KWH,8,3,FULL,16-09-2025,10:36:12,16-09-2025,10:36:14,16-09-2025,10:38:42,COMPLETED,0,1
79KWH,8,3,FULL,16-09-2025,10:38:50,16-09-2025,10:38:50,16-09-2025,10:41:19,COMPLETED,0,1
79KWH,8,3,FULL,16-09-2025,10:41:25,16-09-2025,10:41:31,16-09-2025,10:43:58,COMPLETED,0,1
79KWH,8,3,FULL,16-09-2025,10:44:06,16-09-2025,10:44:10,16-09-2025,10:46:39,COMPLETED,0,1
79KWH,8,3,FULL,16-09-2025,10:46:45,16-09-2025,10:46:52,16-09-2025,10:49:19,COMPLETED,0,1
79KWH,8,3,FULL,16-09-2025,10:49:27,16-09-2025,10:49:27,16-09-2025,10:51:57,COMPLETED,0,1
79KWH,8,3,FULL,16-09-2025,10:52:04,16-09-2025,10:52:06,16-09-2025,10:54:34,COMPLETED,0,1
79KWH,8,3,FULL,16-09-2025,10:54:43,16-09-2025,10:54:46,16-09-2025,10:57:18,COMPLETED,0,1
79KWH,8,3,FULL,16-09-2025,10:57:24,16-09-2025,10:57:30,16-09-2025,11:00:00,COMPLETED,0,1
79KWH,8,3,FULL,16-09-2025,11:00:08,16-09-2025,11:00:11,16-09-2025,11:02:44,COMPLETED,0,1
79KWH,8,2,FULL,16-09-2025,11:01:39,16-09-2025,11:05:04,16-09-2025,11:07:59,COMPLETED,0,1
79KWH,8,3,FULL,16-09-2025,11:02:50,16-09-2025,11:02:57,16-09-2025,11:05:27,COMPLETED,0,1
79KWH,8,3,FULL,16-09-2025,11:05:35,16-09-2025,11:05:37,16-09-2025,11:08:11,COMPLETED,0,1
79KWH,8,2,FULL,16-09-2025,11:08:08,16-09-2025,11:10:31,16-09-2025,11:13:28,COMPLETED,0,1
79KWH,8,3,FULL,16-09-2025,11:08:17,16-09-2025,11:08:25,16-09-2025,11:10:57,COMPLETED,0,1
79KWH,8,3,FULL,16-09-2025,11:11:04,16-09-2025,11:11:06,16-09-2025,11:13:41,COMPLETED,0,1
79KWH,8,3,FULL,16-09-2025,11:13:46,16-09-2025,11:13:49,16-09-2025,11:16:22,COMPLETED,0,1
79KWH,8,3,FULL,16-09-2025,11:16:31,16-09-2025,11:16:33,16-09-2025,11:19:10,COMPLETED,0,1
79KWH,8,3,FULL,16-09-2025,11:19:16,16-09-2025,11:19:22,16-09-2025,11:22:05,COMPLETED,0,1
79KWH,8,3,FULL,16-09-2025,11:22:13,16-09-2025,11:22:14,16-09-2025,11:24:51,COMPLETED,0,1
79KWH,8,3,FULL,16-09-2025,12:56:51,16-09-2025,12:56:52,16-09-2025,12:59:27,COMPLETED,0,1
79KWH,8,2,FULL,16-09-2025,13:00:53,16-09-2025,13:03:23,16-09-2025,13:06:18,COMPLETED,0,1
79KWH,8,3,FULL,16-09-2025,13:01:03,16-09-2025,13:01:04,16-09-2025,13:03:42,COMPLETED,0,1
79KWH,8,3,FULL,16-09-2025,13:03:48,16-09-2025,13:03:55,16-09-2025,13:06:31,COMPLETED,0,1
79KWH,8,2,FULL,16-09-2025,13:06:27,16-09-2025,13:08:43,16-09-2025,13:11:42,COMPLETED,0,1
79KWH,8,3,FULL,16-09-2025,13:06:38,16-09-2025,13:06:43,16-09-2025,13:09:21,COMPLETED,0,1
79KWH,8,3,FULL,16-09-2025,13:09:27,16-09-2025,13:09:30,16-09-2025,13:12:08,COMPLETED,0,1
79KWH,8,2,FULL,16-09-2025,13:11:49,16-09-2025,13:14:03,16-09-2025,13:17:01,COMPLETED,0,1
79KWH,8,3,FULL,16-09-2025,13:12:17,16-09-2025,13:12:17,16-09-2025,13:14:57,COMPLETED,0,1
79KWH,8,3,FULL,16-09-2025,13:15:04,16-09-2025,13:15:10,16-09-2025,13:17:48,COMPLETED,0,1
79KWH,8,2,FULL,16-09-2025,13:17:09,16-09-2025,13:19:26,16-09-2025,13:22:27,COMPLETED,0,1
79KWH,8,3,FULL,16-09-2025,13:17:58,16-09-2025,13:17:58,16-09-2025,13:20:39,COMPLETED,0,1
79KWH,8,3,FULL,16-09-2025,13:20:45,16-09-2025,13:20:51,16-09-2025,13:23:30,COMPLETED,0,1
79KWH,8,2,FULL,16-09-2025,13:22:33,16-09-2025,13:22:36,16-09-2025,13:24:17,COMPLETED,0,1
79KWH,8,3,FULL,16-09-2025,13:23:38,16-09-2025,13:23:40,16-09-2025,13:26:22,COMPLETED,0,1
79KWH,8,2,FULL,16-09-2025,13:24:26,16-09-2025,13:26:35,16-09-2025,13:29:36,COMPLETED,0,1
79KWH,8,3,FULL,16-09-2025,13:26:27,16-09-2025,13:26:34,16-09-2025,13:29:15,COMPLETED,0,1
79KWH,8,3,FULL,16-09-2025,13:29:23,16-09-2025,13:29:25,16-09-2025,13:32:07,COMPLETED,0,1
79KWH,8,2,FULL,16-09-2025,13:29:43,16-09-2025,13:32:00,16-09-2025,13:34:59,COMPLETED,0,1
79KWH,8,3,FULL,16-09-2025,13:32:15,16-09-2025,13:32:17,16-09-2025,13:34:59,COMPLETED,0,1
79KWH,8,3,FULL,16-09-2025,13:35:06,16-09-2025,13:35:09,16-09-2025,13:37:54,COMPLETED,0,1
79KWH,8,2,FULL,16-09-2025,13:35:07,16-09-2025,13:37:17,16-09-2025,13:40:19,COMPLETED,0,1
79KWH,8,3,FULL,16-09-2025,13:38:00,16-09-2025,13:38:07,16-09-2025,13:40:50,COMPLETED,0,1
79KWH,8,2,FULL,16-09-2025,13:40:26,16-09-2025,13:40:28,16-09-2025,13:42:12,COMPLETED,0,1
79KWH,8,3,FULL,16-09-2025,13:40:58,16-09-2025,13:41:00,16-09-2025,13:43:46,COMPLETED,0,1
79KWH,8,2,FULL,16-09-2025,13:42:20,16-09-2025,13:44:33,16-09-2025,13:47:36,COMPLETED,0,1
79KWH,8,3,FULL,16-09-2025,13:43:52,16-09-2025,13:43:55,16-09-2025,13:46:38,COMPLETED,0,1
79KWH,8,3,FULL,16-09-2025,13:46:47,16-09-2025,13:46:49,16-09-2025,13:49:36,COMPLETED,0,1
79KWH,8,2,FULL,16-09-2025,13:47:42,16-09-2025,13:47:46,16-09-2025,13:49:31,COMPLETED,0,1
79KWH,8,2,FULL,16-09-2025,13:49:39,16-09-2025,13:51:47,16-09-2025,13:54:51,COMPLETED,0,1
79KWH,8,3,FULL,16-09-2025,13:49:43,16-09-2025,13:49:48,16-09-2025,13:52:33,COMPLETED,0,1
79KWH,8,3,FULL,16-09-2025,13:52:41,16-09-2025,13:52:43,16-09-2025,13:55:31,COMPLETED,0,1
79KWH,8,2,FULL,16-09-2025,13:54:57,16-09-2025,13:55:00,16-09-2025,13:56:49,COMPLETED,0,1
79KWH,8,3,FULL,16-09-2025,13:55:38,16-09-2025,13:55:43,16-09-2025,13:58:30,COMPLETED,0,1
79KWH,8,2,FULL,16-09-2025,13:56:57,16-09-2025,13:59:06,16-09-2025,14:02:12,COMPLETED,0,1
79KWH,8,3,FULL,16-09-2025,13:58:38,16-09-2025,13:58:40,16-09-2025,14:01:30,COMPLETED,0,1
79KWH,8,3,FULL,16-09-2025,14:01:36,16-09-2025,14:01:42,16-09-2025,14:04:39,COMPLETED,0,1
79KWH,8,2,FULL,16-09-2025,14:02:19,16-09-2025,14:02:22,16-09-2025,14:04:12,COMPLETED,0,1
79KWH,8,2,FULL,16-09-2025,14:04:21,16-09-2025,14:06:25,16-09-2025,14:09:32,COMPLETED,0,1
79KWH,8,3,FULL,16-09-2025,14:04:47,16-09-2025,14:04:48,16-09-2025,14:07:38,COMPLETED,0,1
79KWH,8,3,FULL,16-09-2025,14:07:44,16-09-2025,14:07:52,16-09-2025,14:10:41,COMPLETED,0,1
79KWH,8,2,FULL,16-09-2025,14:10:43,16-09-2025,14:11:53,16-09-2025,14:14:57,COMPLETED,0,1
79KWH,8,3,FULL,16-09-2025,14:10:50,16-09-2025,14:10:52,16-09-2025,14:13:43,COMPLETED,0,1
79KWH,8,3,FULL,16-09-2025,14:13:49,16-09-2025,14:13:55,16-09-2025,14:39:44,COMPLETED,0,1
79KWH,8,3,FULL,16-09-2025,14:39:53,16-09-2025,14:39:54,16-09-2025,14:42:47,COMPLETED,0,1
79KWH,8,3,FULL,16-09-2025,14:42:53,16-09-2025,14:42:59,16-09-2025,14:45:51,COMPLETED,0,1
79KWH,8,3,FULL,16-09-2025,14:45:59,16-09-2025,14:46:01,16-09-2025,14:48:55,COMPLETED,0,1
79KWH,8,3,FULL,16-09-2025,14:49:01,16-09-2025,14:49:04,16-09-2025,14:52:08,COMPLETED,0,1
79KWH,8,3,FULL,16-09-2025,14:52:16,16-09-2025,14:52:18,16-09-2025,14:54:20,COMPLETED,0,1
79KWH,8,3,FULL,16-09-2025,14:54:27,16-09-2025,14:54:29,16-09-2025,14:55:34,COMPLETED,0,1
79KWH,8,3,FULL,16-09-2025,14:55:43,16-09-2025,14:55:43,16-09-2025,14:56:51,COMPLETED,0,1
79KWH,8,3,FULL,16-09-2025,14:56:58,16-09-2025,14:57:00,16-09-2025,14:58:06,COMPLETED,0,1
79KWH,8,3,FULL,16-09-2025,14:58:14,16-09-2025,14:58:14,16-09-2025,14:59:23,COMPLETED,0,1
79KWH,8,3,FULL,16-09-2025,14:59:29,16-09-2025,14:59:31,16-09-2025,15:00:41,COMPLETED,0,1
79KWH,8,3,FULL,16-09-2025,15:00:49,16-09-2025,15:00:50,16-09-2025,15:01:57,COMPLETED,0,1
79KWH,8,3,FULL,16-09-2025,15:02:04,16-09-2025,15:02:07,16-09-2025,15:11:24,COMPLETED,0,1
79KWH,8,3,FULL,16-09-2025,15:11:32,16-09-2025,15:11:32,16-09-2025,15:12:40,COMPLETED,0,1
79KWH,8,3,FULL,16-09-2025,15:12:45,16-09-2025,15:12:49,16-09-2025,15:13:55,COMPLETED,0,1
79KWH,8,3,FULL,16-09-2025,15:14:03,16-09-2025,15:14:04,16-09-2025,15:15:12,COMPLETED,0,1
79KWH,8,3,FULL,16-09-2025,15:15:18,16-09-2025,15:15:21,16-09-2025,15:16:31,COMPLETED,0,1
79KWH,8,3,FULL,16-09-2025,15:16:39,16-09-2025,15:16:40,16-09-2025,15:17:48,COMPLETED,0,1
79KWH,8,3,FULL,16-09-2025,15:17:54,16-09-2025,15:17:57,16-09-2025,15:19:03,COMPLETED,0,1
79KWH,8,3,FULL,16-09-2025,15:27:29,16-09-2025,15:27:30,16-09-2025,15:28:37,COMPLETED,0,1
79KWH,8,3,FULL,16-09-2025,15:28:44,16-09-2025,15:28:46,16-09-2025,15:29:56,COMPLETED,0,1
79KWH,8,2,FULL,16-09-2025,15:29:27,16-09-2025,15:30:42,16-09-2025,15:33:49,COMPLETED,0,1
79KWH,8,3,FULL,16-09-2025,15:30:03,16-09-2025,15:30:04,16-09-2025,15:31:16,COMPLETED,0,1
79KWH,8,3,FULL,16-09-2025,15:31:22,16-09-2025,15:31:25,16-09-2025,15:32:30,COMPLETED,0,1
79KWH,8,3,FULL,16-09-2025,15:33:03,16-09-2025,15:33:04,16-09-2025,15:34:12,COMPLETED,0,1
79KWH,8,2,FULL,16-09-2025,15:33:56,16-09-2025,15:33:58,16-09-2025,15:35:52,COMPLETED,0,1
79KWH,8,3,FULL,16-09-2025,15:34:18,16-09-2025,15:34:21,16-09-2025,15:35:31,COMPLETED,0,1
79KWH,8,3,FULL,16-09-2025,15:35:40,16-09-2025,15:35:41,16-09-2025,15:36:53,COMPLETED,0,1
79KWH,8,2,FULL,16-09-2025,15:36:00,16-09-2025,15:38:03,16-09-2025,15:41:12,COMPLETED,0,1
79KWH,8,3,FULL,16-09-2025,15:37:00,16-09-2025,15:37:06,16-09-2025,15:38:11,COMPLETED,0,1
79KWH,8,3,FULL,16-09-2025,15:38:38,16-09-2025,15:38:39,16-09-2025,15:39:47,COMPLETED,0,1
79KWH,8,3,FULL,16-09-2025,15:39:54,16-09-2025,15:39:56,16-09-2025,15:41:03,COMPLETED,0,1
79KWH,8,3,FULL,16-09-2025,15:41:10,16-09-2025,15:41:11,16-09-2025,15:42:20,COMPLETED,0,1
79KWH,8,2,FULL,16-09-2025,15:41:18,16-09-2025,15:41:21,16-09-2025,15:43:17,COMPLETED,0,1
79KWH,8,3,FULL,16-09-2025,15:42:26,16-09-2025,15:42:29,16-09-2025,15:43:36,COMPLETED,0,1
79KWH,8,2,FULL,16-09-2025,15:43:25,16-09-2025,15:45:31,16-09-2025,15:48:40,COMPLETED,0,1
79KWH,8,3,FULL,16-09-2025,15:43:44,16-09-2025,15:43:45,16-09-2025,15:44:55,COMPLETED,0,1
79KWH,8,3,FULL,16-09-2025,15:45:00,16-09-2025,15:45:03,16-09-2025,15:46:16,COMPLETED,0,1
79KWH,8,3,FULL,16-09-2025,15:46:25,16-09-2025,15:46:26,16-09-2025,15:47:42,COMPLETED,0,1
79KWH,8,3,FULL,16-09-2025,15:47:48,16-09-2025,15:47:55,16-09-2025,15:49:04,COMPLETED,0,1
79KWH,8,2,FULL,16-09-2025,15:48:46,16-09-2025,15:52:17,16-09-2025,15:55:24,COMPLETED,0,1
79KWH,8,3,FULL,16-09-2025,15:49:12,16-09-2025,15:49:12,16-09-2025,15:51:47,COMPLETED,0,1
79KWH,8,3,FULL,16-09-2025,15:51:53,16-09-2025,15:51:55,16-09-2025,15:53:06,COMPLETED,0,1
79KWH,8,3,FULL,16-09-2025,15:53:14,16-09-2025,15:53:14,16-09-2025,15:54:31,COMPLETED,0,1
79KWH,8,3,FULL,16-09-2025,15:54:37,16-09-2025,15:54:41,16-09-2025,15:55:53,COMPLETED,0,1
79KWH,8,2,FULL,16-09-2025,15:55:32,16-09-2025,15:57:39,16-09-2025,16:00:50,COMPLETED,0,1
79KWH,8,3,FULL,16-09-2025,15:56:01,16-09-2025,15:56:02,16-09-2025,15:57:17,COMPLETED,0,1
79KWH,8,3,FULL,16-09-2025,15:57:23,16-09-2025,15:57:26,16-09-2025,15:58:38,COMPLETED,0,1
79KWH,8,3,FULL,16-09-2025,15:58:47,16-09-2025,15:58:48,16-09-2025,16:00:07,COMPLETED,0,1
79KWH,8,3,FULL,16-09-2025,16:00:14,16-09-2025,16:00:17,16-09-2025,16:01:31,COMPLETED,0,1
79KWH,8,2,FULL,16-09-2025,16:00:56,16-09-2025,16:00:59,16-09-2025,16:02:59,COMPLETED,0,1
79KWH,8,3,FULL,16-09-2025,16:01:40,16-09-2025,16:01:41,16-09-2025,16:02:57,COMPLETED,0,1
79KWH,8,3,FULL,16-09-2025,16:03:03,16-09-2025,16:03:45,16-09-2025,16:05:05,COMPLETED,0,1
79KWH,8,2,FULL,16-09-2025,16:03:06,16-09-2025,16:03:42,16-09-2025,16:05:45,COMPLETED,0,1
79KWH,8,2,FULL,16-09-2025,16:05:51,16-09-2025,16:05:56,16-09-2025,16:07:56,COMPLETED,0,1
79KWH,8,2,FULL,16-09-2025,16:08:05,16-09-2025,16:08:05,16-09-2025,16:10:10,COMPLETED,0,1
79KWH,8,2,FULL,16-09-2025,16:10:17,16-09-2025,16:10:20,16-09-2025,16:12:24,COMPLETED,0,1
79KWH,8,1,FULL,16-09-2025,16:11:12,16-09-2025,16:11:13,16-09-2025,16:12:08,COMPLETED,0,1
79KWH,8,1,FULL,16-09-2025,16:12:16,16-09-2025,16:12:19,16-09-2025,16:13:35,COMPLETED,0,1
79KWH,8,2,FULL,16-09-2025,16:12:34,16-09-2025,16:12:35,16-09-2025,16:15:33,COMPLETED,0,1
79KWH,8,1,FULL,16-09-2025,16:13:49,16-09-2025,16:13:49,16-09-2025,16:15:07,COMPLETED,0,1
79KWH,8,1,FULL,16-09-2025,16:15:13,16-09-2025,16:15:19,16-09-2025,16:16:43,COMPLETED,0,1
79KWH,8,2,FULL,16-09-2025,16:15:40,16-09-2025,16:15:42,16-09-2025,16:17:27,COMPLETED,0,1
79KWH,8,1,FULL,16-09-2025,16:16:56,16-09-2025,16:16:57,16-09-2025,16:18:14,COMPLETED,0,1
79KWH,8,2,FULL,16-09-2025,16:17:34,16-09-2025,16:19:09,16-09-2025,16:21:23,COMPLETED,0,1
79KWH,8,1,FULL,16-09-2025,16:18:22,16-09-2025,16:18:24,16-09-2025,16:19:40,COMPLETED,0,1
79KWH,8,1,FULL,16-09-2025,16:19:53,16-09-2025,16:19:54,16-09-2025,16:21:13,COMPLETED,0,1
79KWH,8,1,FULL,16-09-2025,16:21:19,16-09-2025,16:21:21,16-09-2025,16:22:37,COMPLETED,0,1
79KWH,8,2,FULL,16-09-2025,16:21:30,16-09-2025,16:21:32,16-09-2025,16:23:09,COMPLETED,0,1
79KWH,8,1,FULL,16-09-2025,16:22:47,16-09-2025,16:22:48,16-09-2025,16:24:06,COMPLETED,0,1
79KWH,8,2,FULL,16-09-2025,16:23:17,16-09-2025,16:24:55,16-09-2025,16:27:11,COMPLETED,0,1
79KWH,8,1,FULL,16-09-2025,16:24:14,16-09-2025,16:24:15,16-09-2025,16:25:31,COMPLETED,0,1
79KWH,8,1,FULL,16-09-2025,16:25:42,16-09-2025,16:25:43,16-09-2025,16:27:01,COMPLETED,0,1
79KWH,8,1,FULL,16-09-2025,16:27:07,16-09-2025,16:27:11,16-09-2025,16:28:26,COMPLETED,0,1
79KWH,8,2,FULL,16-09-2025,16:27:17,16-09-2025,16:28:55,16-09-2025,16:31:09,COMPLETED,0,1
79KWH,8,1,FULL,16-09-2025,16:28:37,16-09-2025,16:28:38,16-09-2025,16:29:57,COMPLETED,0,1
79KWH,8,1,FULL,16-09-2025,16:30:02,16-09-2025,16:30:05,16-09-2025,16:31:24,COMPLETED,0,1
79KWH,8,2,FULL,16-09-2025,16:31:16,16-09-2025,16:32:55,16-09-2025,16:35:12,COMPLETED,0,1
79KWH,8,1,FULL,16-09-2025,16:31:36,16-09-2025,16:31:36,16-09-2025,16:32:54,COMPLETED,0,1
79KWH,8,1,FULL,16-09-2025,16:33:00,16-09-2025,16:33:02,16-09-2025,16:34:18,COMPLETED,0,1
79KWH,8,1,FULL,16-09-2025,16:34:28,16-09-2025,16:34:29,16-09-2025,16:35:47,COMPLETED,0,1
79KWH,8,2,FULL,16-09-2025,16:35:17,16-09-2025,16:35:22,16-09-2025,16:37:02,COMPLETED,0,1
79KWH,8,1,FULL,16-09-2025,16:35:53,16-09-2025,16:35:56,16-09-2025,16:37:16,COMPLETED,0,1
79KWH,8,2,FULL,16-09-2025,16:37:10,16-09-2025,16:38:42,16-09-2025,16:41:00,COMPLETED,0,1
79KWH,8,1,FULL,16-09-2025,16:37:28,16-09-2025,16:37:28,16-09-2025,16:38:46,COMPLETED,0,1
79KWH,8,1,FULL,16-09-2025,16:38:53,16-09-2025,16:38:56,16-09-2025,16:40:11,COMPLETED,0,1
79KWH,8,1,FULL,16-09-2025,16:40:26,16-09-2025,16:40:26,16-09-2025,16:42:32,COMPLETED,0,1
79KWH,8,2,FULL,16-09-2025,16:41:06,16-09-2025,16:42:48,16-09-2025,16:46:20,COMPLETED,0,1
79KWH,8,1,FULL,16-09-2025,16:42:39,16-09-2025,16:42:41,16-09-2025,16:46:56,COMPLETED,0,1
79KWH,8,3,FULL,16-09-2025,16:46:40,16-09-2025,16:46:40,16-09-2025,16:48:03,COMPLETED,0,1
79KWH,8,1,FULL,16-09-2025,16:47:10,16-09-2025,16:47:11,16-09-2025,16:50:08,COMPLETED,0,1
79KWH,8,3,FULL,16-09-2025,16:48:10,16-09-2025,16:48:15,16-09-2025,16:49:31,COMPLETED,0,1
79KWH,8,2,FULL,16-09-2025,16:48:31,16-09-2025,16:50:27,16-09-2025,16:52:45,COMPLETED,0,1
79KWH,8,3,FULL,16-09-2025,16:49:40,16-09-2025,16:49:40,16-09-2025,16:50:58,COMPLETED,0,1
79KWH,8,1,FULL,16-09-2025,16:50:15,16-09-2025,16:50:18,16-09-2025,16:53:14,COMPLETED,0,1
79KWH,8,3,FULL,16-09-2025,16:51:04,16-09-2025,16:51:07,16-09-2025,16:52:23,COMPLETED,0,1
79KWH,8,1,FULL,16-09-2025,16:53:29,16-09-2025,16:53:32,16-09-2025,16:56:31,COMPLETED,0,1
79KWH,8,1,FULL,16-09-2025,17:32:17,16-09-2025,17:32:17,16-09-2025,17:35:14,COMPLETED,0,1
79KWH,8,2,FULL,16-09-2025,17:33:02,16-09-2025,17:33:03,16-09-2025,17:35:20,COMPLETED,0,1
79KWH,8,3,FULL,16-09-2025,17:33:12,16-09-2025,17:33:14,16-09-2025,17:34:39,COMPLETED,0,1
79KWH,8,3,FULL,16-09-2025,17:35:22,16-09-2025,17:35:23,16-09-2025,17:36:41,COMPLETED,0,1
79KWH,8,1,FULL,16-09-2025,17:35:28,16-09-2025,17:35:29,16-09-2025,17:38:29,COMPLETED,0,1
79KWH,8,2,FULL,16-09-2025,17:35:32,16-09-2025,17:35:32,16-09-2025,17:37:17,COMPLETED,0,1
79KWH,8,3,FULL,16-09-2025,17:38:09,16-09-2025,17:38:10,16-09-2025,17:39:30,COMPLETED,0,1
79KWH,8,2,FULL,16-09-2025,17:38:18,16-09-2025,17:38:19,16-09-2025,17:40:02,COMPLETED,0,1
79KWH,8,1,FULL,16-09-2025,17:38:35,16-09-2025,17:38:39,16-09-2025,17:41:38,COMPLETED,0,1
79KWH,8,3,FULL,16-09-2025,17:40:57,16-09-2025,17:40:59,16-09-2025,17:42:22,COMPLETED,0,1
79KWH,8,2,FULL,16-09-2025,17:41:06,16-09-2025,17:41:07,16-09-2025,17:42:52,COMPLETED,0,1
79KWH,8,1,FULL,16-09-2025,17:41:51,16-09-2025,17:41:53,16-09-2025,17:44:56,COMPLETED,0,1
79KWH,8,3,FULL,16-09-2025,17:43:42,16-09-2025,17:43:43,16-09-2025,17:45:12,COMPLETED,0,1
79KWH,8,2,FULL,16-09-2025,17:43:55,16-09-2025,17:43:56,16-09-2025,17:45:40,COMPLETED,0,1
79KWH,8,1,FULL,16-09-2025,17:45:01,16-09-2025,17:45:04,16-09-2025,17:48:10,COMPLETED,0,1
79KWH,8,3,FULL,16-09-2025,17:46:33,16-09-2025,17:46:34,16-09-2025,17:47:58,COMPLETED,0,1
79KWH,8,2,FULL,16-09-2025,17:46:41,16-09-2025,17:46:41,16-09-2025,17:48:28,COMPLETED,0,1
79KWH,8,1,FULL,16-09-2025,17:48:23,16-09-2025,17:48:25,16-09-2025,17:51:29,COMPLETED,0,1
79KWH,8,3,FULL,16-09-2025,17:49:19,16-09-2025,17:49:19,16-09-2025,17:50:47,COMPLETED,0,1
79KWH,8,2,FULL,16-09-2025,17:49:31,16-09-2025,17:49:31,16-09-2025,17:51:16,COMPLETED,0,1
79KWH,8,1,FULL,16-09-2025,17:51:35,16-09-2025,17:51:38,16-09-2025,17:54:42,COMPLETED,0,1
79KWH,8,3,FULL,16-09-2025,17:52:08,16-09-2025,17:52:08,16-09-2025,17:53:30,COMPLETED,0,1
79KWH,8,2,FULL,16-09-2025,17:52:17,16-09-2025,17:52:18,16-09-2025,17:54:06,COMPLETED,0,1
79KWH,8,3,FULL,16-09-2025,17:54:53,16-09-2025,17:54:53,16-09-2025,17:56:17,COMPLETED,0,1
79KWH,8,1,FULL,16-09-2025,17:54:56,16-09-2025,17:54:57,16-09-2025,17:58:03,COMPLETED,0,1
79KWH,8,2,FULL,16-09-2025,17:55:04,16-09-2025,17:55:05,16-09-2025,17:56:52,COMPLETED,0,1
79KWH,8,3,FULL,16-09-2025,17:57:41,16-09-2025,17:57:41,16-09-2025,17:59:09,COMPLETED,0,1
79KWH,8,2,FULL,16-09-2025,17:57:51,16-09-2025,17:57:52,16-09-2025,17:59:41,COMPLETED,0,1
79KWH,8,1,FULL,16-09-2025,17:58:09,16-09-2025,17:58:12,16-09-2025,18:01:18,COMPLETED,0,1
79KWH,8,3,FULL,16-09-2025,18:00:28,16-09-2025,18:00:30,16-09-2025,18:02:08,COMPLETED,0,1
79KWH,8,2,FULL,16-09-2025,18:00:40,16-09-2025,18:00:41,16-09-2025,18:02:29,COMPLETED,0,1
79KWH,8,1,FULL,16-09-2025,18:01:33,16-09-2025,18:01:33,16-09-2025,18:04:47,COMPLETED,0,1
79KWH,8,3,FULL,16-09-2025,18:03:16,16-09-2025,18:03:17,16-09-2025,18:04:43,COMPLETED,0,1
79KWH,8,2,FULL,16-09-2025,18:03:26,16-09-2025,18:04:11,16-09-2025,18:06:32,COMPLETED,0,1
79KWH,8,1,FULL,16-09-2025,18:04:53,16-09-2025,18:04:56,16-09-2025,18:08:03,COMPLETED,0,1
79KWH,8,3,FULL,16-09-2025,18:06:03,16-09-2025,18:06:04,16-09-2025,18:07:39,COMPLETED,0,1
79KWH,8,1,FULL,16-09-2025,18:08:17,16-09-2025,18:08:17,16-09-2025,18:11:28,COMPLETED,0,1
79KWH,8,1,FULL,16-09-2025,18:11:33,16-09-2025,18:11:36,16-09-2025,18:14:45,COMPLETED,0,1
79KWH,8,2,FULL,16-09-2025,18:53:34,16-09-2025,18:53:34,16-09-2025,18:55:53,COMPLETED,0,1
79KWH,8,1,FULL,16-09-2025,18:55:05,16-09-2025,18:55:07,16-09-2025,18:58:18,COMPLETED,0,1
79KWH,8,3,FULL,16-09-2025,18:56:11,16-09-2025,18:56:12,16-09-2025,18:57:44,COMPLETED,0,1
79KWH,8,2,FULL,16-09-2025,18:56:21,16-09-2025,18:56:21,16-09-2025,18:58:13,COMPLETED,0,1
79KWH,8,1,FULL,16-09-2025,18:58:25,16-09-2025,18:58:28,16-09-2025,19:01:39,COMPLETED,0,1
79KWH,8,3,FULL,16-09-2025,18:58:57,16-09-2025,18:58:58,16-09-2025,19:00:31,COMPLETED,0,1
79KWH,8,2,FULL,16-09-2025,18:59:07,16-09-2025,18:59:08,16-09-2025,19:00:57,COMPLETED,0,1
79KWH,8,3,FULL,16-09-2025,19:01:45,16-09-2025,19:01:46,16-09-2025,19:03:18,COMPLETED,0,1
79KWH,8,1,FULL,16-09-2025,19:01:53,16-09-2025,19:01:54,16-09-2025,19:05:08,COMPLETED,0,1
79KWH,8,2,FULL,16-09-2025,19:01:55,16-09-2025,19:01:56,16-09-2025,19:03:48,COMPLETED,0,1
79KWH,8,3,FULL,16-09-2025,19:04:32,16-09-2025,19:04:33,16-09-2025,19:06:02,COMPLETED,0,1
79KWH,8,2,FULL,16-09-2025,19:04:42,16-09-2025,19:04:43,16-09-2025,19:06:33,COMPLETED,0,1
79KWH,8,1,FULL,16-09-2025,19:05:14,16-09-2025,19:05:18,16-09-2025,19:08:31,COMPLETED,0,1
79KWH,8,3,FULL,16-09-2025,19:07:20,16-09-2025,19:07:21,16-09-2025,19:08:53,COMPLETED,0,1
79KWH,8,2,FULL,16-09-2025,19:07:30,16-09-2025,19:07:31,16-09-2025,19:09:24,COMPLETED,0,1
79KWH,8,1,FULL,16-09-2025,19:08:45,16-09-2025,19:08:46,16-09-2025,19:12:01,COMPLETED,0,1
79KWH,8,3,FULL,16-09-2025,19:10:06,16-09-2025,19:10:07,16-09-2025,19:11:41,COMPLETED,0,1
79KWH,8,2,FULL,16-09-2025,19:10:18,16-09-2025,19:11:34,16-09-2025,19:13:54,COMPLETED,0,1
79KWH,8,1,FULL,16-09-2025,19:12:07,16-09-2025,19:12:11,16-09-2025,19:15:25,COMPLETED,0,1
79KWH,8,3,FULL,16-09-2025,19:12:54,16-09-2025,19:12:54,16-09-2025,19:14:23,COMPLETED,0,1
79KWH,8,2,FULL,16-09-2025,19:14:03,16-09-2025,19:15:29,16-09-2025,19:17:53,COMPLETED,0,1
79KWH,8,1,FULL,16-09-2025,19:15:39,16-09-2025,19:15:39,16-09-2025,19:19:02,COMPLETED,0,1
79KWH,8,3,FULL,16-09-2025,19:15:40,16-09-2025,19:15:41,16-09-2025,19:17:12,COMPLETED,0,1
79KWH,8,2,FULL,16-09-2025,19:18:00,16-09-2025,19:18:01,16-09-2025,19:19:54,COMPLETED,0,1
79KWH,8,3,FULL,16-09-2025,19:18:31,16-09-2025,19:18:31,16-09-2025,19:20:07,COMPLETED,0,1
79KWH,8,1,FULL,16-09-2025,19:19:08,16-09-2025,19:19:11,16-09-2025,19:22:28,COMPLETED,0,1
79KWH,8,2,FULL,16-09-2025,19:20:03,16-09-2025,19:21:33,16-09-2025,19:23:58,COMPLETED,0,1
79KWH,8,3,FULL,16-09-2025,19:21:17,16-09-2025,19:21:17,16-09-2025,19:22:55,COMPLETED,0,1
79KWH,8,1,FULL,16-09-2025,19:22:42,16-09-2025,19:22:44,16-09-2025,19:26:05,COMPLETED,0,1
79KWH,8,2,FULL,16-09-2025,19:24:03,16-09-2025,19:25:33,16-09-2025,19:27:55,COMPLETED,0,1
79KWH,8,3,FULL,16-09-2025,19:24:06,16-09-2025,19:24:07,16-09-2025,19:25:37,COMPLETED,0,1
79KWH,8,1,FULL,16-09-2025,19:26:12,16-09-2025,19:26:14,16-09-2025,19:29:35,COMPLETED,0,1
79KWH,8,1,FULL,16-09-2025,19:29:50,16-09-2025,19:29:50,16-09-2025,19:33:14,COMPLETED,0,1
79KWH,8,3,FULL,16-09-2025,19:30:09,16-09-2025,19:30:10,16-09-2025,19:31:43,COMPLETED,0,1
79KWH,8,2,FULL,16-09-2025,19:30:16,16-09-2025,19:30:17,16-09-2025,19:32:42,COMPLETED,0,1
79KWH,8,3,FULL,16-09-2025,19:32:51,16-09-2025,19:32:52,16-09-2025,19:34:23,COMPLETED,0,1
79KWH,8,2,FULL,16-09-2025,19:33:05,16-09-2025,19:33:06,16-09-2025,19:35:00,COMPLETED,0,1
79KWH,8,1,FULL,16-09-2025,19:33:20,16-09-2025,19:33:24,16-09-2025,19:36:46,COMPLETED,0,1
79KWH,8,3,FULL,16-09-2025,19:35:43,16-09-2025,19:35:44,16-09-2025,19:37:24,COMPLETED,0,1
79KWH,8,2,FULL,16-09-2025,19:35:50,16-09-2025,19:35:52,16-09-2025,19:37:49,COMPLETED,0,1
79KWH,8,1,FULL,16-09-2025,19:37:00,16-09-2025,19:37:01,16-09-2025,19:40:26,COMPLETED,0,1
79KWH,8,3,FULL,16-09-2025,19:38:26,16-09-2025,19:38:27,16-09-2025,19:40:05,COMPLETED,0,1
79KWH,8,2,FULL,16-09-2025,19:38:39,16-09-2025,19:38:40,16-09-2025,19:40:35,COMPLETED,0,1
79KWH,8,1,FULL,16-09-2025,19:40:32,16-09-2025,19:40:36,16-09-2025,19:44:01,COMPLETED,0,1
79KWH,8,3,FULL,16-09-2025,19:41:19,16-09-2025,19:41:19,16-09-2025,19:42:56,COMPLETED,0,1
79KWH,8,2,FULL,16-09-2025,19:41:27,16-09-2025,19:41:29,16-09-2025,19:43:27,COMPLETED,0,1
79KWH,8,3,FULL,16-09-2025,19:44:01,16-09-2025,19:44:02,16-09-2025,19:45:42,COMPLETED,0,1
79KWH,8,2,FULL,16-09-2025,19:44:15,16-09-2025,19:44:15,16-09-2025,19:46:13,COMPLETED,0,1
79KWH,8,1,FULL,16-09-2025,19:44:15,16-09-2025,19:44:16,16-09-2025,19:47:44,COMPLETED,0,1
79KWH,8,3,FULL,16-09-2025,19:46:55,16-09-2025,19:46:56,16-09-2025,19:48:46,COMPLETED,0,1
79KWH,8,2,FULL,16-09-2025,19:47:01,16-09-2025,19:47:02,16-09-2025,19:49:01,COMPLETED,0,1
79KWH,8,1,FULL,16-09-2025,19:47:50,16-09-2025,19:47:52,16-09-2025,19:51:24,COMPLETED,0,1
79KWH,8,3,FULL,16-09-2025,19:49:37,16-09-2025,19:49:38,16-09-2025,19:51:13,COMPLETED,0,1
79KWH,8,2,FULL,16-09-2025,19:49:49,16-09-2025,19:49:50,16-09-2025,19:51:48,COMPLETED,0,1
79KWH,8,1,FULL,16-09-2025,19:51:37,16-09-2025,19:51:39,16-09-2025,19:55:09,COMPLETED,0,1
79KWH,8,3,FULL,16-09-2025,19:52:30,16-09-2025,19:52:31,16-09-2025,19:54:09,COMPLETED,0,1
79KWH,8,2,FULL,16-09-2025,19:52:37,16-09-2025,19:52:38,16-09-2025,19:54:37,COMPLETED,0,1
79KWH,8,3,FULL,16-09-2025,19:55:12,16-09-2025,19:55:12,16-09-2025,19:56:53,COMPLETED,0,1
79KWH,8,1,FULL,16-09-2025,19:55:15,16-09-2025,19:55:18,16-09-2025,19:58:46,COMPLETED,0,1
79KWH,8,2,FULL,16-09-2025,19:55:25,16-09-2025,19:55:26,16-09-2025,19:57:25,COMPLETED,0,1
79KWH,8,3,FULL,16-09-2025,19:58:05,16-09-2025,19:58:05,16-09-2025,19:59:49,COMPLETED,0,1
79KWH,8,2,FULL,16-09-2025,19:58:11,16-09-2025,19:58:57,16-09-2025,20:01:24,COMPLETED,0,1
79KWH,8,1,FULL,16-09-2025,19:59:00,16-09-2025,19:59:01,16-09-2025,20:02:33,COMPLETED,0,1
79KWH,8,3,FULL,16-09-2025,20:00:48,16-09-2025,20:00:49,16-09-2025,20:02:31,COMPLETED,0,1
79KWH,8,1,FULL,16-09-2025,20:02:39,16-09-2025,20:02:42,16-09-2025,20:06:11,COMPLETED,0,1
79KWH,8,1,FULL,16-09-2025,20:06:26,16-09-2025,20:06:26,16-09-2025,20:10:00,COMPLETED,0,1
79KWH,8,1,FULL,16-09-2025,20:10:07,16-09-2025,20:10:11,16-09-2025,20:13:44,COMPLETED,0,1
79KWH,8,1,FULL,16-09-2025,20:13:59,16-09-2025,20:14:00,16-09-2025,20:17:35,COMPLETED,0,1
79KWH,8,2,FULL,16-09-2025,20:59:50,16-09-2025,20:59:52,16-09-2025,21:02:16,COMPLETED,0,1
79KWH,8,1,FULL,16-09-2025,21:01:14,16-09-2025,21:01:15,16-09-2025,21:04:49,COMPLETED,0,1
79KWH,8,3,FULL,16-09-2025,21:02:29,16-09-2025,21:02:30,16-09-2025,21:04:14,COMPLETED,0,1
79KWH,8,2,FULL,16-09-2025,21:02:36,16-09-2025,21:03:47,16-09-2025,21:06:15,COMPLETED,0,1
79KWH,8,1,FULL,16-09-2025,21:05:02,16-09-2025,21:05:04,16-09-2025,21:08:41,COMPLETED,0,1
79KWH,8,3,FULL,16-09-2025,21:05:13,16-09-2025,21:05:13,16-09-2025,21:06:56,COMPLETED,0,1
79KWH,8,2,FULL,16-09-2025,21:06:21,16-09-2025,21:06:25,16-09-2025,21:08:26,COMPLETED,0,1
79KWH,8,3,FULL,16-09-2025,21:08:04,16-09-2025,21:08:05,16-09-2025,21:09:52,COMPLETED,0,1
79KWH,8,2,FULL,16-09-2025,21:08:34,16-09-2025,21:08:35,16-09-2025,21:10:39,COMPLETED,0,1
79KWH,8,1,FULL,16-09-2025,21:08:47,16-09-2025,21:08:50,16-09-2025,21:12:27,COMPLETED,0,1
79KWH,8,3,FULL,16-09-2025,21:10:47,16-09-2025,21:10:48,16-09-2025,21:12:27,COMPLETED,0,1
79KWH,8,2,FULL,16-09-2025,21:10:59,16-09-2025,21:11:01,16-09-2025,21:13:04,COMPLETED,0,1
79KWH,8,1,FULL,16-09-2025,21:12:40,16-09-2025,21:12:41,16-09-2025,21:16:22,COMPLETED,0,1
79KWH,8,3,FULL,16-09-2025,21:13:39,16-09-2025,21:13:40,16-09-2025,21:15:21,COMPLETED,0,1
79KWH,8,2,FULL,16-09-2025,21:13:46,16-09-2025,21:13:47,16-09-2025,21:15:53,COMPLETED,0,1
79KWH,8,3,FULL,16-09-2025,21:16:21,16-09-2025,21:16:22,16-09-2025,21:18:06,COMPLETED,0,1
79KWH,8,1,FULL,16-09-2025,21:16:27,16-09-2025,21:16:34,16-09-2025,21:20:17,COMPLETED,0,1
79KWH,8,2,FULL,16-09-2025,21:16:35,16-09-2025,21:16:35,16-09-2025,21:18:38,COMPLETED,0,1
79KWH,8,3,FULL,16-09-2025,21:19:15,16-09-2025,21:19:16,16-09-2025,21:21:04,COMPLETED,0,1
79KWH,8,2,FULL,16-09-2025,21:19:23,16-09-2025,21:19:23,16-09-2025,21:21:29,COMPLETED,0,1
79KWH,8,1,FULL,16-09-2025,21:20:32,16-09-2025,21:20:32,16-09-2025,21:24:19,COMPLETED,0,1
79KWH,8,3,FULL,16-09-2025,21:21:57,16-09-2025,21:21:58,16-09-2025,21:23:40,COMPLETED,0,1
79KWH,8,2,FULL,16-09-2025,21:22:11,16-09-2025,21:22:11,16-09-2025,21:24:16,COMPLETED,0,1
79KWH,8,1,FULL,16-09-2025,21:24:25,16-09-2025,21:24:31,16-09-2025,21:28:12,COMPLETED,0,1
79KWH,8,3,FULL,16-09-2025,21:24:50,16-09-2025,21:24:51,16-09-2025,21:26:37,COMPLETED,0,1
79KWH,8,2,FULL,16-09-2025,21:24:58,16-09-2025,21:24:59,16-09-2025,21:27:06,COMPLETED,0,1
79KWH,8,3,FULL,16-09-2025,21:27:33,16-09-2025,21:27:34,16-09-2025,21:29:30,COMPLETED,0,1
79KWH,8,2,FULL,16-09-2025,21:27:47,16-09-2025,21:27:48,16-09-2025,21:29:54,COMPLETED,0,1
79KWH,8,1,FULL,16-09-2025,21:28:30,16-09-2025,21:28:30,16-09-2025,21:32:20,COMPLETED,0,1
79KWH,8,3,FULL,16-09-2025,21:30:25,16-09-2025,21:30:26,16-09-2025,21:32:27,COMPLETED,0,1
79KWH,8,2,FULL,16-09-2025,21:30:33,16-09-2025,21:31:25,16-09-2025,21:33:56,COMPLETED,0,1
79KWH,8,1,FULL,16-09-2025,21:32:27,16-09-2025,21:32:32,16-09-2025,21:36:19,COMPLETED,0,1
79KWH,8,3,FULL,16-09-2025,21:33:09,16-09-2025,21:33:10,16-09-2025,21:34:55,COMPLETED,0,1
79KWH,8,2,FULL,16-09-2025,21:34:02,16-09-2025,21:34:05,16-09-2025,21:36:12,COMPLETED,0,1
79KWH,8,3,FULL,16-09-2025,21:36:02,16-09-2025,21:36:02,16-09-2025,21:37:48,COMPLETED,0,1
79KWH,8,2,FULL,16-09-2025,21:36:20,16-09-2025,21:37:39,16-09-2025,21:40:10,COMPLETED,0,1
79KWH,8,1,FULL,16-09-2025,21:36:32,16-09-2025,21:36:33,16-09-2025,21:40:24,COMPLETED,0,1
79KWH,8,3,FULL,16-09-2025,21:38:43,16-09-2025,21:38:43,16-09-2025,21:40:32,COMPLETED,0,1
79KWH,8,2,FULL,16-09-2025,21:40:16,16-09-2025,21:40:18,16-09-2025,21:42:26,COMPLETED,0,1
79KWH,8,1,FULL,16-09-2025,21:40:30,16-09-2025,21:40:36,16-09-2025,21:44:21,COMPLETED,0,1
79KWH,8,1,FULL,16-09-2025,21:44:35,16-09-2025,21:44:36,16-09-2025,21:48:30,COMPLETED,0,1
79KWH,8,1,FULL,16-09-2025,21:48:36,16-09-2025,21:48:42,16-09-2025,21:52:33,COMPLETED,0,1
79KWH,8,1,FULL,16-09-2025,21:52:47,16-09-2025,21:52:49,16-09-2025,22:12:42,COMPLETED,0,1
79KWH,8,2,FULL,16-09-2025,22:00:52,16-09-2025,22:13:21,16-09-2025,22:15:53,COMPLETED,0,1
79KWH,8,3,FULL,16-09-2025,22:01:16,16-09-2025,22:01:17,16-09-2025,22:14:22,COMPLETED,0,1
79KWH,8,1,FULL,16-09-2025,22:12:48,16-09-2025,22:12:51,16-09-2025,22:16:44,COMPLETED,0,1
79KWH,8,3,FULL,16-09-2025,22:14:28,16-09-2025,22:14:32,16-09-2025,22:16:23,COMPLETED,0,1
79KWH,8,2,FULL,16-09-2025,22:16:00,16-09-2025,22:16:02,16-09-2025,22:18:11,COMPLETED,0,1
79KWH,8,3,FULL,16-09-2025,22:16:31,16-09-2025,22:16:32,16-09-2025,22:18:21,COMPLETED,0,1
79KWH,8,1,FULL,16-09-2025,22:16:59,16-09-2025,22:17:00,16-09-2025,22:20:51,COMPLETED,0,1
79KWH,8,2,FULL,16-09-2025,22:18:19,16-09-2025,22:19:41,16-09-2025,22:22:13,COMPLETED,0,1
79KWH,8,3,FULL,16-09-2025,22:18:27,16-09-2025,22:18:29,16-09-2025,22:20:21,COMPLETED,0,1
79KWH,8,3,FULL,16-09-2025,22:20:29,16-09-2025,22:20:31,16-09-2025,22:22:20,COMPLETED,0,1
79KWH,8,1,FULL,16-09-2025,22:20:57,16-09-2025,22:21:01,16-09-2025,22:24:51,COMPLETED,0,1
79KWH,8,2,FULL,16-09-2025,22:22:19,16-09-2025,22:23:41,16-09-2025,22:26:11,COMPLETED,0,1
79KWH,8,3,FULL,16-09-2025,22:22:26,16-09-2025,22:22:29,16-09-2025,22:24:17,COMPLETED,0,1
79KWH,8,3,FULL,16-09-2025,22:24:25,16-09-2025,22:24:26,16-09-2025,22:26:17,COMPLETED,0,1
79KWH,8,1,FULL,16-09-2025,22:25:05,16-09-2025,22:25:05,16-09-2025,22:28:59,COMPLETED,0,1
79KWH,8,3,FULL,16-09-2025,22:26:24,16-09-2025,22:26:26,16-09-2025,22:28:21,COMPLETED,0,1
79KWH,8,3,FULL,16-09-2025,22:28:28,16-09-2025,22:28:30,16-09-2025,22:30:27,COMPLETED,0,1
79KWH,8,1,FULL,16-09-2025,22:29:05,16-09-2025,22:29:08,16-09-2025,22:33:00,COMPLETED,0,1
79KWH,8,1,FULL,16-09-2025,22:33:15,16-09-2025,22:33:15,16-09-2025,22:37:11,COMPLETED,0,1
79KWH,8,3,FULL,16-09-2025,22:40:58,16-09-2025,22:40:58,16-09-2025,22:43:02,COMPLETED,0,1
79KWH,8,2,FULL,16-09-2025,22:41:07,16-09-2025,22:41:07,16-09-2025,22:43:39,COMPLETED,0,1
79KWH,8,1,FULL,16-09-2025,22:42:34,16-09-2025,22:42:35,16-09-2025,22:46:29,COMPLETED,0,1
79KWH,8,3,FULL,16-09-2025,22:43:44,16-09-2025,22:43:45,16-09-2025,22:45:38,COMPLETED,0,1
79KWH,8,2,FULL,16-09-2025,22:43:56,16-09-2025,22:43:57,16-09-2025,22:46:07,COMPLETED,0,1
79KWH,8,3,FULL,16-09-2025,22:46:33,16-09-2025,22:46:34,16-09-2025,22:48:31,COMPLETED,0,1
79KWH,8,2,FULL,16-09-2025,22:46:41,16-09-2025,22:46:42,16-09-2025,22:48:55,COMPLETED,0,1
79KWH,8,1,FULL,16-09-2025,22:46:44,16-09-2025,22:46:46,16-09-2025,22:50:42,COMPLETED,0,1
79KWH,8,3,FULL,16-09-2025,22:49:19,16-09-2025,22:49:20,16-09-2025,22:51:19,COMPLETED,0,1
79KWH,8,2,FULL,16-09-2025,22:49:29,16-09-2025,22:49:31,16-09-2025,22:51:43,COMPLETED,0,1
79KWH,8,1,FULL,16-09-2025,22:50:49,16-09-2025,22:50:52,16-09-2025,22:54:47,COMPLETED,0,1
79KWH,8,3,FULL,16-09-2025,22:52:07,16-09-2025,22:52:07,16-09-2025,22:54:00,COMPLETED,0,1
79KWH,8,2,FULL,16-09-2025,22:52:19,16-09-2025,22:52:20,16-09-2025,22:54:35,COMPLETED,0,1
79KWH,8,3,FULL,16-09-2025,22:54:54,16-09-2025,22:54:54,16-09-2025,22:56:54,COMPLETED,0,1
79KWH,8,1,FULL,16-09-2025,22:55:01,16-09-2025,22:55:02,16-09-2025,22:59:01,COMPLETED,0,1
79KWH,8,2,FULL,16-09-2025,22:55:05,16-09-2025,22:55:06,16-09-2025,22:57:19,COMPLETED,0,1
79KWH,8,3,FULL,16-09-2025,22:57:43,16-09-2025,22:57:44,16-09-2025,22:59:43,COMPLETED,0,1
79KWH,8,2,FULL,16-09-2025,22:57:50,16-09-2025,22:57:52,16-09-2025,23:00:07,COMPLETED,0,1
79KWH,8,1,FULL,16-09-2025,22:59:07,16-09-2025,22:59:09,16-09-2025,23:03:06,COMPLETED,0,1
79KWH,8,3,FULL,16-09-2025,23:00:31,16-09-2025,23:00:31,16-09-2025,23:02:33,COMPLETED,0,1
79KWH,8,2,FULL,16-09-2025,23:00:40,16-09-2025,23:01:37,16-09-2025,23:04:08,COMPLETED,0,1
79KWH,8,3,FULL,16-09-2025,23:03:18,16-09-2025,23:03:18,16-09-2025,23:05:17,COMPLETED,0,1
79KWH,8,1,FULL,16-09-2025,23:03:21,16-09-2025,23:03:21,16-09-2025,23:07:22,COMPLETED,0,1
79KWH,8,2,FULL,16-09-2025,23:04:18,16-09-2025,23:05:37,16-09-2025,23:08:11,COMPLETED,0,1
79KWH,8,3,FULL,16-09-2025,23:06:06,16-09-2025,23:06:06,16-09-2025,23:08:03,COMPLETED,0,1
79KWH,8,1,FULL,16-09-2025,23:07:28,16-09-2025,23:07:31,16-09-2025,23:11:30,COMPLETED,0,1
79KWH,8,2,FULL,16-09-2025,23:08:17,16-09-2025,23:09:37,16-09-2025,23:12:09,COMPLETED,0,1
79KWH,8,3,FULL,16-09-2025,23:08:53,16-09-2025,23:08:54,16-09-2025,23:10:54,COMPLETED,0,1
79KWH,8,3,FULL,16-09-2025,23:11:40,16-09-2025,23:11:41,16-09-2025,23:13:44,COMPLETED,0,1
79KWH,8,1,FULL,16-09-2025,23:11:44,16-09-2025,23:11:45,16-09-2025,23:15:47,COMPLETED,0,1
79KWH,8,2,FULL,16-09-2025,23:12:17,16-09-2025,23:13:38,16-09-2025,23:16:13,COMPLETED,0,1
79KWH,8,3,FULL,16-09-2025,23:13:51,16-09-2025,23:13:57,16-09-2025,23:15:58,COMPLETED,0,1
79KWH,8,1,FULL,16-09-2025,23:15:54,16-09-2025,23:15:56,16-09-2025,23:19:58,COMPLETED,0,1
79KWH,8,3,FULL,16-09-2025,23:16:06,16-09-2025,23:16:09,16-09-2025,23:18:08,COMPLETED,0,1
79KWH,8,2,FULL,16-09-2025,23:16:20,16-09-2025,23:16:23,16-09-2025,23:18:40,COMPLETED,0,1
79KWH,8,3,FULL,16-09-2025,23:18:15,16-09-2025,23:18:17,16-09-2025,23:20:21,COMPLETED,0,1
79KWH,8,2,FULL,16-09-2025,23:18:48,16-09-2025,23:20:03,17-09-2025,10:21:01,COMPLETED,0,1
79KWH,8,1,FULL,16-09-2025,23:20:14,16-09-2025,23:20:15,17-09-2025,07:08:34,ABORT,0,1
79KWH,8,3,FULL,16-09-2025,23:20:29,16-09-2025,23:20:32,17-09-2025,02:25:40,COMPLETED,0,1
79KWH,8,3,FULL,17-09-2025,07:29:23,17-09-2025,07:44:58,17-09-2025,07:46:26,COMPLETED,0,1
79KWH,8,3,FULL,17-09-2025,12:47:51,17-09-2025,12:47:51,17-09-2025,12:50:20,COMPLETED,0,1
79KWH,8,3,FULL,17-09-2025,12:50:27,17-09-2025,12:50:29,17-09-2025,12:52:36,COMPLETED,0,1
79KWH,8,3,FULL,17-09-2025,12:52:42,17-09-2025,12:52:49,17-09-2025,12:54:50,COMPLETED,0,1
79KWH,8,3,FULL,17-09-2025,12:54:57,17-09-2025,12:54:58,17-09-2025,12:57:06,COMPLETED,0,1
79KWH,8,1,FULL,17-09-2025,12:56:43,17-09-2025,12:56:44,17-09-2025,13:00:56,COMPLETED,0,1
79KWH,8,3,FULL,17-09-2025,12:57:12,17-09-2025,12:57:15,17-09-2025,12:59:23,COMPLETED,0,1
79KWH,8,3,FULL,17-09-2025,12:59:31,17-09-2025,12:59:34,17-09-2025,13:01:45,COMPLETED,0,1
79KWH,8,1,FULL,17-09-2025,13:01:02,17-09-2025,13:01:05,17-09-2025,13:05:09,COMPLETED,0,1
79KWH,8,3,FULL,17-09-2025,13:01:52,17-09-2025,13:01:57,17-09-2025,13:04:05,COMPLETED,0,1
79KWH,8,3,FULL,17-09-2025,13:04:13,17-09-2025,13:04:14,17-09-2025,13:06:24,COMPLETED,0,1
79KWH,8,1,FULL,17-09-2025,13:05:25,17-09-2025,13:05:25,17-09-2025,13:09:37,COMPLETED,0,1
79KWH,8,3,FULL,17-09-2025,13:06:29,17-09-2025,13:06:33,17-09-2025,13:08:43,COMPLETED,0,1
79KWH,8,3,FULL,17-09-2025,13:08:50,17-09-2025,13:08:53,17-09-2025,13:11:01,COMPLETED,0,1
79KWH,8,1,FULL,17-09-2025,13:09:42,17-09-2025,13:09:45,17-09-2025,13:13:54,COMPLETED,0,1
79KWH,8,3,FULL,17-09-2025,13:11:07,17-09-2025,13:11:10,17-09-2025,13:13:20,COMPLETED,0,1
79KWH,8,3,FULL,17-09-2025,13:13:28,17-09-2025,13:13:29,17-09-2025,13:15:42,COMPLETED,0,1
79KWH,8,1,FULL,17-09-2025,13:14:08,17-09-2025,13:14:09,17-09-2025,13:18:17,COMPLETED,0,1
79KWH,8,3,FULL,17-09-2025,13:15:48,17-09-2025,13:15:51,17-09-2025,13:18:02,COMPLETED,0,1
79KWH,8,3,FULL,17-09-2025,13:18:10,17-09-2025,13:18:14,17-09-2025,13:20:29,COMPLETED,0,1
79KWH,8,1,FULL,17-09-2025,13:18:24,17-09-2025,13:18:26,17-09-2025,13:22:34,COMPLETED,0,1
79KWH,8,3,FULL,17-09-2025,13:20:35,17-09-2025,13:20:40,17-09-2025,13:22:52,COMPLETED,0,1
79KWH,8,1,FULL,17-09-2025,13:22:48,17-09-2025,13:22:49,17-09-2025,13:27:05,COMPLETED,0,1
79KWH,8,3,FULL,17-09-2025,13:23:00,17-09-2025,13:23:01,17-09-2025,13:25:20,COMPLETED,0,1
79KWH,8,3,FULL,17-09-2025,13:25:27,17-09-2025,13:25:32,17-09-2025,13:28:07,COMPLETED,0,1
79KWH,8,1,FULL,17-09-2025,13:27:11,17-09-2025,13:27:11,17-09-2025,13:31:20,COMPLETED,0,1
79KWH,8,3,FULL,17-09-2025,13:28:15,17-09-2025,13:28:17,17-09-2025,13:30:49,COMPLETED,0,1
79KWH,8,3,FULL,17-09-2025,13:30:55,17-09-2025,13:31:01,17-09-2025,13:33:33,COMPLETED,0,1
79KWH,8,1,FULL,17-09-2025,13:31:35,17-09-2025,13:31:36,17-09-2025,13:35:49,COMPLETED,0,1
79KWH,8,3,FULL,17-09-2025,13:33:42,17-09-2025,13:33:43,17-09-2025,13:36:16,COMPLETED,0,1
79KWH,8,1,FULL,17-09-2025,13:35:55,17-09-2025,13:35:58,17-09-2025,13:40:10,COMPLETED,0,1
79KWH,8,3,FULL,17-09-2025,13:36:22,17-09-2025,13:36:29,17-09-2025,13:39:01,COMPLETED,0,1
79KWH,8,3,FULL,17-09-2025,13:39:09,17-09-2025,13:39:09,17-09-2025,13:41:46,COMPLETED,0,1
79KWH,8,1,FULL,17-09-2025,13:40:28,17-09-2025,13:40:29,17-09-2025,13:44:56,COMPLETED,0,1
79KWH,8,3,FULL,17-09-2025,13:41:53,17-09-2025,13:41:58,17-09-2025,13:44:35,COMPLETED,0,1
79KWH,8,3,FULL,17-09-2025,13:45:15,17-09-2025,13:46:43,17-09-2025,13:49:32,COMPLETED,0,1
79KWH,8,1,FULL,17-09-2025,13:45:41,17-09-2025,13:48:04,17-09-2025,13:52:46,COMPLETED,0,1
79KWH,8,3,FULL,17-09-2025,13:49:38,17-09-2025,13:49:40,17-09-2025,13:52:32,COMPLETED,0,1
79KWH,8,3,FULL,17-09-2025,13:53:05,17-09-2025,13:54:47,17-09-2025,13:57:37,COMPLETED,0,1
79KWH,8,1,FULL,17-09-2025,13:53:10,17-09-2025,13:55:22,17-09-2025,13:58:12,COMPLETED,0,1
79KWH,8,3,FULL,17-09-2025,13:57:44,17-09-2025,13:57:47,17-09-2025,14:00:27,COMPLETED,0,1
79KWH,8,1,FULL,17-09-2025,13:58:25,17-09-2025,14:01:31,17-09-2025,14:04:19,COMPLETED,0,1
79KWH,8,3,FULL,17-09-2025,14:00:53,17-09-2025,14:02:30,17-09-2025,14:05:15,COMPLETED,0,1
79KWH,8,1,FULL,17-09-2025,14:04:31,17-09-2025,14:07:24,17-09-2025,14:10:13,COMPLETED,0,1
79KWH,8,3,FULL,17-09-2025,14:05:28,17-09-2025,14:07:16,17-09-2025,14:10:02,COMPLETED,0,1
79KWH,8,3,FULL,17-09-2025,14:10:10,17-09-2025,14:12:11,17-09-2025,14:15:01,COMPLETED,0,1
79KWH,8,1,FULL,17-09-2025,14:10:20,17-09-2025,14:13:15,17-09-2025,14:16:03,COMPLETED,0,1
79KWH,8,3,FULL,17-09-2025,14:15:06,17-09-2025,14:15:14,17-09-2025,14:17:54,COMPLETED,0,1
79KWH,8,1,FULL,17-09-2025,14:16:16,17-09-2025,14:16:16,17-09-2025,14:17:40,COMPLETED,0,1
79KWH,8,1,FULL,17-09-2025,14:17:47,17-09-2025,14:17:49,17-09-2025,14:19:11,COMPLETED,0,1
79KWH,8,3,FULL,17-09-2025,14:18:03,17-09-2025,14:18:05,17-09-2025,14:20:49,COMPLETED,0,1
79KWH,8,1,FULL,17-09-2025,14:19:25,17-09-2025,14:19:26,17-09-2025,14:20:51,COMPLETED,0,1
79KWH,8,3,FULL,17-09-2025,14:20:55,17-09-2025,14:22:47,17-09-2025,14:25:36,COMPLETED,0,1
79KWH,8,1,FULL,17-09-2025,14:20:57,17-09-2025,14:21:00,17-09-2025,14:22:24,COMPLETED,0,1
79KWH,8,1,FULL,17-09-2025,14:22:35,17-09-2025,14:22:36,17-09-2025,14:24:04,COMPLETED,0,1
79KWH,8,1,FULL,17-09-2025,14:24:10,17-09-2025,14:24:13,17-09-2025,14:25:45,COMPLETED,0,1
79KWH,8,2,FULL,17-09-2025,14:25:08,17-09-2025,14:25:09,17-09-2025,14:27:49,COMPLETED,0,1
79KWH,8,3,FULL,17-09-2025,14:25:44,17-09-2025,14:27:36,17-09-2025,14:30:27,COMPLETED,0,1
79KWH,8,1,FULL,17-09-2025,14:25:56,17-09-2025,14:25:57,17-09-2025,14:27:26,COMPLETED,0,1
79KWH,8,1,FULL,17-09-2025,14:27:33,17-09-2025,14:27:35,17-09-2025,14:29:03,COMPLETED,0,1
79KWH,8,2,FULL,17-09-2025,14:27:55,17-09-2025,14:27:59,17-09-2025,14:30:24,COMPLETED,0,1
79KWH,8,1,FULL,17-09-2025,14:29:15,17-09-2025,14:29:16,17-09-2025,14:30:48,COMPLETED,0,1
79KWH,8,2,FULL,17-09-2025,14:30:32,17-09-2025,14:30:32,17-09-2025,14:32:25,COMPLETED,0,1
79KWH,8,3,FULL,17-09-2025,14:30:33,17-09-2025,14:30:39,17-09-2025,14:33:23,COMPLETED,0,1
79KWH,8,1,FULL,17-09-2025,14:30:54,17-09-2025,14:30:56,17-09-2025,14:32:26,COMPLETED,0,1
79KWH,8,2,FULL,17-09-2025,14:32:31,17-09-2025,14:32:34,17-09-2025,14:33:48,COMPLETED,0,1
79KWH,8,1,FULL,17-09-2025,14:32:36,17-09-2025,14:32:37,17-09-2025,14:34:09,COMPLETED,0,1
79KWH,8,3,FULL,17-09-2025,14:33:31,17-09-2025,14:33:33,17-09-2025,14:36:18,COMPLETED,0,1
79KWH,8,2,FULL,17-09-2025,14:33:56,17-09-2025,14:33:57,17-09-2025,14:35:14,COMPLETED,0,1
79KWH,8,1,FULL,17-09-2025,14:34:16,17-09-2025,14:34:19,17-09-2025,14:35:51,COMPLETED,0,1
79KWH,8,2,FULL,17-09-2025,14:35:58,17-09-2025,14:37:35,17-09-2025,14:39:37,COMPLETED,0,1
79KWH,8,1,FULL,17-09-2025,14:36:02,17-09-2025,14:36:02,17-09-2025,14:37:37,COMPLETED,0,1
79KWH,8,3,FULL,17-09-2025,14:36:24,17-09-2025,14:38:15,17-09-2025,14:41:05,COMPLETED,0,1
79KWH,8,1,FULL,17-09-2025,14:37:43,17-09-2025,14:37:46,17-09-2025,14:39:18,COMPLETED,0,1
79KWH,8,1,FULL,17-09-2025,14:39:28,17-09-2025,14:39:30,17-09-2025,14:41:07,COMPLETED,0,1
79KWH,8,2,FULL,17-09-2025,14:39:45,17-09-2025,14:41:35,17-09-2025,14:43:40,COMPLETED,0,1
79KWH,8,1,FULL,17-09-2025,14:41:12,17-09-2025,14:41:15,17-09-2025,14:42:50,COMPLETED,0,1
79KWH,8,3,FULL,17-09-2025,14:41:13,17-09-2025,14:43:06,17-09-2025,14:45:58,COMPLETED,0,1
79KWH,8,1,FULL,17-09-2025,14:43:01,17-09-2025,14:43:02,17-09-2025,14:44:41,COMPLETED,0,1
79KWH,8,2,FULL,17-09-2025,14:43:46,17-09-2025,14:43:48,17-09-2025,14:45:05,COMPLETED,0,1
79KWH,8,1,FULL,17-09-2025,14:44:47,17-09-2025,14:44:50,17-09-2025,14:46:28,COMPLETED,0,1
79KWH,8,2,FULL,17-09-2025,14:45:13,17-09-2025,14:46:57,17-09-2025,14:49:03,COMPLETED,0,1
79KWH,8,3,FULL,17-09-2025,14:46:04,17-09-2025,14:46:10,17-09-2025,14:48:55,COMPLETED,0,1
79KWH,8,1,FULL,17-09-2025,14:46:39,17-09-2025,14:46:40,17-09-2025,14:48:21,COMPLETED,0,1
79KWH,8,1,FULL,17-09-2025,14:48:27,17-09-2025,14:48:30,17-09-2025,14:50:10,COMPLETED,0,1
79KWH,8,3,FULL,17-09-2025,14:49:02,17-09-2025,14:50:50,17-09-2025,14:53:42,COMPLETED,0,1
79KWH,8,2,FULL,17-09-2025,14:49:09,17-09-2025,14:49:13,17-09-2025,14:50:31,COMPLETED,0,1
79KWH,8,1,FULL,17-09-2025,14:50:22,17-09-2025,14:50:22,17-09-2025,14:52:04,COMPLETED,0,1
79KWH,8,2,FULL,17-09-2025,14:50:40,17-09-2025,14:50:41,17-09-2025,14:52:02,COMPLETED,0,1
79KWH,8,2,FULL,17-09-2025,14:52:10,17-09-2025,14:52:10,17-09-2025,14:53:30,COMPLETED,0,1
79KWH,8,1,FULL,17-09-2025,14:52:10,17-09-2025,14:52:15,17-09-2025,14:53:56,COMPLETED,0,1
79KWH,8,3,FULL,17-09-2025,14:53:49,17-09-2025,14:55:45,17-09-2025,14:58:36,COMPLETED,0,1
79KWH,8,1,FULL,17-09-2025,14:54:06,17-09-2025,14:54:08,17-09-2025,14:55:52,COMPLETED,0,1
79KWH,8,2,FULL,17-09-2025,14:54:37,17-09-2025,14:54:37,17-09-2025,14:55:59,COMPLETED,0,1
79KWH,8,1,FULL,17-09-2025,14:56:11,17-09-2025,14:56:13,17-09-2025,14:57:56,COMPLETED,0,1
79KWH,8,2,FULL,17-09-2025,14:56:44,17-09-2025,14:56:45,17-09-2025,14:58:06,COMPLETED,0,1
79KWH,8,1,FULL,17-09-2025,14:58:07,17-09-2025,14:58:08,17-09-2025,14:59:55,COMPLETED,0,1
79KWH,8,2,FULL,17-09-2025,14:58:38,17-09-2025,14:58:39,17-09-2025,15:00:03,COMPLETED,0,1
79KWH,8,3,FULL,17-09-2025,14:58:43,17-09-2025,14:58:45,17-09-2025,15:01:34,COMPLETED,0,1
79KWH,8,1,FULL,17-09-2025,15:00:01,17-09-2025,15:00:05,17-09-2025,15:01:54,COMPLETED,0,1
79KWH,8,2,FULL,17-09-2025,15:01:10,17-09-2025,15:02:05,17-09-2025,15:04:11,COMPLETED,0,1
79KWH,8,3,FULL,17-09-2025,15:01:40,17-09-2025,15:01:46,17-09-2025,15:04:33,COMPLETED,0,1
79KWH,8,1,FULL,17-09-2025,15:02:40,17-09-2025,15:02:41,17-09-2025,15:04:29,COMPLETED,0,1
79KWH,8,3,FULL,17-09-2025,15:04:41,17-09-2025,15:06:28,17-09-2025,15:09:22,COMPLETED,0,1
79KWH,8,3,FULL,17-09-2025,15:09:29,17-09-2025,15:09:35,17-09-2025,15:12:23,COMPLETED,0,1
79KWH,8,3,FULL,17-09-2025,15:12:31,17-09-2025,15:12:33,17-09-2025,15:15:24,COMPLETED,0,1
79KWH,8,3,FULL,17-09-2025,15:15:29,17-09-2025,15:15:36,17-09-2025,15:18:23,COMPLETED,0,1
79KWH,8,3,FULL,17-09-2025,15:26:03,17-09-2025,15:26:04,17-09-2025,15:28:59,COMPLETED,0,1
79KWH,8,2,FULL,17-09-2025,15:26:12,17-09-2025,15:27:21,17-09-2025,15:29:30,COMPLETED,0,1
79KWH,8,1,FULL,17-09-2025,15:27:40,17-09-2025,15:27:41,17-09-2025,15:29:28,COMPLETED,0,1
79KWH,8,3,FULL,17-09-2025,15:29:04,17-09-2025,15:29:12,17-09-2025,15:35:01,COMPLETED,0,1
79KWH,8,2,FULL,17-09-2025,15:29:36,17-09-2025,15:29:39,17-09-2025,15:34:13,COMPLETED,0,1
79KWH,8,1,FULL,17-09-2025,15:30:29,17-09-2025,15:30:30,17-09-2025,15:35:14,COMPLETED,0,1
79KWH,8,2,FULL,17-09-2025,15:34:22,17-09-2025,15:34:22,17-09-2025,15:35:48,COMPLETED,0,1
79KWH,8,3,FULL,17-09-2025,15:35:09,17-09-2025,15:35:11,17-09-2025,15:38:03,COMPLETED,0,1
79KWH,8,1,FULL,17-09-2025,15:35:21,17-09-2025,15:35:23,17-09-2025,15:37:14,COMPLETED,0,1
79KWH,8,2,FULL,17-09-2025,15:36:28,17-09-2025,15:36:30,17-09-2025,15:37:54,COMPLETED,0,1
79KWH,8,1,FULL,17-09-2025,15:37:25,17-09-2025,15:37:26,17-09-2025,15:39:18,COMPLETED,0,1
79KWH,8,3,FULL,17-09-2025,15:38:09,17-09-2025,15:40:07,17-09-2025,15:42:59,COMPLETED,0,1
79KWH,8,2,FULL,17-09-2025,15:39:17,17-09-2025,15:39:18,17-09-2025,15:40:44,COMPLETED,0,1
79KWH,8,1,FULL,17-09-2025,15:39:25,17-09-2025,15:39:26,17-09-2025,15:41:17,COMPLETED,0,1
79KWH,8,1,FULL,17-09-2025,15:41:27,17-09-2025,15:41:27,17-09-2025,15:43:49,COMPLETED,0,1
79KWH,8,2,FULL,17-09-2025,15:42:03,17-09-2025,15:42:04,17-09-2025,15:43:29,COMPLETED,0,1
79KWH,8,3,FULL,17-09-2025,15:43:08,17-09-2025,15:44:54,17-09-2025,15:47:50,COMPLETED,0,1
79KWH,8,1,FULL,17-09-2025,15:43:55,17-09-2025,15:43:57,17-09-2025,15:46:46,COMPLETED,0,1
79KWH,8,2,FULL,17-09-2025,15:44:50,17-09-2025,15:44:51,17-09-2025,15:46:19,COMPLETED,0,1
79KWH,8,1,FULL,17-09-2025,15:46:58,17-09-2025,15:46:59,17-09-2025,15:49:52,COMPLETED,0,1
79KWH,8,2,FULL,17-09-2025,15:47:38,17-09-2025,15:47:39,17-09-2025,15:49:04,COMPLETED,0,1
79KWH,8,3,FULL,17-09-2025,15:47:56,17-09-2025,15:49:54,17-09-2025,15:52:50,COMPLETED,0,1
79KWH,8,1,FULL,17-09-2025,15:49:58,17-09-2025,15:50:01,17-09-2025,15:52:52,COMPLETED,0,1
79KWH,8,2,FULL,17-09-2025,15:50:25,17-09-2025,15:50:26,17-09-2025,15:51:54,COMPLETED,0,1
79KWH,8,3,FULL,17-09-2025,15:52:57,17-09-2025,15:54:49,17-09-2025,15:56:52,COMPLETED,0,1
79KWH,8,1,FULL,17-09-2025,15:53:05,17-09-2025,15:53:05,17-09-2025,15:56:00,COMPLETED,0,1
79KWH,8,2,FULL,17-09-2025,15:53:18,17-09-2025,15:53:18,17-09-2025,15:54:46,COMPLETED,0,1
79KWH,8,1,FULL,17-09-2025,15:56:07,17-09-2025,15:56:09,17-09-2025,15:59:03,COMPLETED,0,1
79KWH,8,2,FULL,17-09-2025,15:56:51,17-09-2025,15:58:36,17-09-2025,16:00:47,COMPLETED,0,1
79KWH,8,3,FULL,17-09-2025,15:57:00,17-09-2025,15:58:58,17-09-2025,16:00:59,COMPLETED,0,1
79KWH,8,1,FULL,17-09-2025,15:59:21,17-09-2025,15:59:29,17-09-2025,16:02:26,COMPLETED,0,1
79KWH,8,2,FULL,17-09-2025,16:00:54,17-09-2025,16:00:56,17-09-2025,16:02:25,COMPLETED,0,1
79KWH,8,3,FULL,17-09-2025,16:01:09,17-09-2025,16:59:32,17-09-2025,17:00:36,COMPLETED,0,1
79KWH,8,1,FULL,17-09-2025,16:02:33,17-09-2025,16:02:34,17-09-2025,16:05:29,COMPLETED,0,1
79KWH,8,2,FULL,17-09-2025,16:02:34,17-09-2025,16:04:16,17-09-2025,16:06:27,COMPLETED,0,1
79KWH,8,1,FULL,17-09-2025,16:05:40,17-09-2025,16:05:41,17-09-2025,16:08:39,COMPLETED,0,1
79KWH,8,2,FULL,17-09-2025,16:06:33,17-09-2025,16:06:37,17-09-2025,16:08:07,COMPLETED,0,1
79KWH,8,2,FULL,17-09-2025,16:08:16,17-09-2025,16:08:17,17-09-2025,16:09:50,COMPLETED,0,1
79KWH,8,1,FULL,17-09-2025,16:08:45,17-09-2025,16:08:48,17-09-2025,16:11:46,COMPLETED,0,1
79KWH,8,2,FULL,17-09-2025,16:09:56,17-09-2025,16:09:59,17-09-2025,16:11:30,COMPLETED,0,1
79KWH,8,2,FULL,17-09-2025,16:11:38,17-09-2025,16:11:38,17-09-2025,16:13:13,COMPLETED,0,1
79KWH,8,1,FULL,17-09-2025,16:11:56,17-09-2025,16:11:57,17-09-2025,16:14:58,COMPLETED,0,1
79KWH,8,2,FULL,17-09-2025,16:13:18,17-09-2025,16:13:22,17-09-2025,16:14:53,COMPLETED,0,1
79KWH,8,1,FULL,17-09-2025,16:15:04,17-09-2025,16:15:08,17-09-2025,16:18:07,COMPLETED,0,1
79KWH,8,2,FULL,17-09-2025,16:15:09,17-09-2025,16:15:10,17-09-2025,16:16:46,COMPLETED,0,1
79KWH,8,2,FULL,17-09-2025,16:16:59,17-09-2025,16:16:59,17-09-2025,16:18:32,COMPLETED,0,1
79KWH,8,1,FULL,17-09-2025,16:18:19,17-09-2025,16:18:19,17-09-2025,16:21:27,COMPLETED,0,1
79KWH,8,2,FULL,17-09-2025,16:18:40,17-09-2025,16:18:41,17-09-2025,16:20:18,COMPLETED,0,1
79KWH,8,2,FULL,17-09-2025,16:20:24,17-09-2025,16:20:26,17-09-2025,16:22:00,COMPLETED,0,1
79KWH,8,1,FULL,17-09-2025,16:21:33,17-09-2025,16:21:37,17-09-2025,16:24:38,COMPLETED,0,1
79KWH,8,2,FULL,17-09-2025,16:22:08,17-09-2025,16:22:08,17-09-2025,16:23:45,COMPLETED,0,1
79KWH,8,2,FULL,17-09-2025,16:23:51,17-09-2025,16:23:55,17-09-2025,16:25:30,COMPLETED,0,1
79KWH,8,1,FULL,17-09-2025,16:24:49,17-09-2025,16:24:49,17-09-2025,16:28:07,COMPLETED,0,1
79KWH,8,2,FULL,17-09-2025,16:25:39,17-09-2025,16:25:39,17-09-2025,16:27:17,COMPLETED,0,1
79KWH,8,2,FULL,17-09-2025,16:27:23,17-09-2025,16:27:40,17-09-2025,16:29:16,COMPLETED,0,1
79KWH,8,1,FULL,17-09-2025,16:28:13,17-09-2025,16:28:16,17-09-2025,16:31:19,COMPLETED,0,1
79KWH,8,2,FULL,17-09-2025,16:29:23,17-09-2025,16:29:25,17-09-2025,16:31:04,COMPLETED,0,1
79KWH,8,2,FULL,17-09-2025,16:31:10,17-09-2025,16:31:14,17-09-2025,16:32:52,COMPLETED,0,1
79KWH,8,1,FULL,17-09-2025,16:31:30,17-09-2025,16:31:30,17-09-2025,16:34:36,COMPLETED,0,1
79KWH,8,2,FULL,17-09-2025,16:33:00,17-09-2025,16:33:01,17-09-2025,16:34:41,COMPLETED,0,1
79KWH,8,1,FULL,17-09-2025,16:34:44,17-09-2025,16:34:45,17-09-2025,16:37:50,COMPLETED,0,1
79KWH,8,1,FULL,17-09-2025,16:38:02,17-09-2025,16:38:02,17-09-2025,16:42:05,COMPLETED,0,1
79KWH,8,1,FULL,17-09-2025,16:42:12,17-09-2025,16:42:14,17-09-2025,16:45:21,COMPLETED,0,1
79KWH,8,1,FULL,17-09-2025,16:58:22,17-09-2025,16:58:22,17-09-2025,17:01:33,COMPLETED,0,1
79KWH,8,3,FULL,17-09-2025,17:00:42,17-09-2025,17:09:20,17-09-2025,17:11:00,COMPLETED,0,1
79KWH,8,3,FULL,17-09-2025,17:11:09,17-09-2025,17:11:10,17-09-2025,17:12:31,COMPLETED,0,1
79KWH,8,3,FULL,17-09-2025,17:12:37,17-09-2025,17:12:40,17-09-2025,17:13:58,COMPLETED,0,1
79KWH,8,2,FULL,17-09-2025,17:13:55,17-09-2025,18:44:56,17-09-2025,18:46:05,COMPLETED,0,1
79KWH,8,3,FULL,17-09-2025,17:14:06,17-09-2025,17:14:07,17-09-2025,17:15:26,COMPLETED,0,1
79KWH,8,1,FULL,17-09-2025,17:15:08,17-09-2025,17:15:08,17-09-2025,17:18:18,COMPLETED,0,1
79KWH,8,3,FULL,17-09-2025,17:15:31,17-09-2025,17:15:35,17-09-2025,17:16:51,COMPLETED,0,1
79KWH,8,3,FULL,17-09-2025,17:16:59,17-09-2025,17:17:00,17-09-2025,17:18:18,COMPLETED,0,1
79KWH,8,3,FULL,17-09-2025,17:18:23,17-09-2025,17:18:27,17-09-2025,17:19:44,COMPLETED,0,1
79KWH,8,1,FULL,17-09-2025,17:18:28,17-09-2025,17:18:29,17-09-2025,17:21:41,COMPLETED,0,1
79KWH,8,3,FULL,17-09-2025,17:19:52,17-09-2025,17:19:52,17-09-2025,17:21:13,COMPLETED,0,1
79KWH,8,3,FULL,17-09-2025,17:21:18,17-09-2025,17:21:22,17-09-2025,17:22:40,COMPLETED,0,1
79KWH,8,1,FULL,17-09-2025,17:21:46,17-09-2025,17:21:50,17-09-2025,17:25:03,COMPLETED,0,1
79KWH,8,3,FULL,17-09-2025,17:22:50,17-09-2025,17:22:50,17-09-2025,17:24:16,COMPLETED,0,1
79KWH,8,3,FULL,17-09-2025,17:24:22,17-09-2025,17:24:25,17-09-2025,17:25:44,COMPLETED,0,1
79KWH,8,1,FULL,17-09-2025,17:25:15,17-09-2025,17:25:16,17-09-2025,17:28:30,COMPLETED,0,1
79KWH,8,3,FULL,17-09-2025,17:28:08,17-09-2025,17:28:09,17-09-2025,17:29:32,COMPLETED,0,1
79KWH,8,1,FULL,17-09-2025,17:28:36,17-09-2025,17:28:39,17-09-2025,17:31:52,COMPLETED,0,1
79KWH,8,1,FULL,17-09-2025,17:32:03,17-09-2025,17:32:04,17-09-2025,17:35:20,COMPLETED,0,1
79KWH,8,1,FULL,17-09-2025,17:35:26,17-09-2025,17:35:30,17-09-2025,17:38:44,COMPLETED,0,1
79KWH,8,3,FULL,17-09-2025,17:39:49,17-09-2025,17:39:50,17-09-2025,17:41:11,COMPLETED,0,1
79KWH,8,1,FULL,17-09-2025,17:40:30,17-09-2025,17:40:30,17-09-2025,17:43:49,COMPLETED,0,1
79KWH,8,3,FULL,17-09-2025,17:41:21,17-09-2025,17:41:21,17-09-2025,17:42:45,COMPLETED,0,1
79KWH,8,3,FULL,17-09-2025,17:42:51,17-09-2025,17:42:58,17-09-2025,17:44:23,COMPLETED,0,1
79KWH,8,1,FULL,17-09-2025,17:43:55,17-09-2025,17:43:58,17-09-2025,17:49:30,COMPLETED,0,1
79KWH,8,3,FULL,17-09-2025,17:44:31,17-09-2025,17:44:32,17-09-2025,17:45:57,COMPLETED,0,1
79KWH,8,3,FULL,17-09-2025,17:46:04,17-09-2025,17:46:05,17-09-2025,17:47:28,COMPLETED,0,1
79KWH,8,3,FULL,17-09-2025,17:47:36,17-09-2025,20:18:54,17-09-2025,20:20:01,COMPLETED,0,1
79KWH,8,1,FULL,17-09-2025,17:49:40,17-09-2025,17:49:41,17-09-2025,17:53:00,COMPLETED,0,1
79KWH,8,1,FULL,17-09-2025,17:53:06,17-09-2025,17:53:10,17-09-2025,17:56:28,COMPLETED,0,1
79KWH,8,1,FULL,17-09-2025,17:56:39,17-09-2025,17:56:40,17-09-2025,18:00:03,COMPLETED,0,1
79KWH,8,1,FULL,17-09-2025,18:00:10,17-09-2025,18:00:13,17-09-2025,18:03:33,COMPLETED,0,1
79KWH,8,1,FULL,17-09-2025,18:03:44,17-09-2025,18:03:45,17-09-2025,18:07:08,COMPLETED,0,1
79KWH,8,1,FULL,17-09-2025,18:07:15,17-09-2025,18:07:18,17-09-2025,18:10:40,COMPLETED,0,1
79KWH,8,1,FULL,17-09-2025,18:10:52,17-09-2025,18:10:52,17-09-2025,18:14:18,COMPLETED,0,1
79KWH,8,1,FULL,17-09-2025,18:14:24,17-09-2025,18:14:26,17-09-2025,18:17:56,COMPLETED,0,1
79KWH,8,1,FULL,17-09-2025,18:18:07,17-09-2025,18:18:08,17-09-2025,18:21:35,COMPLETED,0,1
79KWH,8,1,FULL,17-09-2025,18:21:41,17-09-2025,18:21:44,17-09-2025,18:25:10,COMPLETED,0,1
79KWH,8,1,FULL,17-09-2025,18:25:21,17-09-2025,18:25:22,17-09-2025,18:28:57,COMPLETED,0,1
79KWH,8,1,FULL,17-09-2025,18:29:03,17-09-2025,18:29:06,17-09-2025,18:32:34,COMPLETED,0,1
79KWH,8,1,FULL,17-09-2025,18:32:45,17-09-2025,18:32:46,17-09-2025,18:36:18,COMPLETED,0,1
79KWH,8,1,FULL,17-09-2025,18:36:24,17-09-2025,18:36:27,17-09-2025,18:39:57,COMPLETED,0,1
79KWH,8,1,FULL,17-09-2025,18:40:11,17-09-2025,18:40:15,17-09-2025,18:44:04,COMPLETED,0,1
79KWH,8,1,FULL,17-09-2025,18:44:38,17-09-2025,18:48:19,17-09-2025,18:52:32,COMPLETED,0,1
79KWH,8,2,FULL,17-09-2025,18:46:31,17-09-2025,18:48:38,17-09-2025,18:50:57,COMPLETED,0,1
79KWH,8,2,FULL,17-09-2025,18:51:03,17-09-2025,18:54:18,17-09-2025,18:56:33,COMPLETED,0,1
79KWH,8,1,FULL,17-09-2025,18:53:18,17-09-2025,18:56:37,17-09-2025,19:00:34,COMPLETED,0,1
79KWH,8,1,FULL,17-09-2025,19:00:44,17-09-2025,19:19:14,17-09-2025,19:21:40,COMPLETED,0,1
79KWH,8,3,FULL,17-09-2025,20:20:07,17-09-2025,20:20:11,17-09-2025,20:21:34,COMPLETED,0,1
79KWH,8,3,FULL,17-09-2025,20:21:42,17-09-2025,20:21:43,17-09-2025,20:23:09,COMPLETED,0,1
79KWH,8,3,FULL,17-09-2025,20:23:16,17-09-2025,20:23:18,17-09-2025,20:24:43,COMPLETED,0,1
79KWH,8,3,FULL,17-09-2025,20:24:52,17-09-2025,20:24:53,17-09-2025,20:26:20,COMPLETED,0,1
79KWH,8,3,FULL,17-09-2025,20:26:33,17-09-2025,20:26:35,17-09-2025,20:28:07,COMPLETED,0,1
79KWH,8,2,FULL,17-09-2025,20:33:00,17-09-2025,20:33:00,17-09-2025,20:35:18,COMPLETED,0,1
79KWH,8,3,FULL,17-09-2025,20:33:08,17-09-2025,20:33:49,17-09-2025,20:36:04,COMPLETED,0,1
79KWH,8,1,FULL,17-09-2025,22:07:15,17-09-2025,22:07:16,17-09-2025,22:11:19,COMPLETED,0,1
79KWH,8,1,FULL,17-09-2025,22:11:25,17-09-2025,22:11:29,17-09-2025,22:15:05,COMPLETED,0,1
79KWH,8,1,FULL,17-09-2025,22:15:17,17-09-2025,22:15:18,17-09-2025,22:19:02,COMPLETED,0,1
79KWH,8,1,FULL,17-09-2025,22:19:09,17-09-2025,22:19:13,17-09-2025,22:22:56,COMPLETED,0,1
79KWH,8,1,FULL,17-09-2025,22:23:08,17-09-2025,22:23:08,17-09-2025,22:26:55,COMPLETED,0,1
79KWH,8,1,FULL,17-09-2025,22:27:00,17-09-2025,22:27:06,17-09-2025,22:30:51,COMPLETED,0,1
79KWH,8,1,FULL,17-09-2025,22:31:03,17-09-2025,22:31:03,17-09-2025,22:34:52,COMPLETED,0,1
79KWH,8,1,FULL,17-09-2025,22:34:57,17-09-2025,22:35:04,17-09-2025,22:38:51,COMPLETED,0,1
79KWH,8,1,FULL,17-09-2025,22:39:02,17-09-2025,22:39:03,17-09-2025,22:42:48,COMPLETED,0,1
79KWH,8,1,FULL,17-09-2025,22:42:53,17-09-2025,22:42:57,17-09-2025,22:46:47,COMPLETED,0,1
79KWH,8,1,FULL,17-09-2025,22:46:58,17-09-2025,22:46:59,17-09-2025,22:50:52,COMPLETED,0,1
79KWH,8,1,FULL,17-09-2025,22:50:58,17-09-2025,22:51:04,17-09-2025,22:54:55,COMPLETED,0,1
79KWH,8,1,FULL,17-09-2025,22:55:06,17-09-2025,22:55:07,17-09-2025,22:59:01,COMPLETED,0,1
79KWH,8,1,FULL,17-09-2025,22:59:09,17-09-2025,22:59:15,17-09-2025,23:03:09,COMPLETED,0,1
79KWH,8,1,FULL,17-09-2025,23:03:22,17-09-2025,23:03:23,17-09-2025,23:07:15,COMPLETED,0,1
79KWH,8,1,FULL,17-09-2025,23:07:21,17-09-2025,23:07:28,17-09-2025,23:11:18,COMPLETED,0,1
79KWH,8,1,FULL,17-09-2025,23:11:29,17-09-2025,23:11:30,17-09-2025,23:15:24,COMPLETED,0,1
79KWH,8,1,FULL,17-09-2025,23:15:31,17-09-2025,23:15:33,17-09-2025,23:19:30,COMPLETED,0,1
79KWH,8,1,FULL,17-09-2025,23:19:41,17-09-2025,23:19:41,17-09-2025,23:23:35,COMPLETED,0,1
79KWH,8,1,FULL,17-09-2025,23:23:42,17-09-2025,23:23:44,17-09-2025,23:27:37,COMPLETED,0,1
79KWH,8,1,FULL,17-09-2025,23:27:49,17-09-2025,23:27:50,17-09-2025,23:31:47,COMPLETED,0,1
79KWH,8,1,FULL,17-09-2025,23:31:53,17-09-2025,23:31:56,17-09-2025,23:35:57,COMPLETED,0,1
79KWH,8,1,FULL,17-09-2025,23:36:08,17-09-2025,23:36:08,17-09-2025,23:40:07,COMPLETED,0,1
79KWH,8,1,FULL,17-09-2025,23:40:13,17-09-2025,23:40:16,17-09-2025,23:44:14,COMPLETED,0,1
79KWH,8,1,FULL,17-09-2025,23:44:24,17-09-2025,23:44:25,17-09-2025,23:48:26,COMPLETED,0,1
79KWH,8,1,FULL,17-09-2025,23:48:32,17-09-2025,23:48:36,17-09-2025,23:52:36,COMPLETED,0,1
79KWH,8,1,FULL,17-09-2025,23:52:47,17-09-2025,23:52:47,17-09-2025,23:56:49,COMPLETED,0,1
79KWH,8,1,FULL,17-09-2025,23:56:56,17-09-2025,23:56:59,18-09-2025,00:01:00,COMPLETED,0,1
79KWH,8,1,FULL,18-09-2025,00:01:11,18-09-2025,00:01:13,18-09-2025,00:05:18,COMPLETED,0,1
79KWH,8,1,FULL,18-09-2025,00:05:27,18-09-2025,00:05:30,18-09-2025,00:09:36,COMPLETED,0,1
79KWH,8,1,FULL,18-09-2025,00:09:42,18-09-2025,00:09:45,18-09-2025,00:13:50,COMPLETED,0,1
79KWH,8,1,FULL,18-09-2025,00:13:59,18-09-2025,00:14:00,18-09-2025,00:18:09,COMPLETED,0,1
79KWH,8,1,FULL,18-09-2025,00:18:16,18-09-2025,00:18:18,18-09-2025,00:22:26,COMPLETED,0,1
79KWH,8,1,FULL,18-09-2025,00:22:34,18-09-2025,00:22:34,18-09-2025,00:26:44,COMPLETED,0,1
79KWH,8,1,FULL,18-09-2025,00:26:51,18-09-2025,00:26:53,18-09-2025,00:31:04,COMPLETED,0,1
79KWH,8,1,FULL,18-09-2025,00:31:12,18-09-2025,00:31:13,18-09-2025,00:35:28,COMPLETED,0,1
79KWH,8,1,FULL,18-09-2025,00:35:33,18-09-2025,00:35:37,18-09-2025,00:39:50,COMPLETED,0,1
79KWH,8,1,FULL,18-09-2025,07:18:28,18-09-2025,07:18:29,18-09-2025,07:21:16,COMPLETED,0,1
79KWH,8,1,FULL,18-09-2025,07:21:21,18-09-2025,07:21:25,18-09-2025,07:22:40,COMPLETED,0,1
79KWH,8,1,FULL,18-09-2025,07:31:19,18-09-2025,07:31:19,18-09-2025,07:32:37,COMPLETED,0,1
79KWH,8,1,FULL,18-09-2025,07:32:43,18-09-2025,07:32:46,18-09-2025,07:34:03,COMPLETED,0,1
79KWH,8,1,FULL,18-09-2025,07:34:11,18-09-2025,07:34:12,18-09-2025,07:35:29,COMPLETED,0,1
79KWH,8,1,FULL,18-09-2025,07:35:36,18-09-2025,07:35:38,18-09-2025,07:36:54,COMPLETED,0,1
79KWH,8,1,FULL,18-09-2025,07:37:03,18-09-2025,07:37:04,18-09-2025,07:38:22,COMPLETED,0,1
79KWH,8,1,FULL,18-09-2025,07:38:28,18-09-2025,07:38:31,18-09-2025,07:39:50,COMPLETED,0,1
79KWH,8,1,FULL,18-09-2025,07:40:00,18-09-2025,07:40:01,18-09-2025,07:41:19,COMPLETED,0,1
79KWH,8,1,FULL,18-09-2025,07:41:24,18-09-2025,07:41:28,18-09-2025,07:42:43,COMPLETED,0,1
79KWH,8,1,FULL,18-09-2025,07:42:52,18-09-2025,07:42:53,18-09-2025,07:44:17,COMPLETED,0,1
79KWH,8,1,FULL,18-09-2025,07:44:24,18-09-2025,07:44:29,18-09-2025,07:45:52,COMPLETED,0,1
79KWH,8,1,FULL,18-09-2025,07:46:01,18-09-2025,07:46:02,18-09-2025,07:47:20,COMPLETED,0,1
79KWH,8,1,FULL,18-09-2025,07:47:26,18-09-2025,07:47:29,18-09-2025,07:48:45,COMPLETED,0,1
79KWH,8,1,FULL,18-09-2025,07:48:54,18-09-2025,07:48:54,18-09-2025,07:50:12,COMPLETED,0,1
79KWH,8,1,FULL,18-09-2025,07:50:18,18-09-2025,07:50:21,18-09-2025,07:51:37,COMPLETED,0,1
79KWH,8,1,FULL,18-09-2025,07:51:46,18-09-2025,07:51:46,18-09-2025,07:53:09,COMPLETED,0,1
79KWH,8,1,FULL,18-09-2025,07:53:15,18-09-2025,07:53:17,18-09-2025,07:54:38,COMPLETED,0,1
79KWH,8,1,FULL,18-09-2025,07:54:46,18-09-2025,07:54:46,18-09-2025,07:56:04,COMPLETED,0,1
79KWH,8,1,FULL,18-09-2025,07:56:10,18-09-2025,07:56:14,18-09-2025,07:57:29,COMPLETED,0,1
79KWH,8,1,FULL,18-09-2025,07:57:39,18-09-2025,07:57:39,18-09-2025,07:58:58,COMPLETED,0,1
79KWH,8,1,FULL,18-09-2025,07:59:03,18-09-2025,07:59:07,18-09-2025,08:00:27,COMPLETED,0,1
79KWH,8,1,FULL,18-09-2025,08:00:35,18-09-2025,08:00:36,18-09-2025,08:01:54,COMPLETED,0,1
79KWH,8,1,FULL,18-09-2025,08:02:01,18-09-2025,08:02:04,18-09-2025,08:03:19,COMPLETED,0,1
79KWH,8,1,FULL,18-09-2025,08:03:28,18-09-2025,08:03:29,18-09-2025,08:04:47,COMPLETED,0,1
79KWH,8,1,FULL,18-09-2025,08:04:53,18-09-2025,08:04:56,18-09-2025,08:06:16,COMPLETED,0,1
79KWH,8,1,FULL,18-09-2025,08:06:25,18-09-2025,08:06:25,18-09-2025,08:07:43,COMPLETED,0,1
79KWH,8,1,FULL,18-09-2025,08:07:49,18-09-2025,08:07:53,18-09-2025,08:09:09,COMPLETED,0,1
79KWH,8,1,FULL,18-09-2025,08:09:17,18-09-2025,08:09:18,18-09-2025,08:10:37,COMPLETED,0,1
79KWH,8,1,FULL,18-09-2025,08:10:43,18-09-2025,08:10:46,18-09-2025,08:12:03,COMPLETED,0,1
79KWH,8,1,FULL,18-09-2025,08:12:12,18-09-2025,08:12:13,18-09-2025,08:13:33,COMPLETED,0,1
79KWH,8,1,FULL,18-09-2025,08:13:39,18-09-2025,08:13:43,18-09-2025,08:15:02,COMPLETED,0,1
79KWH,8,1,FULL,18-09-2025,08:15:11,18-09-2025,08:15:11,18-09-2025,08:16:35,COMPLETED,0,1
79KWH,8,1,FULL,18-09-2025,08:16:41,18-09-2025,08:16:44,18-09-2025,08:18:05,COMPLETED,0,1
79KWH,8,1,FULL,18-09-2025,08:18:14,18-09-2025,08:18:15,18-09-2025,08:19:40,COMPLETED,0,1
79KWH,8,1,FULL,18-09-2025,08:19:46,18-09-2025,08:19:48,18-09-2025,08:21:13,COMPLETED,0,1
79KWH,8,1,FULL,18-09-2025,08:21:21,18-09-2025,08:21:22,18-09-2025,08:22:48,COMPLETED,0,1
79KWH,8,1,FULL,18-09-2025,08:22:54,18-09-2025,08:22:58,18-09-2025,08:24:22,COMPLETED,0,1
79KWH,8,1,FULL,18-09-2025,08:24:31,18-09-2025,08:24:32,18-09-2025,08:26:01,COMPLETED,0,1
79KWH,8,1,FULL,18-09-2025,08:26:12,18-09-2025,08:26:13,18-09-2025,08:27:41,COMPLETED,0,1
79KWH,8,1,FULL,18-09-2025,08:27:50,18-09-2025,08:27:50,18-09-2025,08:29:27,COMPLETED,0,1
79KWH,8,1,FULL,18-09-2025,08:29:33,18-09-2025,08:29:35,18-09-2025,08:31:05,COMPLETED,0,1
79KWH,8,1,FULL,18-09-2025,08:31:15,18-09-2025,08:31:16,18-09-2025,08:32:49,COMPLETED,0,1
79KWH,8,1,FULL,18-09-2025,08:32:55,18-09-2025,08:32:58,18-09-2025,08:34:30,COMPLETED,0,1
79KWH,8,1,FULL,18-09-2025,08:34:39,18-09-2025,08:34:40,18-09-2025,08:36:13,COMPLETED,0,1
79KWH,8,1,FULL,18-09-2025,08:36:20,18-09-2025,08:36:22,18-09-2025,08:37:55,COMPLETED,0,1
79KWH,8,1,FULL,18-09-2025,08:38:05,18-09-2025,08:38:06,18-09-2025,08:39:43,COMPLETED,0,1
79KWH,8,1,FULL,18-09-2025,08:39:49,18-09-2025,08:39:51,18-09-2025,08:41:26,COMPLETED,0,1
79KWH,8,1,FULL,18-09-2025,08:41:34,18-09-2025,08:41:35,18-09-2025,08:43:15,COMPLETED,0,1
79KWH,8,3,FULL,18-09-2025,08:42:35,18-09-2025,08:42:36,18-09-2025,08:44:25,COMPLETED,0,1
79KWH,8,1,FULL,18-09-2025,08:43:21,18-09-2025,08:43:24,18-09-2025,08:45:03,COMPLETED,0,1
79KWH,8,3,FULL,18-09-2025,08:44:31,18-09-2025,08:44:34,18-09-2025,08:46:11,COMPLETED,0,1
79KWH,8,1,FULL,18-09-2025,08:45:13,18-09-2025,08:45:15,18-09-2025,08:46:57,COMPLETED,0,1
79KWH,8,3,FULL,18-09-2025,08:46:19,18-09-2025,08:46:21,18-09-2025,08:47:52,COMPLETED,0,1
79KWH,8,1,FULL,18-09-2025,08:47:04,18-09-2025,08:47:06,18-09-2025,08:48:48,COMPLETED,0,1
79KWH,8,3,FULL,18-09-2025,08:47:58,18-09-2025,08:48:04,18-09-2025,08:49:33,COMPLETED,0,1
79KWH,8,1,FULL,18-09-2025,08:48:57,18-09-2025,08:48:59,18-09-2025,08:50:43,COMPLETED,0,1
79KWH,8,3,FULL,18-09-2025,08:49:41,18-09-2025,08:51:29,18-09-2025,08:53:40,COMPLETED,0,1
79KWH,8,1,FULL,18-09-2025,08:50:52,18-09-2025,08:50:53,18-09-2025,08:52:37,COMPLETED,0,1
79KWH,8,1,FULL,18-09-2025,08:52:45,18-09-2025,08:52:46,18-09-2025,08:54:33,COMPLETED,0,1
79KWH,8,3,FULL,18-09-2025,08:53:49,18-09-2025,08:53:50,18-09-2025,08:55:26,COMPLETED,0,1
79KWH,8,1,FULL,18-09-2025,08:54:41,18-09-2025,08:54:41,18-09-2025,08:56:27,COMPLETED,0,1
79KWH,8,3,FULL,18-09-2025,08:55:36,18-09-2025,08:55:37,18-09-2025,08:57:18,COMPLETED,0,1
79KWH,8,1,FULL,18-09-2025,08:56:37,18-09-2025,08:56:39,18-09-2025,08:58:26,COMPLETED,0,1
79KWH,8,3,FULL,18-09-2025,08:57:42,18-09-2025,08:57:58,18-09-2025,08:59:34,COMPLETED,0,1
79KWH,8,1,FULL,18-09-2025,08:58:32,18-09-2025,08:58:36,18-09-2025,09:00:24,COMPLETED,0,1
79KWH,8,3,FULL,18-09-2025,08:59:42,18-09-2025,08:59:42,18-09-2025,09:01:21,COMPLETED,0,1
79KWH,8,1,FULL,18-09-2025,09:00:33,18-09-2025,09:00:34,18-09-2025,09:02:25,COMPLETED,0,1
79KWH,8,3,FULL,18-09-2025,09:01:27,18-09-2025,09:01:30,18-09-2025,09:03:07,COMPLETED,0,1
79KWH,8,1,FULL,18-09-2025,09:02:31,18-09-2025,09:02:35,18-09-2025,09:04:23,COMPLETED,0,1
79KWH,8,3,FULL,18-09-2025,09:03:15,18-09-2025,09:03:16,18-09-2025,09:04:56,COMPLETED,0,1
79KWH,8,1,FULL,18-09-2025,09:04:33,18-09-2025,09:04:34,18-09-2025,09:06:25,COMPLETED,0,1
79KWH,8,3,FULL,18-09-2025,09:05:02,18-09-2025,09:05:06,18-09-2025,09:06:44,COMPLETED,0,1
79KWH,8,1,FULL,18-09-2025,09:06:31,18-09-2025,09:06:35,18-09-2025,09:08:26,COMPLETED,0,1
79KWH,8,3,FULL,18-09-2025,09:06:51,18-09-2025,09:06:52,18-09-2025,09:08:29,COMPLETED,0,1
79KWH,8,1,FULL,18-09-2025,09:08:35,18-09-2025,09:08:36,18-09-2025,09:10:29,COMPLETED,0,1
79KWH,8,1,FULL,18-09-2025,09:19:30,18-09-2025,09:19:31,18-09-2025,09:21:23,COMPLETED,0,1
79KWH,8,2,FULL,18-09-2025,09:19:55,18-09-2025,09:19:55,18-09-2025,09:22:26,COMPLETED,0,1
79KWH,8,1,FULL,18-09-2025,09:21:32,18-09-2025,09:21:33,18-09-2025,09:23:29,COMPLETED,0,1
79KWH,8,2,FULL,18-09-2025,09:22:32,18-09-2025,09:22:36,18-09-2025,09:24:24,COMPLETED,0,1
79KWH,8,1,FULL,18-09-2025,09:28:24,18-09-2025,09:28:24,18-09-2025,09:30:19,COMPLETED,0,1
79KWH,8,2,FULL,18-09-2025,09:28:46,18-09-2025,09:28:47,18-09-2025,09:30:38,COMPLETED,0,1
79KWH,8,1,FULL,18-09-2025,09:30:28,18-09-2025,09:30:29,18-09-2025,09:32:26,COMPLETED,0,1
79KWH,8,2,FULL,18-09-2025,09:30:43,18-09-2025,09:30:47,18-09-2025,09:32:37,COMPLETED,0,1
79KWH,8,1,FULL,18-09-2025,09:32:33,18-09-2025,09:32:36,18-09-2025,09:34:32,COMPLETED,0,1
79KWH,8,2,FULL,18-09-2025,09:32:46,18-09-2025,09:32:47,18-09-2025,09:34:39,COMPLETED,0,1
79KWH,8,1,FULL,18-09-2025,09:34:41,18-09-2025,09:34:42,18-09-2025,09:36:42,COMPLETED,0,1
79KWH,8,2,FULL,18-09-2025,09:34:45,18-09-2025,09:34:47,18-09-2025,09:36:38,COMPLETED,0,1
79KWH,8,2,FULL,18-09-2025,09:36:46,18-09-2025,09:36:46,18-09-2025,09:38:40,COMPLETED,0,1
79KWH,8,1,FULL,18-09-2025,09:36:48,18-09-2025,09:36:50,18-09-2025,09:38:49,COMPLETED,0,1
79KWH,8,1,FULL,18-09-2025,09:41:23,18-09-2025,09:41:23,18-09-2025,09:43:24,COMPLETED,0,1
79KWH,8,2,FULL,18-09-2025,09:41:42,18-09-2025,09:41:42,18-09-2025,09:43:34,COMPLETED,0,1
79KWH,8,1,FULL,18-09-2025,09:43:30,18-09-2025,09:43:34,18-09-2025,09:45:34,COMPLETED,0,1
79KWH,8,2,FULL,18-09-2025,09:43:42,18-09-2025,09:43:43,18-09-2025,09:45:38,COMPLETED,0,1
79KWH,8,1,FULL,18-09-2025,09:45:43,18-09-2025,09:45:44,18-09-2025,09:47:49,COMPLETED,0,1
79KWH,8,2,FULL,18-09-2025,09:45:44,18-09-2025,09:45:47,18-09-2025,09:47:41,COMPLETED,0,1
79KWH,8,2,FULL,18-09-2025,09:47:49,18-09-2025,09:47:50,18-09-2025,09:49:47,COMPLETED,0,1
79KWH,8,1,FULL,18-09-2025,09:47:55,18-09-2025,09:47:58,18-09-2025,09:50:01,COMPLETED,0,1
79KWH,8,1,FULL,18-09-2025,09:50:10,18-09-2025,09:50:10,18-09-2025,09:52:16,COMPLETED,0,1
79KWH,8,1,FULL,18-09-2025,09:52:21,18-09-2025,09:52:25,18-09-2025,09:54:29,COMPLETED,0,1
79KWH,8,1,FULL,18-09-2025,09:54:38,18-09-2025,09:54:39,18-09-2025,09:56:46,COMPLETED,0,1
79KWH,8,1,FULL,18-09-2025,09:56:52,18-09-2025,09:56:55,18-09-2025,09:59:01,COMPLETED,0,1
79KWH,8,1,FULL,18-09-2025,09:59:11,18-09-2025,09:59:13,18-09-2025,10:01:23,COMPLETED,0,1
79KWH,8,1,FULL,18-09-2025,10:01:29,18-09-2025,10:01:32,18-09-2025,10:03:40,COMPLETED,0,1
79KWH,8,2,FULL,18-09-2025,10:02:36,18-09-2025,10:02:37,18-09-2025,10:05:10,COMPLETED,0,1
79KWH,8,1,FULL,18-09-2025,10:03:48,18-09-2025,10:03:51,18-09-2025,10:06:02,COMPLETED,0,1
79KWH,8,2,FULL,18-09-2025,10:05:19,18-09-2025,10:05:19,18-09-2025,10:07:17,COMPLETED,0,1
79KWH,8,1,FULL,18-09-2025,10:06:08,18-09-2025,10:06:11,18-09-2025,10:08:21,COMPLETED,0,1
79KWH,8,2,FULL,18-09-2025,10:07:23,18-09-2025,10:07:26,18-09-2025,10:09:23,COMPLETED,0,1
79KWH,8,1,FULL,18-09-2025,10:08:31,18-09-2025,10:08:32,18-09-2025,10:10:45,COMPLETED,0,1
79KWH,8,2,FULL,18-09-2025,10:09:31,18-09-2025,10:09:32,18-09-2025,10:11:31,COMPLETED,0,1
79KWH,8,1,FULL,18-09-2025,10:10:51,18-09-2025,10:10:55,18-09-2025,10:13:07,COMPLETED,0,1
79KWH,8,2,FULL,18-09-2025,10:11:38,18-09-2025,10:11:40,18-09-2025,10:13:39,COMPLETED,0,1
79KWH,8,1,FULL,18-09-2025,10:13:17,18-09-2025,10:13:19,18-09-2025,10:15:35,COMPLETED,0,1
79KWH,8,2,FULL,18-09-2025,10:13:47,18-09-2025,10:13:47,18-09-2025,10:15:47,COMPLETED,0,1
79KWH,8,1,FULL,18-09-2025,10:15:41,18-09-2025,10:15:44,18-09-2025,10:17:58,COMPLETED,0,1
79KWH,8,2,FULL,18-09-2025,10:15:53,18-09-2025,10:15:57,18-09-2025,10:17:55,COMPLETED,0,1
79KWH,8,2,FULL,18-09-2025,10:18:04,18-09-2025,10:18:04,18-09-2025,10:20:06,COMPLETED,0,1
79KWH,8,1,FULL,18-09-2025,10:18:08,18-09-2025,10:18:09,18-09-2025,10:20:27,COMPLETED,0,1
79KWH,8,2,FULL,18-09-2025,10:20:13,18-09-2025,10:20:16,18-09-2025,10:22:16,COMPLETED,0,1
79KWH,8,1,FULL,18-09-2025,10:20:35,18-09-2025,10:20:35,18-09-2025,10:22:57,COMPLETED,0,1
79KWH,8,2,FULL,18-09-2025,10:22:24,18-09-2025,10:24:52,18-09-2025,10:27:31,COMPLETED,0,1
79KWH,8,1,FULL,18-09-2025,10:23:06,18-09-2025,10:23:07,18-09-2025,10:25:25,COMPLETED,0,1
79KWH,8,1,FULL,18-09-2025,10:25:32,18-09-2025,10:25:34,18-09-2025,10:27:52,COMPLETED,0,1
79KWH,8,2,FULL,18-09-2025,10:27:36,18-09-2025,10:27:39,18-09-2025,10:29:41,COMPLETED,0,1
79KWH,8,1,FULL,18-09-2025,10:28:01,18-09-2025,10:28:02,18-09-2025,10:30:28,COMPLETED,0,1
79KWH,8,2,FULL,18-09-2025,10:29:49,18-09-2025,10:32:15,18-09-2025,10:34:55,COMPLETED,0,1
79KWH,8,1,FULL,18-09-2025,10:30:34,18-09-2025,10:30:37,18-09-2025,10:32:57,COMPLETED,0,1
79KWH,8,1,FULL,18-09-2025,10:33:06,18-09-2025,10:33:06,18-09-2025,10:35:31,COMPLETED,0,1
79KWH,8,2,FULL,18-09-2025,10:35:01,18-09-2025,10:35:04,18-09-2025,10:37:07,COMPLETED,0,1
79KWH,8,1,FULL,18-09-2025,10:35:37,18-09-2025,10:35:40,18-09-2025,10:38:01,COMPLETED,0,1
79KWH,8,2,FULL,18-09-2025,10:37:15,18-09-2025,10:39:40,18-09-2025,10:42:20,COMPLETED,0,1
79KWH,8,1,FULL,18-09-2025,10:38:10,18-09-2025,10:38:11,18-09-2025,10:40:37,COMPLETED,0,1
79KWH,8,1,FULL,18-09-2025,10:40:43,18-09-2025,10:40:46,18-09-2025,10:43:11,COMPLETED,0,1
79KWH,8,1,FULL,18-09-2025,10:43:21,18-09-2025,10:43:24,18-09-2025,10:45:50,COMPLETED,0,1
79KWH,8,1,FULL,18-09-2025,10:45:57,18-09-2025,10:45:59,18-09-2025,10:48:24,COMPLETED,0,1
79KWH,8,1,FULL,18-09-2025,10:48:33,18-09-2025,10:48:34,18-09-2025,10:51:03,COMPLETED,0,1
79KWH,8,1,FULL,18-09-2025,10:51:09,18-09-2025,10:51:13,18-09-2025,10:53:42,COMPLETED,0,1
79KWH,8,1,FULL,18-09-2025,10:53:51,18-09-2025,10:53:51,18-09-2025,10:56:22,COMPLETED,0,1
79KWH,8,1,FULL,18-09-2025,10:56:28,18-09-2025,10:56:31,18-09-2025,10:59:00,COMPLETED,0,1
79KWH,8,1,FULL,18-09-2025,10:59:09,18-09-2025,10:59:10,18-09-2025,11:01:42,COMPLETED,0,1
79KWH,8,1,FULL,18-09-2025,11:01:48,18-09-2025,11:01:52,18-09-2025,11:04:24,COMPLETED,0,1
79KWH,8,1,FULL,18-09-2025,11:04:33,18-09-2025,11:04:33,18-09-2025,11:07:08,COMPLETED,0,1
79KWH,8,1,FULL,18-09-2025,11:07:15,18-09-2025,11:07:17,18-09-2025,11:09:51,COMPLETED,0,1
79KWH,8,1,FULL,18-09-2025,11:09:59,18-09-2025,11:09:59,18-09-2025,11:12:37,COMPLETED,0,1
79KWH,8,1,FULL,18-09-2025,11:12:43,18-09-2025,11:12:46,18-09-2025,11:15:22,COMPLETED,0,1
79KWH,8,1,FULL,18-09-2025,11:15:33,18-09-2025,11:15:34,18-09-2025,11:18:12,COMPLETED,0,1
79KWH,8,1,FULL,18-09-2025,11:18:18,18-09-2025,11:18:21,18-09-2025,11:20:59,COMPLETED,0,1
79KWH,8,1,FULL,18-09-2025,11:21:08,18-09-2025,11:21:08,18-09-2025,11:23:55,COMPLETED,0,1
79KWH,8,1,FULL,18-09-2025,11:24:01,18-09-2025,11:24:03,18-09-2025,11:26:53,COMPLETED,0,1
79KWH,8,1,FULL,18-09-2025,11:27:02,18-09-2025,11:27:03,18-09-2025,11:29:44,COMPLETED,0,1
79KWH,8,1,FULL,18-09-2025,11:29:50,18-09-2025,11:29:53,18-09-2025,11:32:40,COMPLETED,0,1
79KWH,8,1,FULL,18-09-2025,11:32:49,18-09-2025,11:32:49,18-09-2025,11:35:35,COMPLETED,0,1
79KWH,8,1,FULL,18-09-2025,11:35:41,18-09-2025,11:35:43,18-09-2025,11:38:26,COMPLETED,0,1
79KWH,8,1,FULL,18-09-2025,11:38:35,18-09-2025,11:38:35,18-09-2025,11:41:21,COMPLETED,0,1
79KWH,8,1,FULL,18-09-2025,11:45:22,18-09-2025,11:45:24,18-09-2025,11:48:10,COMPLETED,0,1
79KWH,8,1,FULL,18-09-2025,11:48:19,18-09-2025,11:48:19,18-09-2025,11:51:08,COMPLETED,0,1
79KWH,8,1,FULL,18-09-2025,11:51:14,18-09-2025,11:51:17,18-09-2025,11:54:05,COMPLETED,0,1
79KWH,8,1,FULL,18-09-2025,11:54:14,18-09-2025,11:54:14,18-09-2025,11:57:10,COMPLETED,0,1
79KWH,8,1,FULL,18-09-2025,11:57:17,18-09-2025,11:57:19,18-09-2025,12:00:13,COMPLETED,0,1
79KWH,8,1,FULL,18-09-2025,12:00:21,18-09-2025,12:00:22,18-09-2025,12:03:16,COMPLETED,0,1
79KWH,8,1,FULL,18-09-2025,12:03:22,18-09-2025,12:03:25,18-09-2025,12:06:25,COMPLETED,0,1
79KWH,8,1,FULL,18-09-2025,12:06:34,18-09-2025,12:06:34,18-09-2025,12:09:37,COMPLETED,0,1
79KWH,8,1,FULL,18-09-2025,12:09:43,18-09-2025,12:09:47,18-09-2025,12:12:40,COMPLETED,0,1
79KWH,8,1,FULL,18-09-2025,12:12:48,18-09-2025,12:12:48,18-09-2025,12:15:45,COMPLETED,0,1
79KWH,8,1,FULL,18-09-2025,12:15:51,18-09-2025,12:15:53,18-09-2025,12:18:49,COMPLETED,0,1
79KWH,8,1,FULL,18-09-2025,12:18:58,18-09-2025,12:18:59,18-09-2025,12:21:57,COMPLETED,0,1
79KWH,8,1,FULL,18-09-2025,12:22:03,18-09-2025,12:22:06,18-09-2025,12:25:04,COMPLETED,0,1
79KWH,8,1,FULL,18-09-2025,12:25:14,18-09-2025,12:25:16,18-09-2025,12:28:17,COMPLETED,0,1
79KWH,8,1,FULL,18-09-2025,12:28:23,18-09-2025,12:28:26,18-09-2025,12:31:25,COMPLETED,0,1
79KWH,8,1,FULL,18-09-2025,12:31:35,18-09-2025,12:31:36,18-09-2025,12:34:39,COMPLETED,0,1
79KWH,8,1,FULL,18-09-2025,12:34:46,18-09-2025,12:34:47,18-09-2025,12:37:49,COMPLETED,0,1
79KWH,8,1,FULL,18-09-2025,12:37:59,18-09-2025,12:38:00,18-09-2025,12:41:03,COMPLETED,0,1
79KWH,8,1,FULL,18-09-2025,12:41:09,18-09-2025,12:41:14,18-09-2025,12:44:16,COMPLETED,0,1
79KWH,8,1,FULL,18-09-2025,12:44:25,18-09-2025,12:44:26,18-09-2025,12:47:34,COMPLETED,0,1
79KWH,8,1,FULL,18-09-2025,12:47:42,18-09-2025,12:47:44,18-09-2025,12:50:49,COMPLETED,0,1
79KWH,8,1,FULL,18-09-2025,12:50:59,18-09-2025,12:50:59,18-09-2025,12:54:08,COMPLETED,0,1
79KWH,8,1,FULL,18-09-2025,12:54:13,18-09-2025,12:54:17,18-09-2025,12:57:24,COMPLETED,0,1
79KWH,8,1,FULL,18-09-2025,12:57:34,18-09-2025,12:57:34,18-09-2025,13:00:45,COMPLETED,0,1
79KWH,8,1,FULL,18-09-2025,13:00:51,18-09-2025,13:00:54,18-09-2025,13:04:04,COMPLETED,0,1
79KWH,8,1,FULL,18-09-2025,13:04:13,18-09-2025,13:04:14,18-09-2025,13:07:36,COMPLETED,0,1
79KWH,8,1,FULL,18-09-2025,13:07:42,18-09-2025,13:07:47,18-09-2025,13:10:57,COMPLETED,0,1
79KWH,8,1,FULL,18-09-2025,13:11:06,18-09-2025,13:11:07,18-09-2025,13:14:21,COMPLETED,0,1
79KWH,8,1,FULL,18-09-2025,13:14:27,18-09-2025,13:14:32,18-09-2025,13:17:46,COMPLETED,0,1
79KWH,8,1,FULL,18-09-2025,13:17:55,18-09-2025,13:17:56,18-09-2025,13:21:11,COMPLETED,0,1
79KWH,8,1,FULL,18-09-2025,13:21:17,18-09-2025,13:21:20,18-09-2025,13:24:35,COMPLETED,0,1
79KWH,8,1,FULL,18-09-2025,13:24:44,18-09-2025,13:24:44,18-09-2025,13:28:03,COMPLETED,0,1
79KWH,8,1,FULL,18-09-2025,13:28:09,18-09-2025,13:28:11,18-09-2025,13:31:28,COMPLETED,0,1
79KWH,8,1,FULL,18-09-2025,13:31:37,18-09-2025,13:31:37,18-09-2025,13:34:59,COMPLETED,0,1
79KWH,8,1,FULL,18-09-2025,13:35:04,18-09-2025,13:35:08,18-09-2025,13:38:29,COMPLETED,0,1
79KWH,8,2,FULL,18-09-2025,13:36:23,18-09-2025,13:36:23,18-09-2025,13:39:25,COMPLETED,0,1
79KWH,8,1,FULL,18-09-2025,13:38:39,18-09-2025,13:38:40,18-09-2025,13:42:04,COMPLETED,0,1
79KWH,8,2,FULL,18-09-2025,13:39:31,18-09-2025,13:39:34,18-09-2025,13:42:09,COMPLETED,0,1
79KWH,8,1,FULL,18-09-2025,13:42:10,18-09-2025,13:42:12,18-09-2025,13:45:39,COMPLETED,0,1
79KWH,8,2,FULL,18-09-2025,13:42:18,18-09-2025,13:42:18,18-09-2025,13:44:55,COMPLETED,0,1
79KWH,8,2,FULL,18-09-2025,13:45:01,18-09-2025,13:45:05,18-09-2025,13:47:41,COMPLETED,0,1
79KWH,8,1,FULL,18-09-2025,13:45:48,18-09-2025,13:45:49,18-09-2025,13:49:14,COMPLETED,0,1
79KWH,8,2,FULL,18-09-2025,13:47:49,18-09-2025,13:47:50,18-09-2025,13:50:28,COMPLETED,0,1
79KWH,8,1,FULL,18-09-2025,13:49:21,18-09-2025,13:49:23,18-09-2025,13:52:47,COMPLETED,0,1
79KWH,8,2,FULL,18-09-2025,13:50:34,18-09-2025,13:50:38,18-09-2025,13:53:15,COMPLETED,0,1
79KWH,8,1,FULL,18-09-2025,13:52:57,18-09-2025,13:52:58,18-09-2025,13:56:26,COMPLETED,0,1
79KWH,8,2,FULL,18-09-2025,13:53:24,18-09-2025,13:55:31,18-09-2025,13:58:27,COMPLETED,0,1
79KWH,8,1,FULL,18-09-2025,13:56:32,18-09-2025,13:56:34,18-09-2025,14:00:00,COMPLETED,0,1
79KWH,8,2,FULL,18-09-2025,13:58:33,18-09-2025,13:58:36,18-09-2025,14:01:15,COMPLETED,0,1
79KWH,8,1,FULL,18-09-2025,14:00:10,18-09-2025,14:00:11,18-09-2025,14:03:40,COMPLETED,0,1
79KWH,8,2,FULL,18-09-2025,14:01:24,18-09-2025,14:03:30,18-09-2025,14:06:26,COMPLETED,0,1
79KWH,8,1,FULL,18-09-2025,14:03:46,18-09-2025,14:03:50,18-09-2025,14:07:25,COMPLETED,0,1
79KWH,8,2,FULL,18-09-2025,14:06:33,18-09-2025,14:06:36,18-09-2025,14:09:15,COMPLETED,0,1
79KWH,8,1,FULL,18-09-2025,14:07:33,18-09-2025,14:07:33,18-09-2025,14:11:04,COMPLETED,0,1
79KWH,8,2,FULL,18-09-2025,14:09:24,18-09-2025,14:11:28,18-09-2025,14:14:26,COMPLETED,0,1
79KWH,8,1,FULL,18-09-2025,14:11:10,18-09-2025,14:11:13,18-09-2025,14:14:43,COMPLETED,0,1
79KWH,8,2,FULL,18-09-2025,14:14:34,18-09-2025,14:14:36,18-09-2025,14:17:17,COMPLETED,0,1
79KWH,8,1,FULL,18-09-2025,14:14:53,18-09-2025,14:14:53,18-09-2025,14:18:28,COMPLETED,0,1
79KWH,8,2,FULL,18-09-2025,14:17:27,18-09-2025,14:19:32,18-09-2025,14:22:32,COMPLETED,0,1
79KWH,8,1,FULL,18-09-2025,14:18:38,18-09-2025,14:18:39,18-09-2025,14:22:12,COMPLETED,0,1
79KWH,8,1,FULL,18-09-2025,14:22:27,18-09-2025,14:22:27,18-09-2025,14:26:03,COMPLETED,0,1
79KWH,8,2,FULL,18-09-2025,14:22:41,18-09-2025,14:22:41,18-09-2025,14:25:27,COMPLETED,0,1
79KWH,8,2,FULL,18-09-2025,14:25:37,18-09-2025,14:27:37,18-09-2025,14:30:36,COMPLETED,0,1
79KWH,8,1,FULL,18-09-2025,14:26:11,18-09-2025,14:26:12,18-09-2025,14:29:46,COMPLETED,0,1
79KWH,8,1,FULL,18-09-2025,14:29:55,18-09-2025,14:29:56,18-09-2025,14:33:33,COMPLETED,0,1
79KWH,8,1,FULL,18-09-2025,14:33:39,18-09-2025,14:33:43,18-09-2025,14:37:19,COMPLETED,0,1
79KWH,8,2,FULL,18-09-2025,14:34:37,18-09-2025,14:35:45,18-09-2025,14:38:43,COMPLETED,0,1
79KWH,8,1,FULL,18-09-2025,14:37:28,18-09-2025,14:37:29,18-09-2025,14:41:15,COMPLETED,0,1
79KWH,8,2,FULL,18-09-2025,14:38:52,18-09-2025,14:41:03,18-09-2025,14:44:03,COMPLETED,0,1
79KWH,8,1,FULL,18-09-2025,14:41:22,18-09-2025,14:41:23,18-09-2025,14:45:09,COMPLETED,0,1
79KWH,8,2,FULL,18-09-2025,14:44:09,18-09-2025,14:44:12,18-09-2025,14:46:57,COMPLETED,0,1
79KWH,8,1,FULL,18-09-2025,14:45:21,18-09-2025,14:45:22,18-09-2025,14:49:10,COMPLETED,0,1
79KWH,8,2,FULL,18-09-2025,14:47:08,18-09-2025,16:00:29,18-09-2025,16:03:29,COMPLETED,0,1
79KWH,8,1,FULL,18-09-2025,14:49:21,18-09-2025,14:49:22,18-09-2025,14:53:02,COMPLETED,0,1
79KWH,8,1,FULL,18-09-2025,14:53:12,18-09-2025,14:53:17,18-09-2025,14:57:06,COMPLETED,0,1
79KWH,8,1,FULL,18-09-2025,14:57:13,18-09-2025,14:57:18,18-09-2025,15:01:05,COMPLETED,0,1
79KWH,8,1,FULL,18-09-2025,15:01:18,18-09-2025,15:01:19,18-09-2025,15:05:14,COMPLETED,0,1
79KWH,8,1,FULL,18-09-2025,15:05:21,18-09-2025,15:05:24,18-09-2025,15:09:08,COMPLETED,0,1
79KWH,8,1,FULL,18-09-2025,15:09:20,18-09-2025,15:09:20,18-09-2025,15:13:20,COMPLETED,0,1
79KWH,8,1,FULL,18-09-2025,15:13:26,18-09-2025,15:13:33,18-09-2025,15:17:27,COMPLETED,0,1
79KWH,8,1,FULL,18-09-2025,15:17:36,18-09-2025,15:17:37,18-09-2025,15:21:31,COMPLETED,0,1
79KWH,8,1,FULL,18-09-2025,15:21:37,18-09-2025,15:21:41,18-09-2025,15:25:34,COMPLETED,0,1
79KWH,8,1,FULL,18-09-2025,15:25:44,18-09-2025,15:25:44,18-09-2025,15:29:35,COMPLETED,0,1
79KWH,8,1,FULL,18-09-2025,15:29:42,18-09-2025,15:29:43,18-09-2025,15:33:33,COMPLETED,0,1
79KWH,8,1,FULL,18-09-2025,15:33:42,18-09-2025,15:33:42,18-09-2025,15:37:35,COMPLETED,0,1
79KWH,8,1,FULL,18-09-2025,15:37:42,18-09-2025,15:37:43,18-09-2025,15:41:36,COMPLETED,0,1
79KWH,8,1,FULL,18-09-2025,15:41:46,18-09-2025,15:41:47,18-09-2025,15:45:42,COMPLETED,0,1
79KWH,8,1,FULL,18-09-2025,15:45:47,18-09-2025,15:45:50,18-09-2025,15:49:44,COMPLETED,0,1
79KWH,8,1,FULL,18-09-2025,15:49:53,18-09-2025,15:49:53,18-09-2025,15:53:56,COMPLETED,0,1
79KWH,8,1,FULL,18-09-2025,15:54:01,18-09-2025,15:54:05,18-09-2025,15:58:12,COMPLETED,0,1
79KWH,8,1,FULL,18-09-2025,15:58:21,18-09-2025,15:58:22,18-09-2025,16:02:21,COMPLETED,0,1
79KWH,8,1,FULL,18-09-2025,16:02:28,18-09-2025,16:02:30,18-09-2025,16:06:28,COMPLETED,0,1
79KWH,8,2,FULL,18-09-2025,16:03:36,18-09-2025,16:03:39,18-09-2025,16:06:24,COMPLETED,0,1
79KWH,8,2,FULL,18-09-2025,16:06:33,18-09-2025,16:06:34,18-09-2025,16:09:22,COMPLETED,0,1
79KWH,8,1,FULL,18-09-2025,16:06:37,18-09-2025,16:06:38,18-09-2025,16:10:38,COMPLETED,0,1
79KWH,8,2,FULL,18-09-2025,16:09:28,18-09-2025,16:09:31,18-09-2025,16:12:18,COMPLETED,0,1
79KWH,8,1,FULL,18-09-2025,16:10:45,18-09-2025,16:10:48,18-09-2025,16:14:47,COMPLETED,0,1
79KWH,8,2,FULL,18-09-2025,16:12:27,18-09-2025,16:12:28,18-09-2025,16:15:19,COMPLETED,0,1
79KWH,8,1,FULL,18-09-2025,16:14:56,18-09-2025,16:14:57,18-09-2025,16:19:00,COMPLETED,0,1
79KWH,8,2,FULL,18-09-2025,16:15:25,18-09-2025,16:15:28,18-09-2025,16:18:17,COMPLETED,0,1
79KWH,8,2,FULL,18-09-2025,16:18:26,18-09-2025,16:18:27,18-09-2025,16:21:19,COMPLETED,0,1
79KWH,8,1,FULL,18-09-2025,16:19:06,18-09-2025,16:19:09,18-09-2025,16:23:10,COMPLETED,0,1
79KWH,8,2,FULL,18-09-2025,16:21:25,18-09-2025,16:21:28,18-09-2025,16:24:19,COMPLETED,0,1
79KWH,8,1,FULL,18-09-2025,16:23:21,18-09-2025,16:23:22,18-09-2025,16:27:28,COMPLETED,0,1
79KWH,8,2,FULL,18-09-2025,16:24:27,18-09-2025,16:24:28,18-09-2025,16:27:22,COMPLETED,0,1
79KWH,8,2,FULL,18-09-2025,16:27:28,18-09-2025,16:27:31,18-09-2025,16:30:23,COMPLETED,0,1
79KWH,8,1,FULL,18-09-2025,16:27:34,18-09-2025,16:27:36,18-09-2025,16:31:40,COMPLETED,0,1
79KWH,8,2,FULL,18-09-2025,16:30:31,18-09-2025,16:30:33,18-09-2025,16:33:27,COMPLETED,0,1
79KWH,8,1,FULL,18-09-2025,16:31:49,18-09-2025,16:31:50,18-09-2025,16:36:03,COMPLETED,0,1
79KWH,8,2,FULL,18-09-2025,16:33:33,18-09-2025,16:33:36,18-09-2025,16:36:29,COMPLETED,0,1
79KWH,8,1,FULL,18-09-2025,16:36:10,18-09-2025,16:36:15,18-09-2025,16:40:25,COMPLETED,0,1
79KWH,8,2,FULL,18-09-2025,16:36:37,18-09-2025,16:36:38,18-09-2025,16:39:34,COMPLETED,0,1
79KWH,8,2,FULL,18-09-2025,16:39:40,18-09-2025,16:39:42,18-09-2025,16:42:36,COMPLETED,0,1
79KWH,8,1,FULL,18-09-2025,16:40:34,18-09-2025,16:40:34,18-09-2025,16:44:44,COMPLETED,0,1
79KWH,8,2,FULL,18-09-2025,16:42:45,18-09-2025,16:42:46,18-09-2025,16:45:43,COMPLETED,0,1
79KWH,8,1,FULL,18-09-2025,16:44:52,18-09-2025,16:44:53,18-09-2025,16:49:01,COMPLETED,0,1
79KWH,8,2,FULL,18-09-2025,16:45:50,18-09-2025,16:45:51,18-09-2025,16:48:47,COMPLETED,0,1
79KWH,8,2,FULL,18-09-2025,16:48:57,18-09-2025,16:48:58,18-09-2025,16:51:55,COMPLETED,0,1
79KWH,8,1,FULL,18-09-2025,16:49:12,18-09-2025,16:49:16,18-09-2025,16:53:26,COMPLETED,0,1
79KWH,8,2,FULL,18-09-2025,16:52:01,18-09-2025,16:52:05,18-09-2025,16:55:02,COMPLETED,0,1
79KWH,8,1,FULL,18-09-2025,16:53:31,18-09-2025,16:53:35,18-09-2025,16:57:44,COMPLETED,0,1
79KWH,8,2,FULL,18-09-2025,16:55:11,18-09-2025,16:55:17,18-09-2025,16:58:17,COMPLETED,0,1
79KWH,8,1,FULL,18-09-2025,16:57:53,18-09-2025,16:57:54,18-09-2025,17:02:07,COMPLETED,0,1
79KWH,8,2,FULL,18-09-2025,16:58:23,18-09-2025,16:58:27,18-09-2025,17:01:25,COMPLETED,0,1
79KWH,8,2,FULL,18-09-2025,17:01:34,18-09-2025,17:01:34,18-09-2025,17:04:35,COMPLETED,0,1
79KWH,8,1,FULL,18-09-2025,17:02:13,18-09-2025,17:02:15,18-09-2025,17:06:27,COMPLETED,0,1
79KWH,8,2,FULL,18-09-2025,17:04:41,18-09-2025,17:04:45,18-09-2025,17:07:45,COMPLETED,0,1
79KWH,8,1,FULL,18-09-2025,17:06:37,18-09-2025,17:06:37,18-09-2025,17:10:51,COMPLETED,0,1
79KWH,8,1,FULL,18-09-2025,17:10:57,18-09-2025,17:11:01,18-09-2025,17:15:15,COMPLETED,0,1
79KWH,8,1,FULL,18-09-2025,17:15:24,18-09-2025,17:15:25,18-09-2025,17:18:13,COMPLETED,0,1
79KWH,8,1,FULL,18-09-2025,17:41:24,18-09-2025,17:41:25,18-09-2025,17:42:45,COMPLETED,0,1
79KWH,8,2,FULL,18-09-2025,17:41:30,18-09-2025,17:41:30,18-09-2025,17:44:32,COMPLETED,0,1
79KWH,8,1,FULL,18-09-2025,17:43:03,18-09-2025,17:43:04,18-09-2025,17:44:26,COMPLETED,0,1
79KWH,8,1,FULL,18-09-2025,17:44:32,18-09-2025,17:44:35,18-09-2025,17:45:55,COMPLETED,0,1
79KWH,8,2,FULL,18-09-2025,17:44:39,18-09-2025,17:44:42,18-09-2025,17:47:43,COMPLETED,0,1
79KWH,8,1,FULL,18-09-2025,17:46:15,18-09-2025,17:46:16,18-09-2025,17:47:38,COMPLETED,0,1
79KWH,8,1,FULL,18-09-2025,17:47:44,18-09-2025,17:47:47,18-09-2025,17:49:06,COMPLETED,0,1
79KWH,8,2,FULL,18-09-2025,17:47:51,18-09-2025,17:47:52,18-09-2025,17:50:56,COMPLETED,0,1
79KWH,8,1,FULL,18-09-2025,17:49:26,18-09-2025,17:49:26,18-09-2025,17:50:48,COMPLETED,0,1
79KWH,8,1,FULL,18-09-2025,17:50:54,18-09-2025,17:50:57,18-09-2025,17:52:17,COMPLETED,0,1
79KWH,8,2,FULL,18-09-2025,17:51:02,18-09-2025,17:51:05,18-09-2025,17:54:07,COMPLETED,0,1
79KWH,8,1,FULL,18-09-2025,17:52:35,18-09-2025,17:52:35,18-09-2025,17:53:57,COMPLETED,0,1
79KWH,8,1,FULL,18-09-2025,17:54:03,18-09-2025,17:54:06,18-09-2025,17:55:26,COMPLETED,0,1
79KWH,8,2,FULL,18-09-2025,17:54:15,18-09-2025,17:54:15,18-09-2025,17:57:20,COMPLETED,0,1
79KWH,8,1,FULL,18-09-2025,17:55:45,18-09-2025,17:55:46,18-09-2025,17:57:08,COMPLETED,0,1
79KWH,8,1,FULL,18-09-2025,17:57:16,18-09-2025,17:57:17,18-09-2025,17:58:37,COMPLETED,0,1
79KWH,8,2,FULL,18-09-2025,17:57:26,18-09-2025,17:57:29,18-09-2025,18:00:33,COMPLETED,0,1
79KWH,8,1,FULL,18-09-2025,17:58:53,18-09-2025,17:58:54,18-09-2025,18:00:19,COMPLETED,0,1
79KWH,8,1,FULL,18-09-2025,18:00:25,18-09-2025,18:00:28,18-09-2025,18:01:48,COMPLETED,0,1
79KWH,8,2,FULL,18-09-2025,18:00:42,18-09-2025,18:00:43,18-09-2025,18:03:49,COMPLETED,0,1
79KWH,8,1,FULL,18-09-2025,18:02:08,18-09-2025,18:02:09,18-09-2025,18:03:32,COMPLETED,0,1
79KWH,8,1,FULL,18-09-2025,18:03:39,18-09-2025,18:03:41,18-09-2025,18:05:01,COMPLETED,0,1
79KWH,8,2,FULL,18-09-2025,18:03:55,18-09-2025,18:03:58,18-09-2025,18:07:03,COMPLETED,0,1
79KWH,8,1,FULL,18-09-2025,18:05:24,18-09-2025,18:05:25,18-09-2025,18:06:47,COMPLETED,0,1
79KWH,8,1,FULL,18-09-2025,18:26:44,18-09-2025,18:26:45,18-09-2025,18:28:04,COMPLETED,0,1
79KWH,8,2,FULL,18-09-2025,18:31:01,18-09-2025,18:31:01,18-09-2025,18:34:08,COMPLETED,0,1
79KWH,8,1,FULL,18-09-2025,18:33:40,18-09-2025,18:33:41,18-09-2025,18:35:02,COMPLETED,0,1
79KWH,8,2,FULL,18-09-2025,18:41:18,18-09-2025,18:41:18,18-09-2025,18:44:24,COMPLETED,0,1
79KWH,8,1,FULL,18-09-2025,18:48:23,18-09-2025,18:48:24,18-09-2025,18:49:43,COMPLETED,0,1
79KWH,8,2,FULL,18-09-2025,18:48:33,18-09-2025,18:48:33,18-09-2025,18:51:43,COMPLETED,0,1
79KWH,8,1,FULL,18-09-2025,18:50:04,18-09-2025,18:50:05,18-09-2025,18:51:27,COMPLETED,0,1
79KWH,8,1,FULL,18-09-2025,18:51:33,18-09-2025,18:51:36,18-09-2025,18:52:55,COMPLETED,0,1
79KWH,8,1,FULL,18-09-2025,18:53:12,18-09-2025,18:53:16,18-09-2025,18:54:38,COMPLETED,0,1
79KWH,8,1,FULL,18-09-2025,18:54:45,18-09-2025,18:54:47,18-09-2025,18:56:06,COMPLETED,0,1
79KWH,8,1,FULL,18-09-2025,18:56:24,18-09-2025,18:56:26,18-09-2025,18:57:47,COMPLETED,0,1
79KWH,8,1,FULL,18-09-2025,18:57:53,18-09-2025,18:57:57,18-09-2025,18:59:16,COMPLETED,0,1
79KWH,8,1,FULL,18-09-2025,18:59:33,18-09-2025,18:59:34,18-09-2025,19:00:56,COMPLETED,0,1
79KWH,8,1,FULL,18-09-2025,19:01:01,18-09-2025,19:01:05,18-09-2025,19:02:24,COMPLETED,0,1
79KWH,8,1,FULL,18-09-2025,19:02:43,18-09-2025,19:02:45,18-09-2025,19:04:07,COMPLETED,0,1
79KWH,8,1,FULL,18-09-2025,19:04:13,18-09-2025,19:04:15,18-09-2025,19:05:35,COMPLETED,0,1
79KWH,8,1,FULL,18-09-2025,19:05:52,18-09-2025,19:05:53,18-09-2025,19:07:15,COMPLETED,0,1
79KWH,8,1,FULL,18-09-2025,19:07:21,18-09-2025,19:07:23,18-09-2025,19:08:43,COMPLETED,0,1
79KWH,8,1,FULL,18-09-2025,19:08:58,18-09-2025,19:08:59,18-09-2025,19:10:21,COMPLETED,0,1
79KWH,8,1,FULL,18-09-2025,19:10:27,18-09-2025,19:10:30,18-09-2025,19:11:50,COMPLETED,0,1
79KWH,8,1,FULL,18-09-2025,19:12:09,18-09-2025,19:12:09,18-09-2025,19:13:32,COMPLETED,0,1
79KWH,8,1,FULL,18-09-2025,19:13:38,18-09-2025,19:13:41,18-09-2025,19:15:03,COMPLETED,0,1
79KWH,8,1,FULL,18-09-2025,19:15:24,18-09-2025,19:15:25,18-09-2025,19:16:51,COMPLETED,0,1
79KWH,8,1,FULL,18-09-2025,19:16:56,18-09-2025,19:17:00,18-09-2025,19:18:24,COMPLETED,0,1
79KWH,8,1,FULL,18-09-2025,19:18:44,18-09-2025,19:18:45,18-09-2025,19:20:12,COMPLETED,0,1
79KWH,8,1,FULL,18-09-2025,19:20:18,18-09-2025,19:20:21,18-09-2025,19:21:46,COMPLETED,0,1
79KWH,8,1,FULL,18-09-2025,19:22:03,18-09-2025,19:22:04,18-09-2025,19:23:35,COMPLETED,0,1
79KWH,8,1,FULL,18-09-2025,19:23:41,18-09-2025,19:23:45,18-09-2025,19:25:16,COMPLETED,0,1
79KWH,8,1,FULL,18-09-2025,19:25:34,18-09-2025,19:25:35,18-09-2025,19:27:05,COMPLETED,0,1
79KWH,8,1,FULL,18-09-2025,19:27:11,18-09-2025,19:27:16,18-09-2025,19:28:45,COMPLETED,0,1
79KWH,8,1,FULL,18-09-2025,19:29:03,18-09-2025,19:29:04,18-09-2025,19:30:37,COMPLETED,0,1
79KWH,8,1,FULL,18-09-2025,19:30:44,18-09-2025,19:30:46,18-09-2025,19:32:18,COMPLETED,0,1
79KWH,8,1,FULL,18-09-2025,19:32:37,18-09-2025,19:32:37,18-09-2025,19:34:12,COMPLETED,0,1
79KWH,8,1,FULL,18-09-2025,19:34:17,18-09-2025,19:34:21,18-09-2025,19:35:53,COMPLETED,0,1
79KWH,8,1,FULL,18-09-2025,19:36:12,18-09-2025,19:36:13,18-09-2025,19:37:49,COMPLETED,0,1
79KWH,8,1,FULL,18-09-2025,19:37:55,18-09-2025,19:37:59,18-09-2025,19:39:34,COMPLETED,0,1
79KWH,8,1,FULL,18-09-2025,19:39:52,18-09-2025,19:39:53,18-09-2025,19:41:31,COMPLETED,0,1
79KWH,8,1,FULL,18-09-2025,19:41:37,18-09-2025,19:41:40,18-09-2025,19:43:18,COMPLETED,0,1
79KWH,8,1,FULL,18-09-2025,19:43:36,18-09-2025,19:43:38,18-09-2025,19:45:19,COMPLETED,0,1
79KWH,8,1,FULL,18-09-2025,19:45:26,18-09-2025,19:45:29,18-09-2025,19:47:08,COMPLETED,0,1
79KWH,8,1,FULL,18-09-2025,19:47:30,18-09-2025,19:47:31,18-09-2025,19:49:15,COMPLETED,0,1
79KWH,8,1,FULL,18-09-2025,19:49:21,18-09-2025,19:49:24,18-09-2025,19:51:06,COMPLETED,0,1
79KWH,8,1,FULL,18-09-2025,19:51:25,18-09-2025,19:51:26,18-09-2025,19:53:11,COMPLETED,0,1
79KWH,8,1,FULL,18-09-2025,19:53:23,18-09-2025,19:53:24,18-09-2025,19:55:07,COMPLETED,0,1
79KWH,8,1,FULL,18-09-2025,19:55:31,18-09-2025,19:55:32,18-09-2025,19:57:19,COMPLETED,0,1
79KWH,8,1,FULL,18-09-2025,19:57:27,18-09-2025,19:57:28,18-09-2025,19:59:15,COMPLETED,0,1
79KWH,8,1,FULL,18-09-2025,19:59:35,18-09-2025,19:59:35,18-09-2025,20:01:23,COMPLETED,0,1
79KWH,8,1,FULL,18-09-2025,20:01:30,18-09-2025,20:01:31,18-09-2025,20:03:17,COMPLETED,0,1
79KWH,8,1,FULL,18-09-2025,20:03:35,18-09-2025,20:03:35,18-09-2025,20:05:26,COMPLETED,0,1
79KWH,8,1,FULL,18-09-2025,20:05:32,18-09-2025,20:05:35,18-09-2025,20:07:24,COMPLETED,0,1
79KWH,8,1,FULL,18-09-2025,20:07:42,18-09-2025,20:07:44,18-09-2025,20:09:37,COMPLETED,0,1
79KWH,8,1,FULL,18-09-2025,20:09:44,18-09-2025,20:09:48,18-09-2025,20:11:39,COMPLETED,0,1
79KWH,8,1,FULL,18-09-2025,20:12:01,18-09-2025,20:12:01,18-09-2025,20:13:55,COMPLETED,0,1
79KWH,8,1,FULL,18-09-2025,20:14:02,18-09-2025,20:14:08,18-09-2025,20:16:00,COMPLETED,0,1
79KWH,8,1,FULL,18-09-2025,20:16:20,18-09-2025,20:16:21,18-09-2025,20:18:25,COMPLETED,0,1
79KWH,8,1,FULL,18-09-2025,20:18:52,18-09-2025,20:19:06,18-09-2025,20:21:01,COMPLETED,0,1
79KWH,8,1,FULL,18-09-2025,20:21:28,18-09-2025,20:21:29,18-09-2025,20:23:29,COMPLETED,0,1
79KWH,8,1,FULL,18-09-2025,20:23:35,18-09-2025,20:23:37,18-09-2025,20:25:37,COMPLETED,0,1
79KWH,8,1,FULL,18-09-2025,20:26:01,18-09-2025,20:26:01,18-09-2025,20:28:03,COMPLETED,0,1
79KWH,8,1,FULL,18-09-2025,20:54:26,18-09-2025,20:54:27,18-09-2025,20:57:41,COMPLETED,0,1
79KWH,8,1,FULL,18-09-2025,20:58:04,18-09-2025,20:58:04,18-09-2025,21:00:09,COMPLETED,0,1
79KWH,8,1,FULL,18-09-2025,21:34:37,18-09-2025,21:35:03,18-09-2025,21:38:13,COMPLETED,0,1
79KWH,8,1,FULL,18-09-2025,21:38:35,18-09-2025,21:38:35,18-09-2025,21:40:41,COMPLETED,0,1
79KWH,8,3,FULL,18-09-2025,21:38:55,18-09-2025,21:49:23,18-09-2025,21:51:59,COMPLETED,0,1
79KWH,8,1,FULL,18-09-2025,21:40:47,18-09-2025,21:43:31,18-09-2025,21:46:42,COMPLETED,0,1
79KWH,8,1,FULL,18-09-2025,21:47:05,18-09-2025,21:49:24,18-09-2025,21:52:39,COMPLETED,0,1
79KWH,8,2,FULL,18-09-2025,21:51:32,18-09-2025,21:51:38,18-09-2025,21:54:47,COMPLETED,0,1
79KWH,8,1,FULL,18-09-2025,21:52:46,18-09-2025,21:52:48,18-09-2025,21:54:55,COMPLETED,0,1
79KWH,8,3,FULL,18-09-2025,21:52:49,18-09-2025,21:54:19,19-09-2025,09:55:53,COMPLETED,0,1
79KWH,8,2,FULL,18-09-2025,21:54:56,18-09-2025,21:56:54,18-09-2025,22:00:05,COMPLETED,0,1
79KWH,8,1,FULL,18-09-2025,21:55:23,18-09-2025,21:57:42,18-09-2025,22:00:57,COMPLETED,0,1
79KWH,8,2,FULL,18-09-2025,22:00:12,18-09-2025,22:00:14,18-09-2025,22:03:23,COMPLETED,0,1
79KWH,8,1,FULL,18-09-2025,22:01:03,18-09-2025,22:01:06,18-09-2025,22:03:20,COMPLETED,0,1
79KWH,8,2,FULL,18-09-2025,22:03:33,18-09-2025,22:05:28,18-09-2025,22:07:44,COMPLETED,0,1
79KWH,8,1,FULL,18-09-2025,22:03:42,18-09-2025,22:03:43,18-09-2025,22:05:55,COMPLETED,0,1
79KWH,8,1,FULL,18-09-2025,22:06:01,18-09-2025,22:06:04,18-09-2025,22:08:15,COMPLETED,0,1
79KWH,8,2,FULL,18-09-2025,22:07:51,18-09-2025,22:07:53,18-09-2025,22:09:11,COMPLETED,0,1
79KWH,8,1,FULL,18-09-2025,22:08:40,18-09-2025,22:08:40,18-09-2025,22:10:55,COMPLETED,0,1
79KWH,8,1,FULL,18-09-2025,22:11:01,18-09-2025,22:11:03,18-09-2025,22:13:16,COMPLETED,0,1
79KWH,8,1,FULL,18-09-2025,22:13:41,18-09-2025,22:16:04,18-09-2025,22:19:23,COMPLETED,0,1
79KWH,8,1,FULL,18-09-2025,22:19:29,18-09-2025,22:19:32,18-09-2025,22:21:46,COMPLETED,0,1
79KWH,8,2,FULL,18-09-2025,22:26:03,18-09-2025,22:26:32,18-09-2025,22:28:49,COMPLETED,0,1
79KWH,8,1,FULL,18-09-2025,22:27:31,18-09-2025,23:16:25,18-09-2025,23:19:44,COMPLETED,0,1
79KWH,8,2,FULL,18-09-2025,22:28:55,18-09-2025,22:31:06,18-09-2025,22:33:19,COMPLETED,0,1
79KWH,8,2,FULL,18-09-2025,22:33:28,18-09-2025,22:35:35,18-09-2025,22:37:51,COMPLETED,0,1
79KWH,8,2,FULL,18-09-2025,22:37:58,18-09-2025,22:38:00,18-09-2025,22:39:18,COMPLETED,0,1
79KWH,8,2,FULL,18-09-2025,22:39:26,18-09-2025,22:41:30,18-09-2025,22:43:46,COMPLETED,0,1
79KWH,8,2,FULL,18-09-2025,22:43:53,18-09-2025,22:46:04,18-09-2025,22:48:18,COMPLETED,0,1
79KWH,8,2,FULL,18-09-2025,22:48:29,18-09-2025,22:50:31,18-09-2025,22:52:48,COMPLETED,0,1
79KWH,8,2,FULL,18-09-2025,22:52:54,18-09-2025,22:55:04,18-09-2025,22:57:18,COMPLETED,0,1
79KWH,8,2,FULL,18-09-2025,22:57:27,18-09-2025,22:59:27,18-09-2025,23:01:44,COMPLETED,0,1
79KWH,8,2,FULL,18-09-2025,23:01:49,18-09-2025,23:01:53,18-09-2025,23:03:10,COMPLETED,0,1
79KWH,8,2,FULL,18-09-2025,23:03:23,18-09-2025,23:03:24,18-09-2025,23:04:43,COMPLETED,0,1
79KWH,8,2,FULL,18-09-2025,23:04:49,18-09-2025,23:04:52,18-09-2025,23:06:11,COMPLETED,0,1
79KWH,8,2,FULL,18-09-2025,23:06:19,18-09-2025,23:06:20,18-09-2025,23:07:39,COMPLETED,0,1
79KWH,8,2,FULL,18-09-2025,23:07:46,18-09-2025,23:07:48,18-09-2025,23:09:06,COMPLETED,0,1
79KWH,8,2,FULL,18-09-2025,23:09:15,18-09-2025,23:09:18,18-09-2025,23:10:37,COMPLETED,0,1
79KWH,8,2,FULL,18-09-2025,23:10:43,18-09-2025,23:10:47,18-09-2025,23:12:04,COMPLETED,0,1
79KWH,8,2,FULL,18-09-2025,23:12:16,18-09-2025,23:12:16,18-09-2025,23:13:35,COMPLETED,0,1
79KWH,8,2,FULL,18-09-2025,23:13:42,18-09-2025,23:13:45,18-09-2025,23:15:02,COMPLETED,0,1
79KWH,8,2,FULL,18-09-2025,23:15:10,18-09-2025,23:15:12,18-09-2025,23:16:31,COMPLETED,0,1
79KWH,8,2,FULL,18-09-2025,23:16:37,18-09-2025,23:16:40,18-09-2025,23:17:57,COMPLETED,0,1
79KWH,8,2,FULL,18-09-2025,23:18:06,18-09-2025,23:18:06,18-09-2025,23:19:26,COMPLETED,0,1
79KWH,8,2,FULL,18-09-2025,23:19:32,18-09-2025,23:21:38,18-09-2025,23:23:51,COMPLETED,0,1
79KWH,8,1,FULL,18-09-2025,23:19:51,18-09-2025,23:19:53,18-09-2025,23:22:10,COMPLETED,0,1
79KWH,8,1,FULL,18-09-2025,23:22:33,18-09-2025,23:25:01,18-09-2025,23:28:20,COMPLETED,0,1
79KWH,8,2,FULL,18-09-2025,23:24:00,18-09-2025,23:25:57,18-09-2025,23:28:12,COMPLETED,0,1
79KWH,8,2,FULL,18-09-2025,23:28:18,18-09-2025,23:30:24,18-09-2025,23:32:37,COMPLETED,0,1
79KWH,8,1,FULL,18-09-2025,23:28:26,18-09-2025,23:31:10,18-09-2025,23:34:27,COMPLETED,0,1
79KWH,8,2,FULL,18-09-2025,23:32:46,18-09-2025,23:34:41,18-09-2025,23:36:57,COMPLETED,0,1
79KWH,8,1,FULL,18-09-2025,23:34:53,18-09-2025,23:37:21,18-09-2025,23:40:42,COMPLETED,0,1
79KWH,8,2,FULL,18-09-2025,23:37:03,18-09-2025,23:37:06,18-09-2025,23:38:22,COMPLETED,0,1
79KWH,8,2,FULL,18-09-2025,23:38:31,18-09-2025,23:40:33,18-09-2025,23:42:48,COMPLETED,0,1
79KWH,8,1,FULL,18-09-2025,23:40:48,18-09-2025,23:40:50,18-09-2025,23:43:11,COMPLETED,0,1
79KWH,8,2,FULL,18-09-2025,23:42:54,18-09-2025,23:42:57,18-09-2025,23:44:14,COMPLETED,0,1
79KWH,8,1,FULL,18-09-2025,23:43:36,18-09-2025,23:45:54,18-09-2025,23:49:18,COMPLETED,0,1
79KWH,8,2,FULL,18-09-2025,23:44:23,18-09-2025,23:46:18,18-09-2025,23:48:34,COMPLETED,0,1
79KWH,8,2,FULL,18-09-2025,23:48:40,18-09-2025,23:50:44,18-09-2025,23:52:56,COMPLETED,0,1
79KWH,8,1,FULL,18-09-2025,23:49:24,18-09-2025,23:49:25,18-09-2025,23:51:48,COMPLETED,0,1
79KWH,8,1,FULL,18-09-2025,23:52:11,18-09-2025,23:54:35,18-09-2025,23:57:58,COMPLETED,0,1
79KWH,8,2,FULL,18-09-2025,23:53:05,18-09-2025,23:55:01,18-09-2025,23:57:16,COMPLETED,0,1
79KWH,8,2,FULL,18-09-2025,23:57:23,18-09-2025,23:57:26,18-09-2025,23:58:43,COMPLETED,0,1
79KWH,8,1,FULL,18-09-2025,23:58:04,19-09-2025,00:00:43,19-09-2025,00:04:03,COMPLETED,0,1
79KWH,8,2,FULL,18-09-2025,23:58:52,19-09-2025,00:05:04,19-09-2025,00:07:21,COMPLETED,0,1
79KWH,8,1,FULL,19-09-2025,00:04:27,19-09-2025,00:04:27,19-09-2025,00:06:54,COMPLETED,0,1
79KWH,8,1,FULL,19-09-2025,00:07:00,19-09-2025,00:07:02,19-09-2025,00:09:29,COMPLETED,0,1
79KWH,8,2,FULL,19-09-2025,00:07:29,19-09-2025,00:09:23,19-09-2025,00:11:40,COMPLETED,0,1
79KWH,8,1,FULL,19-09-2025,00:09:54,19-09-2025,00:12:17,19-09-2025,00:15:43,COMPLETED,0,1
79KWH,8,1,FULL,19-09-2025,00:15:49,19-09-2025,00:15:51,19-09-2025,00:18:21,COMPLETED,0,1
79KWH,8,1,FULL,19-09-2025,00:18:43,19-09-2025,01:22:44,19-09-2025,01:26:10,COMPLETED,0,1
79KWH,8,1,FULL,19-09-2025,01:26:17,19-09-2025,01:26:19,19-09-2025,01:28:52,COMPLETED,0,1
79KWH,8,1,FULL,19-09-2025,07:14:53,19-09-2025,07:14:55,19-09-2025,07:18:27,COMPLETED,0,1
79KWH,8,2,FULL,19-09-2025,07:14:57,19-09-2025,07:14:59,19-09-2025,07:17:12,COMPLETED,0,1
79KWH,8,2,FULL,19-09-2025,07:17:22,19-09-2025,07:17:23,19-09-2025,07:18:42,COMPLETED,0,1
79KWH,8,1,FULL,19-09-2025,07:18:34,19-09-2025,07:18:37,19-09-2025,07:21:09,COMPLETED,0,1
79KWH,8,2,FULL,19-09-2025,07:18:48,19-09-2025,07:18:51,19-09-2025,07:20:08,COMPLETED,0,1
79KWH,8,1,FULL,19-09-2025,07:21:33,19-09-2025,07:21:33,19-09-2025,07:24:10,COMPLETED,0,1
79KWH,8,1,FULL,19-09-2025,07:24:23,19-09-2025,07:24:25,19-09-2025,07:27:01,COMPLETED,0,1
79KWH,8,2,FULL,19-09-2025,07:24:47,19-09-2025,07:24:48,19-09-2025,07:26:08,COMPLETED,0,1
79KWH,8,2,FULL,19-09-2025,07:26:36,19-09-2025,07:26:37,19-09-2025,07:27:55,COMPLETED,0,1
79KWH,8,1,FULL,19-09-2025,07:27:25,19-09-2025,07:27:26,19-09-2025,07:30:05,COMPLETED,0,1
79KWH,8,2,FULL,19-09-2025,07:28:30,19-09-2025,07:29:55,19-09-2025,07:32:11,COMPLETED,0,1
79KWH,8,1,FULL,19-09-2025,07:30:11,19-09-2025,07:32:50,19-09-2025,07:36:18,COMPLETED,0,1
79KWH,8,2,FULL,19-09-2025,07:32:17,19-09-2025,07:32:20,19-09-2025,07:33:38,COMPLETED,0,1
79KWH,8,1,FULL,19-09-2025,07:36:41,19-09-2025,07:36:42,19-09-2025,07:39:23,COMPLETED,0,1
79KWH,8,1,FULL,19-09-2025,07:39:29,19-09-2025,07:39:33,19-09-2025,07:42:12,COMPLETED,0,1
79KWH,8,1,FULL,19-09-2025,07:42:36,19-09-2025,07:42:37,19-09-2025,07:45:19,COMPLETED,0,1
79KWH,8,2,FULL,19-09-2025,07:43:57,19-09-2025,07:43:58,19-09-2025,07:46:15,COMPLETED,0,1
79KWH,8,1,FULL,19-09-2025,07:45:25,19-09-2025,07:48:01,19-09-2025,07:57:18,COMPLETED,0,1
79KWH,8,2,FULL,19-09-2025,07:46:22,19-09-2025,07:46:24,19-09-2025,07:47:43,COMPLETED,0,1
79KWH,8,2,FULL,19-09-2025,07:47:53,19-09-2025,07:49:42,19-09-2025,07:57:52,COMPLETED,0,1
79KWH,8,1,FULL,19-09-2025,07:57:41,19-09-2025,08:07:19,19-09-2025,08:10:52,COMPLETED,0,1
79KWH,8,2,FULL,19-09-2025,07:57:57,19-09-2025,07:58:01,19-09-2025,07:59:31,COMPLETED,0,1
79KWH,8,2,FULL,19-09-2025,07:59:40,19-09-2025,08:01:45,19-09-2025,08:04:03,COMPLETED,0,1
79KWH,8,2,FULL,19-09-2025,08:04:08,19-09-2025,08:06:03,19-09-2025,08:08:19,COMPLETED,0,1
79KWH,8,2,FULL,19-09-2025,08:08:29,19-09-2025,08:10:22,19-09-2025,08:12:40,COMPLETED,0,1
79KWH,8,1,FULL,19-09-2025,08:10:59,19-09-2025,08:13:33,19-09-2025,08:17:03,COMPLETED,0,1
79KWH,8,2,FULL,19-09-2025,08:12:46,19-09-2025,08:12:49,19-09-2025,08:14:12,COMPLETED,0,1
79KWH,8,2,FULL,19-09-2025,08:14:21,19-09-2025,08:16:09,19-09-2025,08:18:29,COMPLETED,0,1
79KWH,8,1,FULL,19-09-2025,08:17:30,19-09-2025,08:17:31,19-09-2025,08:20:16,COMPLETED,0,1
79KWH,8,2,FULL,19-09-2025,08:18:35,19-09-2025,08:18:38,19-09-2025,08:20:03,COMPLETED,0,1
79KWH,8,2,FULL,19-09-2025,08:20:11,19-09-2025,08:20:13,19-09-2025,08:21:40,COMPLETED,0,1
79KWH,8,1,FULL,19-09-2025,08:20:22,19-09-2025,08:20:26,19-09-2025,08:23:10,COMPLETED,0,1
79KWH,8,2,FULL,19-09-2025,08:21:46,19-09-2025,08:21:50,19-09-2025,08:23:16,COMPLETED,0,1
79KWH,8,2,FULL,19-09-2025,08:23:26,19-09-2025,08:23:26,19-09-2025,08:24:56,COMPLETED,0,1
79KWH,8,1,FULL,19-09-2025,08:23:36,19-09-2025,08:23:37,19-09-2025,08:26:26,COMPLETED,0,1
79KWH,8,2,FULL,19-09-2025,08:25:02,19-09-2025,08:25:05,19-09-2025,08:26:32,COMPLETED,0,1
79KWH,8,1,FULL,19-09-2025,08:26:32,19-09-2025,08:26:36,19-09-2025,08:29:24,COMPLETED,0,1
79KWH,8,2,FULL,19-09-2025,08:26:40,19-09-2025,08:26:41,19-09-2025,08:28:12,COMPLETED,0,1
79KWH,8,2,FULL,19-09-2025,08:28:18,19-09-2025,08:28:20,19-09-2025,08:29:50,COMPLETED,0,1
79KWH,8,1,FULL,19-09-2025,08:29:47,19-09-2025,08:29:48,19-09-2025,08:32:44,COMPLETED,0,1
79KWH,8,2,FULL,19-09-2025,08:29:58,19-09-2025,08:29:59,19-09-2025,08:31:30,COMPLETED,0,1
79KWH,8,2,FULL,19-09-2025,08:31:36,19-09-2025,08:31:40,19-09-2025,08:33:10,COMPLETED,0,1
79KWH,8,1,FULL,19-09-2025,08:32:51,19-09-2025,08:32:52,19-09-2025,08:35:41,COMPLETED,0,1
79KWH,8,2,FULL,19-09-2025,08:33:20,19-09-2025,08:33:21,19-09-2025,08:34:55,COMPLETED,0,1
79KWH,8,2,FULL,19-09-2025,08:35:01,19-09-2025,08:35:04,19-09-2025,08:36:37,COMPLETED,0,1
79KWH,8,1,FULL,19-09-2025,08:36:03,19-09-2025,08:36:04,19-09-2025,08:38:58,COMPLETED,0,1
79KWH,8,2,FULL,19-09-2025,08:36:46,19-09-2025,08:36:46,19-09-2025,08:38:21,COMPLETED,0,1
79KWH,8,2,FULL,19-09-2025,08:38:28,19-09-2025,08:38:31,19-09-2025,08:40:03,COMPLETED,0,1
79KWH,8,1,FULL,19-09-2025,08:39:04,19-09-2025,08:39:06,19-09-2025,08:41:58,COMPLETED,0,1
79KWH,8,2,FULL,19-09-2025,08:40:12,19-09-2025,08:40:13,19-09-2025,08:41:48,COMPLETED,0,1
79KWH,8,2,FULL,19-09-2025,08:41:54,19-09-2025,08:41:58,19-09-2025,08:43:32,COMPLETED,0,1
79KWH,8,1,FULL,19-09-2025,08:42:22,19-09-2025,08:42:23,19-09-2025,08:45:18,COMPLETED,0,1
79KWH,8,2,FULL,19-09-2025,08:43:41,19-09-2025,08:43:42,19-09-2025,08:45:19,COMPLETED,0,1
79KWH,8,1,FULL,19-09-2025,08:45:26,19-09-2025,08:45:27,19-09-2025,08:48:20,COMPLETED,0,1
79KWH,8,2,FULL,19-09-2025,08:45:28,19-09-2025,08:45:29,19-09-2025,08:47:06,COMPLETED,0,1
79KWH,8,2,FULL,19-09-2025,08:47:17,19-09-2025,08:47:18,19-09-2025,08:48:56,COMPLETED,0,1
79KWH,8,2,FULL,19-09-2025,08:51:05,19-09-2025,08:51:06,19-09-2025,08:52:43,COMPLETED,0,1
79KWH,8,1,FULL,19-09-2025,08:52:36,19-09-2025,08:52:37,19-09-2025,08:55:37,COMPLETED,0,1
79KWH,8,2,FULL,19-09-2025,08:52:52,19-09-2025,08:52:53,19-09-2025,08:54:32,COMPLETED,0,1
79KWH,8,2,FULL,19-09-2025,08:54:39,19-09-2025,08:54:42,19-09-2025,08:56:21,COMPLETED,0,1
79KWH,8,1,FULL,19-09-2025,08:55:44,19-09-2025,08:55:47,19-09-2025,08:58:42,COMPLETED,0,1
79KWH,8,2,FULL,19-09-2025,08:56:30,19-09-2025,08:56:31,19-09-2025,08:58:13,COMPLETED,0,1
79KWH,8,2,FULL,19-09-2025,08:58:20,19-09-2025,08:58:21,19-09-2025,09:00:01,COMPLETED,0,1
79KWH,8,1,FULL,19-09-2025,08:59:06,19-09-2025,08:59:07,19-09-2025,09:02:05,COMPLETED,0,1
79KWH,8,2,FULL,19-09-2025,09:00:11,19-09-2025,09:00:12,19-09-2025,09:01:54,COMPLETED,0,1
79KWH,8,2,FULL,19-09-2025,09:02:00,19-09-2025,09:02:02,19-09-2025,09:03:43,COMPLETED,0,1
79KWH,8,1,FULL,19-09-2025,09:02:11,19-09-2025,09:04:57,19-09-2025,09:08:33,COMPLETED,0,1
79KWH,8,2,FULL,19-09-2025,09:03:52,19-09-2025,09:05:34,19-09-2025,09:08:04,COMPLETED,0,1
79KWH,8,1,FULL,19-09-2025,09:08:57,19-09-2025,10:50:30,19-09-2025,10:54:52,COMPLETED,0,1
79KWH,8,2,FULL,19-09-2025,09:39:59,19-09-2025,09:40:00,19-09-2025,09:42:25,COMPLETED,0,1
79KWH,8,2,FULL,19-09-2025,09:42:35,19-09-2025,09:42:36,19-09-2025,09:44:20,COMPLETED,0,1
79KWH,8,2,FULL,19-09-2025,09:44:26,19-09-2025,09:44:29,19-09-2025,09:46:12,COMPLETED,0,1
79KWH,8,2,FULL,19-09-2025,09:46:20,19-09-2025,09:46:21,19-09-2025,09:48:08,COMPLETED,0,1
79KWH,8,2,FULL,19-09-2025,09:48:14,19-09-2025,09:48:16,19-09-2025,09:50:00,COMPLETED,0,1
79KWH,8,2,FULL,19-09-2025,09:50:10,19-09-2025,09:51:52,19-09-2025,09:54:21,COMPLETED,0,1
79KWH,8,2,FULL,19-09-2025,10:21:17,19-09-2025,10:21:18,19-09-2025,10:23:45,COMPLETED,0,1
79KWH,8,3,FULL,19-09-2025,10:32:39,19-09-2025,12:58:09,19-09-2025,13:00:54,COMPLETED,0,1
79KWH,8,2,FULL,19-09-2025,10:34:13,19-09-2025,10:34:14,19-09-2025,10:36:44,COMPLETED,0,1
79KWH,8,2,FULL,19-09-2025,10:36:50,19-09-2025,10:36:53,19-09-2025,10:38:39,COMPLETED,0,1
79KWH,8,2,FULL,19-09-2025,10:38:49,19-09-2025,10:38:49,19-09-2025,10:40:40,COMPLETED,0,1
79KWH,8,2,FULL,19-09-2025,10:40:46,19-09-2025,10:40:49,19-09-2025,10:42:39,COMPLETED,0,1
79KWH,8,2,FULL,19-09-2025,10:42:47,19-09-2025,10:42:47,19-09-2025,10:44:38,COMPLETED,0,1
79KWH,8,2,FULL,19-09-2025,10:44:44,19-09-2025,10:44:47,19-09-2025,10:46:38,COMPLETED,0,1
79KWH,8,2,FULL,19-09-2025,10:46:47,19-09-2025,10:46:47,19-09-2025,10:48:40,COMPLETED,0,1
79KWH,8,2,FULL,19-09-2025,10:48:46,19-09-2025,10:48:49,19-09-2025,10:50:39,COMPLETED,0,1
79KWH,8,2,FULL,19-09-2025,10:50:47,19-09-2025,10:50:49,19-09-2025,10:52:44,COMPLETED,0,1
79KWH,8,2,FULL,19-09-2025,10:52:50,19-09-2025,10:52:52,19-09-2025,10:54:45,COMPLETED,0,1
79KWH,8,2,FULL,19-09-2025,10:54:55,19-09-2025,10:54:55,19-09-2025,10:56:52,COMPLETED,0,1
79KWH,8,1,FULL,19-09-2025,10:54:59,19-09-2025,10:55:01,19-09-2025,10:58:32,COMPLETED,0,1
79KWH,8,2,FULL,19-09-2025,10:56:58,19-09-2025,10:57:01,19-09-2025,10:58:55,COMPLETED,0,1
79KWH,8,1,FULL,19-09-2025,10:58:56,19-09-2025,10:58:56,19-09-2025,11:02:31,COMPLETED,0,1
79KWH,8,2,FULL,19-09-2025,10:59:04,19-09-2025,10:59:05,19-09-2025,11:01:03,COMPLETED,0,1
79KWH,8,2,FULL,19-09-2025,11:01:09,19-09-2025,11:01:12,19-09-2025,11:03:07,COMPLETED,0,1
79KWH,8,1,FULL,19-09-2025,11:02:37,19-09-2025,11:02:40,19-09-2025,11:06:14,COMPLETED,0,1
79KWH,8,2,FULL,19-09-2025,11:03:18,19-09-2025,11:03:19,19-09-2025,11:05:17,COMPLETED,0,1
79KWH,8,2,FULL,19-09-2025,11:05:27,19-09-2025,11:05:28,19-09-2025,11:07:25,COMPLETED,0,1
79KWH,8,1,FULL,19-09-2025,11:06:40,19-09-2025,11:06:41,19-09-2025,11:10:19,COMPLETED,0,1
79KWH,8,2,FULL,19-09-2025,11:07:33,19-09-2025,11:07:34,19-09-2025,11:09:35,COMPLETED,0,1
79KWH,8,2,FULL,19-09-2025,11:09:41,19-09-2025,11:09:43,19-09-2025,11:11:42,COMPLETED,0,1
79KWH,8,1,FULL,19-09-2025,11:10:25,19-09-2025,11:10:28,19-09-2025,11:14:03,COMPLETED,0,1
79KWH,8,2,FULL,19-09-2025,11:11:51,19-09-2025,11:11:52,19-09-2025,11:13:54,COMPLETED,0,1
79KWH,8,2,FULL,19-09-2025,11:14:01,19-09-2025,11:14:03,19-09-2025,11:16:04,COMPLETED,0,1
79KWH,8,1,FULL,19-09-2025,11:14:29,19-09-2025,11:14:33,19-09-2025,11:18:13,COMPLETED,0,1
79KWH,8,2,FULL,19-09-2025,11:16:12,19-09-2025,11:16:14,19-09-2025,11:18:18,COMPLETED,0,1
79KWH,8,1,FULL,19-09-2025,11:18:19,19-09-2025,11:18:22,19-09-2025,11:22:01,COMPLETED,0,1
79KWH,8,1,FULL,19-09-2025,11:22:27,19-09-2025,11:22:28,19-09-2025,11:26:10,COMPLETED,0,1
79KWH,8,1,FULL,19-09-2025,11:26:17,19-09-2025,11:26:19,19-09-2025,11:30:01,COMPLETED,0,1
79KWH,8,2,FULL,19-09-2025,11:29:54,19-09-2025,11:29:54,19-09-2025,11:31:57,COMPLETED,0,1
79KWH,8,1,FULL,19-09-2025,11:30:26,19-09-2025,11:30:27,19-09-2025,11:34:12,COMPLETED,0,1
79KWH,8,2,FULL,19-09-2025,11:32:06,19-09-2025,11:32:07,19-09-2025,11:34:12,COMPLETED,0,1
79KWH,8,2,FULL,19-09-2025,11:34:18,19-09-2025,11:34:21,19-09-2025,11:36:25,COMPLETED,0,1
79KWH,8,1,FULL,19-09-2025,11:34:19,19-09-2025,11:34:21,19-09-2025,11:38:10,COMPLETED,0,1
79KWH,8,2,FULL,19-09-2025,11:36:36,19-09-2025,11:36:37,19-09-2025,11:38:42,COMPLETED,0,1
79KWH,8,1,FULL,19-09-2025,11:38:37,19-09-2025,11:38:37,19-09-2025,11:42:23,COMPLETED,0,1
79KWH,8,2,FULL,19-09-2025,11:38:47,19-09-2025,11:38:50,19-09-2025,11:40:55,COMPLETED,0,1
79KWH,8,2,FULL,19-09-2025,11:41:06,19-09-2025,11:41:06,19-09-2025,11:43:15,COMPLETED,0,1
79KWH,8,1,FULL,19-09-2025,11:42:29,19-09-2025,11:42:32,19-09-2025,11:46:17,COMPLETED,0,1
79KWH,8,2,FULL,19-09-2025,11:43:21,19-09-2025,11:43:23,19-09-2025,11:45:30,COMPLETED,0,1
79KWH,8,1,FULL,19-09-2025,11:46:40,19-09-2025,11:46:41,19-09-2025,11:50:32,COMPLETED,0,1
79KWH,8,1,FULL,19-09-2025,11:50:40,19-09-2025,11:50:41,19-09-2025,11:55:27,COMPLETED,0,1
79KWH,8,1,FULL,19-09-2025,11:55:50,19-09-2025,11:55:51,19-09-2025,11:59:43,COMPLETED,0,1
79KWH,8,1,FULL,19-09-2025,11:59:49,19-09-2025,11:59:52,19-09-2025,12:03:42,COMPLETED,0,1
79KWH,8,1,FULL,19-09-2025,12:26:45,19-09-2025,12:26:46,19-09-2025,12:30:40,COMPLETED,0,1
79KWH,8,2,FULL,19-09-2025,12:26:49,19-09-2025,12:28:34,19-09-2025,12:31:15,COMPLETED,0,1
79KWH,8,1,FULL,19-09-2025,12:30:47,19-09-2025,12:30:49,19-09-2025,12:34:48,COMPLETED,0,1
79KWH,8,2,FULL,19-09-2025,12:31:22,19-09-2025,12:31:24,19-09-2025,12:33:30,COMPLETED,0,1
79KWH,8,2,FULL,19-09-2025,12:33:39,19-09-2025,12:35:05,19-09-2025,12:37:46,COMPLETED,0,1
79KWH,8,1,FULL,19-09-2025,12:35:11,19-09-2025,12:35:11,19-09-2025,12:39:13,COMPLETED,0,1
79KWH,8,2,FULL,19-09-2025,12:37:52,19-09-2025,12:39:22,19-09-2025,12:41:59,COMPLETED,0,1
79KWH,8,1,FULL,19-09-2025,12:39:20,19-09-2025,12:39:22,19-09-2025,12:43:19,COMPLETED,0,1
79KWH,8,2,FULL,19-09-2025,12:42:09,19-09-2025,12:43:34,19-09-2025,12:46:17,COMPLETED,0,1
79KWH,8,1,FULL,19-09-2025,12:43:44,19-09-2025,12:43:45,19-09-2025,12:47:47,COMPLETED,0,1
79KWH,8,2,FULL,19-09-2025,12:46:23,19-09-2025,12:46:26,19-09-2025,12:48:36,COMPLETED,0,1
79KWH,8,1,FULL,19-09-2025,12:47:52,19-09-2025,12:47:56,19-09-2025,12:52:00,COMPLETED,0,1
79KWH,8,2,FULL,19-09-2025,12:48:46,19-09-2025,12:50:10,19-09-2025,12:52:52,COMPLETED,0,1
79KWH,8,1,FULL,19-09-2025,12:52:22,19-09-2025,12:52:24,19-09-2025,12:56:24,COMPLETED,0,1
79KWH,8,1,FULL,19-09-2025,12:56:30,19-09-2025,12:56:33,19-09-2025,13:00:35,COMPLETED,0,1
79KWH,8,2,FULL,19-09-2025,12:57:41,19-09-2025,12:57:41,19-09-2025,13:00:20,COMPLETED,0,1
79KWH,8,2,FULL,19-09-2025,13:00:29,19-09-2025,13:00:30,19-09-2025,13:02:44,COMPLETED,0,1
79KWH,8,1,FULL,19-09-2025,13:01:00,19-09-2025,13:01:01,19-09-2025,13:05:05,COMPLETED,0,1
79KWH,8,2,FULL,19-09-2025,13:02:50,19-09-2025,13:02:53,19-09-2025,13:05:05,COMPLETED,0,1
79KWH,8,1,FULL,19-09-2025,13:05:11,19-09-2025,13:05:13,19-09-2025,13:09:18,COMPLETED,0,1
79KWH,8,2,FULL,19-09-2025,13:05:14,19-09-2025,13:05:15,19-09-2025,13:07:30,COMPLETED,0,1
79KWH,8,2,FULL,19-09-2025,13:07:36,19-09-2025,13:07:40,19-09-2025,13:09:53,COMPLETED,0,1
79KWH,8,1,FULL,19-09-2025,13:09:41,19-09-2025,13:09:41,19-09-2025,13:13:51,COMPLETED,0,1
79KWH,8,2,FULL,19-09-2025,13:10:03,19-09-2025,13:10:03,19-09-2025,13:12:20,COMPLETED,0,1
79KWH,8,2,FULL,19-09-2025,13:12:26,19-09-2025,13:12:29,19-09-2025,13:14:44,COMPLETED,0,1
79KWH,8,1,FULL,19-09-2025,13:13:58,19-09-2025,13:14:01,19-09-2025,13:18:07,COMPLETED,0,1
79KWH,8,2,FULL,19-09-2025,13:14:53,19-09-2025,13:14:56,19-09-2025,13:17:13,COMPLETED,0,1
79KWH,8,2,FULL,19-09-2025,13:17:19,19-09-2025,13:17:23,19-09-2025,13:19:39,COMPLETED,0,1
79KWH,8,1,FULL,19-09-2025,13:18:31,19-09-2025,13:18:32,19-09-2025,13:22:41,COMPLETED,0,1
79KWH,8,2,FULL,19-09-2025,13:19:49,19-09-2025,13:19:49,19-09-2025,13:22:07,COMPLETED,0,1
79KWH,8,2,FULL,19-09-2025,13:22:13,19-09-2025,13:22:17,19-09-2025,13:24:35,COMPLETED,0,1
79KWH,8,1,FULL,19-09-2025,13:22:48,19-09-2025,13:22:49,19-09-2025,13:27:04,COMPLETED,0,1
79KWH,8,2,FULL,19-09-2025,13:24:43,19-09-2025,13:24:43,19-09-2025,13:27:04,COMPLETED,0,1
79KWH,8,2,FULL,19-09-2025,13:27:10,19-09-2025,13:27:13,19-09-2025,13:29:32,COMPLETED,0,1
79KWH,8,1,FULL,19-09-2025,13:27:29,19-09-2025,13:27:30,19-09-2025,13:31:41,COMPLETED,0,1
79KWH,8,2,FULL,19-09-2025,13:29:41,19-09-2025,13:29:42,19-09-2025,13:32:03,COMPLETED,0,1
79KWH,8,1,FULL,19-09-2025,13:31:47,19-09-2025,13:31:50,19-09-2025,13:36:04,COMPLETED,0,1
79KWH,8,2,FULL,19-09-2025,13:32:09,19-09-2025,13:32:13,19-09-2025,13:34:34,COMPLETED,0,1
79KWH,8,2,FULL,19-09-2025,13:34:42,19-09-2025,13:34:43,19-09-2025,13:37:07,COMPLETED,0,1
79KWH,8,1,FULL,19-09-2025,13:36:25,19-09-2025,13:36:26,19-09-2025,13:40:40,COMPLETED,0,1
79KWH,8,2,FULL,19-09-2025,13:37:13,19-09-2025,13:37:16,19-09-2025,13:39:38,COMPLETED,0,1
79KWH,8,2,FULL,19-09-2025,13:39:47,19-09-2025,13:39:48,19-09-2025,13:42:12,COMPLETED,0,1
79KWH,8,1,FULL,19-09-2025,13:40:45,19-09-2025,13:40:49,19-09-2025,13:45:08,COMPLETED,0,1
79KWH,8,2,FULL,19-09-2025,13:42:18,19-09-2025,13:42:21,19-09-2025,13:44:44,COMPLETED,0,1
79KWH,8,2,FULL,19-09-2025,13:44:52,19-09-2025,13:44:53,19-09-2025,13:47:17,COMPLETED,0,1
79KWH,8,1,FULL,19-09-2025,13:45:34,19-09-2025,13:45:35,19-09-2025,13:49:58,COMPLETED,0,1
79KWH,8,2,FULL,19-09-2025,13:47:23,19-09-2025,13:47:26,19-09-2025,13:49:49,COMPLETED,0,1
79KWH,8,2,FULL,19-09-2025,13:49:58,19-09-2025,13:49:58,19-09-2025,13:52:25,COMPLETED,0,1
79KWH,8,1,FULL,19-09-2025,13:50:04,19-09-2025,13:50:06,19-09-2025,13:54:22,COMPLETED,0,1
79KWH,8,2,FULL,19-09-2025,13:52:33,19-09-2025,13:52:34,19-09-2025,13:55:00,COMPLETED,0,1
79KWH,8,1,FULL,19-09-2025,13:54:46,19-09-2025,13:54:48,19-09-2025,13:59:18,COMPLETED,0,1
79KWH,8,2,FULL,19-09-2025,13:55:09,19-09-2025,13:55:10,19-09-2025,13:57:39,COMPLETED,0,1
79KWH,8,2,FULL,19-09-2025,13:57:45,19-09-2025,13:57:48,19-09-2025,14:00:14,COMPLETED,0,1
79KWH,8,1,FULL,19-09-2025,13:59:24,19-09-2025,13:59:30,19-09-2025,14:11:41,COMPLETED,0,1
79KWH,8,2,FULL,19-09-2025,14:00:23,19-09-2025,14:00:24,19-09-2025,14:02:55,COMPLETED,0,1
79KWH,8,2,FULL,19-09-2025,14:03:00,19-09-2025,14:03:04,19-09-2025,14:05:32,COMPLETED,0,1
79KWH,8,2,FULL,19-09-2025,14:05:42,19-09-2025,14:05:43,19-09-2025,14:08:13,COMPLETED,0,1
79KWH,8,2,FULL,19-09-2025,14:08:19,19-09-2025,14:08:23,19-09-2025,14:10:53,COMPLETED,0,1
79KWH,8,2,FULL,19-09-2025,14:11:01,19-09-2025,14:11:02,19-09-2025,14:13:35,COMPLETED,0,1
79KWH,8,1,FULL,19-09-2025,14:12:05,19-09-2025,14:12:06,19-09-2025,14:16:32,COMPLETED,0,1
79KWH,8,2,FULL,19-09-2025,14:13:40,19-09-2025,14:13:44,19-09-2025,14:16:15,COMPLETED,0,1
79KWH,8,2,FULL,19-09-2025,14:16:25,19-09-2025,14:16:26,19-09-2025,14:19:01,COMPLETED,0,1
79KWH,8,1,FULL,19-09-2025,14:16:38,19-09-2025,14:16:45,19-09-2025,14:21:11,COMPLETED,0,1
79KWH,8,2,FULL,19-09-2025,14:19:06,19-09-2025,14:19:10,19-09-2025,14:21:42,COMPLETED,0,1
79KWH,8,1,FULL,19-09-2025,14:21:38,19-09-2025,14:21:39,19-09-2025,14:26:08,COMPLETED,0,1
79KWH,8,2,FULL,19-09-2025,14:21:51,19-09-2025,14:21:52,19-09-2025,14:24:26,COMPLETED,0,1
79KWH,8,2,FULL,19-09-2025,14:24:32,19-09-2025,14:24:36,19-09-2025,14:27:08,COMPLETED,0,1
79KWH,8,1,FULL,19-09-2025,14:26:13,19-09-2025,14:26:16,19-09-2025,14:30:45,COMPLETED,0,1
79KWH,8,2,FULL,19-09-2025,14:27:19,19-09-2025,14:27:20,19-09-2025,14:29:57,COMPLETED,0,1
79KWH,8,2,FULL,19-09-2025,14:30:03,19-09-2025,14:30:07,19-09-2025,14:32:42,COMPLETED,0,1
79KWH,8,1,FULL,19-09-2025,14:31:08,19-09-2025,14:31:10,19-09-2025,14:35:55,COMPLETED,0,1
79KWH,8,2,FULL,19-09-2025,14:32:51,19-09-2025,14:32:53,19-09-2025,14:35:30,COMPLETED,0,1
79KWH,8,2,FULL,19-09-2025,14:35:36,19-09-2025,14:35:39,19-09-2025,14:38:15,COMPLETED,0,1
79KWH,8,1,FULL,19-09-2025,14:36:01,19-09-2025,14:36:03,19-09-2025,14:40:33,COMPLETED,0,1
79KWH,8,2,FULL,19-09-2025,14:38:25,19-09-2025,14:38:26,19-09-2025,14:41:06,COMPLETED,0,1
79KWH,8,1,FULL,19-09-2025,14:40:55,19-09-2025,14:40:56,19-09-2025,14:45:38,COMPLETED,0,1
79KWH,8,2,FULL,19-09-2025,14:41:12,19-09-2025,14:41:16,19-09-2025,14:43:52,COMPLETED,0,1
79KWH,8,2,FULL,19-09-2025,14:44:02,19-09-2025,14:44:02,19-09-2025,14:46:41,COMPLETED,0,1
79KWH,8,1,FULL,19-09-2025,14:45:44,19-09-2025,14:45:50,19-09-2025,14:50:31,COMPLETED,0,1
79KWH,8,2,FULL,19-09-2025,14:46:48,19-09-2025,14:46:50,19-09-2025,14:49:28,COMPLETED,0,1
79KWH,8,2,FULL,19-09-2025,14:49:37,19-09-2025,14:49:38,19-09-2025,14:52:19,COMPLETED,0,1
79KWH,8,1,FULL,19-09-2025,14:50:57,19-09-2025,14:50:58,19-09-2025,14:55:37,COMPLETED,0,1
79KWH,8,2,FULL,19-09-2025,14:52:25,19-09-2025,14:52:29,19-09-2025,14:55:09,COMPLETED,0,1
79KWH,8,2,FULL,19-09-2025,14:55:18,19-09-2025,14:55:19,19-09-2025,14:58:01,COMPLETED,0,1
79KWH,8,1,FULL,19-09-2025,14:55:43,19-09-2025,14:55:49,19-09-2025,15:00:27,COMPLETED,0,1
79KWH,8,2,FULL,19-09-2025,14:58:07,19-09-2025,14:58:10,19-09-2025,15:00:51,COMPLETED,0,1
79KWH,8,1,FULL,19-09-2025,15:00:54,19-09-2025,15:00:55,19-09-2025,15:05:35,COMPLETED,0,1
79KWH,8,2,FULL,19-09-2025,15:01:00,19-09-2025,15:01:02,19-09-2025,15:03:46,COMPLETED,0,1
79KWH,8,2,FULL,19-09-2025,15:03:52,19-09-2025,15:03:55,19-09-2025,15:06:38,COMPLETED,0,1
79KWH,8,1,FULL,19-09-2025,15:05:42,19-09-2025,15:05:48,19-09-2025,15:10:26,COMPLETED,0,1
79KWH,8,1,FULL,19-09-2025,15:10:55,19-09-2025,15:10:57,19-09-2025,15:15:38,COMPLETED,0,1
79KWH,8,1,FULL,19-09-2025,15:15:44,19-09-2025,15:15:47,19-09-2025,15:20:21,COMPLETED,0,1
79KWH,8,1,FULL,19-09-2025,15:20:45,19-09-2025,15:20:46,19-09-2025,15:25:31,COMPLETED,0,1
79KWH,8,1,FULL,19-09-2025,15:35:40,19-09-2025,15:35:40,19-09-2025,15:40:23,COMPLETED,0,1
79KWH,8,2,FULL,19-09-2025,15:35:50,19-09-2025,15:35:51,19-09-2025,15:38:35,COMPLETED,0,1
79KWH,8,2,FULL,19-09-2025,15:38:41,19-09-2025,15:38:44,19-09-2025,15:41:26,COMPLETED,0,1
79KWH,8,1,FULL,19-09-2025,15:40:48,19-09-2025,15:40:49,19-09-2025,15:45:29,COMPLETED,0,1
79KWH,8,2,FULL,19-09-2025,15:41:35,19-09-2025,15:41:37,19-09-2025,15:44:24,COMPLETED,0,1
79KWH,8,2,FULL,19-09-2025,15:44:31,19-09-2025,15:44:32,19-09-2025,15:47:16,COMPLETED,0,1
79KWH,8,1,FULL,19-09-2025,15:45:37,19-09-2025,15:45:38,19-09-2025,15:50:17,COMPLETED,0,1
79KWH,8,2,FULL,19-09-2025,15:47:26,19-09-2025,15:47:26,19-09-2025,15:50:14,COMPLETED,0,1
79KWH,8,2,FULL,19-09-2025,15:50:20,19-09-2025,15:50:22,19-09-2025,15:53:09,COMPLETED,0,1
79KWH,8,1,FULL,19-09-2025,15:50:41,19-09-2025,15:50:42,19-09-2025,15:55:25,COMPLETED,0,1
79KWH,8,2,FULL,19-09-2025,15:53:19,19-09-2025,15:53:19,19-09-2025,15:56:08,COMPLETED,0,1
79KWH,8,1,FULL,19-09-2025,15:55:32,19-09-2025,15:55:35,19-09-2025,16:00:17,COMPLETED,0,1
79KWH,8,2,FULL,19-09-2025,15:56:15,19-09-2025,15:56:17,19-09-2025,15:59:04,COMPLETED,0,1
79KWH,8,2,FULL,19-09-2025,15:59:13,19-09-2025,15:59:13,19-09-2025,16:02:04,COMPLETED,0,1
79KWH,8,1,FULL,19-09-2025,16:00:40,19-09-2025,16:00:41,19-09-2025,16:05:26,COMPLETED,0,1
79KWH,8,2,FULL,19-09-2025,16:02:10,19-09-2025,16:02:12,19-09-2025,16:05:00,COMPLETED,0,1
79KWH,8,2,FULL,19-09-2025,16:05:09,19-09-2025,16:05:09,19-09-2025,16:08:01,COMPLETED,0,1
79KWH,8,1,FULL,19-09-2025,16:05:33,19-09-2025,16:05:34,19-09-2025,16:10:18,COMPLETED,0,1
79KWH,8,2,FULL,19-09-2025,16:08:07,19-09-2025,16:08:11,19-09-2025,16:11:01,COMPLETED,0,1
79KWH,8,1,FULL,19-09-2025,16:10:40,19-09-2025,16:10:40,19-09-2025,16:15:33,COMPLETED,0,1
79KWH,8,2,FULL,19-09-2025,16:11:10,19-09-2025,16:11:11,19-09-2025,16:14:04,COMPLETED,0,1
79KWH,8,2,FULL,19-09-2025,16:14:09,19-09-2025,16:14:13,19-09-2025,16:17:05,COMPLETED,0,1
79KWH,8,1,FULL,19-09-2025,16:15:40,19-09-2025,16:15:42,19-09-2025,16:20:29,COMPLETED,0,1
79KWH,8,2,FULL,19-09-2025,16:17:14,19-09-2025,16:17:15,19-09-2025,16:20:10,COMPLETED,0,1
79KWH,8,2,FULL,19-09-2025,16:20:16,19-09-2025,16:20:18,19-09-2025,16:23:11,COMPLETED,0,1
79KWH,8,1,FULL,19-09-2025,16:20:54,19-09-2025,16:20:55,19-09-2025,16:25:45,COMPLETED,0,1
79KWH,8,2,FULL,19-09-2025,16:23:22,19-09-2025,16:23:22,19-09-2025,16:26:18,COMPLETED,0,1
79KWH,8,1,FULL,19-09-2025,16:25:51,19-09-2025,16:25:54,19-09-2025,16:31:06,COMPLETED,0,1
79KWH,8,2,FULL,19-09-2025,16:26:24,19-09-2025,16:26:27,19-09-2025,16:29:21,COMPLETED,0,1
79KWH,8,2,FULL,19-09-2025,16:29:30,19-09-2025,16:29:31,19-09-2025,16:32:28,COMPLETED,0,1
79KWH,8,1,FULL,19-09-2025,16:31:31,19-09-2025,16:31:32,19-09-2025,16:36:24,COMPLETED,0,1
79KWH,8,2,FULL,19-09-2025,16:32:34,19-09-2025,16:32:37,19-09-2025,16:35:33,COMPLETED,0,1
79KWH,8,2,FULL,19-09-2025,16:35:41,19-09-2025,16:35:41,19-09-2025,16:38:40,COMPLETED,0,1
79KWH,8,1,FULL,19-09-2025,16:36:31,19-09-2025,16:36:33,19-09-2025,16:41:25,COMPLETED,0,1
79KWH,8,2,FULL,19-09-2025,16:38:46,19-09-2025,16:38:49,19-09-2025,16:41:46,COMPLETED,0,1
79KWH,8,1,FULL,19-09-2025,16:41:48,19-09-2025,16:41:50,19-09-2025,16:46:45,COMPLETED,0,1
79KWH,8,2,FULL,19-09-2025,16:41:54,19-09-2025,16:41:54,19-09-2025,16:44:54,COMPLETED,0,1
79KWH,8,2,FULL,19-09-2025,16:45:00,19-09-2025,16:45:03,19-09-2025,16:48:01,COMPLETED,0,1
79KWH,8,1,FULL,19-09-2025,16:46:51,19-09-2025,16:46:53,19-09-2025,16:55:45,COMPLETED,0,1
79KWH,8,2,FULL,19-09-2025,16:48:11,19-09-2025,16:48:12,19-09-2025,16:51:13,COMPLETED,0,1
79KWH,8,2,FULL,19-09-2025,16:51:19,19-09-2025,16:51:22,19-09-2025,16:54:22,COMPLETED,0,1
79KWH,8,2,FULL,19-09-2025,16:54:31,19-09-2025,16:54:34,19-09-2025,16:57:36,COMPLETED,0,1
79KWH,8,1,FULL,19-09-2025,16:56:10,19-09-2025,16:56:10,19-09-2025,17:01:08,COMPLETED,0,1
79KWH,8,2,FULL,19-09-2025,16:57:44,19-09-2025,16:57:45,19-09-2025,17:00:46,COMPLETED,0,1
79KWH,8,2,FULL,19-09-2025,17:00:55,19-09-2025,17:00:56,19-09-2025,17:04:00,COMPLETED,0,1
79KWH,8,1,FULL,19-09-2025,17:01:15,19-09-2025,17:01:17,19-09-2025,17:06:13,COMPLETED,0,1
79KWH,8,2,FULL,19-09-2025,17:04:06,19-09-2025,17:04:09,19-09-2025,17:07:11,COMPLETED,0,1
79KWH,8,1,FULL,19-09-2025,17:06:39,19-09-2025,17:06:41,19-09-2025,17:11:43,COMPLETED,0,1
79KWH,8,2,FULL,19-09-2025,17:07:22,19-09-2025,17:07:23,19-09-2025,17:10:28,COMPLETED,0,1
79KWH,8,2,FULL,19-09-2025,17:10:36,19-09-2025,17:10:38,19-09-2025,17:13:41,COMPLETED,0,1
79KWH,8,1,FULL,19-09-2025,17:11:49,19-09-2025,17:11:51,19-09-2025,17:16:52,COMPLETED,0,1
79KWH,8,2,FULL,19-09-2025,17:13:50,19-09-2025,17:13:51,19-09-2025,17:16:57,COMPLETED,0,1
79KWH,8,2,FULL,19-09-2025,17:17:04,19-09-2025,17:17:07,19-09-2025,17:20:11,COMPLETED,0,1
79KWH,8,1,FULL,19-09-2025,17:17:18,19-09-2025,17:17:19,19-09-2025,17:22:24,COMPLETED,0,1
79KWH,8,2,FULL,19-09-2025,17:20:21,19-09-2025,17:20:21,19-09-2025,17:23:29,COMPLETED,0,1
79KWH,8,1,FULL,19-09-2025,17:22:30,19-09-2025,17:22:33,19-09-2025,17:27:37,COMPLETED,0,1
79KWH,8,2,FULL,19-09-2025,17:23:35,19-09-2025,17:23:39,19-09-2025,17:26:46,COMPLETED,0,1
79KWH,8,2,FULL,19-09-2025,17:26:55,19-09-2025,17:26:56,19-09-2025,17:30:07,COMPLETED,0,1
79KWH,8,1,FULL,19-09-2025,17:28:02,19-09-2025,17:28:03,19-09-2025,17:31:16,COMPLETED,0,1
79KWH,8,2,FULL,19-09-2025,17:30:12,19-09-2025,17:30:16,19-09-2025,17:33:25,COMPLETED,0,1
79KWH,8,1,FULL,19-09-2025,17:31:22,19-09-2025,17:31:26,19-09-2025,17:32:45,COMPLETED,0,1
79KWH,8,1,FULL,19-09-2025,17:33:06,19-09-2025,17:33:07,19-09-2025,17:34:29,COMPLETED,0,1
79KWH,8,2,FULL,19-09-2025,17:33:34,19-09-2025,17:33:34,19-09-2025,17:35:49,COMPLETED,0,1
79KWH,8,1,FULL,19-09-2025,17:34:36,19-09-2025,17:34:38,19-09-2025,17:35:58,COMPLETED,0,1
79KWH,8,2,FULL,19-09-2025,17:35:55,19-09-2025,17:36:00,19-09-2025,17:37:17,COMPLETED,0,1
79KWH,8,1,FULL,19-09-2025,17:36:22,19-09-2025,17:36:23,19-09-2025,17:37:46,COMPLETED,0,1
79KWH,8,2,FULL,19-09-2025,17:37:25,19-09-2025,17:37:26,19-09-2025,17:38:46,COMPLETED,0,1
79KWH,8,1,FULL,19-09-2025,17:37:52,19-09-2025,17:37:56,19-09-2025,17:39:20,COMPLETED,0,1
79KWH,8,2,FULL,19-09-2025,17:38:52,19-09-2025,17:38:55,19-09-2025,17:40:12,COMPLETED,0,1
79KWH,8,1,FULL,19-09-2025,17:39:45,19-09-2025,17:39:45,19-09-2025,17:41:06,COMPLETED,0,1
79KWH,8,2,FULL,19-09-2025,17:40:22,19-09-2025,17:40:23,19-09-2025,17:41:42,COMPLETED,0,1
79KWH,8,1,FULL,19-09-2025,17:41:13,19-09-2025,17:41:15,19-09-2025,17:42:35,COMPLETED,0,1
79KWH,8,2,FULL,19-09-2025,17:41:48,19-09-2025,17:41:51,19-09-2025,17:43:09,COMPLETED,0,1
79KWH,8,1,FULL,19-09-2025,17:42:58,19-09-2025,17:42:58,19-09-2025,17:44:20,COMPLETED,0,1
79KWH,8,2,FULL,19-09-2025,17:43:19,19-09-2025,17:43:20,19-09-2025,17:44:39,COMPLETED,0,1
79KWH,8,1,FULL,19-09-2025,17:44:26,19-09-2025,17:44:29,19-09-2025,17:45:48,COMPLETED,0,1
79KWH,8,2,FULL,19-09-2025,17:44:45,19-09-2025,17:44:48,19-09-2025,17:46:05,COMPLETED,0,1
79KWH,8,1,FULL,19-09-2025,17:46:16,19-09-2025,17:48:55,19-09-2025,17:52:16,COMPLETED,0,1
79KWH,8,2,FULL,19-09-2025,17:46:26,19-09-2025,17:48:25,19-09-2025,17:50:41,COMPLETED,0,1
79KWH,8,2,FULL,19-09-2025,17:50:48,19-09-2025,17:50:50,19-09-2025,17:52:07,COMPLETED,0,1
79KWH,8,2,FULL,19-09-2025,17:52:16,19-09-2025,17:54:23,19-09-2025,17:56:39,COMPLETED,0,1
79KWH,8,1,FULL,19-09-2025,17:52:23,19-09-2025,17:52:24,19-09-2025,17:53:44,COMPLETED,0,1
79KWH,8,1,FULL,19-09-2025,17:54:09,19-09-2025,17:56:46,19-09-2025,18:00:02,COMPLETED,0,1
79KWH,8,2,FULL,19-09-2025,17:56:45,19-09-2025,17:56:48,19-09-2025,17:58:05,COMPLETED,0,1
79KWH,8,2,FULL,19-09-2025,17:58:14,19-09-2025,18:00:19,19-09-2025,18:02:35,COMPLETED,0,1
79KWH,8,1,FULL,19-09-2025,18:00:07,19-09-2025,18:00:10,19-09-2025,18:01:29,COMPLETED,0,1
79KWH,8,1,FULL,19-09-2025,18:01:54,19-09-2025,18:04:35,19-09-2025,18:07:51,COMPLETED,0,1
79KWH,8,2,FULL,19-09-2025,18:02:42,19-09-2025,18:02:45,19-09-2025,18:04:02,COMPLETED,0,1
79KWH,8,2,FULL,19-09-2025,18:04:12,19-09-2025,18:06:14,19-09-2025,18:08:32,COMPLETED,0,1
79KWH,8,1,FULL,19-09-2025,18:07:57,19-09-2025,18:07:59,19-09-2025,18:09:18,COMPLETED,0,1
79KWH,8,2,FULL,19-09-2025,18:08:38,19-09-2025,18:08:40,19-09-2025,18:09:57,COMPLETED,0,1
79KWH,8,1,FULL,19-09-2025,18:09:42,19-09-2025,18:12:18,19-09-2025,18:15:34,COMPLETED,0,1
79KWH,8,2,FULL,19-09-2025,18:10:06,19-09-2025,18:12:09,19-09-2025,18:14:26,COMPLETED,0,1
79KWH,8,2,FULL,19-09-2025,18:14:31,19-09-2025,18:16:52,19-09-2025,18:19:04,COMPLETED,0,1
79KWH,8,1,FULL,19-09-2025,18:15:40,19-09-2025,18:18:38,19-09-2025,18:21:52,COMPLETED,0,1
79KWH,8,2,FULL,19-09-2025,18:19:14,19-09-2025,18:21:33,19-09-2025,18:23:49,COMPLETED,0,1
79KWH,8,1,FULL,19-09-2025,18:22:16,19-09-2025,18:22:17,19-09-2025,18:23:38,COMPLETED,0,1
79KWH,8,1,FULL,19-09-2025,18:23:45,19-09-2025,18:23:48,19-09-2025,18:25:08,COMPLETED,0,1
79KWH,8,2,FULL,19-09-2025,18:23:56,19-09-2025,18:23:58,19-09-2025,18:25:16,COMPLETED,0,1
79KWH,8,2,FULL,19-09-2025,18:25:25,19-09-2025,18:27:38,19-09-2025,18:29:55,COMPLETED,0,1
79KWH,8,1,FULL,19-09-2025,18:25:31,19-09-2025,18:25:31,19-09-2025,18:26:54,COMPLETED,0,1
79KWH,8,1,FULL,19-09-2025,18:27:00,19-09-2025,18:27:02,19-09-2025,18:28:21,COMPLETED,0,1
79KWH,8,1,FULL,19-09-2025,18:28:46,19-09-2025,18:31:17,19-09-2025,18:34:36,COMPLETED,0,1
79KWH,8,1,FULL,19-09-2025,19:02:25,19-09-2025,19:02:25,19-09-2025,19:05:43,COMPLETED,0,1
79KWH,8,2,FULL,19-09-2025,19:02:40,19-09-2025,19:02:41,19-09-2025,19:04:55,COMPLETED,0,1
79KWH,8,2,FULL,19-09-2025,19:05:06,19-09-2025,19:05:06,19-09-2025,19:06:26,COMPLETED,0,1
79KWH,8,1,FULL,19-09-2025,19:06:06,19-09-2025,19:06:06,19-09-2025,19:07:27,COMPLETED,0,1
79KWH,8,2,FULL,19-09-2025,19:06:31,19-09-2025,19:06:35,19-09-2025,19:07:52,COMPLETED,0,1
79KWH,8,1,FULL,19-09-2025,19:07:34,19-09-2025,19:07:36,19-09-2025,19:08:55,COMPLETED,0,1
79KWH,8,2,FULL,19-09-2025,19:08:19,19-09-2025,19:08:19,19-09-2025,19:09:39,COMPLETED,0,1
79KWH,8,1,FULL,19-09-2025,19:09:19,19-09-2025,19:09:21,19-09-2025,19:10:54,COMPLETED,0,1
79KWH,8,2,FULL,19-09-2025,19:10:07,19-09-2025,19:10:07,19-09-2025,19:11:24,COMPLETED,0,1
79KWH,8,1,FULL,19-09-2025,19:11:00,19-09-2025,19:11:02,19-09-2025,19:12:29,COMPLETED,0,1
79KWH,8,2,FULL,19-09-2025,19:12:03,19-09-2025,19:12:04,19-09-2025,19:13:25,COMPLETED,0,1
79KWH,8,1,FULL,19-09-2025,19:12:54,19-09-2025,19:15:25,19-09-2025,19:18:42,COMPLETED,0,1
79KWH,8,2,FULL,19-09-2025,19:13:50,19-09-2025,19:15:55,19-09-2025,19:18:08,COMPLETED,0,1
79KWH,8,1,FULL,19-09-2025,19:18:47,19-09-2025,19:21:34,19-09-2025,19:24:48,COMPLETED,0,1
79KWH,8,2,FULL,19-09-2025,19:38:52,19-09-2025,19:38:54,19-09-2025,19:41:09,COMPLETED,0,1
79KWH,8,1,FULL,19-09-2025,19:40:18,19-09-2025,19:41:00,19-09-2025,19:44:19,COMPLETED,0,1
79KWH,8,2,FULL,19-09-2025,19:41:15,19-09-2025,19:41:18,19-09-2025,19:42:35,COMPLETED,0,1
79KWH,8,2,FULL,19-09-2025,19:42:45,19-09-2025,19:44:59,19-09-2025,19:47:15,COMPLETED,0,1
79KWH,8,1,FULL,19-09-2025,19:44:25,19-09-2025,19:44:27,19-09-2025,19:45:51,COMPLETED,0,1
79KWH,8,1,FULL,19-09-2025,19:46:17,19-09-2025,19:48:45,19-09-2025,19:52:05,COMPLETED,0,1
79KWH,8,2,FULL,19-09-2025,19:47:21,19-09-2025,19:47:25,19-09-2025,19:48:42,COMPLETED,0,1
79KWH,8,2,FULL,19-09-2025,19:48:51,19-09-2025,19:51:06,19-09-2025,19:53:22,COMPLETED,0,1
79KWH,8,1,FULL,19-09-2025,19:52:11,19-09-2025,19:52:13,19-09-2025,19:53:40,COMPLETED,0,1
79KWH,8,2,FULL,19-09-2025,19:53:29,19-09-2025,19:56:52,19-09-2025,19:59:06,COMPLETED,0,1
79KWH,8,1,FULL,19-09-2025,19:54:04,19-09-2025,19:56:28,19-09-2025,19:59:50,COMPLETED,0,1
79KWH,8,2,FULL,19-09-2025,19:59:16,19-09-2025,20:01:32,19-09-2025,20:03:48,COMPLETED,0,1
79KWH,8,1,FULL,19-09-2025,19:59:57,19-09-2025,20:02:43,19-09-2025,20:06:02,COMPLETED,0,1
79KWH,8,2,FULL,19-09-2025,20:03:55,19-09-2025,20:06:10,19-09-2025,20:08:24,COMPLETED,0,1
79KWH,8,1,FULL,19-09-2025,20:06:25,19-09-2025,20:06:26,19-09-2025,20:08:00,COMPLETED,0,1
79KWH,8,1,FULL,19-09-2025,20:08:05,19-09-2025,20:08:08,19-09-2025,20:09:40,COMPLETED,0,1
79KWH,8,2,FULL,19-09-2025,20:08:34,19-09-2025,20:10:48,19-09-2025,20:13:04,COMPLETED,0,1
79KWH,8,1,FULL,19-09-2025,20:10:03,19-09-2025,20:10:04,19-09-2025,20:11:40,COMPLETED,0,1
79KWH,8,1,FULL,19-09-2025,20:11:46,19-09-2025,20:11:49,19-09-2025,20:13:23,COMPLETED,0,1
79KWH,8,2,FULL,19-09-2025,20:13:11,19-09-2025,20:13:13,19-09-2025,20:14:30,COMPLETED,0,1
79KWH,8,1,FULL,19-09-2025,20:13:48,19-09-2025,20:13:48,19-09-2025,20:15:26,COMPLETED,0,1
79KWH,8,2,FULL,19-09-2025,20:14:45,19-09-2025,20:16:49,19-09-2025,20:19:05,COMPLETED,0,1
79KWH,8,1,FULL,19-09-2025,20:15:33,19-09-2025,20:15:35,19-09-2025,20:17:12,COMPLETED,0,1
79KWH,8,1,FULL,19-09-2025,20:17:39,19-09-2025,20:17:40,19-09-2025,20:19:20,COMPLETED,0,1
79KWH,8,2,FULL,19-09-2025,20:19:11,19-09-2025,20:19:15,19-09-2025,20:20:33,COMPLETED,0,1
79KWH,8,1,FULL,19-09-2025,20:19:26,19-09-2025,20:22:05,19-09-2025,20:25:29,COMPLETED,0,1
79KWH,8,2,FULL,19-09-2025,20:20:42,19-09-2025,20:20:42,19-09-2025,20:22:03,COMPLETED,0,1
79KWH,8,1,FULL,19-09-2025,20:25:52,19-09-2025,20:28:16,19-09-2025,20:31:42,COMPLETED,0,1
79KWH,8,1,FULL,19-09-2025,20:31:48,19-09-2025,21:35:12,19-09-2025,21:38:35,COMPLETED,0,1
79KWH,8,2,FULL,19-09-2025,21:28:31,19-09-2025,21:28:32,19-09-2025,21:30:47,COMPLETED,0,1
79KWH,8,2,FULL,19-09-2025,21:30:56,19-09-2025,21:33:07,19-09-2025,21:35:23,COMPLETED,0,1
79KWH,8,2,FULL,19-09-2025,21:35:30,19-09-2025,21:35:32,19-09-2025,21:36:51,COMPLETED,0,1
79KWH,8,2,FULL,19-09-2025,21:37:01,19-09-2025,21:39:04,19-09-2025,21:41:22,COMPLETED,0,1
79KWH,8,1,FULL,19-09-2025,21:39:00,19-09-2025,21:41:20,19-09-2025,21:44:48,COMPLETED,0,1
79KWH,8,2,FULL,19-09-2025,21:41:28,19-09-2025,21:41:31,19-09-2025,21:42:52,COMPLETED,0,1
79KWH,8,2,FULL,19-09-2025,21:43:03,19-09-2025,21:45:10,19-09-2025,21:47:29,COMPLETED,0,1
79KWH,8,1,FULL,19-09-2025,21:44:55,19-09-2025,21:44:56,19-09-2025,21:46:41,COMPLETED,0,1
79KWH,8,1,FULL,19-09-2025,21:47:06,19-09-2025,21:49:21,19-09-2025,21:52:49,COMPLETED,0,1
79KWH,8,2,FULL,19-09-2025,21:47:35,19-09-2025,21:47:38,19-09-2025,21:49:01,COMPLETED,0,1
79KWH,8,2,FULL,19-09-2025,21:49:12,19-09-2025,21:51:16,19-09-2025,21:53:35,COMPLETED,0,1
79KWH,8,1,FULL,19-09-2025,21:52:56,19-09-2025,21:52:59,19-09-2025,21:54:45,COMPLETED,0,1
79KWH,8,2,FULL,19-09-2025,21:53:41,19-09-2025,21:59:10,19-09-2025,22:01:27,COMPLETED,0,1
79KWH,8,1,FULL,19-09-2025,21:55:11,19-09-2025,21:57:27,19-09-2025,22:00:59,COMPLETED,0,1
79KWH,8,1,FULL,19-09-2025,22:01:06,19-09-2025,22:01:08,19-09-2025,22:03:01,COMPLETED,0,1
79KWH,8,2,FULL,19-09-2025,22:01:36,19-09-2025,22:03:39,19-09-2025,22:06:00,COMPLETED,0,1
79KWH,8,1,FULL,19-09-2025,22:03:29,19-09-2025,22:05:36,19-09-2025,22:09:09,COMPLETED,0,1
79KWH,8,2,FULL,19-09-2025,22:06:06,19-09-2025,22:06:08,19-09-2025,22:07:35,COMPLETED,0,1
79KWH,8,2,FULL,19-09-2025,22:07:44,19-09-2025,22:09:51,19-09-2025,22:12:13,COMPLETED,0,1
79KWH,8,1,FULL,19-09-2025,22:09:15,19-09-2025,22:09:17,19-09-2025,22:11:11,COMPLETED,0,1
79KWH,8,1,FULL,19-09-2025,22:11:37,19-09-2025,22:13:50,19-09-2025,22:17:30,COMPLETED,0,1
79KWH,8,2,FULL,19-09-2025,22:12:20,19-09-2025,22:14:27,19-09-2025,22:16:46,COMPLETED,0,1
79KWH,8,2,FULL,19-09-2025,22:16:56,19-09-2025,22:19:06,19-09-2025,22:21:27,COMPLETED,0,1
79KWH,8,1,FULL,19-09-2025,22:17:35,19-09-2025,22:17:39,19-09-2025,22:19:35,COMPLETED,0,1
79KWH,8,1,FULL,19-09-2025,22:19:58,19-09-2025,22:56:25,19-09-2025,22:57:56,COMPLETED,0,1
79KWH,8,2,FULL,19-09-2025,22:21:34,19-09-2025,22:23:40,19-09-2025,22:26:00,COMPLETED,0,1
79KWH,8,2,FULL,19-09-2025,22:26:08,19-09-2025,22:26:09,19-09-2025,22:27:41,COMPLETED,0,1
79KWH,8,2,FULL,19-09-2025,22:27:47,19-09-2025,22:27:51,19-09-2025,22:29:21,COMPLETED,0,1
79KWH,8,2,FULL,19-09-2025,22:29:31,19-09-2025,22:29:32,19-09-2025,22:31:04,COMPLETED,0,1
79KWH,8,2,FULL,19-09-2025,22:31:11,19-09-2025,22:31:15,19-09-2025,22:32:46,COMPLETED,0,1
79KWH,8,2,FULL,19-09-2025,22:32:57,19-09-2025,22:32:58,19-09-2025,22:34:32,COMPLETED,0,1
79KWH,8,2,FULL,19-09-2025,22:34:38,19-09-2025,22:34:41,19-09-2025,22:36:13,COMPLETED,0,1
79KWH,8,2,FULL,19-09-2025,22:36:22,19-09-2025,22:36:23,19-09-2025,22:37:58,COMPLETED,0,1
79KWH,8,2,FULL,19-09-2025,22:38:04,19-09-2025,22:38:07,19-09-2025,22:39:41,COMPLETED,0,1
79KWH,8,2,FULL,19-09-2025,22:42:35,19-09-2025,22:42:35,19-09-2025,22:44:11,COMPLETED,0,1
79KWH,8,2,FULL,19-09-2025,22:44:17,19-09-2025,22:44:20,19-09-2025,22:45:54,COMPLETED,0,1
79KWH,8,2,FULL,19-09-2025,22:46:03,19-09-2025,22:46:04,19-09-2025,22:47:41,COMPLETED,0,1
79KWH,8,2,FULL,19-09-2025,22:47:47,19-09-2025,22:47:50,19-09-2025,22:49:27,COMPLETED,0,1
79KWH,8,2,FULL,19-09-2025,22:49:36,19-09-2025,22:49:36,19-09-2025,22:51:16,COMPLETED,0,1
79KWH,8,2,FULL,19-09-2025,22:51:22,19-09-2025,22:51:25,19-09-2025,22:53:03,COMPLETED,0,1
79KWH,8,2,FULL,19-09-2025,22:53:14,19-09-2025,22:53:15,19-09-2025,22:54:56,COMPLETED,0,1
79KWH,8,2,FULL,19-09-2025,22:55:03,19-09-2025,22:55:06,19-09-2025,22:56:45,COMPLETED,0,1
79KWH,8,2,FULL,19-09-2025,22:56:55,19-09-2025,22:59:00,19-09-2025,23:01:27,COMPLETED,0,1
79KWH,8,1,FULL,19-09-2025,22:58:02,19-09-2025,22:58:04,19-09-2025,23:00:03,COMPLETED,0,1
79KWH,8,1,FULL,19-09-2025,23:00:25,19-09-2025,23:00:25,19-09-2025,23:02:28,COMPLETED,0,1
79KWH,8,2,FULL,19-09-2025,23:01:33,19-09-2025,23:03:40,19-09-2025,23:06:04,COMPLETED,0,1
79KWH,8,1,FULL,19-09-2025,23:02:34,19-09-2025,23:02:37,19-09-2025,23:04:39,COMPLETED,0,1
79KWH,8,1,FULL,19-09-2025,23:05:03,19-09-2025,23:05:06,19-09-2025,23:07:10,COMPLETED,0,1
79KWH,8,2,FULL,19-09-2025,23:06:13,19-09-2025,23:08:20,19-09-2025,23:10:49,COMPLETED,0,1
79KWH,8,1,FULL,19-09-2025,23:07:17,19-09-2025,23:07:19,19-09-2025,23:09:21,COMPLETED,0,1
79KWH,8,1,FULL,19-09-2025,23:09:45,19-09-2025,23:09:45,19-09-2025,23:11:52,COMPLETED,0,1
79KWH,8,2,FULL,19-09-2025,23:10:55,19-09-2025,23:10:57,19-09-2025,23:12:39,COMPLETED,0,1
79KWH,8,1,FULL,19-09-2025,23:11:58,19-09-2025,23:12:01,19-09-2025,23:14:07,COMPLETED,0,1
79KWH,8,2,FULL,19-09-2025,23:12:49,19-09-2025,23:14:49,19-09-2025,23:17:18,COMPLETED,0,1
79KWH,8,1,FULL,19-09-2025,23:14:30,19-09-2025,23:14:31,19-09-2025,23:16:40,COMPLETED,0,1
79KWH,8,1,FULL,19-09-2025,23:16:47,19-09-2025,23:16:48,19-09-2025,23:18:56,COMPLETED,0,1
79KWH,8,2,FULL,19-09-2025,23:17:24,19-09-2025,23:17:28,19-09-2025,23:19:10,COMPLETED,0,1
79KWH,8,2,FULL,19-09-2025,23:19:21,19-09-2025,23:21:25,19-09-2025,23:23:53,COMPLETED,0,1
79KWH,8,1,FULL,19-09-2025,23:19:23,19-09-2025,23:19:24,19-09-2025,23:21:36,COMPLETED,0,1
79KWH,8,1,FULL,19-09-2025,23:21:42,19-09-2025,23:21:44,19-09-2025,23:23:55,COMPLETED,0,1
79KWH,8,2,FULL,19-09-2025,23:23:59,19-09-2025,23:24:03,19-09-2025,23:25:46,COMPLETED,0,1
79KWH,8,1,FULL,19-09-2025,23:24:17,19-09-2025,23:26:26,19-09-2025,23:30:09,COMPLETED,0,1
79KWH,8,2,FULL,19-09-2025,23:25:56,19-09-2025,23:27:57,19-09-2025,23:30:27,COMPLETED,0,1
79KWH,8,1,FULL,19-09-2025,23:30:15,19-09-2025,23:30:19,19-09-2025,23:32:33,COMPLETED,0,1
79KWH,8,2,FULL,19-09-2025,23:30:33,19-09-2025,23:30:36,19-09-2025,23:32:21,COMPLETED,0,1
79KWH,8,2,FULL,19-09-2025,23:32:30,19-09-2025,23:34:35,19-09-2025,23:37:05,COMPLETED,0,1
79KWH,8,1,FULL,19-09-2025,23:32:55,19-09-2025,23:32:55,19-09-2025,23:35:12,COMPLETED,0,1
79KWH,8,1,FULL,19-09-2025,23:35:19,19-09-2025,23:35:21,19-09-2025,23:37:43,COMPLETED,0,1
79KWH,8,2,FULL,19-09-2025,23:37:11,19-09-2025,23:39:17,19-09-2025,23:41:46,COMPLETED,0,1
79KWH,8,1,FULL,19-09-2025,23:38:08,19-09-2025,23:40:07,19-09-2025,23:43:53,COMPLETED,0,1
79KWH,8,1,FULL,19-09-2025,23:43:58,19-09-2025,23:44:02,19-09-2025,23:46:19,COMPLETED,0,1
79KWH,8,2,FULL,21-09-2025,07:27:50,21-09-2025,07:27:51,21-09-2025,07:30:22,COMPLETED,0,1
79KWH,8,1,FULL,21-09-2025,07:28:04,21-09-2025,07:28:05,21-09-2025,07:31:50,COMPLETED,0,1
79KWH,8,2,FULL,21-09-2025,07:30:28,21-09-2025,07:30:31,21-09-2025,07:32:19,COMPLETED,0,1
79KWH,8,1,FULL,21-09-2025,07:31:56,21-09-2025,07:31:59,21-09-2025,07:34:20,COMPLETED,0,1
79KWH,8,2,FULL,21-09-2025,07:32:28,21-09-2025,07:32:29,21-09-2025,07:34:19,COMPLETED,0,1
79KWH,8,2,FULL,21-09-2025,07:34:26,21-09-2025,07:34:28,21-09-2025,07:36:16,COMPLETED,0,1
79KWH,8,1,FULL,21-09-2025,07:34:44,21-09-2025,07:34:44,21-09-2025,07:37:11,COMPLETED,0,1
79KWH,8,2,FULL,21-09-2025,07:36:25,21-09-2025,07:36:25,21-09-2025,07:38:16,COMPLETED,0,1
79KWH,8,1,FULL,21-09-2025,07:37:17,21-09-2025,07:37:19,21-09-2025,07:39:42,COMPLETED,0,1
79KWH,8,2,FULL,21-09-2025,07:38:22,21-09-2025,07:38:25,21-09-2025,07:40:14,COMPLETED,0,1
79KWH,8,1,FULL,21-09-2025,07:40:05,21-09-2025,07:40:06,21-09-2025,07:42:32,COMPLETED,0,1
79KWH,8,2,FULL,21-09-2025,07:40:24,21-09-2025,07:40:25,21-09-2025,07:42:17,COMPLETED,0,1
79KWH,8,2,FULL,21-09-2025,07:42:22,21-09-2025,07:42:26,21-09-2025,07:44:18,COMPLETED,0,1
79KWH,8,1,FULL,21-09-2025,07:42:38,21-09-2025,07:42:41,21-09-2025,07:45:10,COMPLETED,0,1
79KWH,8,2,FULL,21-09-2025,07:44:28,21-09-2025,07:44:29,21-09-2025,07:46:24,COMPLETED,0,1
79KWH,8,1,FULL,21-09-2025,07:45:32,21-09-2025,07:45:32,21-09-2025,07:48:01,COMPLETED,0,1
79KWH,8,2,FULL,21-09-2025,07:46:29,21-09-2025,07:46:33,21-09-2025,07:48:26,COMPLETED,0,1
79KWH,8,1,FULL,21-09-2025,07:48:08,21-09-2025,07:48:11,21-09-2025,07:50:38,COMPLETED,0,1
79KWH,8,1,FULL,21-09-2025,07:51:01,21-09-2025,07:51:01,21-09-2025,07:53:32,COMPLETED,0,1
79KWH,8,1,FULL,21-09-2025,07:53:38,21-09-2025,07:53:41,21-09-2025,07:56:11,COMPLETED,0,1
79KWH,8,1,FULL,21-09-2025,07:56:35,21-09-2025,07:56:35,21-09-2025,07:59:09,COMPLETED,0,1
79KWH,8,1,FULL,21-09-2025,08:04:36,21-09-2025,08:04:37,21-09-2025,08:07:09,COMPLETED,0,1
79KWH,8,2,FULL,21-09-2025,08:04:46,21-09-2025,08:04:47,21-09-2025,08:06:42,COMPLETED,0,1
79KWH,8,2,FULL,21-09-2025,08:06:48,21-09-2025,08:06:51,21-09-2025,08:08:45,COMPLETED,0,1
79KWH,8,1,FULL,21-09-2025,08:07:33,21-09-2025,08:07:33,21-09-2025,08:10:10,COMPLETED,0,1
79KWH,8,2,FULL,21-09-2025,08:10:11,21-09-2025,08:10:57,21-09-2025,08:13:31,COMPLETED,0,1
79KWH,8,1,FULL,21-09-2025,08:10:16,21-09-2025,08:12:30,21-09-2025,08:16:28,COMPLETED,0,1
79KWH,8,2,FULL,21-09-2025,08:13:37,21-09-2025,08:13:40,21-09-2025,08:15:35,COMPLETED,0,1
79KWH,8,2,FULL,21-09-2025,08:15:45,21-09-2025,08:17:39,21-09-2025,08:20:14,COMPLETED,0,1
79KWH,8,1,FULL,21-09-2025,08:16:52,21-09-2025,08:47:31,21-09-2025,08:49:18,COMPLETED,0,1
79KWH,8,2,FULL,21-09-2025,08:20:21,21-09-2025,08:20:24,21-09-2025,08:22:20,COMPLETED,0,1
79KWH,8,2,FULL,21-09-2025,08:22:30,21-09-2025,08:22:32,21-09-2025,08:24:32,COMPLETED,0,1
79KWH,8,2,FULL,21-09-2025,08:24:38,21-09-2025,08:24:41,21-09-2025,08:26:40,COMPLETED,0,1
79KWH,8,2,FULL,21-09-2025,08:26:49,21-09-2025,08:26:50,21-09-2025,08:28:50,COMPLETED,0,1
79KWH,8,2,FULL,21-09-2025,08:28:56,21-09-2025,08:29:01,21-09-2025,08:31:00,COMPLETED,0,1
79KWH,8,2,FULL,21-09-2025,08:31:09,21-09-2025,08:31:09,21-09-2025,08:33:12,COMPLETED,0,1
79KWH,8,2,FULL,21-09-2025,08:33:20,21-09-2025,08:33:21,21-09-2025,08:35:21,COMPLETED,0,1
79KWH,8,2,FULL,21-09-2025,08:35:31,21-09-2025,08:35:32,21-09-2025,08:37:36,COMPLETED,0,1
79KWH,8,2,FULL,21-09-2025,08:37:43,21-09-2025,08:37:46,21-09-2025,08:39:49,COMPLETED,0,1
79KWH,8,2,FULL,21-09-2025,08:39:59,21-09-2025,08:39:59,21-09-2025,08:42:03,COMPLETED,0,1
79KWH,8,2,FULL,21-09-2025,08:42:10,21-09-2025,08:42:13,21-09-2025,08:44:17,COMPLETED,0,1
79KWH,8,2,FULL,21-09-2025,08:44:27,21-09-2025,08:44:28,21-09-2025,08:46:34,COMPLETED,0,1
79KWH,8,2,FULL,21-09-2025,08:46:41,21-09-2025,08:46:42,21-09-2025,08:48:46,COMPLETED,0,1
79KWH,8,2,FULL,21-09-2025,08:48:55,21-09-2025,08:50:44,21-09-2025,08:53:25,COMPLETED,0,1
79KWH,8,1,FULL,21-09-2025,08:49:25,21-09-2025,08:51:36,21-09-2025,08:55:32,COMPLETED,0,1
79KWH,8,2,FULL,21-09-2025,08:53:31,21-09-2025,08:55:31,21-09-2025,08:58:09,COMPLETED,0,1
79KWH,8,1,FULL,21-09-2025,08:55:55,21-09-2025,08:55:56,21-09-2025,08:58:37,COMPLETED,0,1
79KWH,8,2,FULL,21-09-2025,08:58:19,21-09-2025,09:00:08,21-09-2025,09:02:49,COMPLETED,0,1
79KWH,8,1,FULL,21-09-2025,08:58:44,21-09-2025,08:58:45,21-09-2025,09:01:25,COMPLETED,0,1
79KWH,8,1,FULL,21-09-2025,09:01:48,21-09-2025,09:03:46,21-09-2025,09:07:44,COMPLETED,0,1
79KWH,8,2,FULL,21-09-2025,09:02:56,21-09-2025,09:04:54,21-09-2025,09:07:33,COMPLETED,0,1
79KWH,8,3,FULL,21-09-2025,09:06:17,21-09-2025,09:08:28,21-09-2025,09:21:12,COMPLETED,0,1
79KWH,8,2,FULL,21-09-2025,09:07:42,21-09-2025,09:09:31,21-09-2025,09:12:13,COMPLETED,0,1
79KWH,8,1,FULL,21-09-2025,09:07:50,21-09-2025,09:07:52,21-09-2025,09:10:35,COMPLETED,0,1
79KWH,8,1,FULL,21-09-2025,09:10:59,21-09-2025,09:12:45,21-09-2025,09:16:44,COMPLETED,0,1
79KWH,8,2,FULL,21-09-2025,09:12:19,21-09-2025,09:12:22,21-09-2025,09:14:31,COMPLETED,0,1
79KWH,8,2,FULL,21-09-2025,09:14:42,21-09-2025,09:16:36,21-09-2025,09:19:18,COMPLETED,0,1
79KWH,8,1,FULL,21-09-2025,09:16:50,21-09-2025,09:18:58,21-09-2025,09:22:55,COMPLETED,0,1
79KWH,8,2,FULL,21-09-2025,09:19:24,21-09-2025,09:19:27,21-09-2025,09:21:37,COMPLETED,0,1
79KWH,8,3,FULL,21-09-2025,09:21:18,21-09-2025,09:21:32,21-09-2025,09:24:56,COMPLETED,0,1
79KWH,8,2,FULL,21-09-2025,09:21:47,21-09-2025,09:21:48,21-09-2025,09:24:02,COMPLETED,0,1
79KWH,8,1,FULL,21-09-2025,09:23:18,21-09-2025,09:23:19,21-09-2025,09:26:08,COMPLETED,0,1
79KWH,8,2,FULL,21-09-2025,09:24:08,21-09-2025,09:26:00,21-09-2025,09:28:42,COMPLETED,0,1
79KWH,8,3,FULL,21-09-2025,09:25:04,21-09-2025,09:28:53,21-09-2025,10:13:08,COMPLETED,0,1
79KWH,8,1,FULL,21-09-2025,09:26:14,21-09-2025,09:26:16,21-09-2025,09:29:03,COMPLETED,0,1
79KWH,8,2,FULL,21-09-2025,09:28:51,21-09-2025,09:28:51,21-09-2025,09:31:06,COMPLETED,0,1
79KWH,8,1,FULL,21-09-2025,09:29:28,21-09-2025,09:31:13,21-09-2025,09:35:15,COMPLETED,0,1
79KWH,8,2,FULL,21-09-2025,09:31:12,21-09-2025,09:31:15,21-09-2025,09:33:27,COMPLETED,0,1
79KWH,8,2,FULL,21-09-2025,09:33:36,21-09-2025,09:35:30,21-09-2025,09:38:15,COMPLETED,0,1
79KWH,8,1,FULL,21-09-2025,09:35:21,21-09-2025,09:35:23,21-09-2025,09:38:14,COMPLETED,0,1
79KWH,8,2,FULL,21-09-2025,09:38:21,21-09-2025,09:38:25,21-09-2025,09:40:41,COMPLETED,0,1
79KWH,8,1,FULL,21-09-2025,09:38:39,21-09-2025,09:38:40,21-09-2025,09:41:36,COMPLETED,0,1
79KWH,8,2,FULL,21-09-2025,09:40:49,21-09-2025,09:40:51,21-09-2025,09:43:08,COMPLETED,0,1
79KWH,8,1,FULL,21-09-2025,09:41:42,21-09-2025,09:41:45,21-09-2025,09:44:37,COMPLETED,0,1
79KWH,8,2,FULL,21-09-2025,09:43:13,21-09-2025,09:43:17,21-09-2025,09:45:32,COMPLETED,0,1
79KWH,8,1,FULL,21-09-2025,09:45:02,21-09-2025,09:51:36,21-09-2025,09:55:38,COMPLETED,0,1
79KWH,8,2,FULL,21-09-2025,09:55:36,21-09-2025,09:55:37,21-09-2025,09:57:55,COMPLETED,0,1
79KWH,8,1,FULL,21-09-2025,09:55:44,21-09-2025,09:55:47,21-09-2025,09:58:48,COMPLETED,0,1
79KWH,8,2,FULL,21-09-2025,09:58:02,21-09-2025,09:58:05,21-09-2025,10:00:21,COMPLETED,0,1
79KWH,8,1,FULL,21-09-2025,09:59:12,21-09-2025,10:00:53,21-09-2025,10:04:58,COMPLETED,0,1
79KWH,8,2,FULL,21-09-2025,10:00:32,21-09-2025,10:00:33,21-09-2025,10:02:51,COMPLETED,0,1
79KWH,8,2,FULL,21-09-2025,10:02:57,21-09-2025,10:03:01,21-09-2025,10:05:19,COMPLETED,0,1
79KWH,8,1,FULL,21-09-2025,10:05:04,21-09-2025,10:05:07,21-09-2025,10:08:03,COMPLETED,0,1
79KWH,8,2,FULL,21-09-2025,10:05:29,21-09-2025,10:05:29,21-09-2025,10:07:51,COMPLETED,0,1
79KWH,8,2,FULL,21-09-2025,10:07:56,21-09-2025,10:07:59,21-09-2025,10:10:19,COMPLETED,0,1
79KWH,8,1,FULL,21-09-2025,10:08:30,21-09-2025,10:08:30,21-09-2025,10:11:31,COMPLETED,0,1
79KWH,8,2,FULL,21-09-2025,10:10:32,21-09-2025,10:10:34,21-09-2025,10:12:56,COMPLETED,0,1
79KWH,8,1,FULL,21-09-2025,10:11:39,21-09-2025,10:11:40,21-09-2025,10:14:42,COMPLETED,0,1
79KWH,8,2,FULL,21-09-2025,10:13:02,21-09-2025,10:13:04,21-09-2025,10:15:24,COMPLETED,0,1
79KWH,8,3,FULL,21-09-2025,10:13:14,21-09-2025,10:18:21,21-09-2025,10:20:57,COMPLETED,0,1
79KWH,8,1,FULL,21-09-2025,10:15:10,21-09-2025,10:15:10,21-09-2025,10:18:13,COMPLETED,0,1
79KWH,8,2,FULL,21-09-2025,10:15:36,21-09-2025,10:15:37,21-09-2025,10:18:01,COMPLETED,0,1
79KWH,8,2,FULL,21-09-2025,10:18:08,21-09-2025,10:18:12,21-09-2025,10:20:34,COMPLETED,0,1
79KWH,8,1,FULL,21-09-2025,10:18:19,21-09-2025,10:18:22,21-09-2025,10:21:29,COMPLETED,0,1
79KWH,8,2,FULL,21-09-2025,10:20:44,21-09-2025,10:20:45,21-09-2025,10:23:09,COMPLETED,0,1
79KWH,8,3,FULL,21-09-2025,10:21:05,21-09-2025,10:24:37,21-09-2025,10:28:25,COMPLETED,0,1
79KWH,8,1,FULL,21-09-2025,10:21:52,21-09-2025,10:23:36,21-09-2025,10:27:44,COMPLETED,0,1
79KWH,8,2,FULL,21-09-2025,10:23:15,21-09-2025,10:23:18,21-09-2025,10:25:41,COMPLETED,0,1
79KWH,8,2,FULL,21-09-2025,10:25:51,21-09-2025,10:25:51,21-09-2025,10:28:16,COMPLETED,0,1
79KWH,8,1,FULL,21-09-2025,10:27:50,21-09-2025,10:29:46,21-09-2025,10:33:52,COMPLETED,0,1
79KWH,8,2,FULL,21-09-2025,10:28:22,21-09-2025,10:28:25,21-09-2025,10:30:49,COMPLETED,0,1
79KWH,8,3,FULL,21-09-2025,10:28:32,21-09-2025,10:28:38,21-09-2025,10:31:30,COMPLETED,0,1
79KWH,8,2,FULL,21-09-2025,10:31:00,21-09-2025,10:31:01,21-09-2025,10:33:28,COMPLETED,0,1
79KWH,8,3,FULL,21-09-2025,10:31:38,21-09-2025,10:31:39,21-09-2025,10:35:35,COMPLETED,0,1
79KWH,8,2,FULL,21-09-2025,10:33:35,21-09-2025,10:33:36,21-09-2025,10:36:02,COMPLETED,0,1
79KWH,8,1,FULL,21-09-2025,10:34:17,21-09-2025,10:34:17,21-09-2025,10:37:25,COMPLETED,0,1
79KWH,8,3,FULL,21-09-2025,10:35:41,21-09-2025,10:39:09,21-09-2025,10:42:30,COMPLETED,0,1
79KWH,8,2,FULL,21-09-2025,10:36:11,21-09-2025,10:36:12,21-09-2025,10:38:40,COMPLETED,0,1
79KWH,8,1,FULL,21-09-2025,10:37:31,21-09-2025,10:37:34,21-09-2025,10:40:40,COMPLETED,0,1
79KWH,8,2,FULL,21-09-2025,10:38:46,21-09-2025,10:38:49,21-09-2025,10:41:16,COMPLETED,0,1
79KWH,8,1,FULL,21-09-2025,10:41:04,21-09-2025,10:41:05,21-09-2025,10:44:15,COMPLETED,0,1
79KWH,8,2,FULL,21-09-2025,10:41:25,21-09-2025,10:41:26,21-09-2025,10:43:56,COMPLETED,0,1
79KWH,8,3,FULL,21-09-2025,10:42:38,21-09-2025,10:42:40,21-09-2025,10:45:15,COMPLETED,0,1
79KWH,8,2,FULL,21-09-2025,10:44:04,21-09-2025,10:44:06,21-09-2025,10:46:35,COMPLETED,0,1
79KWH,8,1,FULL,21-09-2025,10:44:21,21-09-2025,10:44:25,21-09-2025,10:47:35,COMPLETED,0,1
79KWH,8,2,FULL,21-09-2025,10:46:45,21-09-2025,10:46:46,21-09-2025,10:49:17,COMPLETED,0,1
79KWH,8,1,FULL,21-09-2025,10:48:00,21-09-2025,10:48:02,21-09-2025,10:51:16,COMPLETED,0,1
79KWH,8,2,FULL,21-09-2025,10:49:23,21-09-2025,10:49:26,21-09-2025,10:51:55,COMPLETED,0,1
79KWH,8,1,FULL,21-09-2025,10:51:22,21-09-2025,10:51:24,21-09-2025,10:54:35,COMPLETED,0,1
79KWH,8,2,FULL,21-09-2025,10:52:05,21-09-2025,10:52:06,21-09-2025,10:54:39,COMPLETED,0,1
79KWH,8,2,FULL,21-09-2025,10:54:45,21-09-2025,10:54:48,21-09-2025,10:57:20,COMPLETED,0,1
79KWH,8,1,FULL,21-09-2025,10:54:59,21-09-2025,10:55:00,21-09-2025,10:58:19,COMPLETED,0,1
79KWH,8,2,FULL,21-09-2025,10:57:29,21-09-2025,10:57:31,21-09-2025,11:00:04,COMPLETED,0,1
79KWH,8,1,FULL,21-09-2025,10:58:26,21-09-2025,10:58:28,21-09-2025,11:01:43,COMPLETED,0,1
79KWH,8,2,FULL,21-09-2025,11:00:10,21-09-2025,11:00:13,21-09-2025,11:02:46,COMPLETED,0,1
79KWH,8,1,FULL,21-09-2025,11:02:06,21-09-2025,11:02:07,21-09-2025,11:05:24,COMPLETED,0,1
79KWH,8,2,FULL,21-09-2025,11:02:57,21-09-2025,11:02:57,21-09-2025,11:05:34,COMPLETED,0,1
79KWH,8,1,FULL,21-09-2025,11:05:31,21-09-2025,11:05:34,21-09-2025,11:08:50,COMPLETED,0,1
79KWH,8,2,FULL,21-09-2025,11:05:40,21-09-2025,11:05:44,21-09-2025,11:08:19,COMPLETED,0,1
79KWH,8,2,FULL,21-09-2025,11:08:29,21-09-2025,11:08:30,21-09-2025,11:11:07,COMPLETED,0,1
79KWH,8,1,FULL,21-09-2025,11:09:14,21-09-2025,11:09:14,21-09-2025,11:12:35,COMPLETED,0,1
79KWH,8,2,FULL,21-09-2025,11:11:14,21-09-2025,11:11:17,21-09-2025,11:13:53,COMPLETED,0,1
79KWH,8,1,FULL,21-09-2025,11:12:41,21-09-2025,11:12:44,21-09-2025,11:16:03,COMPLETED,0,1
79KWH,8,2,FULL,21-09-2025,11:14:03,21-09-2025,11:14:04,21-09-2025,11:16:43,COMPLETED,0,1
79KWH,8,1,FULL,21-09-2025,11:16:27,21-09-2025,11:16:27,21-09-2025,11:19:49,COMPLETED,0,1
79KWH,8,2,FULL,21-09-2025,11:16:50,21-09-2025,11:16:53,21-09-2025,11:19:30,COMPLETED,0,1
79KWH,8,2,FULL,21-09-2025,11:19:40,21-09-2025,11:19:40,21-09-2025,11:22:21,COMPLETED,0,1
79KWH,8,1,FULL,21-09-2025,11:19:56,21-09-2025,11:19:59,21-09-2025,11:23:20,COMPLETED,0,1
79KWH,8,2,FULL,21-09-2025,11:22:27,21-09-2025,11:22:29,21-09-2025,11:25:08,COMPLETED,0,1
79KWH,8,1,FULL,21-09-2025,11:23:44,21-09-2025,11:23:45,21-09-2025,11:27:10,COMPLETED,0,1
79KWH,8,2,FULL,21-09-2025,11:25:18,21-09-2025,11:25:19,21-09-2025,11:28:01,COMPLETED,0,1
79KWH,8,1,FULL,21-09-2025,11:27:16,21-09-2025,11:27:20,21-09-2025,11:30:44,COMPLETED,0,1
79KWH,8,2,FULL,21-09-2025,11:28:07,21-09-2025,11:28:10,21-09-2025,11:30:50,COMPLETED,0,1
79KWH,8,2,FULL,21-09-2025,11:30:59,21-09-2025,11:31:00,21-09-2025,11:33:43,COMPLETED,0,1
79KWH,8,1,FULL,21-09-2025,11:31:08,21-09-2025,11:31:08,21-09-2025,11:34:41,COMPLETED,0,1
79KWH,8,2,FULL,21-09-2025,11:33:49,21-09-2025,11:33:51,21-09-2025,11:36:32,COMPLETED,0,1
79KWH,8,1,FULL,21-09-2025,11:34:47,21-09-2025,11:34:50,21-09-2025,11:38:16,COMPLETED,0,1
79KWH,8,2,FULL,21-09-2025,11:36:43,21-09-2025,11:36:44,21-09-2025,11:39:28,COMPLETED,0,1
79KWH,8,1,FULL,21-09-2025,11:38:41,21-09-2025,11:38:42,21-09-2025,11:42:12,COMPLETED,0,1
79KWH,8,2,FULL,21-09-2025,11:39:33,21-09-2025,11:39:37,21-09-2025,11:42:19,COMPLETED,0,1
79KWH,8,1,FULL,21-09-2025,11:42:18,21-09-2025,11:42:21,21-09-2025,11:45:50,COMPLETED,0,1
79KWH,8,1,FULL,21-09-2025,11:46:14,21-09-2025,11:46:15,21-09-2025,11:49:49,COMPLETED,0,1
79KWH,8,1,FULL,21-09-2025,11:49:55,21-09-2025,11:49:56,21-09-2025,11:53:27,COMPLETED,0,1
79KWH,8,1,FULL,21-09-2025,11:53:52,21-09-2025,11:53:53,21-09-2025,11:57:28,COMPLETED,0,1
79KWH,8,1,FULL,21-09-2025,12:00:09,21-09-2025,12:00:10,21-09-2025,12:03:43,COMPLETED,0,1
79KWH,8,2,FULL,21-09-2025,12:15:14,21-09-2025,12:15:14,21-09-2025,12:17:59,COMPLETED,0,1
79KWH,8,1,FULL,21-09-2025,12:16:53,21-09-2025,12:16:54,21-09-2025,12:20:31,COMPLETED,0,1
79KWH,8,2,FULL,21-09-2025,12:18:06,21-09-2025,12:18:08,21-09-2025,12:21:37,COMPLETED,0,1
79KWH,8,1,FULL,21-09-2025,12:20:38,21-09-2025,12:20:40,21-09-2025,12:24:15,COMPLETED,0,1
79KWH,8,2,FULL,21-09-2025,12:21:46,21-09-2025,12:43:46,21-09-2025,12:46:32,COMPLETED,0,1
79KWH,8,1,FULL,21-09-2025,12:24:39,21-09-2025,12:24:41,21-09-2025,12:28:20,COMPLETED,0,1
79KWH,8,1,FULL,21-09-2025,12:28:27,21-09-2025,12:28:29,21-09-2025,12:32:07,COMPLETED,0,1
79KWH,8,1,FULL,21-09-2025,12:32:36,21-09-2025,12:32:38,21-09-2025,12:36:20,COMPLETED,0,1
79KWH,8,1,FULL,21-09-2025,12:36:27,21-09-2025,12:36:29,21-09-2025,12:40:10,COMPLETED,0,1
79KWH,8,1,FULL,21-09-2025,12:40:33,21-09-2025,12:40:34,21-09-2025,12:44:18,COMPLETED,0,1
79KWH,8,1,FULL,21-09-2025,12:44:25,21-09-2025,12:44:27,21-09-2025,12:49:45,COMPLETED,0,1
79KWH,8,2,FULL,21-09-2025,12:46:38,21-09-2025,12:46:41,21-09-2025,12:49:45,COMPLETED,0,1
79KWH,8,1,FULL,21-09-2025,12:51:05,21-09-2025,12:51:06,21-09-2025,12:54:58,COMPLETED,0,1
79KWH,8,1,FULL,21-09-2025,12:55:04,21-09-2025,12:55:07,21-09-2025,12:58:53,COMPLETED,0,1
79KWH,8,1,FULL,21-09-2025,12:59:18,21-09-2025,12:59:19,21-09-2025,13:03:09,COMPLETED,0,1
79KWH,8,1,FULL,21-09-2025,13:03:15,21-09-2025,13:03:17,21-09-2025,13:07:05,COMPLETED,0,1
79KWH,8,1,FULL,21-09-2025,13:07:27,21-09-2025,13:07:27,21-09-2025,13:14:36,COMPLETED,0,1
79KWH,8,1,FULL,21-09-2025,17:18:11,21-09-2025,17:18:11,21-09-2025,17:22:06,COMPLETED,0,1
79KWH,8,2,FULL,21-09-2025,17:18:13,21-09-2025,17:18:14,21-09-2025,17:21:01,COMPLETED,0,1
79KWH,8,2,FULL,21-09-2025,17:21:07,21-09-2025,17:21:11,21-09-2025,17:23:57,COMPLETED,0,1
79KWH,8,1,FULL,21-09-2025,17:22:31,21-09-2025,17:22:31,21-09-2025,17:26:25,COMPLETED,0,1
79KWH,8,2,FULL,21-09-2025,17:24:07,21-09-2025,17:24:10,21-09-2025,17:26:57,COMPLETED,0,1
79KWH,8,1,FULL,21-09-2025,17:26:31,21-09-2025,17:26:36,21-09-2025,17:30:30,COMPLETED,0,1
79KWH,8,2,FULL,21-09-2025,17:27:04,21-09-2025,17:27:07,21-09-2025,17:29:53,COMPLETED,0,1
79KWH,8,3,FULL,21-09-2025,17:28:14,21-09-2025,17:29:26,21-09-2025,17:32:46,COMPLETED,0,1
79KWH,8,2,FULL,21-09-2025,17:30:02,21-09-2025,17:30:03,21-09-2025,17:32:52,COMPLETED,0,1
79KWH,8,1,FULL,21-09-2025,17:30:59,21-09-2025,17:32:55,21-09-2025,17:37:30,COMPLETED,0,1
79KWH,8,3,FULL,21-09-2025,17:32:54,21-09-2025,17:32:56,21-09-2025,17:35:24,COMPLETED,0,1
79KWH,8,2,FULL,21-09-2025,17:32:59,21-09-2025,17:33:00,21-09-2025,17:35:48,COMPLETED,0,1
79KWH,8,3,FULL,21-09-2025,17:35:30,21-09-2025,17:38:52,21-09-2025,17:42:16,COMPLETED,0,1
79KWH,8,2,FULL,21-09-2025,17:35:58,21-09-2025,17:35:59,21-09-2025,17:38:51,COMPLETED,0,1
79KWH,8,1,FULL,21-09-2025,17:37:36,21-09-2025,17:37:38,21-09-2025,17:41:36,COMPLETED,0,1
79KWH,8,1,FULL,21-09-2025,17:41:58,21-09-2025,17:43:56,21-09-2025,17:48:31,COMPLETED,0,1
79KWH,8,3,FULL,21-09-2025,17:42:24,21-09-2025,17:42:25,21-09-2025,17:44:53,COMPLETED,0,1
79KWH,8,3,FULL,21-09-2025,17:44:59,21-09-2025,17:45:05,21-09-2025,17:47:30,COMPLETED,0,1
79KWH,8,3,FULL,21-09-2025,17:47:38,21-09-2025,17:47:40,21-09-2025,17:50:09,COMPLETED,0,1
79KWH,8,1,FULL,21-09-2025,17:48:38,21-09-2025,18:23:53,21-09-2025,18:28:59,COMPLETED,0,1
79KWH,8,3,FULL,21-09-2025,17:50:15,21-09-2025,17:50:20,21-09-2025,17:52:48,COMPLETED,0,1
79KWH,8,3,FULL,21-09-2025,17:52:56,21-09-2025,17:56:14,21-09-2025,17:59:42,COMPLETED,0,1
79KWH,8,2,FULL,21-09-2025,18:01:51,21-09-2025,18:01:52,21-09-2025,18:04:41,COMPLETED,0,1
79KWH,8,3,FULL,21-09-2025,18:04:06,21-09-2025,18:04:06,21-09-2025,18:06:36,COMPLETED,0,1
79KWH,8,2,FULL,21-09-2025,18:04:52,21-09-2025,18:04:52,21-09-2025,18:07:45,COMPLETED,0,1
79KWH,8,3,FULL,21-09-2025,18:06:44,21-09-2025,18:06:47,21-09-2025,18:09:20,COMPLETED,0,1
79KWH,8,2,FULL,21-09-2025,18:07:51,21-09-2025,18:07:55,21-09-2025,18:10:46,COMPLETED,0,1
79KWH,8,3,FULL,21-09-2025,18:09:25,21-09-2025,18:09:32,21-09-2025,18:11:58,COMPLETED,0,1
79KWH,8,2,FULL,21-09-2025,18:10:55,21-09-2025,18:10:56,21-09-2025,18:13:50,COMPLETED,0,1
79KWH,8,3,FULL,21-09-2025,18:12:06,21-09-2025,18:12:06,21-09-2025,18:14:41,COMPLETED,0,1
79KWH,8,2,FULL,21-09-2025,18:13:57,21-09-2025,18:13:59,21-09-2025,18:16:52,COMPLETED,0,1
79KWH,8,3,FULL,21-09-2025,18:14:47,21-09-2025,18:14:50,21-09-2025,18:17:26,COMPLETED,0,1
79KWH,8,2,FULL,21-09-2025,18:17:02,21-09-2025,18:17:02,21-09-2025,18:19:55,COMPLETED,0,1
79KWH,8,3,FULL,21-09-2025,18:17:35,21-09-2025,18:17:35,21-09-2025,18:20:14,COMPLETED,0,1
79KWH,8,2,FULL,21-09-2025,18:20:01,21-09-2025,18:20:05,21-09-2025,18:22:59,COMPLETED,0,1
79KWH,8,3,FULL,21-09-2025,18:20:20,21-09-2025,18:20:26,21-09-2025,18:23:04,COMPLETED,0,1
79KWH,8,2,FULL,21-09-2025,18:23:09,21-09-2025,18:23:10,21-09-2025,18:26:07,COMPLETED,0,1
79KWH,8,3,FULL,21-09-2025,18:23:11,21-09-2025,18:23:13,21-09-2025,18:25:54,COMPLETED,0,1
79KWH,8,3,FULL,21-09-2025,18:26:01,21-09-2025,18:26:06,21-09-2025,18:46:15,COMPLETED,0,1
79KWH,8,2,FULL,21-09-2025,18:26:14,21-09-2025,18:26:16,21-09-2025,18:29:11,COMPLETED,0,1
79KWH,8,2,FULL,21-09-2025,18:29:21,21-09-2025,18:29:21,21-09-2025,18:32:20,COMPLETED,0,1
79KWH,8,1,FULL,21-09-2025,18:29:23,21-09-2025,18:31:16,21-09-2025,18:35:54,COMPLETED,0,1
79KWH,8,1,FULL,21-09-2025,18:35:59,21-09-2025,18:36:02,21-09-2025,18:40:05,COMPLETED,0,1
79KWH,8,1,FULL,21-09-2025,18:40:30,21-09-2025,18:42:27,21-09-2025,18:47:05,COMPLETED,0,1
79KWH,8,2,FULL,21-09-2025,18:42:26,21-09-2025,18:42:27,21-09-2025,18:45:24,COMPLETED,0,1
79KWH,8,2,FULL,21-09-2025,18:45:34,21-09-2025,18:45:35,21-09-2025,18:48:35,COMPLETED,0,1
79KWH,8,3,FULL,21-09-2025,18:46:22,21-09-2025,18:46:24,21-09-2025,18:49:08,COMPLETED,0,1
79KWH,8,1,FULL,21-09-2025,18:47:11,21-09-2025,18:47:14,21-09-2025,18:51:19,COMPLETED,0,1
79KWH,8,2,FULL,21-09-2025,18:48:41,21-09-2025,18:48:45,21-09-2025,18:51:43,COMPLETED,0,1
79KWH,8,3,FULL,21-09-2025,18:49:14,21-09-2025,18:49:20,21-09-2025,18:52:01,COMPLETED,0,1
79KWH,8,1,FULL,21-09-2025,18:51:42,21-09-2025,18:53:35,21-09-2025,18:58:15,COMPLETED,0,1
79KWH,8,2,FULL,21-09-2025,18:51:53,21-09-2025,18:51:54,21-09-2025,18:54:55,COMPLETED,0,1
79KWH,8,3,FULL,21-09-2025,18:52:09,21-09-2025,18:52:09,21-09-2025,18:54:54,COMPLETED,0,1
79KWH,8,3,FULL,21-09-2025,18:55:00,21-09-2025,18:55:06,21-09-2025,18:57:50,COMPLETED,0,1
79KWH,8,2,FULL,21-09-2025,18:55:01,21-09-2025,18:55:04,21-09-2025,18:58:04,COMPLETED,0,1
79KWH,8,3,FULL,21-09-2025,18:57:57,21-09-2025,18:58:00,21-09-2025,19:00:47,COMPLETED,0,1
79KWH,8,2,FULL,21-09-2025,18:58:15,21-09-2025,18:58:15,21-09-2025,19:01:18,COMPLETED,0,1
79KWH,8,1,FULL,21-09-2025,18:58:20,21-09-2025,19:00:39,21-09-2025,19:05:16,COMPLETED,0,1
79KWH,8,3,FULL,21-09-2025,19:00:52,21-09-2025,19:01:00,21-09-2025,19:03:45,COMPLETED,0,1
79KWH,8,2,FULL,21-09-2025,19:01:24,21-09-2025,19:01:27,21-09-2025,19:04:28,COMPLETED,0,1
79KWH,8,3,FULL,21-09-2025,19:03:52,21-09-2025,19:03:55,21-09-2025,19:06:44,COMPLETED,0,1
79KWH,8,2,FULL,21-09-2025,19:04:38,21-09-2025,19:04:38,21-09-2025,19:07:42,COMPLETED,0,1
79KWH,8,1,FULL,21-09-2025,19:05:41,21-09-2025,19:07:30,21-09-2025,19:12:11,COMPLETED,0,1
79KWH,8,3,FULL,21-09-2025,19:06:50,21-09-2025,19:06:56,21-09-2025,19:09:44,COMPLETED,0,1
79KWH,8,2,FULL,21-09-2025,19:07:47,21-09-2025,19:07:51,21-09-2025,19:10:53,COMPLETED,0,1
79KWH,8,3,FULL,21-09-2025,19:09:51,21-09-2025,19:09:52,21-09-2025,19:12:44,COMPLETED,0,1
79KWH,8,2,FULL,21-09-2025,19:11:03,21-09-2025,19:11:03,21-09-2025,19:14:09,COMPLETED,0,1
79KWH,8,1,FULL,21-09-2025,19:12:17,21-09-2025,19:12:19,21-09-2025,19:16:29,COMPLETED,0,1
79KWH,8,3,FULL,21-09-2025,19:12:50,21-09-2025,19:12:57,21-09-2025,19:15:46,COMPLETED,0,1
79KWH,8,2,FULL,21-09-2025,19:14:14,21-09-2025,19:14:17,21-09-2025,19:17:21,COMPLETED,0,1
79KWH,8,3,FULL,21-09-2025,19:15:54,21-09-2025,19:15:57,21-09-2025,19:18:50,COMPLETED,0,1
79KWH,8,1,FULL,21-09-2025,19:16:54,21-09-2025,19:35:21,21-09-2025,19:40:09,COMPLETED,0,1
79KWH,8,2,FULL,21-09-2025,19:17:31,21-09-2025,19:17:31,21-09-2025,19:20:37,COMPLETED,0,1
79KWH,8,3,FULL,21-09-2025,19:18:56,21-09-2025,19:19:02,21-09-2025,19:21:54,COMPLETED,0,1
79KWH,8,2,FULL,21-09-2025,19:20:43,21-09-2025,19:20:46,21-09-2025,19:23:51,COMPLETED,0,1
79KWH,8,3,FULL,21-09-2025,19:22:02,21-09-2025,19:22:03,21-09-2025,19:24:57,COMPLETED,0,1
79KWH,8,2,FULL,21-09-2025,19:24:00,21-09-2025,19:24:00,21-09-2025,19:27:08,COMPLETED,0,1
79KWH,8,3,FULL,21-09-2025,19:25:04,21-09-2025,19:25:09,21-09-2025,19:27:57,COMPLETED,0,1
79KWH,8,2,FULL,21-09-2025,19:27:14,21-09-2025,19:27:17,21-09-2025,19:30:24,COMPLETED,0,1
79KWH,8,3,FULL,21-09-2025,19:28:05,21-09-2025,19:28:05,21-09-2025,19:31:00,COMPLETED,0,1
79KWH,8,2,FULL,21-09-2025,19:30:33,21-09-2025,19:30:34,21-09-2025,19:33:43,COMPLETED,0,1
79KWH,8,3,FULL,21-09-2025,19:31:07,21-09-2025,19:31:13,21-09-2025,19:34:09,COMPLETED,0,1
79KWH,8,2,FULL,21-09-2025,19:33:49,21-09-2025,19:33:52,21-09-2025,19:37:01,COMPLETED,0,1
79KWH,8,3,FULL,21-09-2025,19:34:17,21-09-2025,19:34:19,21-09-2025,19:37:17,COMPLETED,0,1
79KWH,8,2,FULL,21-09-2025,19:37:11,21-09-2025,19:37:12,21-09-2025,19:40:22,COMPLETED,0,1
79KWH,8,3,FULL,21-09-2025,19:37:23,21-09-2025,19:37:30,21-09-2025,19:40:25,COMPLETED,0,1
79KWH,8,1,FULL,21-09-2025,19:40:16,22-09-2025,06:48:17,22-09-2025,06:52:57,COMPLETED,0,1
79KWH,8,2,FULL,21-09-2025,19:40:29,21-09-2025,19:40:32,21-09-2025,19:43:41,COMPLETED,0,1
79KWH,8,3,FULL,21-09-2025,19:40:33,21-09-2025,19:40:34,21-09-2025,19:43:34,COMPLETED,0,1
79KWH,8,3,FULL,21-09-2025,19:43:41,21-09-2025,19:43:46,21-09-2025,19:46:39,COMPLETED,0,1
79KWH,8,3,FULL,21-09-2025,19:46:47,21-09-2025,19:46:48,21-09-2025,19:49:50,COMPLETED,0,1
79KWH,8,3,FULL,21-09-2025,20:02:20,21-09-2025,20:02:22,21-09-2025,20:05:18,COMPLETED,0,1
79KWH,8,3,FULL,21-09-2025,20:05:26,21-09-2025,20:05:26,21-09-2025,20:08:31,COMPLETED,0,1
79KWH,8,3,FULL,21-09-2025,20:08:37,21-09-2025,20:08:43,21-09-2025,20:11:41,COMPLETED,0,1
79KWH,8,3,FULL,21-09-2025,20:11:49,21-09-2025,20:11:50,21-09-2025,20:15:02,COMPLETED,0,1
79KWH,8,3,FULL,21-09-2025,20:15:08,21-09-2025,20:15:14,21-09-2025,20:18:15,COMPLETED,0,1
79KWH,8,3,FULL,21-09-2025,20:18:23,21-09-2025,20:18:24,21-09-2025,20:21:33,COMPLETED,0,1
79KWH,8,3,FULL,21-09-2025,20:21:40,21-09-2025,20:21:45,21-09-2025,20:24:49,COMPLETED,0,1
79KWH,8,3,FULL,21-09-2025,20:24:57,21-09-2025,20:24:57,21-09-2025,20:28:13,COMPLETED,0,1
79KWH,8,3,FULL,21-09-2025,20:28:18,21-09-2025,20:28:25,21-09-2025,20:33:47,COMPLETED,0,1
79KWH,8,3,FULL,21-09-2025,20:33:55,21-09-2025,20:33:55,21-09-2025,20:37:08,COMPLETED,0,1
79KWH,8,3,FULL,21-09-2025,20:37:15,21-09-2025,20:37:20,21-09-2025,20:40:25,COMPLETED,0,1
79KWH,8,3,FULL,21-09-2025,20:40:34,21-09-2025,20:40:34,21-09-2025,20:43:49,COMPLETED,0,1
79KWH,8,3,FULL,21-09-2025,20:43:55,21-09-2025,20:44:01,21-09-2025,20:47:37,COMPLETED,0,1
79KWH,8,3,FULL,21-09-2025,20:47:45,21-09-2025,20:47:46,21-09-2025,20:51:01,COMPLETED,0,1
79KWH,8,3,FULL,21-09-2025,20:51:07,21-09-2025,20:51:13,21-09-2025,20:54:22,COMPLETED,0,1
79KWH,8,3,FULL,21-09-2025,20:54:31,21-09-2025,20:54:32,21-09-2025,20:57:50,COMPLETED,0,1
79KWH,8,3,FULL,21-09-2025,20:57:56,21-09-2025,20:57:59,21-09-2025,21:01:12,COMPLETED,0,1
79KWH,8,3,FULL,21-09-2025,21:01:20,21-09-2025,21:01:21,21-09-2025,21:04:42,COMPLETED,0,1
79KWH,8,3,FULL,21-09-2025,21:04:47,21-09-2025,21:04:54,21-09-2025,21:08:13,COMPLETED,0,1
79KWH,8,3,FULL,21-09-2025,21:08:21,21-09-2025,21:08:22,21-09-2025,21:11:44,COMPLETED,0,1
79KWH,8,3,FULL,21-09-2025,21:11:50,21-09-2025,21:11:57,21-09-2025,21:15:18,COMPLETED,0,1
79KWH,8,3,FULL,21-09-2025,21:15:27,21-09-2025,21:15:29,21-09-2025,21:18:52,COMPLETED,0,1
79KWH,8,3,FULL,21-09-2025,21:18:58,21-09-2025,21:19:01,21-09-2025,21:22:22,COMPLETED,0,1
79KWH,8,3,FULL,21-09-2025,21:22:31,21-09-2025,21:22:31,21-09-2025,21:25:57,COMPLETED,0,1
79KWH,8,3,FULL,21-09-2025,21:26:03,21-09-2025,21:26:10,21-09-2025,21:29:30,COMPLETED,0,1
79KWH,8,3,FULL,21-09-2025,21:29:37,21-09-2025,21:29:38,21-09-2025,21:33:06,COMPLETED,0,1
79KWH,8,3,FULL,21-09-2025,21:33:12,21-09-2025,21:33:19,21-09-2025,21:36:41,COMPLETED,0,1
79KWH,8,3,FULL,21-09-2025,21:36:49,21-09-2025,21:36:50,21-09-2025,21:40:19,COMPLETED,0,1
79KWH,8,3,FULL,21-09-2025,21:40:26,21-09-2025,21:40:29,21-09-2025,21:59:24,COMPLETED,0,1
79KWH,8,3,FULL,21-09-2025,21:59:32,21-09-2025,21:59:32,21-09-2025,22:03:04,COMPLETED,0,1
79KWH,8,3,FULL,21-09-2025,22:03:10,21-09-2025,22:03:17,21-09-2025,22:06:42,COMPLETED,0,1
79KWH,8,3,FULL,21-09-2025,22:06:50,21-09-2025,22:06:51,21-09-2025,22:10:25,COMPLETED,0,1
79KWH,8,3,FULL,21-09-2025,22:10:31,21-09-2025,22:10:38,21-09-2025,22:15:20,COMPLETED,0,1
79KWH,8,3,FULL,21-09-2025,22:15:28,21-09-2025,22:15:29,21-09-2025,22:19:04,COMPLETED,0,1
79KWH,8,3,FULL,21-09-2025,22:19:10,21-09-2025,22:19:17,21-09-2025,22:38:50,COMPLETED,0,1
79KWH,8,3,FULL,21-09-2025,22:38:58,21-09-2025,22:38:59,21-09-2025,22:42:43,COMPLETED,0,1
79KWH,8,3,FULL,21-09-2025,22:42:51,21-09-2025,22:42:55,21-09-2025,22:46:26,COMPLETED,0,1
79KWH,8,3,FULL,21-09-2025,22:46:34,21-09-2025,22:46:35,21-09-2025,22:50:14,COMPLETED,0,1
79KWH,8,3,FULL,21-09-2025,22:50:20,21-09-2025,22:50:26,21-09-2025,22:53:59,COMPLETED,0,1
79KWH,8,3,FULL,21-09-2025,22:54:07,21-09-2025,22:54:09,21-09-2025,22:57:51,COMPLETED,0,1
79KWH,8,3,FULL,21-09-2025,22:57:57,21-09-2025,22:58:03,21-09-2025,23:03:51,COMPLETED,0,1
79KWH,8,3,FULL,21-09-2025,23:03:59,21-09-2025,23:04:00,21-09-2025,23:07:45,COMPLETED,0,1
79KWH,8,3,FULL,21-09-2025,23:07:52,21-09-2025,23:07:55,21-09-2025,23:11:31,COMPLETED,0,1
79KWH,8,3,FULL,21-09-2025,23:11:39,21-09-2025,23:11:40,21-09-2025,23:15:26,COMPLETED,0,1
79KWH,8,3,FULL,21-09-2025,23:15:32,21-09-2025,23:15:37,21-09-2025,23:19:50,COMPLETED,0,1
79KWH,8,3,FULL,21-09-2025,23:19:57,21-09-2025,23:19:58,21-09-2025,23:23:50,COMPLETED,0,1
79KWH,8,3,FULL,22-09-2025,06:46:03,22-09-2025,06:46:04,22-09-2025,06:50:11,COMPLETED,0,1
79KWH,8,3,FULL,22-09-2025,06:50:17,22-09-2025,06:50:23,22-09-2025,06:54:06,COMPLETED,0,1
79KWH,8,1,FULL,22-09-2025,06:53:19,22-09-2025,06:53:20,22-09-2025,06:57:35,COMPLETED,0,1
79KWH,8,3,FULL,22-09-2025,06:54:13,22-09-2025,06:54:14,22-09-2025,06:58:05,COMPLETED,0,1
79KWH,8,1,FULL,22-09-2025,06:57:42,22-09-2025,06:57:44,22-09-2025,07:01:59,COMPLETED,0,1
79KWH,8,3,FULL,22-09-2025,06:58:10,22-09-2025,06:58:17,22-09-2025,07:02:01,COMPLETED,0,1
79KWH,8,3,FULL,22-09-2025,07:02:09,22-09-2025,07:02:09,22-09-2025,07:06:02,COMPLETED,0,1
79KWH,8,1,FULL,22-09-2025,07:02:22,22-09-2025,07:03:33,22-09-2025,07:08:17,COMPLETED,0,1
79KWH,8,3,FULL,22-09-2025,07:06:09,22-09-2025,07:06:15,22-09-2025,07:15:50,COMPLETED,0,1
79KWH,8,1,FULL,22-09-2025,07:08:23,22-09-2025,07:08:25,22-09-2025,07:12:42,COMPLETED,0,1
79KWH,8,1,FULL,22-09-2025,07:13:06,22-09-2025,07:14:18,22-09-2025,07:19:04,COMPLETED,0,1
79KWH,8,3,FULL,22-09-2025,07:15:58,22-09-2025,07:15:58,22-09-2025,07:20:16,COMPLETED,0,1
79KWH,8,1,FULL,22-09-2025,07:19:09,22-09-2025,07:19:13,22-09-2025,07:23:39,COMPLETED,0,1
79KWH,8,3,FULL,22-09-2025,07:20:22,22-09-2025,07:20:28,22-09-2025,07:24:31,COMPLETED,0,1
79KWH,8,1,FULL,22-09-2025,07:24:04,22-09-2025,07:25:10,22-09-2025,07:30:04,COMPLETED,0,1
79KWH,8,3,FULL,22-09-2025,07:24:39,22-09-2025,07:24:42,22-09-2025,07:28:38,COMPLETED,0,1
79KWH,8,3,FULL,22-09-2025,07:28:45,22-09-2025,07:28:50,22-09-2025,07:35:03,COMPLETED,0,1
79KWH,8,1,FULL,22-09-2025,07:30:09,22-09-2025,07:30:16,22-09-2025,07:34:38,COMPLETED,0,1
79KWH,8,1,FULL,22-09-2025,07:35:02,22-09-2025,07:39:07,22-09-2025,07:44:02,COMPLETED,0,1
79KWH,8,3,FULL,22-09-2025,07:35:11,22-09-2025,07:35:11,22-09-2025,07:39:12,COMPLETED,0,1
79KWH,8,3,FULL,22-09-2025,07:39:17,22-09-2025,07:39:24,22-09-2025,07:43:16,COMPLETED,0,1
79KWH,8,3,FULL,22-09-2025,07:43:25,22-09-2025,07:43:26,22-09-2025,07:47:26,COMPLETED,0,1
79KWH,8,1,FULL,22-09-2025,07:44:09,22-09-2025,07:44:15,22-09-2025,07:48:46,COMPLETED,0,1
79KWH,8,3,FULL,22-09-2025,07:47:32,22-09-2025,07:47:39,22-09-2025,07:56:26,COMPLETED,0,1
79KWH,8,1,FULL,22-09-2025,07:49:08,22-09-2025,07:49:09,22-09-2025,07:53:45,COMPLETED,0,1
79KWH,8,1,FULL,22-09-2025,07:53:51,22-09-2025,07:53:58,22-09-2025,07:58:25,COMPLETED,0,1
79KWH,8,3,FULL,22-09-2025,07:56:35,22-09-2025,07:56:36,22-09-2025,08:00:43,COMPLETED,0,1
79KWH,8,1,FULL,22-09-2025,07:58:51,22-09-2025,07:59:58,22-09-2025,08:04:57,COMPLETED,0,1
79KWH,8,3,FULL,22-09-2025,08:00:49,22-09-2025,08:00:53,22-09-2025,08:04:50,COMPLETED,0,1
79KWH,8,3,FULL,22-09-2025,08:04:58,22-09-2025,08:05:00,22-09-2025,08:09:05,COMPLETED,0,1
79KWH,8,3,FULL,22-09-2025,08:09:11,22-09-2025,08:09:16,22-09-2025,08:13:35,COMPLETED,0,1
79KWH,8,3,FULL,22-09-2025,08:13:43,22-09-2025,08:13:43,22-09-2025,08:17:50,COMPLETED,0,1
79KWH,8,1,FULL,22-09-2025,08:14:07,22-09-2025,08:14:07,22-09-2025,08:19:04,COMPLETED,0,1
79KWH,8,3,FULL,22-09-2025,08:17:57,22-09-2025,08:18:02,22-09-2025,08:22:03,COMPLETED,0,1
79KWH,8,1,FULL,22-09-2025,08:19:27,22-09-2025,08:19:27,22-09-2025,08:24:05,COMPLETED,0,1
79KWH,8,3,FULL,22-09-2025,08:22:13,22-09-2025,08:22:15,22-09-2025,08:26:24,COMPLETED,0,1
79KWH,8,1,FULL,22-09-2025,08:24:12,22-09-2025,08:24:15,22-09-2025,08:28:47,COMPLETED,0,1
79KWH,8,3,FULL,22-09-2025,08:26:31,22-09-2025,08:26:36,22-09-2025,08:31:02,COMPLETED,0,1
79KWH,8,1,FULL,22-09-2025,08:29:18,22-09-2025,08:29:19,22-09-2025,08:33:54,COMPLETED,0,1
79KWH,8,3,FULL,22-09-2025,08:31:10,22-09-2025,08:31:13,22-09-2025,08:35:22,COMPLETED,0,1
79KWH,8,1,FULL,22-09-2025,08:34:01,22-09-2025,08:34:04,22-09-2025,08:38:38,COMPLETED,0,1
79KWH,8,3,FULL,22-09-2025,08:35:28,22-09-2025,08:35:34,22-09-2025,08:39:38,COMPLETED,0,1
79KWH,8,1,FULL,22-09-2025,08:39:04,22-09-2025,08:39:05,22-09-2025,08:43:43,COMPLETED,0,1
79KWH,8,3,FULL,22-09-2025,08:39:46,22-09-2025,08:39:46,22-09-2025,08:43:59,COMPLETED,0,1
79KWH,8,1,FULL,22-09-2025,08:43:50,22-09-2025,08:43:53,22-09-2025,08:48:30,COMPLETED,0,1
79KWH,8,3,FULL,22-09-2025,08:44:05,22-09-2025,08:44:12,22-09-2025,08:48:50,COMPLETED,0,1
79KWH,8,1,FULL,22-09-2025,08:48:54,22-09-2025,08:48:55,22-09-2025,08:53:36,COMPLETED,0,1
79KWH,8,3,FULL,22-09-2025,08:48:59,22-09-2025,08:49:00,22-09-2025,08:53:14,COMPLETED,0,1
79KWH,8,3,FULL,22-09-2025,08:53:20,22-09-2025,08:53:27,22-09-2025,08:57:39,COMPLETED,0,1
79KWH,8,1,FULL,22-09-2025,08:53:41,22-09-2025,08:53:45,22-09-2025,08:58:25,COMPLETED,0,1
79KWH,8,3,FULL,22-09-2025,08:57:48,22-09-2025,08:57:50,22-09-2025,09:02:08,COMPLETED,0,1
79KWH,8,1,FULL,22-09-2025,08:58:49,22-09-2025,08:58:50,22-09-2025,09:03:33,COMPLETED,0,1
79KWH,8,3,FULL,22-09-2025,09:02:16,22-09-2025,09:02:21,22-09-2025,09:06:33,COMPLETED,0,1
79KWH,8,1,FULL,22-09-2025,09:03:40,22-09-2025,09:03:44,22-09-2025,09:08:26,COMPLETED,0,1
79KWH,8,3,FULL,22-09-2025,09:06:41,22-09-2025,09:06:42,22-09-2025,09:11:01,COMPLETED,0,1
79KWH,8,1,FULL,22-09-2025,09:08:49,22-09-2025,09:09:54,22-09-2025,09:14:53,COMPLETED,0,1
79KWH,8,3,FULL,22-09-2025,09:11:08,22-09-2025,09:11:13,22-09-2025,09:15:30,COMPLETED,0,1
79KWH,8,1,FULL,22-09-2025,09:14:59,22-09-2025,09:20:59,22-09-2025,09:25:55,COMPLETED,0,1
79KWH,8,3,FULL,22-09-2025,09:15:39,22-09-2025,09:17:12,22-09-2025,09:19:31,COMPLETED,0,1
79KWH,8,1,FULL,22-09-2025,09:26:18,22-09-2025,09:26:18,22-09-2025,09:31:06,COMPLETED,0,1
79KWH,8,1,FULL,22-09-2025,09:31:11,22-09-2025,09:31:15,22-09-2025,09:36:01,COMPLETED,0,1
79KWH,8,1,FULL,22-09-2025,09:36:23,22-09-2025,09:47:05,22-09-2025,09:52:05,COMPLETED,0,1
79KWH,8,1,FULL,22-09-2025,09:52:11,22-09-2025,09:52:15,22-09-2025,09:57:03,COMPLETED,0,1
79KWH,8,1,FULL,22-09-2025,09:57:26,22-09-2025,09:57:26,22-09-2025,10:02:18,COMPLETED,0,1
79KWH,8,1,FULL,22-09-2025,10:02:26,22-09-2025,10:02:28,22-09-2025,10:07:21,COMPLETED,0,1
79KWH,8,1,FULL,22-09-2025,10:07:43,22-09-2025,10:07:45,22-09-2025,10:12:42,COMPLETED,0,1
79KWH,8,1,FULL,22-09-2025,10:12:48,22-09-2025,10:12:51,22-09-2025,10:17:50,COMPLETED,0,1
79KWH,8,1,FULL,22-09-2025,10:18:13,22-09-2025,10:18:13,22-09-2025,10:23:15,COMPLETED,0,1
79KWH,8,1,FULL,22-09-2025,10:23:21,22-09-2025,10:23:24,22-09-2025,10:28:20,COMPLETED,0,1
79KWH,8,1,FULL,22-09-2025,10:28:43,22-09-2025,10:28:43,22-09-2025,10:33:47,COMPLETED,0,1
79KWH,8,1,FULL,22-09-2025,10:33:53,22-09-2025,10:33:57,22-09-2025,10:38:55,COMPLETED,0,1
79KWH,8,1,FULL,22-09-2025,10:39:18,22-09-2025,10:39:19,22-09-2025,10:44:22,COMPLETED,0,1
79KWH,8,1,FULL,22-09-2025,10:44:29,22-09-2025,10:44:30,22-09-2025,10:49:32,COMPLETED,0,1
79KWH,8,1,FULL,22-09-2025,10:49:56,22-09-2025,10:49:57,22-09-2025,10:55:07,COMPLETED,0,1
79KWH,8,1,FULL,22-09-2025,10:55:12,22-09-2025,10:55:15,22-09-2025,11:00:18,COMPLETED,0,1
79KWH,8,1,FULL,22-09-2025,11:00:41,22-09-2025,11:00:41,22-09-2025,11:04:00,COMPLETED,0,1
79KWH,8,1,FULL,22-09-2025,11:04:06,22-09-2025,11:04:08,22-09-2025,11:05:30,COMPLETED,0,1
79KWH,8,1,FULL,22-09-2025,11:05:58,22-09-2025,11:06:00,22-09-2025,11:07:25,COMPLETED,0,1
79KWH,8,1,FULL,22-09-2025,11:07:31,22-09-2025,11:07:35,22-09-2025,11:08:58,COMPLETED,0,1
79KWH,8,1,FULL,22-09-2025,11:09:20,22-09-2025,11:09:20,22-09-2025,11:10:46,COMPLETED,0,1
79KWH,8,1,FULL,22-09-2025,11:10:53,22-09-2025,11:10:55,22-09-2025,11:12:17,COMPLETED,0,1
79KWH,8,1,FULL,22-09-2025,11:12:46,22-09-2025,11:12:46,22-09-2025,11:14:12,COMPLETED,0,1
79KWH,8,1,FULL,22-09-2025,11:14:18,22-09-2025,11:14:26,22-09-2025,11:15:56,COMPLETED,0,1
79KWH,8,1,FULL,22-09-2025,11:16:21,22-09-2025,11:16:22,22-09-2025,11:17:48,COMPLETED,0,1
79KWH,8,1,FULL,22-09-2025,11:17:55,22-09-2025,11:17:57,22-09-2025,11:19:20,COMPLETED,0,1
79KWH,8,1,FULL,22-09-2025,11:19:43,22-09-2025,11:19:43,22-09-2025,11:21:14,COMPLETED,0,1
79KWH,8,1,FULL,22-09-2025,11:21:21,22-09-2025,11:21:24,22-09-2025,11:22:47,COMPLETED,0,1
79KWH,8,3,FULL,22-09-2025,11:21:48,22-09-2025,11:21:50,22-09-2025,11:24:01,COMPLETED,0,1
79KWH,8,1,FULL,22-09-2025,11:23:13,22-09-2025,11:23:13,22-09-2025,11:24:39,COMPLETED,0,1
79KWH,8,3,FULL,22-09-2025,11:24:09,22-09-2025,11:24:10,22-09-2025,11:25:31,COMPLETED,0,1
79KWH,8,1,FULL,22-09-2025,11:24:45,22-09-2025,11:24:49,22-09-2025,11:26:12,COMPLETED,0,1
79KWH,8,3,FULL,22-09-2025,11:25:37,22-09-2025,11:25:40,22-09-2025,11:26:55,COMPLETED,0,1
79KWH,8,1,FULL,22-09-2025,11:26:38,22-09-2025,11:26:38,22-09-2025,11:28:04,COMPLETED,0,1
79KWH,8,3,FULL,22-09-2025,11:27:04,22-09-2025,11:27:05,22-09-2025,11:28:24,COMPLETED,0,1
79KWH,8,1,FULL,22-09-2025,11:28:11,22-09-2025,11:28:13,22-09-2025,11:29:37,COMPLETED,0,1
79KWH,8,3,FULL,22-09-2025,11:28:31,22-09-2025,11:28:37,22-09-2025,11:29:53,COMPLETED,0,1
79KWH,8,1,FULL,22-09-2025,11:59:15,22-09-2025,11:59:16,22-09-2025,12:00:42,COMPLETED,0,1
79KWH,8,1,FULL,22-09-2025,12:00:48,22-09-2025,12:00:51,22-09-2025,12:02:14,COMPLETED,0,1
79KWH,8,1,FULL,22-09-2025,12:02:47,22-09-2025,12:02:48,22-09-2025,12:04:14,COMPLETED,0,1
79KWH,8,1,FULL,22-09-2025,12:04:20,22-09-2025,12:04:23,22-09-2025,12:05:46,COMPLETED,0,1
79KWH,8,1,FULL,22-09-2025,12:06:15,22-09-2025,12:06:16,22-09-2025,12:07:42,COMPLETED,0,1
79KWH,8,1,FULL,22-09-2025,12:07:47,22-09-2025,12:07:50,22-09-2025,12:09:14,COMPLETED,0,1
79KWH,8,3,FULL,22-09-2025,12:09:15,22-09-2025,12:09:16,22-09-2025,12:13:10,COMPLETED,0,1
79KWH,8,1,FULL,22-09-2025,12:09:44,22-09-2025,12:09:45,22-09-2025,12:11:12,COMPLETED,0,1
79KWH,8,1,FULL,22-09-2025,12:11:17,22-09-2025,12:11:20,22-09-2025,12:12:43,COMPLETED,0,1
79KWH,8,1,FULL,22-09-2025,12:13:16,22-09-2025,12:13:16,22-09-2025,12:14:41,COMPLETED,0,1
79KWH,8,1,FULL,22-09-2025,12:14:47,22-09-2025,12:14:50,22-09-2025,12:16:13,COMPLETED,0,1
79KWH,8,1,FULL,22-09-2025,12:16:44,22-09-2025,12:19:37,22-09-2025,12:22:59,COMPLETED,0,1
79KWH,8,1,FULL,22-09-2025,12:23:05,22-09-2025,12:23:07,22-09-2025,12:24:39,COMPLETED,0,1
79KWH,8,1,FULL,22-09-2025,12:25:10,22-09-2025,12:27:49,22-09-2025,12:31:07,COMPLETED,0,1
79KWH,8,1,FULL,22-09-2025,12:31:13,22-09-2025,12:31:15,22-09-2025,12:32:39,COMPLETED,0,1
79KWH,8,1,FULL,22-09-2025,12:33:07,22-09-2025,12:35:56,22-09-2025,12:39:15,COMPLETED,0,1
79KWH,8,1,FULL,22-09-2025,12:39:21,22-09-2025,12:39:24,22-09-2025,12:40:51,COMPLETED,0,1
79KWH,8,1,FULL,22-09-2025,12:41:26,22-09-2025,12:43:59,22-09-2025,12:47:21,COMPLETED,0,1
79KWH,8,1,FULL,22-09-2025,12:47:27,22-09-2025,12:47:29,22-09-2025,12:48:59,COMPLETED,0,1
79KWH,8,1,FULL,22-09-2025,12:49:33,22-09-2025,12:49:34,22-09-2025,12:51:07,COMPLETED,0,1
79KWH,8,3,FULL,22-09-2025,13:58:38,22-09-2025,13:58:40,22-09-2025,14:04:53,COMPLETED,0,1
79KWH,8,3,FULL,22-09-2025,14:05:01,22-09-2025,14:05:02,22-09-2025,14:06:15,COMPLETED,0,1
79KWH,8,3,FULL,22-09-2025,14:06:22,22-09-2025,14:06:24,22-09-2025,14:07:36,COMPLETED,0,1
79KWH,8,3,FULL,22-09-2025,14:07:44,22-09-2025,14:07:45,22-09-2025,14:09:03,COMPLETED,0,1
79KWH,8,3,FULL,22-09-2025,14:09:09,22-09-2025,14:09:11,22-09-2025,14:10:27,COMPLETED,0,1
79KWH,8,3,FULL,22-09-2025,14:10:35,22-09-2025,14:10:35,22-09-2025,14:11:49,COMPLETED,0,1
79KWH,8,3,FULL,22-09-2025,14:11:55,22-09-2025,14:11:59,22-09-2025,14:13:11,COMPLETED,0,1
79KWH,8,3,FULL,22-09-2025,14:13:19,22-09-2025,14:13:20,22-09-2025,14:14:34,COMPLETED,0,1
79KWH,8,3,FULL,22-09-2025,14:14:40,22-09-2025,14:14:42,22-09-2025,14:15:54,COMPLETED,0,1
79KWH,8,3,FULL,22-09-2025,14:16:02,22-09-2025,14:18:13,22-09-2025,14:20:31,COMPLETED,0,1
79KWH,8,3,FULL,22-09-2025,14:20:36,22-09-2025,14:20:40,22-09-2025,14:21:55,COMPLETED,0,1
79KWH,8,3,FULL,22-09-2025,14:22:03,22-09-2025,14:51:17,22-09-2025,14:52:10,COMPLETED,0,1
79KWH,8,3,FULL,22-09-2025,14:52:17,22-09-2025,14:54:34,22-09-2025,14:56:45,COMPLETED,0,1
79KWH,8,3,FULL,22-09-2025,14:56:58,22-09-2025,14:56:59,22-09-2025,14:58:13,COMPLETED,0,1
79KWH,8,3,FULL,22-09-2025,14:58:20,22-09-2025,14:58:22,22-09-2025,14:59:34,COMPLETED,0,1
79KWH,8,3,FULL,22-09-2025,14:59:41,22-09-2025,15:01:59,22-09-2025,15:04:14,COMPLETED,0,1
79KWH,8,3,FULL,22-09-2025,15:04:20,22-09-2025,15:04:26,22-09-2025,15:05:37,COMPLETED,0,1
79KWH,8,3,FULL,22-09-2025,15:05:45,22-09-2025,15:07:59,22-09-2025,15:10:17,COMPLETED,0,1
79KWH,8,3,FULL,22-09-2025,15:10:24,22-09-2025,15:10:26,22-09-2025,15:11:42,COMPLETED,0,1
79KWH,8,3,FULL,22-09-2025,15:11:51,22-09-2025,15:11:51,22-09-2025,15:13:09,COMPLETED,0,1
79KWH,8,1,FULL,24-09-2025,12:44:05,24-09-2025,12:44:05,24-09-2025,12:47:27,COMPLETED,0,1
79KWH,8,1,FULL,24-09-2025,12:47:33,24-09-2025,12:47:37,24-09-2025,12:49:11,COMPLETED,0,1
79KWH,8,1,FULL,24-09-2025,12:49:25,24-09-2025,12:49:26,24-09-2025,12:51:08,COMPLETED,0,1
79KWH,8,1,FULL,24-09-2025,12:51:15,24-09-2025,12:51:17,24-09-2025,12:52:54,COMPLETED,0,1
79KWH,8,3,FULL,25-09-2025,07:19:52,25-09-2025,07:19:52,25-09-2025,07:22:10,COMPLETED,0,1
79KWH,8,1,FULL,25-09-2025,07:20:38,25-09-2025,07:20:39,25-09-2025,07:22:19,COMPLETED,0,1
79KWH,8,3,FULL,25-09-2025,07:22:16,25-09-2025,07:22:19,25-09-2025,07:23:36,COMPLETED,0,1
79KWH,8,1,FULL,25-09-2025,07:22:25,25-09-2025,07:22:30,25-09-2025,07:24:09,COMPLETED,0,1
79KWH,8,3,FULL,25-09-2025,07:23:45,25-09-2025,07:23:45,25-09-2025,07:25:04,COMPLETED,0,1
79KWH,8,1,FULL,25-09-2025,07:24:25,25-09-2025,07:24:25,25-09-2025,07:26:11,COMPLETED,0,1
79KWH,8,3,FULL,25-09-2025,07:26:22,25-09-2025,07:26:22,25-09-2025,07:27:39,COMPLETED,0,1
79KWH,8,1,FULL,25-09-2025,07:27:00,25-09-2025,07:27:01,25-09-2025,07:28:46,COMPLETED,0,1
79KWH,8,3,FULL,25-09-2025,07:28:17,25-09-2025,07:28:18,25-09-2025,07:29:37,COMPLETED,0,1
79KWH,8,1,FULL,25-09-2025,07:29:00,25-09-2025,07:29:01,25-09-2025,07:30:45,COMPLETED,0,1
79KWH,8,3,FULL,25-09-2025,07:30:08,25-09-2025,07:30:09,25-09-2025,07:31:23,COMPLETED,0,1
79KWH,8,1,FULL,25-09-2025,07:30:51,25-09-2025,07:30:53,25-09-2025,07:32:36,COMPLETED,0,1
79KWH,8,3,FULL,25-09-2025,07:32:00,25-09-2025,07:32:00,25-09-2025,07:33:21,COMPLETED,0,1
79KWH,8,1,FULL,25-09-2025,07:32:49,25-09-2025,07:32:50,25-09-2025,07:34:36,COMPLETED,0,1
79KWH,8,3,FULL,25-09-2025,07:33:49,25-09-2025,07:33:49,25-09-2025,07:35:08,COMPLETED,0,1
79KWH,8,1,FULL,25-09-2025,07:34:43,25-09-2025,07:34:45,25-09-2025,07:36:31,COMPLETED,0,1
79KWH,8,3,FULL,25-09-2025,07:35:43,25-09-2025,07:35:44,25-09-2025,07:37:05,COMPLETED,0,1
79KWH,8,1,FULL,25-09-2025,07:36:45,25-09-2025,07:36:46,25-09-2025,07:38:36,COMPLETED,0,1
79KWH,8,3,FULL,25-09-2025,07:37:32,25-09-2025,07:37:33,25-09-2025,07:38:53,COMPLETED,0,1
79KWH,8,1,FULL,25-09-2025,07:38:41,25-09-2025,07:38:45,25-09-2025,07:40:33,COMPLETED,0,1
79KWH,8,3,FULL,25-09-2025,07:39:27,25-09-2025,07:39:27,25-09-2025,07:40:50,COMPLETED,0,1
79KWH,8,1,FULL,25-09-2025,07:40:47,25-09-2025,07:40:48,25-09-2025,07:42:41,COMPLETED,0,1
79KWH,8,3,FULL,25-09-2025,07:41:32,25-09-2025,07:41:33,25-09-2025,07:42:55,COMPLETED,0,1
79KWH,8,1,FULL,25-09-2025,07:42:47,25-09-2025,07:42:49,25-09-2025,07:46:57,COMPLETED,0,1
79KWH,8,3,FULL,25-09-2025,07:43:27,25-09-2025,07:43:27,25-09-2025,07:44:47,COMPLETED,0,1
79KWH,8,3,FULL,25-09-2025,07:45:18,25-09-2025,07:45:19,25-09-2025,07:46:41,COMPLETED,0,1
79KWH,8,3,FULL,25-09-2025,07:47:10,25-09-2025,07:47:11,25-09-2025,07:48:37,COMPLETED,0,1
79KWH,8,1,FULL,25-09-2025,07:47:11,25-09-2025,07:47:12,25-09-2025,07:49:07,COMPLETED,0,1
79KWH,8,3,FULL,25-09-2025,07:48:59,25-09-2025,07:49:01,25-09-2025,07:50:24,COMPLETED,0,1
79KWH,8,1,FULL,25-09-2025,07:49:13,25-09-2025,07:49:17,25-09-2025,07:51:11,COMPLETED,0,1
79KWH,8,3,FULL,25-09-2025,07:50:54,25-09-2025,07:50:54,25-09-2025,07:52:21,COMPLETED,0,1
79KWH,8,1,FULL,25-09-2025,07:51:27,25-09-2025,07:51:27,25-09-2025,07:53:24,COMPLETED,0,1
79KWH,8,3,FULL,25-09-2025,07:52:43,25-09-2025,07:52:43,25-09-2025,07:54:10,COMPLETED,0,1
79KWH,8,1,FULL,25-09-2025,07:53:31,25-09-2025,07:53:34,25-09-2025,07:55:30,COMPLETED,0,1
79KWH,8,1,FULL,25-09-2025,07:55:45,25-09-2025,07:55:46,25-09-2025,07:57:46,COMPLETED,0,1
79KWH,8,3,FULL,25-09-2025,07:56:21,25-09-2025,07:56:22,25-09-2025,07:57:49,COMPLETED,0,1
79KWH,8,1,FULL,25-09-2025,07:57:53,25-09-2025,07:57:54,25-09-2025,07:59:53,COMPLETED,0,1
79KWH,8,3,FULL,25-09-2025,07:58:11,25-09-2025,07:58:12,25-09-2025,07:59:38,COMPLETED,0,1
79KWH,8,3,FULL,25-09-2025,08:00:04,25-09-2025,08:00:05,25-09-2025,08:01:34,COMPLETED,0,1
79KWH,8,1,FULL,25-09-2025,08:00:07,25-09-2025,08:00:08,25-09-2025,08:02:09,COMPLETED,0,1
79KWH,8,3,FULL,25-09-2025,08:01:55,25-09-2025,08:01:56,25-09-2025,08:03:23,COMPLETED,0,1
79KWH,8,1,FULL,25-09-2025,08:02:15,25-09-2025,08:02:18,25-09-2025,08:04:19,COMPLETED,0,1
79KWH,8,3,FULL,25-09-2025,08:03:49,25-09-2025,08:03:49,25-09-2025,08:05:20,COMPLETED,0,1
79KWH,8,1,FULL,25-09-2025,08:04:33,25-09-2025,08:04:33,25-09-2025,08:06:41,COMPLETED,0,1
79KWH,8,3,FULL,25-09-2025,08:05:37,25-09-2025,08:05:38,25-09-2025,08:07:09,COMPLETED,0,1
79KWH,8,1,FULL,25-09-2025,08:06:46,25-09-2025,08:06:49,25-09-2025,08:08:52,COMPLETED,0,1
79KWH,8,3,FULL,25-09-2025,08:07:33,25-09-2025,08:07:34,25-09-2025,08:09:06,COMPLETED,0,1
79KWH,8,1,FULL,25-09-2025,08:09:07,25-09-2025,08:09:08,25-09-2025,08:11:15,COMPLETED,0,1
79KWH,8,3,FULL,25-09-2025,08:09:23,25-09-2025,08:09:23,25-09-2025,08:10:55,COMPLETED,0,1
79KWH,8,3,FULL,25-09-2025,08:11:15,25-09-2025,08:11:15,25-09-2025,08:12:49,COMPLETED,0,1
79KWH,8,1,FULL,25-09-2025,08:11:22,25-09-2025,08:11:23,25-09-2025,08:26:11,COMPLETED,0,1
79KWH,8,3,FULL,25-09-2025,08:13:04,25-09-2025,08:13:05,25-09-2025,08:14:38,COMPLETED,0,1
79KWH,8,3,FULL,25-09-2025,08:15:29,25-09-2025,08:15:30,25-09-2025,08:17:06,COMPLETED,0,1
79KWH,8,3,FULL,25-09-2025,08:17:20,25-09-2025,08:26:05,25-09-2025,08:27:40,COMPLETED,0,1
79KWH,8,1,FULL,25-09-2025,08:26:25,25-09-2025,08:26:26,25-09-2025,08:28:35,COMPLETED,0,1
79KWH,8,3,FULL,25-09-2025,08:27:49,25-09-2025,08:27:50,25-09-2025,08:29:33,COMPLETED,0,1
79KWH,8,1,FULL,25-09-2025,08:28:42,25-09-2025,08:28:45,25-09-2025,08:30:53,COMPLETED,0,1
79KWH,8,3,FULL,25-09-2025,08:29:39,25-09-2025,08:29:45,25-09-2025,08:31:27,COMPLETED,0,1
79KWH,8,1,FULL,25-09-2025,08:31:09,25-09-2025,08:31:09,25-09-2025,08:33:21,COMPLETED,0,1
79KWH,8,3,FULL,25-09-2025,08:31:36,25-09-2025,08:31:37,25-09-2025,08:33:23,COMPLETED,0,1
79KWH,8,1,FULL,25-09-2025,08:33:27,25-09-2025,08:33:31,25-09-2025,08:35:43,COMPLETED,0,1
79KWH,8,3,FULL,25-09-2025,08:33:29,25-09-2025,08:33:36,25-09-2025,08:35:20,COMPLETED,0,1
79KWH,8,3,FULL,25-09-2025,08:35:29,25-09-2025,08:35:31,25-09-2025,08:37:18,COMPLETED,0,1
79KWH,8,1,FULL,25-09-2025,08:35:57,25-09-2025,08:35:58,25-09-2025,08:38:13,COMPLETED,0,1
79KWH,8,3,FULL,25-09-2025,08:37:24,25-09-2025,08:37:26,25-09-2025,08:39:11,COMPLETED,0,1
79KWH,8,1,FULL,25-09-2025,08:38:18,25-09-2025,08:38:21,25-09-2025,08:40:34,COMPLETED,0,1
79KWH,8,3,FULL,25-09-2025,08:39:20,25-09-2025,08:39:21,25-09-2025,08:41:03,COMPLETED,0,1
79KWH,8,1,FULL,25-09-2025,08:40:48,25-09-2025,08:40:49,25-09-2025,08:43:05,COMPLETED,0,1
79KWH,8,3,FULL,25-09-2025,08:41:08,25-09-2025,08:41:16,25-09-2025,08:42:56,COMPLETED,0,1
79KWH,8,3,FULL,25-09-2025,08:43:06,25-09-2025,08:43:06,25-09-2025,08:44:49,COMPLETED,0,1
79KWH,8,1,FULL,25-09-2025,08:43:11,25-09-2025,08:43:17,25-09-2025,08:45:33,COMPLETED,0,1
79KWH,8,3,FULL,25-09-2025,08:44:55,25-09-2025,08:45:01,25-09-2025,08:46:42,COMPLETED,0,1
79KWH,8,1,FULL,25-09-2025,08:45:48,25-09-2025,08:47:56,25-09-2025,08:51:41,COMPLETED,0,1
79KWH,8,3,FULL,25-09-2025,08:46:50,25-09-2025,08:48:41,25-09-2025,08:51:11,COMPLETED,0,1
79KWH,8,3,FULL,25-09-2025,08:51:19,25-09-2025,08:51:20,25-09-2025,08:52:59,COMPLETED,0,1
79KWH,8,1,FULL,25-09-2025,08:51:48,25-09-2025,08:51:50,25-09-2025,08:54:08,COMPLETED,0,1
79KWH,8,3,FULL,25-09-2025,08:53:10,25-09-2025,08:55:03,25-09-2025,08:57:36,COMPLETED,0,1
79KWH,8,1,FULL,25-09-2025,08:54:23,25-09-2025,08:56:35,25-09-2025,09:00:22,COMPLETED,0,1
79KWH,8,3,FULL,25-09-2025,08:57:42,25-09-2025,08:57:46,25-09-2025,08:59:30,COMPLETED,0,1
79KWH,8,3,FULL,25-09-2025,08:59:40,25-09-2025,09:01:33,25-09-2025,09:04:06,COMPLETED,0,1
79KWH,8,1,FULL,25-09-2025,09:00:28,25-09-2025,09:00:30,25-09-2025,09:20:13,COMPLETED,0,1
79KWH,8,3,FULL,25-09-2025,09:04:12,25-09-2025,09:04:20,25-09-2025,09:06:06,COMPLETED,0,1
79KWH,8,3,FULL,25-09-2025,09:06:15,25-09-2025,09:08:12,25-09-2025,09:10:45,COMPLETED,0,1
79KWH,8,3,FULL,25-09-2025,09:10:52,25-09-2025,09:12:45,25-09-2025,09:15:15,COMPLETED,0,1
79KWH,8,3,FULL,25-09-2025,09:15:24,25-09-2025,09:15:25,25-09-2025,09:17:14,COMPLETED,0,1
79KWH,8,3,FULL,25-09-2025,09:17:21,25-09-2025,09:17:26,25-09-2025,09:19:14,COMPLETED,0,1
79KWH,8,3,FULL,25-09-2025,09:19:25,25-09-2025,09:19:25,25-09-2025,09:21:17,COMPLETED,0,1
79KWH,8,1,FULL,25-09-2025,09:20:27,25-09-2025,09:20:28,25-09-2025,09:22:52,COMPLETED,0,1
79KWH,8,3,FULL,25-09-2025,09:21:23,25-09-2025,09:21:28,25-09-2025,09:23:18,COMPLETED,0,1
79KWH,8,1,FULL,25-09-2025,09:22:58,25-09-2025,09:23:01,25-09-2025,09:25:24,COMPLETED,0,1
79KWH,8,3,FULL,25-09-2025,09:23:30,25-09-2025,09:25:22,25-09-2025,09:27:56,COMPLETED,0,1
79KWH,8,1,FULL,25-09-2025,09:25:38,25-09-2025,09:27:45,25-09-2025,09:31:34,COMPLETED,0,1
79KWH,8,3,FULL,25-09-2025,09:28:02,25-09-2025,09:28:09,25-09-2025,09:29:58,COMPLETED,0,1
79KWH,8,3,FULL,25-09-2025,09:30:07,25-09-2025,09:30:09,25-09-2025,09:32:01,COMPLETED,0,1
79KWH,8,1,FULL,25-09-2025,09:31:40,25-09-2025,09:31:44,25-09-2025,09:34:10,COMPLETED,0,1
79KWH,8,3,FULL,25-09-2025,09:32:08,25-09-2025,09:32:11,25-09-2025,09:34:02,COMPLETED,0,1
79KWH,8,3,FULL,25-09-2025,09:34:11,25-09-2025,09:35:58,25-09-2025,09:38:33,COMPLETED,0,1
79KWH,8,1,FULL,25-09-2025,09:34:23,25-09-2025,09:34:24,25-09-2025,09:36:53,COMPLETED,0,1
79KWH,8,1,FULL,25-09-2025,09:36:59,25-09-2025,09:37:03,25-09-2025,09:39:31,COMPLETED,0,1
79KWH,8,3,FULL,25-09-2025,09:38:39,25-09-2025,09:38:42,25-09-2025,09:40:33,COMPLETED,0,1
79KWH,8,1,FULL,25-09-2025,09:39:46,25-09-2025,09:39:47,25-09-2025,09:42:18,COMPLETED,0,1
79KWH,8,3,FULL,25-09-2025,09:40:43,25-09-2025,09:40:44,25-09-2025,09:42:43,COMPLETED,0,1
79KWH,8,1,FULL,25-09-2025,09:42:24,25-09-2025,09:42:29,25-09-2025,09:45:00,COMPLETED,0,1
79KWH,8,3,FULL,25-09-2025,09:42:50,25-09-2025,09:42:53,25-09-2025,09:44:55,COMPLETED,0,1
79KWH,8,3,FULL,25-09-2025,09:45:05,25-09-2025,09:45:05,25-09-2025,09:47:02,COMPLETED,0,1
79KWH,8,1,FULL,25-09-2025,09:45:16,25-09-2025,09:45:16,25-09-2025,09:47:49,COMPLETED,0,1
79KWH,8,3,FULL,25-09-2025,09:47:08,25-09-2025,09:47:11,25-09-2025,09:49:15,COMPLETED,0,1
79KWH,8,1,FULL,25-09-2025,09:47:55,25-09-2025,09:47:58,25-09-2025,09:50:30,COMPLETED,0,1
79KWH,8,3,FULL,25-09-2025,09:49:23,25-09-2025,09:49:25,25-09-2025,09:51:19,COMPLETED,0,1
79KWH,8,1,FULL,25-09-2025,09:50:44,25-09-2025,09:52:57,25-09-2025,09:56:51,COMPLETED,0,1
79KWH,8,3,FULL,25-09-2025,09:51:25,25-09-2025,09:51:29,25-09-2025,09:53:26,COMPLETED,0,1
79KWH,8,3,FULL,25-09-2025,09:53:34,25-09-2025,09:53:36,25-09-2025,09:55:35,COMPLETED,0,1
79KWH,8,3,FULL,25-09-2025,09:55:41,25-09-2025,09:55:47,25-09-2025,09:57:44,COMPLETED,0,1
79KWH,8,1,FULL,25-09-2025,09:56:57,25-09-2025,09:59:06,25-09-2025,10:02:58,COMPLETED,0,1
79KWH,8,3,FULL,25-09-2025,09:57:52,25-09-2025,09:59:40,25-09-2025,10:02:15,COMPLETED,0,1
79KWH,8,3,FULL,25-09-2025,10:02:21,25-09-2025,10:02:24,25-09-2025,10:04:25,COMPLETED,0,1
79KWH,8,1,FULL,25-09-2025,10:03:12,25-09-2025,10:03:15,25-09-2025,10:05:54,COMPLETED,0,1
79KWH,8,3,FULL,25-09-2025,10:04:35,25-09-2025,10:06:17,25-09-2025,10:08:58,COMPLETED,0,1
79KWH,8,1,FULL,25-09-2025,10:06:00,25-09-2025,10:06:03,25-09-2025,10:29:06,COMPLETED,0,1
79KWH,8,3,FULL,25-09-2025,10:09:04,25-09-2025,10:09:10,25-09-2025,10:11:13,COMPLETED,0,1
79KWH,8,3,FULL,25-09-2025,10:11:24,25-09-2025,10:11:24,25-09-2025,10:13:29,COMPLETED,0,1
79KWH,8,3,FULL,25-09-2025,10:13:35,25-09-2025,10:13:41,25-09-2025,10:15:38,COMPLETED,0,1
79KWH,8,3,FULL,25-09-2025,10:15:46,25-09-2025,10:15:46,25-09-2025,10:17:52,COMPLETED,0,1
79KWH,8,3,FULL,25-09-2025,10:17:59,25-09-2025,10:18:04,25-09-2025,10:20:07,COMPLETED,0,1
79KWH,8,3,FULL,25-09-2025,10:20:16,25-09-2025,10:20:18,25-09-2025,10:22:25,COMPLETED,0,1
79KWH,8,3,FULL,25-09-2025,10:22:32,25-09-2025,10:22:37,25-09-2025,10:24:41,COMPLETED,0,1
79KWH,8,3,FULL,25-09-2025,10:24:50,25-09-2025,10:26:39,25-09-2025,10:29:22,COMPLETED,0,1
79KWH,8,1,FULL,25-09-2025,10:29:24,25-09-2025,10:31:24,25-09-2025,10:35:19,COMPLETED,0,1
79KWH,8,3,FULL,25-09-2025,10:29:28,25-09-2025,10:29:36,25-09-2025,10:31:42,COMPLETED,0,1
79KWH,8,3,FULL,25-09-2025,10:31:50,25-09-2025,10:31:52,25-09-2025,10:34:00,COMPLETED,0,1
79KWH,8,3,FULL,25-09-2025,10:34:06,25-09-2025,10:34:13,25-09-2025,10:36:21,COMPLETED,0,1
79KWH,8,1,FULL,25-09-2025,10:35:26,25-09-2025,10:37:34,25-09-2025,11:00:09,COMPLETED,0,1
79KWH,8,3,FULL,25-09-2025,10:36:30,25-09-2025,10:36:32,25-09-2025,10:38:43,COMPLETED,0,1
79KWH,8,3,FULL,25-09-2025,10:38:48,25-09-2025,10:38:55,25-09-2025,10:57:37,COMPLETED,0,1
79KWH,8,3,FULL,25-09-2025,10:57:46,25-09-2025,10:57:47,25-09-2025,11:00:00,COMPLETED,0,1
79KWH,8,3,FULL,25-09-2025,11:00:05,25-09-2025,11:00:11,25-09-2025,11:02:21,COMPLETED,0,1
79KWH,8,1,FULL,25-09-2025,11:00:23,25-09-2025,11:02:31,25-09-2025,11:06:28,COMPLETED,0,1
79KWH,8,3,FULL,25-09-2025,11:02:31,25-09-2025,11:57:28,25-09-2025,12:00:12,COMPLETED,0,1
79KWH,8,1,FULL,25-09-2025,11:06:35,25-09-2025,11:06:37,25-09-2025,11:09:19,COMPLETED,0,1
79KWH,8,1,FULL,25-09-2025,11:09:33,25-09-2025,11:09:35,25-09-2025,11:12:21,COMPLETED,0,1
79KWH,8,1,FULL,25-09-2025,11:12:27,25-09-2025,11:12:30,25-09-2025,11:15:15,COMPLETED,0,1
79KWH,8,1,FULL,25-09-2025,11:15:29,25-09-2025,11:15:31,25-09-2025,11:18:19,COMPLETED,0,1
79KWH,8,1,FULL,25-09-2025,11:18:25,25-09-2025,11:18:30,25-09-2025,11:21:17,COMPLETED,0,1
79KWH,8,1,FULL,25-09-2025,11:21:31,25-09-2025,11:21:32,25-09-2025,11:24:23,COMPLETED,0,1
79KWH,8,1,FULL,25-09-2025,11:24:32,25-09-2025,11:24:32,25-09-2025,11:27:22,COMPLETED,0,1
79KWH,8,1,FULL,25-09-2025,11:27:38,25-09-2025,11:27:39,25-09-2025,11:30:33,COMPLETED,0,1
79KWH,8,1,FULL,25-09-2025,11:30:40,25-09-2025,11:30:42,25-09-2025,11:33:37,COMPLETED,0,1
79KWH,8,1,FULL,25-09-2025,11:33:51,25-09-2025,11:33:51,25-09-2025,11:36:49,COMPLETED,0,1
79KWH,8,1,FULL,25-09-2025,11:36:56,25-09-2025,11:36:59,25-09-2025,11:39:56,COMPLETED,0,1
79KWH,8,1,FULL,25-09-2025,11:40:11,25-09-2025,11:40:12,25-09-2025,11:43:14,COMPLETED,0,1
79KWH,8,3,FULL,25-09-2025,12:00:19,25-09-2025,12:00:25,25-09-2025,12:02:35,COMPLETED,0,1
79KWH,8,1,FULL,25-09-2025,12:00:48,25-09-2025,12:01:28,25-09-2025,12:05:31,COMPLETED,0,1
79KWH,8,1,FULL,25-09-2025,12:05:45,25-09-2025,12:05:46,25-09-2025,12:13:24,COMPLETED,0,1
79KWH,8,1,FULL,25-09-2025,12:13:31,25-09-2025,12:13:32,25-09-2025,12:16:34,COMPLETED,0,1
79KWH,8,3,FULL,25-09-2025,12:13:53,25-09-2025,12:14:56,25-09-2025,12:24:04,COMPLETED,0,1
79KWH,8,1,FULL,25-09-2025,12:16:48,25-09-2025,12:21:07,25-09-2025,12:25:16,COMPLETED,0,1
79KWH,8,3,FULL,25-09-2025,12:24:10,25-09-2025,12:24:15,25-09-2025,12:26:28,COMPLETED,0,1
79KWH,8,1,FULL,25-09-2025,12:25:22,25-09-2025,12:25:25,25-09-2025,12:33:39,COMPLETED,0,1
79KWH,8,3,FULL,25-09-2025,12:26:37,25-09-2025,12:26:39,25-09-2025,12:28:54,COMPLETED,0,1
79KWH,8,3,FULL,25-09-2025,12:28:59,25-09-2025,12:29:06,25-09-2025,12:31:21,COMPLETED,0,1
79KWH,8,3,FULL,25-09-2025,12:31:29,25-09-2025,12:33:16,25-09-2025,12:36:00,COMPLETED,0,1
79KWH,8,1,FULL,25-09-2025,12:33:52,25-09-2025,12:35:48,25-09-2025,12:39:57,COMPLETED,0,1
79KWH,8,3,FULL,25-09-2025,12:36:06,25-09-2025,12:36:12,25-09-2025,12:38:28,COMPLETED,0,1
79KWH,8,3,FULL,25-09-2025,12:38:37,25-09-2025,12:38:37,25-09-2025,12:40:55,COMPLETED,0,1
79KWH,8,1,FULL,25-09-2025,12:40:04,25-09-2025,12:42:06,25-09-2025,12:51:44,COMPLETED,0,1
79KWH,8,3,FULL,25-09-2025,12:41:02,25-09-2025,12:43:54,25-09-2025,12:46:39,COMPLETED,0,1
79KWH,8,1,FULL,25-09-2025,12:51:58,25-09-2025,12:53:56,25-09-2025,12:58:07,COMPLETED,0,1
79KWH,8,1,FULL,25-09-2025,12:58:12,25-09-2025,12:58:16,25-09-2025,13:01:25,COMPLETED,0,1
79KWH,8,1,FULL,25-09-2025,15:57:45,25-09-2025,15:57:45,25-09-2025,16:06:06,COMPLETED,0,1
79KWH,8,3,FULL,25-09-2025,15:58:51,25-09-2025,15:58:51,25-09-2025,16:01:53,COMPLETED,0,1
79KWH,8,3,FULL,25-09-2025,16:02:08,25-09-2025,16:02:30,25-09-2025,16:04:47,COMPLETED,0,1
79KWH,8,3,FULL,25-09-2025,16:04:57,25-09-2025,16:04:57,25-09-2025,16:07:18,COMPLETED,0,1
79KWH,8,1,FULL,25-09-2025,16:06:11,25-09-2025,16:06:14,25-09-2025,16:09:26,COMPLETED,0,1
79KWH,8,3,FULL,25-09-2025,16:07:24,25-09-2025,16:07:31,25-09-2025,16:09:50,COMPLETED,0,1
79KWH,8,1,FULL,25-09-2025,16:09:40,25-09-2025,16:40:17,25-09-2025,16:44:10,COMPLETED,0,1
79KWH,8,3,FULL,25-09-2025,16:09:59,25-09-2025,16:10:01,25-09-2025,16:12:22,COMPLETED,0,1
79KWH,8,3,FULL,25-09-2025,16:12:28,25-09-2025,16:12:34,25-09-2025,16:14:55,COMPLETED,0,1
79KWH,8,3,FULL,25-09-2025,16:15:04,25-09-2025,16:17:47,25-09-2025,16:20:37,COMPLETED,0,1
79KWH,8,3,FULL,25-09-2025,16:20:45,25-09-2025,16:20:50,25-09-2025,16:23:12,COMPLETED,0,1
79KWH,8,3,FULL,25-09-2025,16:23:21,25-09-2025,16:23:23,25-09-2025,16:25:48,COMPLETED,0,1
79KWH,8,3,FULL,25-09-2025,16:25:53,25-09-2025,16:26:00,25-09-2025,16:28:24,COMPLETED,0,1
79KWH,8,3,FULL,25-09-2025,16:28:34,25-09-2025,16:28:35,25-09-2025,16:31:01,COMPLETED,0,1
79KWH,8,3,FULL,25-09-2025,16:31:07,25-09-2025,16:31:14,25-09-2025,16:33:38,COMPLETED,0,1
79KWH,8,3,FULL,25-09-2025,16:33:47,25-09-2025,16:33:49,25-09-2025,16:36:16,COMPLETED,0,1
79KWH,8,3,FULL,25-09-2025,16:36:23,25-09-2025,16:38:44,25-09-2025,16:41:09,COMPLETED,0,1
79KWH,8,3,FULL,25-09-2025,16:41:19,25-09-2025,16:43:56,25-09-2025,16:46:50,COMPLETED,0,1
79KWH,8,1,FULL,25-09-2025,16:44:16,25-09-2025,16:44:19,25-09-2025,16:47:35,COMPLETED,0,1
79KWH,8,3,FULL,25-09-2025,16:46:56,25-09-2025,16:49:41,25-09-2025,16:52:32,COMPLETED,0,1
79KWH,8,1,FULL,25-09-2025,16:47:48,25-09-2025,16:47:49,25-09-2025,16:51:07,COMPLETED,0,1
79KWH,8,1,FULL,25-09-2025,16:51:13,25-09-2025,16:51:15,25-09-2025,16:54:31,COMPLETED,0,1
79KWH,8,3,FULL,25-09-2025,16:52:42,25-09-2025,16:52:43,25-09-2025,16:55:12,COMPLETED,0,1
79KWH,8,1,FULL,25-09-2025,16:54:45,25-09-2025,16:54:46,25-09-2025,16:58:06,COMPLETED,0,1
79KWH,8,3,FULL,25-09-2025,16:55:19,25-09-2025,16:55:24,25-09-2025,16:57:51,COMPLETED,0,1
79KWH,8,3,FULL,25-09-2025,16:58:00,25-09-2025,17:00:36,25-09-2025,17:03:25,COMPLETED,0,1
79KWH,8,1,FULL,25-09-2025,16:58:13,25-09-2025,16:58:16,25-09-2025,17:01:35,COMPLETED,0,1
79KWH,8,1,FULL,25-09-2025,17:01:49,25-09-2025,17:01:50,25-09-2025,17:05:12,COMPLETED,0,1
79KWH,8,3,FULL,25-09-2025,17:03:32,25-09-2025,17:03:35,25-09-2025,17:06:04,COMPLETED,0,1
79KWH,8,1,FULL,25-09-2025,17:05:18,25-09-2025,17:05:21,25-09-2025,17:08:43,COMPLETED,0,1
79KWH,8,3,FULL,25-09-2025,17:06:13,25-09-2025,17:06:15,25-09-2025,17:08:47,COMPLETED,0,1
79KWH,8,3,FULL,25-09-2025,17:08:54,25-09-2025,17:08:58,25-09-2025,17:11:29,COMPLETED,0,1
79KWH,8,1,FULL,25-09-2025,17:08:58,25-09-2025,17:08:58,25-09-2025,17:12:24,COMPLETED,0,1
79KWH,8,3,FULL,25-09-2025,17:11:37,25-09-2025,17:14:21,25-09-2025,17:17:17,COMPLETED,0,1
79KWH,8,1,FULL,25-09-2025,17:12:31,25-09-2025,17:12:32,25-09-2025,17:15:56,COMPLETED,0,1
79KWH,8,1,FULL,25-09-2025,17:16:11,25-09-2025,17:16:12,25-09-2025,17:19:39,COMPLETED,0,1
79KWH,8,3,FULL,25-09-2025,17:17:23,25-09-2025,17:17:29,25-09-2025,17:20:02,COMPLETED,0,1
79KWH,8,1,FULL,25-09-2025,17:19:45,25-09-2025,17:19:48,25-09-2025,17:23:14,COMPLETED,0,1
79KWH,8,3,FULL,25-09-2025,17:20:11,25-09-2025,17:22:46,25-09-2025,17:25:44,COMPLETED,0,1
79KWH,8,1,FULL,25-09-2025,17:23:29,25-09-2025,17:23:30,25-09-2025,17:26:59,COMPLETED,0,1
79KWH,8,3,FULL,25-09-2025,17:25:49,25-09-2025,17:25:55,25-09-2025,17:28:29,COMPLETED,0,1
79KWH,8,1,FULL,25-09-2025,17:27:05,25-09-2025,17:27:08,25-09-2025,17:30:36,COMPLETED,0,1
79KWH,8,3,FULL,25-09-2025,17:28:37,25-09-2025,17:28:42,25-09-2025,17:31:18,COMPLETED,0,1
79KWH,8,1,FULL,25-09-2025,17:30:54,25-09-2025,17:30:55,25-09-2025,17:34:28,COMPLETED,0,1
79KWH,8,3,FULL,25-09-2025,17:31:24,25-09-2025,17:34:10,25-09-2025,17:37:05,COMPLETED,0,1
79KWH,8,1,FULL,25-09-2025,17:34:34,25-09-2025,17:34:36,25-09-2025,17:38:07,COMPLETED,0,1
79KWH,8,3,FULL,25-09-2025,17:37:15,25-09-2025,17:39:50,25-09-2025,17:42:48,COMPLETED,0,1
79KWH,8,1,FULL,25-09-2025,17:38:23,25-09-2025,17:38:24,25-09-2025,17:42:00,COMPLETED,0,1
79KWH,8,1,FULL,25-09-2025,17:42:06,25-09-2025,17:42:07,25-09-2025,17:45:40,COMPLETED,0,1
79KWH,8,3,FULL,25-09-2025,17:42:54,25-09-2025,17:42:58,25-09-2025,17:45:38,COMPLETED,0,1
79KWH,8,3,FULL,25-09-2025,17:45:46,25-09-2025,17:48:29,25-09-2025,17:51:29,COMPLETED,0,1
79KWH,8,1,FULL,25-09-2025,17:45:54,26-09-2025,16:31:41,26-09-2025,16:34:09,COMPLETED,0,1
79KWH,8,3,FULL,25-09-2025,17:51:35,25-09-2025,17:51:41,25-09-2025,17:54:20,COMPLETED,0,1
79KWH,8,3,FULL,25-09-2025,17:54:28,25-09-2025,17:54:30,25-09-2025,17:57:12,COMPLETED,0,1
79KWH,8,3,FULL,25-09-2025,17:57:18,25-09-2025,17:57:25,25-09-2025,18:22:53,COMPLETED,0,1
79KWH,8,3,FULL,25-09-2025,18:23:02,25-09-2025,18:23:05,25-09-2025,18:25:47,COMPLETED,0,1
79KWH,8,3,FULL,25-09-2025,18:25:53,25-09-2025,18:26:01,25-09-2025,18:28:41,COMPLETED,0,1
79KWH,8,3,FULL,25-09-2025,18:28:50,25-09-2025,18:28:52,25-09-2025,18:31:37,COMPLETED,0,1
79KWH,8,3,FULL,25-09-2025,18:31:43,25-09-2025,18:31:49,25-09-2025,18:34:32,COMPLETED,0,1
79KWH,8,3,FULL,25-09-2025,18:34:40,25-09-2025,18:34:42,25-09-2025,18:37:27,COMPLETED,0,1
79KWH,8,3,FULL,25-09-2025,18:37:33,25-09-2025,18:37:40,25-09-2025,18:40:24,COMPLETED,0,1
79KWH,8,3,FULL,25-09-2025,18:40:33,25-09-2025,18:40:35,25-09-2025,18:43:21,COMPLETED,0,1
79KWH,8,3,FULL,25-09-2025,18:43:27,25-09-2025,18:43:34,25-09-2025,19:09:29,COMPLETED,0,1
79KWH,8,3,FULL,25-09-2025,19:09:38,25-09-2025,19:09:39,25-09-2025,19:12:29,COMPLETED,0,1
79KWH,8,3,FULL,25-09-2025,19:12:35,25-09-2025,19:12:40,25-09-2025,19:15:27,COMPLETED,0,1
79KWH,8,3,FULL,25-09-2025,19:15:37,25-09-2025,19:15:37,25-09-2025,19:18:26,COMPLETED,0,1
79KWH,8,3,FULL,25-09-2025,19:18:34,25-09-2025,19:22:24,25-09-2025,19:25:45,COMPLETED,0,1
79KWH,8,3,FULL,25-09-2025,19:25:54,25-09-2025,19:25:54,25-09-2025,19:28:45,COMPLETED,0,1
79KWH,8,3,FULL,25-09-2025,22:56:23,25-09-2025,22:56:24,25-09-2025,22:59:26,COMPLETED,0,1
79KWH,8,3,FULL,25-09-2025,22:59:35,25-09-2025,22:59:37,25-09-2025,23:02:25,COMPLETED,0,1
79KWH,8,3,FULL,25-09-2025,23:23:26,25-09-2025,23:24:33,25-09-2025,23:27:36,COMPLETED,0,1
79KWH,8,3,FULL,25-09-2025,23:27:45,25-09-2025,23:30:08,25-09-2025,23:33:14,COMPLETED,0,1
79KWH,8,3,FULL,25-09-2025,23:33:20,25-09-2025,23:33:26,25-09-2025,23:36:25,COMPLETED,0,1
79KWH,8,3,FULL,25-09-2025,23:36:34,25-09-2025,23:36:35,25-09-2025,23:39:28,COMPLETED,0,1
79KWH,8,3,FULL,25-09-2025,23:39:34,25-09-2025,23:39:42,25-09-2025,23:42:35,COMPLETED,0,1
79KWH,8,3,FULL,25-09-2025,23:42:44,25-09-2025,23:42:45,25-09-2025,23:45:40,COMPLETED,0,1
79KWH,8,3,FULL,25-09-2025,23:45:46,25-09-2025,23:45:52,25-09-2025,23:48:53,COMPLETED,0,1
79KWH,8,3,FULL,25-09-2025,23:49:02,25-09-2025,23:49:03,25-09-2025,23:52:00,COMPLETED,0,1
79KWH,8,3,FULL,25-09-2025,23:52:06,25-09-2025,23:52:13,25-09-2025,23:55:08,COMPLETED,0,1
79KWH,8,3,FULL,25-09-2025,23:55:18,25-09-2025,23:57:44,26-09-2025,00:00:53,COMPLETED,0,1
79KWH,8,3,FULL,26-09-2025,00:01:02,26-09-2025,00:03:30,26-09-2025,00:06:39,COMPLETED,0,1
79KWH,8,3,FULL,26-09-2025,00:06:47,26-09-2025,00:09:19,26-09-2025,00:12:30,COMPLETED,0,1
79KWH,8,3,FULL,26-09-2025,00:12:36,26-09-2025,00:15:04,26-09-2025,00:18:12,COMPLETED,0,1
79KWH,8,3,FULL,26-09-2025,00:18:20,26-09-2025,00:20:50,26-09-2025,00:24:00,COMPLETED,0,1
79KWH,8,3,FULL,26-09-2025,07:07:42,26-09-2025,07:07:42,26-09-2025,07:10:50,COMPLETED,0,1
79KWH,8,3,FULL,26-09-2025,07:10:59,26-09-2025,07:11:00,26-09-2025,07:13:59,COMPLETED,0,1
79KWH,8,3,FULL,26-09-2025,07:14:05,26-09-2025,07:14:08,26-09-2025,07:17:10,COMPLETED,0,1
79KWH,8,3,FULL,26-09-2025,07:17:18,26-09-2025,07:17:20,26-09-2025,08:02:58,COMPLETED,0,1
79KWH,8,3,FULL,26-09-2025,08:03:04,26-09-2025,08:03:07,26-09-2025,08:06:09,COMPLETED,0,1
79KWH,8,3,FULL,26-09-2025,08:06:18,26-09-2025,08:08:37,26-09-2025,08:11:50,COMPLETED,0,1
79KWH,8,3,FULL,26-09-2025,08:11:55,26-09-2025,08:12:02,26-09-2025,08:15:06,COMPLETED,0,1
79KWH,8,3,FULL,26-09-2025,08:15:15,26-09-2025,08:17:28,26-09-2025,08:20:37,COMPLETED,0,1
79KWH,8,3,FULL,26-09-2025,08:20:43,26-09-2025,08:20:46,26-09-2025,08:23:50,COMPLETED,0,1
79KWH,8,3,FULL,26-09-2025,08:23:59,26-09-2025,08:26:19,26-09-2025,08:29:32,COMPLETED,0,1
79KWH,8,3,FULL,26-09-2025,08:29:38,26-09-2025,08:31:59,26-09-2025,08:35:09,COMPLETED,0,1
79KWH,8,3,FULL,26-09-2025,08:35:19,26-09-2025,08:37:37,26-09-2025,08:46:03,COMPLETED,0,1
79KWH,8,3,FULL,26-09-2025,08:46:09,26-09-2025,08:46:11,26-09-2025,08:49:20,COMPLETED,0,1
79KWH,8,3,FULL,26-09-2025,08:49:28,26-09-2025,08:49:31,26-09-2025,08:52:42,COMPLETED,0,1
79KWH,8,3,FULL,26-09-2025,08:52:48,26-09-2025,08:52:54,26-09-2025,08:56:03,COMPLETED,0,1
79KWH,8,3,FULL,26-09-2025,08:56:12,26-09-2025,08:56:14,26-09-2025,08:59:21,COMPLETED,0,1
79KWH,8,3,FULL,26-09-2025,08:59:28,26-09-2025,08:59:31,26-09-2025,09:02:42,COMPLETED,0,1
79KWH,8,3,FULL,26-09-2025,09:02:51,26-09-2025,09:02:52,26-09-2025,09:06:06,COMPLETED,0,1
79KWH,8,3,FULL,26-09-2025,09:06:12,26-09-2025,09:06:19,26-09-2025,09:09:31,COMPLETED,0,1
79KWH,8,3,FULL,26-09-2025,09:09:40,26-09-2025,09:11:54,26-09-2025,09:15:11,COMPLETED,0,1
79KWH,8,3,FULL,26-09-2025,09:15:17,26-09-2025,09:18:15,26-09-2025,09:21:25,COMPLETED,0,1
79KWH,8,3,FULL,26-09-2025,09:21:35,26-09-2025,09:23:46,26-09-2025,09:26:07,COMPLETED,0,1
79KWH,8,3,FULL,26-09-2025,09:26:14,26-09-2025,09:26:16,26-09-2025,09:27:45,COMPLETED,0,1
79KWH,8,3,FULL,26-09-2025,09:27:53,26-09-2025,09:30:06,26-09-2025,09:32:29,COMPLETED,0,1
79KWH,8,3,FULL,26-09-2025,09:32:35,26-09-2025,09:32:40,26-09-2025,09:34:01,COMPLETED,0,1
79KWH,8,3,FULL,26-09-2025,09:34:09,26-09-2025,09:36:15,26-09-2025,09:38:35,COMPLETED,0,1
79KWH,8,3,FULL,26-09-2025,09:40:46,26-09-2025,09:40:59,26-09-2025,09:43:16,COMPLETED,0,1
79KWH,8,3,FULL,26-09-2025,09:43:25,26-09-2025,09:43:28,26-09-2025,09:45:07,COMPLETED,0,1
79KWH,8,3,FULL,26-09-2025,09:45:12,26-09-2025,09:46:32,26-09-2025,09:49:43,COMPLETED,0,1
79KWH,8,3,FULL,26-09-2025,09:49:51,26-09-2025,09:51:57,26-09-2025,09:55:14,COMPLETED,0,1
79KWH,8,3,FULL,26-09-2025,09:55:21,26-09-2025,09:55:23,26-09-2025,09:56:43,COMPLETED,0,1
79KWH,8,3,FULL,26-09-2025,09:56:52,26-09-2025,09:56:53,26-09-2025,09:58:15,COMPLETED,0,1
79KWH,8,3,FULL,26-09-2025,09:58:21,26-09-2025,10:00:34,26-09-2025,10:02:51,COMPLETED,0,1
79KWH,8,3,FULL,26-09-2025,10:03:00,26-09-2025,10:05:06,26-09-2025,10:07:26,COMPLETED,0,1
79KWH,8,3,FULL,26-09-2025,10:07:36,26-09-2025,10:09:42,26-09-2025,10:12:01,COMPLETED,0,1
79KWH,8,3,FULL,26-09-2025,10:12:18,26-09-2025,10:14:19,26-09-2025,10:16:38,COMPLETED,0,1
79KWH,8,3,FULL,26-09-2025,10:16:45,26-09-2025,10:16:50,26-09-2025,10:18:10,COMPLETED,0,1
79KWH,8,3,FULL,26-09-2025,10:18:18,26-09-2025,10:18:19,26-09-2025,10:19:42,COMPLETED,0,1
79KWH,8,3,FULL,26-09-2025,10:19:48,26-09-2025,10:19:53,26-09-2025,10:21:11,COMPLETED,0,1
79KWH,8,3,FULL,26-09-2025,10:21:20,26-09-2025,10:23:27,26-09-2025,10:25:48,COMPLETED,0,1
79KWH,8,3,FULL,26-09-2025,10:25:55,26-09-2025,10:26:01,26-09-2025,10:27:20,COMPLETED,0,1
79KWH,8,3,FULL,26-09-2025,10:27:29,26-09-2025,10:27:30,26-09-2025,10:28:52,COMPLETED,0,1
79KWH,8,3,FULL,26-09-2025,10:28:58,26-09-2025,10:29:05,26-09-2025,10:30:24,COMPLETED,0,1
79KWH,8,3,FULL,26-09-2025,10:30:33,26-09-2025,10:32:34,26-09-2025,10:34:54,COMPLETED,0,1
79KWH,8,3,FULL,26-09-2025,10:35:00,26-09-2025,10:35:03,26-09-2025,10:36:27,COMPLETED,0,1
79KWH,8,3,FULL,26-09-2025,10:36:36,26-09-2025,10:38:41,26-09-2025,10:41:00,COMPLETED,0,1
79KWH,8,3,FULL,26-09-2025,10:41:07,26-09-2025,10:41:13,26-09-2025,10:42:32,COMPLETED,0,1
79KWH,8,3,FULL,26-09-2025,10:42:41,26-09-2025,10:44:46,26-09-2025,10:47:06,COMPLETED,0,1
79KWH,8,3,FULL,26-09-2025,10:47:11,26-09-2025,10:49:20,26-09-2025,10:51:36,COMPLETED,0,1
79KWH,8,3,FULL,26-09-2025,10:51:45,26-09-2025,10:53:45,26-09-2025,10:56:00,COMPLETED,0,1
79KWH,8,3,FULL,26-09-2025,10:56:06,26-09-2025,10:56:10,26-09-2025,10:57:28,COMPLETED,0,1
79KWH,8,3,FULL,26-09-2025,10:57:38,26-09-2025,10:59:39,26-09-2025,11:01:59,COMPLETED,0,1
79KWH,8,3,FULL,26-09-2025,11:02:05,26-09-2025,11:02:11,26-09-2025,11:03:29,COMPLETED,0,1
79KWH,8,3,FULL,26-09-2025,11:03:39,26-09-2025,11:05:35,26-09-2025,11:07:54,COMPLETED,0,1
79KWH,8,3,FULL,26-09-2025,11:08:01,26-09-2025,11:08:07,26-09-2025,11:09:25,COMPLETED,0,1
79KWH,8,3,FULL,26-09-2025,11:09:34,26-09-2025,11:11:36,26-09-2025,11:13:55,COMPLETED,0,1
79KWH,8,3,FULL,26-09-2025,11:14:02,26-09-2025,11:16:02,26-09-2025,11:18:19,COMPLETED,0,1
79KWH,8,3,FULL,26-09-2025,11:18:29,26-09-2025,11:20:27,26-09-2025,11:22:47,COMPLETED,0,1
79KWH,8,3,FULL,26-09-2025,11:22:53,26-09-2025,11:22:56,26-09-2025,11:24:17,COMPLETED,0,1
79KWH,8,3,FULL,26-09-2025,11:24:26,26-09-2025,11:24:27,26-09-2025,11:25:51,COMPLETED,0,1
79KWH,8,3,FULL,26-09-2025,11:25:57,26-09-2025,11:26:03,26-09-2025,11:27:25,COMPLETED,0,1
79KWH,8,3,FULL,26-09-2025,11:27:34,26-09-2025,11:29:27,26-09-2025,11:31:49,COMPLETED,0,1
79KWH,8,3,FULL,26-09-2025,11:31:55,26-09-2025,11:32:02,26-09-2025,11:33:25,COMPLETED,0,1
79KWH,8,3,FULL,26-09-2025,11:33:34,26-09-2025,11:33:35,26-09-2025,11:35:01,COMPLETED,0,1
79KWH,8,3,FULL,26-09-2025,11:35:08,26-09-2025,11:35:10,26-09-2025,11:36:33,COMPLETED,0,1
79KWH,8,3,FULL,26-09-2025,11:36:43,26-09-2025,11:38:41,26-09-2025,11:57:47,COMPLETED,0,1
79KWH,8,3,FULL,26-09-2025,11:57:52,26-09-2025,11:57:56,26-09-2025,11:59:23,COMPLETED,0,1
79KWH,8,3,FULL,26-09-2025,11:59:31,26-09-2025,12:01:26,26-09-2025,12:03:50,COMPLETED,0,1
79KWH,8,3,FULL,26-09-2025,12:03:56,26-09-2025,12:06:01,26-09-2025,12:08:22,COMPLETED,0,1
79KWH,8,3,FULL,26-09-2025,12:08:33,26-09-2025,12:10:31,26-09-2025,12:12:55,COMPLETED,0,1
79KWH,8,3,FULL,26-09-2025,12:13:00,26-09-2025,12:13:04,26-09-2025,12:14:34,COMPLETED,0,1
79KWH,8,3,FULL,26-09-2025,12:14:45,26-09-2025,12:16:43,26-09-2025,12:19:08,COMPLETED,0,1
79KWH,8,3,FULL,26-09-2025,12:19:14,26-09-2025,12:19:20,26-09-2025,12:20:50,COMPLETED,0,1
79KWH,8,3,FULL,26-09-2025,12:20:58,26-09-2025,12:22:52,26-09-2025,12:25:18,COMPLETED,0,1
79KWH,8,3,FULL,26-09-2025,12:25:24,26-09-2025,12:25:30,26-09-2025,12:27:03,COMPLETED,0,1
79KWH,8,3,FULL,26-09-2025,12:27:12,26-09-2025,12:27:13,26-09-2025,12:28:46,COMPLETED,0,1
79KWH,8,3,FULL,26-09-2025,12:28:52,26-09-2025,12:28:56,26-09-2025,12:30:34,COMPLETED,0,1
79KWH,8,3,FULL,26-09-2025,12:30:44,26-09-2025,12:32:37,26-09-2025,12:35:04,COMPLETED,0,1
79KWH,8,3,FULL,26-09-2025,12:35:12,26-09-2025,12:37:08,26-09-2025,12:39:33,COMPLETED,0,1
79KWH,8,3,FULL,26-09-2025,12:39:42,26-09-2025,12:41:40,26-09-2025,12:44:08,COMPLETED,0,1
79KWH,8,3,FULL,26-09-2025,12:44:15,26-09-2025,12:44:21,26-09-2025,12:45:57,COMPLETED,0,1
79KWH,8,3,FULL,26-09-2025,12:46:05,26-09-2025,12:46:07,26-09-2025,12:47:51,COMPLETED,0,1
79KWH,8,3,FULL,26-09-2025,12:47:57,26-09-2025,12:48:03,26-09-2025,12:49:39,COMPLETED,0,1
79KWH,8,3,FULL,26-09-2025,12:49:48,26-09-2025,12:49:49,26-09-2025,12:51:25,COMPLETED,0,1
79KWH,8,3,FULL,26-09-2025,12:51:31,26-09-2025,12:56:24,26-09-2025,12:58:53,COMPLETED,0,1
79KWH,8,3,FULL,26-09-2025,12:59:02,26-09-2025,13:00:56,26-09-2025,13:03:26,COMPLETED,0,1
79KWH,8,3,FULL,26-09-2025,13:03:32,26-09-2025,13:03:38,26-09-2025,13:05:25,COMPLETED,0,1
79KWH,8,3,FULL,26-09-2025,13:05:33,26-09-2025,13:05:34,26-09-2025,13:07:15,COMPLETED,0,1
79KWH,8,3,FULL,26-09-2025,13:07:21,26-09-2025,13:09:12,26-09-2025,13:11:39,COMPLETED,0,1
79KWH,8,3,FULL,26-09-2025,13:11:48,26-09-2025,13:11:50,26-09-2025,13:13:40,COMPLETED,0,1
79KWH,8,3,FULL,26-09-2025,13:13:46,26-09-2025,13:13:52,26-09-2025,13:15:41,COMPLETED,0,1
79KWH,8,3,FULL,26-09-2025,13:15:51,26-09-2025,13:17:42,26-09-2025,13:20:14,COMPLETED,0,1
79KWH,8,3,FULL,26-09-2025,13:20:20,26-09-2025,13:20:23,26-09-2025,13:22:04,COMPLETED,0,1
79KWH,8,3,FULL,26-09-2025,13:22:15,26-09-2025,13:24:01,26-09-2025,13:26:34,COMPLETED,0,1
79KWH,8,3,FULL,26-09-2025,13:26:39,26-09-2025,13:26:46,26-09-2025,13:28:31,COMPLETED,0,1
79KWH,8,3,FULL,26-09-2025,13:39:53,26-09-2025,13:40:18,26-09-2025,13:42:51,COMPLETED,0,1
79KWH,8,3,FULL,26-09-2025,13:42:57,26-09-2025,13:43:03,26-09-2025,13:44:48,COMPLETED,0,1
79KWH,8,3,FULL,26-09-2025,13:44:56,26-09-2025,13:44:58,26-09-2025,13:46:46,COMPLETED,0,1
79KWH,8,3,FULL,26-09-2025,13:46:52,26-09-2025,13:48:44,26-09-2025,13:51:14,COMPLETED,0,1
79KWH,8,3,FULL,26-09-2025,13:51:23,26-09-2025,13:51:25,26-09-2025,13:53:14,COMPLETED,0,1
79KWH,8,3,FULL,26-09-2025,13:53:20,26-09-2025,13:55:15,26-09-2025,13:57:47,COMPLETED,0,1
79KWH,8,3,FULL,26-09-2025,13:57:57,26-09-2025,13:59:41,26-09-2025,14:02:16,COMPLETED,0,1
79KWH,8,3,FULL,26-09-2025,14:02:22,26-09-2025,14:02:29,26-09-2025,14:04:19,COMPLETED,0,1
79KWH,8,3,FULL,26-09-2025,14:04:28,26-09-2025,14:04:30,26-09-2025,14:06:31,COMPLETED,0,1
79KWH,8,3,FULL,26-09-2025,14:06:37,26-09-2025,14:08:32,26-09-2025,14:11:05,COMPLETED,0,1
79KWH,8,3,FULL,26-09-2025,14:11:16,26-09-2025,14:12:57,26-09-2025,14:15:33,COMPLETED,0,1
79KWH,8,3,FULL,26-09-2025,14:15:40,26-09-2025,14:17:28,26-09-2025,14:20:02,COMPLETED,0,1
79KWH,8,3,FULL,26-09-2025,14:20:11,26-09-2025,14:20:13,26-09-2025,14:22:03,COMPLETED,0,1
79KWH,8,3,FULL,26-09-2025,14:22:10,26-09-2025,14:22:16,26-09-2025,14:24:09,COMPLETED,0,1
79KWH,8,3,FULL,26-09-2025,14:24:18,26-09-2025,14:24:20,26-09-2025,14:26:23,COMPLETED,0,1
79KWH,8,3,FULL,26-09-2025,14:26:30,26-09-2025,14:26:35,26-09-2025,14:28:30,COMPLETED,0,1
79KWH,8,3,FULL,26-09-2025,14:28:38,26-09-2025,14:28:40,26-09-2025,14:30:38,COMPLETED,0,1
79KWH,8,3,FULL,26-09-2025,14:30:44,26-09-2025,14:30:51,26-09-2025,14:32:41,COMPLETED,0,1
79KWH,8,3,FULL,26-09-2025,14:32:50,26-09-2025,14:34:29,26-09-2025,14:37:09,COMPLETED,0,1
79KWH,8,3,FULL,26-09-2025,14:37:15,26-09-2025,14:39:06,26-09-2025,14:41:46,COMPLETED,0,1
79KWH,8,3,FULL,26-09-2025,14:41:55,26-09-2025,14:41:57,26-09-2025,14:43:57,COMPLETED,0,1
79KWH,8,3,FULL,26-09-2025,14:44:02,26-09-2025,14:44:08,26-09-2025,14:46:07,COMPLETED,0,1
79KWH,8,3,FULL,26-09-2025,14:46:17,26-09-2025,14:47:56,26-09-2025,14:50:36,COMPLETED,0,1
79KWH,8,3,FULL,26-09-2025,14:50:42,26-09-2025,14:52:30,26-09-2025,14:55:07,COMPLETED,0,1
79KWH,8,3,FULL,26-09-2025,14:55:16,26-09-2025,14:55:18,26-09-2025,14:57:20,COMPLETED,0,1
79KWH,8,3,FULL,26-09-2025,14:57:26,26-09-2025,14:57:29,26-09-2025,14:59:32,COMPLETED,0,1
79KWH,8,3,FULL,26-09-2025,14:59:41,26-09-2025,14:59:42,26-09-2025,15:01:46,COMPLETED,0,1
79KWH,8,3,FULL,26-09-2025,15:01:51,26-09-2025,15:01:58,26-09-2025,15:04:03,COMPLETED,0,1
79KWH,8,3,FULL,26-09-2025,15:04:12,26-09-2025,15:04:14,26-09-2025,15:06:20,COMPLETED,0,1
79KWH,8,3,FULL,26-09-2025,15:06:26,26-09-2025,15:06:33,26-09-2025,15:08:37,COMPLETED,0,1
79KWH,8,3,FULL,26-09-2025,15:08:47,26-09-2025,15:08:48,26-09-2025,15:10:55,COMPLETED,0,1
79KWH,8,3,FULL,26-09-2025,15:11:01,26-09-2025,15:11:06,26-09-2025,15:13:12,COMPLETED,0,1
79KWH,8,3,FULL,26-09-2025,15:13:21,26-09-2025,15:13:22,26-09-2025,15:15:38,COMPLETED,0,1
79KWH,8,3,FULL,26-09-2025,15:15:45,26-09-2025,15:15:52,26-09-2025,15:17:59,COMPLETED,0,1
79KWH,8,3,FULL,26-09-2025,15:18:09,26-09-2025,15:18:11,26-09-2025,15:20:21,COMPLETED,0,1
79KWH,8,3,FULL,26-09-2025,15:20:28,26-09-2025,15:20:34,26-09-2025,15:22:42,COMPLETED,0,1
79KWH,8,3,FULL,26-09-2025,15:22:51,26-09-2025,15:22:52,26-09-2025,15:25:03,COMPLETED,0,1
79KWH,8,3,FULL,26-09-2025,15:25:10,26-09-2025,15:25:17,26-09-2025,15:27:26,COMPLETED,0,1
79KWH,8,3,FULL,26-09-2025,15:27:36,26-09-2025,15:27:36,26-09-2025,15:29:49,COMPLETED,0,1
79KWH,8,3,FULL,26-09-2025,15:29:56,26-09-2025,15:30:02,26-09-2025,15:32:07,COMPLETED,0,1
79KWH,8,3,FULL,26-09-2025,15:32:18,26-09-2025,15:32:18,26-09-2025,15:34:40,COMPLETED,0,1
79KWH,8,3,FULL,26-09-2025,15:34:47,26-09-2025,15:34:52,26-09-2025,15:37:06,COMPLETED,0,1
79KWH,8,3,FULL,26-09-2025,15:37:15,26-09-2025,15:37:15,26-09-2025,15:39:30,COMPLETED,0,1
79KWH,8,3,FULL,26-09-2025,15:39:36,26-09-2025,15:39:39,26-09-2025,15:41:53,COMPLETED,0,1
79KWH,8,3,FULL,26-09-2025,15:42:03,26-09-2025,15:42:04,26-09-2025,15:44:20,COMPLETED,0,1
79KWH,8,3,FULL,29-09-2025,23:13:13,29-09-2025,23:13:14,29-09-2025,23:16:03,COMPLETED,0,1
79KWH,8,3,FULL,29-09-2025,23:18:27,29-09-2025,23:18:27,29-09-2025,23:20:41,COMPLETED,0,1
79KWH,8,3,FULL,29-09-2025,23:26:24,29-09-2025,23:26:25,29-09-2025,23:29:14,COMPLETED,0,1
79KWH,8,3,FULL,29-09-2025,23:29:19,29-09-2025,23:29:26,29-09-2025,23:31:38,COMPLETED,0,1
79KWH,8,3,FULL,29-09-2025,23:31:47,29-09-2025,23:31:48,29-09-2025,23:34:09,COMPLETED,0,1
79KWH,8,3,FULL,29-09-2025,23:34:14,29-09-2025,23:34:22,29-09-2025,23:36:41,COMPLETED,0,1
79KWH,8,3,FULL,29-09-2025,23:36:50,29-09-2025,23:36:51,29-09-2025,23:39:13,COMPLETED,0,1
79KWH,8,3,FULL,29-09-2025,23:39:19,29-09-2025,23:39:24,29-09-2025,23:41:38,COMPLETED,0,1
79KWH,8,3,FULL,29-09-2025,23:41:48,29-09-2025,23:41:49,29-09-2025,23:44:12,COMPLETED,0,1
79KWH,8,3,FULL,29-09-2025,23:44:18,29-09-2025,23:44:24,29-09-2025,23:48:05,COMPLETED,0,1
79KWH,8,3,FULL,29-09-2025,23:48:15,29-09-2025,23:48:16,29-09-2025,23:50:40,COMPLETED,0,1
79KWH,8,3,FULL,29-09-2025,23:50:47,29-09-2025,23:50:52,29-09-2025,23:53:11,COMPLETED,0,1
79KWH,8,3,FULL,30-09-2025,06:50:18,30-09-2025,06:50:18,30-09-2025,06:53:10,COMPLETED,0,1
79KWH,8,3,FULL,30-09-2025,06:53:17,30-09-2025,07:21:31,30-09-2025,07:24:15,COMPLETED,0,1
79KWH,8,3,FULL,30-09-2025,07:24:24,30-09-2025,07:24:25,30-09-2025,07:27:38,COMPLETED,0,1
79KWH,8,3,FULL,30-09-2025,07:27:44,30-09-2025,07:27:47,30-09-2025,07:30:07,COMPLETED,0,1
79KWH,8,3,FULL,30-09-2025,07:30:18,30-09-2025,07:30:18,30-09-2025,07:32:46,COMPLETED,0,1
79KWH,8,3,FULL,30-09-2025,07:32:52,30-09-2025,07:32:59,30-09-2025,07:35:52,COMPLETED,0,1
79KWH,8,3,FULL,30-09-2025,07:36:02,30-09-2025,07:36:03,30-09-2025,07:41:45,COMPLETED,0,1
79KWH,8,3,FULL,30-09-2025,07:41:51,30-09-2025,07:41:58,30-09-2025,07:44:20,COMPLETED,0,1
79KWH,8,3,FULL,30-09-2025,07:44:29,30-09-2025,07:45:57,30-09-2025,07:48:52,COMPLETED,0,1
79KWH,8,3,FULL,30-09-2025,07:48:57,30-09-2025,07:49:05,30-09-2025,07:51:42,COMPLETED,0,1
79KWH,8,3,FULL,30-09-2025,07:51:52,30-09-2025,07:53:24,30-09-2025,07:56:19,COMPLETED,0,1
79KWH,8,3,FULL,30-09-2025,07:56:24,30-09-2025,07:56:31,30-09-2025,07:58:56,COMPLETED,0,1
79KWH,8,3,FULL,30-09-2025,07:59:05,30-09-2025,08:00:32,30-09-2025,08:03:28,COMPLETED,0,1
79KWH,8,3,FULL,30-09-2025,08:03:34,30-09-2025,08:03:40,30-09-2025,08:06:07,COMPLETED,0,1
79KWH,8,3,FULL,30-09-2025,08:06:16,30-09-2025,08:07:48,30-09-2025,08:10:46,COMPLETED,0,1
79KWH,8,3,FULL,30-09-2025,08:10:52,30-09-2025,08:10:59,30-09-2025,08:13:27,COMPLETED,0,1
79KWH,8,3,FULL,30-09-2025,08:13:38,30-09-2025,08:13:39,30-09-2025,08:16:14,COMPLETED,0,1
79KWH,8,3,FULL,30-09-2025,08:16:21,30-09-2025,08:16:27,30-09-2025,08:21:03,COMPLETED,0,1
79KWH,8,3,FULL,30-09-2025,08:21:14,30-09-2025,08:22:39,30-09-2025,08:25:38,COMPLETED,0,1
79KWH,8,3,FULL,30-09-2025,08:25:44,30-09-2025,08:25:52,30-09-2025,08:28:23,COMPLETED,0,1
79KWH,8,3,FULL,30-09-2025,08:28:33,30-09-2025,08:28:35,30-09-2025,08:31:14,COMPLETED,0,1
79KWH,8,3,FULL,30-09-2025,08:31:20,30-09-2025,08:31:26,30-09-2025,08:34:31,COMPLETED,0,1
79KWH,8,3,FULL,30-09-2025,08:34:44,30-09-2025,08:36:11,30-09-2025,08:39:12,COMPLETED,0,1
79KWH,8,3,FULL,30-09-2025,08:39:18,30-09-2025,08:39:24,30-09-2025,08:41:57,COMPLETED,0,1
79KWH,8,3,FULL,30-09-2025,08:42:09,30-09-2025,08:43:32,30-09-2025,08:46:33,COMPLETED,0,1
79KWH,8,3,FULL,30-09-2025,08:46:39,30-09-2025,08:46:44,30-09-2025,08:49:56,COMPLETED,0,1
79KWH,8,3,FULL,30-09-2025,08:50:06,30-09-2025,08:50:07,30-09-2025,08:52:50,COMPLETED,0,1
79KWH,8,3,FULL,30-09-2025,08:52:56,30-09-2025,08:53:02,30-09-2025,08:55:38,COMPLETED,0,1
79KWH,8,3,FULL,30-09-2025,08:55:49,30-09-2025,08:57:17,30-09-2025,09:00:19,COMPLETED,0,1
79KWH,8,3,FULL,30-09-2025,09:00:25,30-09-2025,09:00:31,30-09-2025,09:05:19,COMPLETED,0,1
79KWH,8,3,FULL,30-09-2025,09:05:29,30-09-2025,09:05:30,30-09-2025,09:08:38,COMPLETED,0,1
79KWH,8,3,FULL,30-09-2025,09:08:44,30-09-2025,09:08:47,30-09-2025,09:42:43,COMPLETED,0,1
79KWH,8,2,FULL,30-09-2025,10:48:42,30-09-2025,10:48:42,30-09-2025,10:50:43,COMPLETED,0,1
79KWH,8,2,FULL,30-09-2025,10:50:52,30-09-2025,10:50:54,30-09-2025,10:51:43,COMPLETED,0,1
79KWH,8,2,FULL,30-09-2025,10:51:57,30-09-2025,10:51:59,30-09-2025,10:52:51,COMPLETED,0,1
79KWH,8,2,FULL,30-09-2025,10:53:00,30-09-2025,10:53:01,30-09-2025,10:53:52,COMPLETED,0,1
79KWH,8,2,FULL,30-09-2025,10:54:06,30-09-2025,10:54:08,30-09-2025,10:55:03,COMPLETED,0,1
79KWH,8,2,FULL,30-09-2025,10:55:10,30-09-2025,10:55:12,30-09-2025,10:56:06,COMPLETED,0,1
79KWH,8,2,FULL,30-09-2025,10:56:19,30-09-2025,10:56:19,30-09-2025,10:57:16,COMPLETED,0,1
79KWH,8,2,FULL,30-09-2025,10:57:22,30-09-2025,10:57:26,30-09-2025,10:58:21,COMPLETED,0,1
79KWH,8,2,FULL,30-09-2025,10:58:35,30-09-2025,10:58:36,30-09-2025,10:59:35,COMPLETED,0,1
79KWH,8,2,FULL,30-09-2025,10:59:41,30-09-2025,10:59:44,30-09-2025,11:00:40,COMPLETED,0,1
79KWH,8,2,FULL,30-09-2025,11:00:53,30-09-2025,11:00:54,30-09-2025,11:01:54,COMPLETED,0,1
79KWH,8,2,FULL,30-09-2025,11:02:00,30-09-2025,11:02:03,30-09-2025,11:03:02,COMPLETED,0,1
79KWH,8,2,FULL,30-09-2025,11:03:12,30-09-2025,11:03:13,30-09-2025,11:04:13,COMPLETED,0,1
79KWH,8,2,FULL,30-09-2025,11:04:20,30-09-2025,11:04:22,30-09-2025,11:05:21,COMPLETED,0,1
79KWH,8,2,FULL,30-09-2025,11:05:33,30-09-2025,11:05:34,30-09-2025,11:06:37,COMPLETED,0,1
79KWH,8,2,FULL,30-09-2025,11:06:44,30-09-2025,11:06:45,30-09-2025,11:07:47,COMPLETED,0,1
79KWH,8,2,FULL,30-09-2025,11:07:59,30-09-2025,11:08:00,30-09-2025,11:09:04,COMPLETED,0,1
79KWH,8,2,FULL,30-09-2025,11:09:10,30-09-2025,11:09:13,30-09-2025,11:10:16,COMPLETED,0,1
79KWH,8,2,FULL,30-09-2025,11:10:27,30-09-2025,11:10:29,30-09-2025,11:11:34,COMPLETED,0,1
79KWH,8,2,FULL,30-09-2025,11:11:40,30-09-2025,11:11:43,30-09-2025,11:12:46,COMPLETED,0,1
79KWH,8,2,FULL,30-09-2025,11:12:57,30-09-2025,11:12:57,30-09-2025,11:14:04,COMPLETED,0,1
79KWH,8,3,FULL,30-09-2025,11:32:19,30-09-2025,11:32:20,30-09-2025,11:34:07,COMPLETED,0,1
79KWH,8,2,FULL,30-09-2025,11:39:41,30-09-2025,11:39:41,30-09-2025,11:40:47,COMPLETED,0,1
79KWH,8,2,FULL,30-09-2025,11:41:00,30-09-2025,11:41:01,30-09-2025,11:42:09,COMPLETED,0,1
79KWH,8,2,FULL,30-09-2025,11:42:16,30-09-2025,11:42:18,30-09-2025,11:43:25,COMPLETED,0,1
79KWH,8,2,FULL,30-09-2025,11:43:35,30-09-2025,11:43:36,30-09-2025,11:44:45,COMPLETED,0,1
79KWH,8,2,FULL,30-09-2025,11:44:51,30-09-2025,11:44:54,30-09-2025,11:46:01,COMPLETED,0,1
79KWH,8,2,FULL,30-09-2025,11:46:13,30-09-2025,11:46:14,30-09-2025,11:47:25,COMPLETED,0,1
79KWH,8,2,FULL,30-09-2025,11:47:31,30-09-2025,11:47:34,30-09-2025,11:48:43,COMPLETED,0,1
79KWH,8,2,FULL,30-09-2025,11:48:55,30-09-2025,11:48:57,30-09-2025,11:50:08,COMPLETED,0,1
79KWH,8,2,FULL,30-09-2025,11:50:16,30-09-2025,11:50:20,30-09-2025,11:51:30,COMPLETED,0,1
79KWH,8,2,FULL,30-09-2025,11:51:41,30-09-2025,11:51:42,30-09-2025,11:52:55,COMPLETED,0,1
79KWH,8,3,FULL,30-09-2025,11:52:45,30-09-2025,11:52:46,30-09-2025,11:54:47,COMPLETED,0,1
79KWH,8,3,FULL,30-09-2025,11:55:09,30-09-2025,11:57:04,30-09-2025,11:59:20,COMPLETED,0,1
79KWH,8,3,FULL,30-09-2025,12:04:54,30-09-2025,12:06:08,30-09-2025,12:14:41,COMPLETED,0,1
79KWH,8,3,FULL,30-09-2025,12:15:08,30-09-2025,12:20:24,30-09-2025,12:22:25,COMPLETED,0,1
79KWH,8,3,FULL,30-09-2025,12:22:49,30-09-2025,12:24:40,30-09-2025,12:26:46,COMPLETED,0,1
79KWH,8,3,FULL,30-09-2025,12:26:51,30-09-2025,12:26:55,30-09-2025,12:27:50,COMPLETED,0,1
79KWH,8,2,FULL,30-09-2025,12:32:01,30-09-2025,12:32:54,30-09-2025,12:35:04,COMPLETED,0,1
79KWH,8,3,FULL,30-09-2025,12:32:05,30-09-2025,12:32:07,30-09-2025,12:34:13,COMPLETED,0,1
79KWH,8,3,FULL,30-09-2025,12:34:30,30-09-2025,12:34:31,30-09-2025,12:35:29,COMPLETED,0,1
79KWH,8,2,FULL,30-09-2025,12:35:43,30-09-2025,12:37:30,30-09-2025,12:39:44,COMPLETED,0,1
79KWH,8,3,FULL,30-09-2025,12:36:28,30-09-2025,12:36:29,30-09-2025,12:37:29,COMPLETED,0,1
79KWH,8,3,FULL,30-09-2025,12:38:11,30-09-2025,12:38:12,30-09-2025,12:43:10,COMPLETED,0,1
79KWH,8,2,FULL,30-09-2025,12:39:50,30-09-2025,12:39:53,30-09-2025,12:41:06,COMPLETED,0,1
79KWH,8,2,FULL,30-09-2025,12:41:20,30-09-2025,12:41:20,30-09-2025,12:42:37,COMPLETED,0,1
79KWH,8,2,FULL,30-09-2025,12:43:00,30-09-2025,12:43:00,30-09-2025,12:44:15,COMPLETED,0,1
79KWH,8,3,FULL,30-09-2025,12:43:26,30-09-2025,12:43:27,30-09-2025,12:44:28,COMPLETED,0,1
79KWH,8,3,FULL,30-09-2025,12:44:35,30-09-2025,12:44:37,30-09-2025,12:45:40,COMPLETED,0,1
79KWH,8,2,FULL,30-09-2025,12:44:56,30-09-2025,12:44:56,30-09-2025,12:46:13,COMPLETED,0,1
79KWH,8,3,FULL,30-09-2025,12:45:58,30-09-2025,12:45:58,30-09-2025,12:47:00,COMPLETED,0,1
79KWH,8,2,FULL,30-09-2025,12:46:44,30-09-2025,12:46:44,30-09-2025,12:48:00,COMPLETED,0,1
79KWH,8,3,FULL,30-09-2025,12:47:06,30-09-2025,12:47:09,30-09-2025,12:48:09,COMPLETED,0,1
79KWH,8,3,FULL,30-09-2025,12:48:26,30-09-2025,12:48:26,30-09-2025,12:49:30,COMPLETED,0,1
79KWH,8,2,FULL,30-09-2025,12:48:44,30-09-2025,12:48:45,30-09-2025,12:50:04,COMPLETED,0,1
79KWH,8,3,FULL,30-09-2025,12:49:36,30-09-2025,12:49:40,30-09-2025,12:50:43,COMPLETED,0,1
79KWH,8,2,FULL,30-09-2025,12:50:26,30-09-2025,12:50:27,30-09-2025,12:51:44,COMPLETED,0,1
79KWH,8,3,FULL,30-09-2025,12:50:58,30-09-2025,12:50:58,30-09-2025,13:39:45,COMPLETED,0,1
79KWH,8,2,FULL,30-09-2025,12:52:24,30-09-2025,12:52:25,30-09-2025,12:53:45,COMPLETED,0,1
79KWH,8,2,FULL,30-09-2025,12:54:11,30-09-2025,12:54:12,30-09-2025,12:55:31,COMPLETED,0,1
79KWH,8,2,FULL,30-09-2025,12:58:11,30-09-2025,12:58:12,30-09-2025,12:59:35,COMPLETED,0,1
79KWH,8,2,FULL,30-09-2025,12:59:59,30-09-2025,13:00:00,30-09-2025,13:01:21,COMPLETED,0,1
79KWH,8,2,FULL,30-09-2025,13:01:56,30-09-2025,13:04:13,30-09-2025,13:06:31,COMPLETED,0,1
79KWH,8,2,FULL,30-09-2025,13:06:45,30-09-2025,13:09:03,30-09-2025,13:11:22,COMPLETED,0,1
79KWH,8,2,FULL,30-09-2025,13:11:28,30-09-2025,13:13:49,30-09-2025,13:16:06,COMPLETED,0,1
79KWH,8,2,FULL,30-09-2025,13:16:12,30-09-2025,13:18:35,30-09-2025,13:20:51,COMPLETED,0,1
79KWH,8,2,FULL,30-09-2025,13:21:02,30-09-2025,13:21:03,30-09-2025,13:22:28,COMPLETED,0,1
79KWH,8,2,FULL,30-09-2025,13:22:36,30-09-2025,13:22:38,30-09-2025,13:24:03,COMPLETED,0,1
79KWH,8,2,FULL,30-09-2025,13:24:15,30-09-2025,13:24:17,30-09-2025,13:25:45,COMPLETED,0,1
79KWH,8,2,FULL,30-09-2025,13:25:52,30-09-2025,13:25:54,30-09-2025,13:27:20,COMPLETED,0,1
79KWH,8,2,FULL,30-09-2025,13:27:32,30-09-2025,13:27:32,30-09-2025,13:29:01,COMPLETED,0,1
79KWH,8,2,FULL,30-09-2025,13:29:08,30-09-2025,13:29:11,30-09-2025,13:30:39,COMPLETED,0,1
79KWH,8,2,FULL,30-09-2025,13:30:51,30-09-2025,13:30:51,30-09-2025,13:32:22,COMPLETED,0,1
79KWH,8,2,FULL,30-09-2025,13:32:28,30-09-2025,13:32:31,30-09-2025,13:33:59,COMPLETED,0,1
79KWH,8,2,FULL,30-09-2025,13:34:10,30-09-2025,13:34:12,30-09-2025,13:35:45,COMPLETED,0,1
79KWH,8,2,FULL,30-09-2025,13:35:51,30-09-2025,13:35:54,30-09-2025,13:37:26,COMPLETED,0,1
79KWH,8,2,FULL,30-09-2025,13:37:38,30-09-2025,13:37:40,30-09-2025,13:39:14,COMPLETED,0,1
79KWH,8,2,FULL,30-09-2025,13:39:21,30-09-2025,13:39:23,30-09-2025,13:40:55,COMPLETED,0,1
79KWH,8,3,FULL,30-09-2025,13:39:51,30-09-2025,13:39:55,30-09-2025,13:40:59,COMPLETED,0,1
79KWH,8,2,FULL,30-09-2025,13:41:06,30-09-2025,13:41:07,30-09-2025,13:42:42,COMPLETED,0,1
79KWH,8,3,FULL,30-09-2025,13:41:14,30-09-2025,13:41:15,30-09-2025,13:42:21,COMPLETED,0,1
79KWH,8,3,FULL,30-09-2025,13:42:28,30-09-2025,13:42:31,30-09-2025,13:43:35,COMPLETED,0,1
79KWH,8,2,FULL,30-09-2025,13:42:48,30-09-2025,13:42:51,30-09-2025,13:44:24,COMPLETED,0,1
79KWH,8,3,FULL,30-09-2025,13:43:52,30-09-2025,13:43:52,30-09-2025,13:44:59,COMPLETED,0,1
79KWH,8,2,FULL,30-09-2025,13:44:37,30-09-2025,13:44:38,30-09-2025,13:46:12,COMPLETED,0,1
79KWH,8,3,FULL,30-09-2025,13:45:05,30-09-2025,13:45:08,30-09-2025,13:46:14,COMPLETED,0,1
79KWH,8,2,FULL,30-09-2025,13:46:18,30-09-2025,13:46:22,30-09-2025,13:47:57,COMPLETED,0,1
79KWH,8,3,FULL,30-09-2025,13:46:30,30-09-2025,13:46:31,30-09-2025,13:47:40,COMPLETED,0,1
79KWH,8,3,FULL,30-09-2025,13:47:46,30-09-2025,13:47:49,30-09-2025,13:48:57,COMPLETED,0,1
79KWH,8,2,FULL,30-09-2025,13:48:09,30-09-2025,13:50:27,30-09-2025,13:52:51,COMPLETED,0,1
79KWH,8,3,FULL,30-09-2025,13:49:12,30-09-2025,13:49:13,30-09-2025,13:50:23,COMPLETED,0,1
79KWH,8,3,FULL,30-09-2025,13:50:29,30-09-2025,13:50:33,30-09-2025,13:51:42,COMPLETED,0,1
79KWH,8,3,FULL,30-09-2025,13:51:58,30-09-2025,13:51:58,30-09-2025,13:53:10,COMPLETED,0,1
79KWH,8,2,FULL,30-09-2025,13:52:56,30-09-2025,13:53:00,30-09-2025,13:54:36,COMPLETED,0,1
79KWH,8,3,FULL,30-09-2025,13:53:16,30-09-2025,13:53:19,30-09-2025,13:54:29,COMPLETED,0,1
79KWH,8,3,FULL,30-09-2025,13:54:46,30-09-2025,13:54:48,30-09-2025,13:56:00,COMPLETED,0,1
79KWH,8,2,FULL,30-09-2025,13:54:49,30-09-2025,13:57:11,30-09-2025,13:59:36,COMPLETED,0,1
79KWH,8,3,FULL,30-09-2025,13:56:06,30-09-2025,13:56:09,30-09-2025,13:57:19,COMPLETED,0,1
79KWH,8,3,FULL,30-09-2025,13:57:38,30-09-2025,13:57:40,30-09-2025,13:58:55,COMPLETED,0,1
79KWH,8,3,FULL,30-09-2025,13:59:02,30-09-2025,13:59:04,30-09-2025,14:00:19,COMPLETED,0,1
79KWH,8,2,FULL,30-09-2025,13:59:42,30-09-2025,13:59:45,30-09-2025,14:01:23,COMPLETED,0,1
79KWH,8,3,FULL,30-09-2025,14:00:37,30-09-2025,14:00:38,30-09-2025,14:01:55,COMPLETED,0,1
79KWH,8,2,FULL,30-09-2025,14:01:36,30-09-2025,14:03:52,30-09-2025,14:06:19,COMPLETED,0,1
79KWH,8,3,FULL,30-09-2025,14:02:01,30-09-2025,14:02:04,30-09-2025,14:03:20,COMPLETED,0,1
79KWH,8,3,FULL,30-09-2025,14:03:36,30-09-2025,14:03:37,30-09-2025,14:04:55,COMPLETED,0,1
79KWH,8,3,FULL,30-09-2025,14:05:00,30-09-2025,14:05:04,30-09-2025,14:06:20,COMPLETED,0,1
79KWH,8,2,FULL,30-09-2025,14:06:25,30-09-2025,14:06:28,30-09-2025,14:08:08,COMPLETED,0,1
79KWH,8,3,FULL,30-09-2025,14:06:37,30-09-2025,14:08:28,30-09-2025,14:10:44,COMPLETED,0,1
79KWH,8,3,FULL,30-09-2025,14:10:50,30-09-2025,14:10:54,30-09-2025,14:12:11,COMPLETED,0,1
79KWH,8,3,FULL,30-09-2025,14:12:32,30-09-2025,14:12:36,30-09-2025,14:13:56,COMPLETED,0,1
79KWH,8,3,FULL,30-09-2025,14:28:44,30-09-2025,14:28:45,30-09-2025,14:30:03,COMPLETED,0,1
79KWH,8,2,FULL,30-09-2025,14:28:55,30-09-2025,14:28:56,30-09-2025,14:31:23,COMPLETED,0,1
79KWH,8,3,FULL,30-09-2025,14:30:50,30-09-2025,14:30:51,30-09-2025,14:32:14,COMPLETED,0,1
79KWH,8,2,FULL,30-09-2025,14:31:29,30-09-2025,14:31:32,30-09-2025,14:33:11,COMPLETED,0,1
79KWH,8,3,FULL,30-09-2025,14:32:27,30-09-2025,14:32:28,30-09-2025,14:33:48,COMPLETED,0,1
79KWH,8,2,FULL,30-09-2025,14:33:24,30-09-2025,14:35:41,30-09-2025,14:38:09,COMPLETED,0,1
79KWH,8,3,FULL,30-09-2025,14:34:29,30-09-2025,14:34:30,30-09-2025,14:35:53,COMPLETED,0,1
79KWH,8,3,FULL,30-09-2025,14:36:10,30-09-2025,14:36:11,30-09-2025,14:37:32,COMPLETED,0,1
79KWH,8,3,FULL,30-09-2025,14:37:47,30-09-2025,14:37:49,30-09-2025,14:39:15,COMPLETED,0,1
79KWH,8,2,FULL,30-09-2025,14:38:16,30-09-2025,14:38:18,30-09-2025,14:40:00,COMPLETED,0,1
79KWH,8,3,FULL,30-09-2025,14:39:20,30-09-2025,14:39:24,30-09-2025,14:40:48,COMPLETED,0,1
79KWH,8,2,FULL,30-09-2025,14:40:11,30-09-2025,14:42:37,30-09-2025,14:45:05,COMPLETED,0,1
79KWH,8,3,FULL,30-09-2025,14:41:03,30-09-2025,14:41:03,30-09-2025,14:42:29,COMPLETED,0,1
79KWH,8,3,FULL,30-09-2025,14:42:37,30-09-2025,14:42:39,30-09-2025,14:44:04,COMPLETED,0,1
79KWH,8,3,FULL,30-09-2025,14:44:18,30-09-2025,14:44:19,30-09-2025,14:45:47,COMPLETED,0,1
79KWH,8,2,FULL,30-09-2025,14:45:11,30-09-2025,14:45:14,30-09-2025,14:46:56,COMPLETED,0,1
79KWH,8,3,FULL,30-09-2025,14:45:53,30-09-2025,14:45:56,30-09-2025,14:47:23,COMPLETED,0,1
79KWH,8,2,FULL,30-09-2025,14:47:07,30-09-2025,14:49:24,30-09-2025,14:51:53,COMPLETED,0,1
79KWH,8,3,FULL,30-09-2025,14:47:38,30-09-2025,14:47:39,30-09-2025,14:49:08,COMPLETED,0,1
79KWH,8,3,FULL,30-09-2025,14:49:15,30-09-2025,14:49:17,30-09-2025,14:50:43,COMPLETED,0,1
79KWH,8,3,FULL,30-09-2025,14:51:01,30-09-2025,14:51:01,30-09-2025,14:52:31,COMPLETED,0,1
79KWH,8,2,FULL,30-09-2025,14:51:59,30-09-2025,14:52:03,30-09-2025,14:53:47,COMPLETED,0,1
79KWH,8,3,FULL,30-09-2025,16:21:59,30-09-2025,16:22:01,30-09-2025,16:23:29,COMPLETED,0,1
79KWH,8,2,FULL,30-09-2025,16:22:12,30-09-2025,16:22:13,30-09-2025,16:24:43,COMPLETED,0,1
79KWH,8,3,FULL,30-09-2025,16:24:00,30-09-2025,16:24:01,30-09-2025,16:25:33,COMPLETED,0,1
79KWH,8,2,FULL,30-09-2025,16:24:50,30-09-2025,16:24:53,30-09-2025,16:26:38,COMPLETED,0,1
79KWH,8,3,FULL,30-09-2025,16:25:42,30-09-2025,16:25:42,30-09-2025,16:27:12,COMPLETED,0,1
79KWH,8,2,FULL,30-09-2025,16:26:49,30-09-2025,16:26:49,30-09-2025,16:28:38,COMPLETED,0,1
79KWH,8,3,FULL,30-09-2025,16:27:41,30-09-2025,16:27:42,30-09-2025,16:29:14,COMPLETED,0,1
79KWH,8,2,FULL,30-09-2025,16:28:43,30-09-2025,16:28:47,30-09-2025,16:30:33,COMPLETED,0,1
79KWH,8,3,FULL,30-09-2025,16:29:25,30-09-2025,16:29:26,30-09-2025,16:30:57,COMPLETED,0,1
79KWH,8,2,FULL,30-09-2025,16:30:47,30-09-2025,16:30:47,30-09-2025,16:32:35,COMPLETED,0,1
79KWH,8,3,FULL,30-09-2025,16:31:30,30-09-2025,16:31:31,30-09-2025,16:33:05,COMPLETED,0,1
79KWH,8,2,FULL,30-09-2025,16:32:42,30-09-2025,16:32:44,30-09-2025,16:34:30,COMPLETED,0,1
79KWH,8,3,FULL,30-09-2025,16:33:11,30-09-2025,16:33:14,30-09-2025,16:34:47,COMPLETED,0,1
79KWH,8,2,FULL,30-09-2025,16:34:43,30-09-2025,16:34:45,30-09-2025,16:36:35,COMPLETED,0,1
79KWH,8,3,FULL,30-09-2025,16:35:11,30-09-2025,16:36:41,30-09-2025,16:39:05,COMPLETED,0,1
79KWH,8,2,FULL,30-09-2025,16:36:42,30-09-2025,16:36:44,30-09-2025,16:38:32,COMPLETED,0,1
79KWH,8,3,FULL,30-09-2025,16:39:11,30-09-2025,16:39:15,30-09-2025,16:40:49,COMPLETED,0,1
79KWH,8,2,FULL,30-09-2025,16:39:11,30-09-2025,16:39:11,30-09-2025,16:41:02,COMPLETED,0,1
79KWH,8,3,FULL,30-09-2025,16:41:05,30-09-2025,16:42:40,30-09-2025,16:45:10,COMPLETED,0,1
79KWH,8,2,FULL,30-09-2025,16:41:08,30-09-2025,16:41:10,30-09-2025,16:43:00,COMPLETED,0,1
79KWH,8,2,FULL,30-09-2025,16:43:12,30-09-2025,16:43:13,30-09-2025,16:45:06,COMPLETED,0,1
79KWH,8,2,FULL,30-09-2025,16:45:12,30-09-2025,16:45:16,30-09-2025,16:47:06,COMPLETED,0,1
79KWH,8,3,FULL,30-09-2025,16:45:16,30-09-2025,16:45:23,30-09-2025,16:46:59,COMPLETED,0,1
79KWH,8,3,FULL,30-09-2025,16:47:15,30-09-2025,16:48:51,30-09-2025,16:51:18,COMPLETED,0,1
79KWH,8,2,FULL,30-09-2025,16:47:18,30-09-2025,16:47:19,30-09-2025,16:49:12,COMPLETED,0,1
79KWH,8,2,FULL,30-09-2025,16:49:19,30-09-2025,16:49:21,30-09-2025,16:51:14,COMPLETED,0,1
79KWH,8,3,FULL,30-09-2025,16:51:24,30-09-2025,16:51:27,30-09-2025,16:53:04,COMPLETED,0,1
79KWH,8,2,FULL,30-09-2025,16:51:25,30-09-2025,16:51:26,30-09-2025,16:53:23,COMPLETED,0,1
79KWH,8,3,FULL,30-09-2025,16:53:19,30-09-2025,16:54:54,30-09-2025,16:57:22,COMPLETED,0,1
79KWH,8,2,FULL,30-09-2025,16:53:28,30-09-2025,16:53:32,30-09-2025,16:55:26,COMPLETED,0,1
79KWH,8,2,FULL,30-09-2025,16:55:39,30-09-2025,16:55:40,30-09-2025,16:57:37,COMPLETED,0,1
79KWH,8,3,FULL,30-09-2025,16:57:27,30-09-2025,16:59:13,30-09-2025,17:01:38,COMPLETED,0,1
79KWH,8,2,FULL,30-09-2025,16:57:43,30-09-2025,16:57:46,30-09-2025,16:59:42,COMPLETED,0,1
79KWH,8,2,FULL,30-09-2025,16:59:53,30-09-2025,16:59:54,30-09-2025,17:01:53,COMPLETED,0,1
79KWH,8,3,FULL,30-09-2025,17:01:53,30-09-2025,17:01:54,30-09-2025,17:03:36,COMPLETED,0,1
79KWH,8,2,FULL,30-09-2025,17:01:59,30-09-2025,17:02:02,30-09-2025,17:03:59,COMPLETED,0,1
79KWH,8,3,FULL,30-09-2025,17:03:41,30-09-2025,17:03:46,30-09-2025,17:05:27,COMPLETED,0,1
79KWH,8,2,FULL,30-09-2025,17:04:11,30-09-2025,17:04:12,30-09-2025,17:06:11,COMPLETED,0,1
79KWH,8,3,FULL,30-09-2025,17:05:42,30-09-2025,17:05:43,30-09-2025,17:07:27,COMPLETED,0,1
79KWH,8,2,FULL,30-09-2025,17:06:17,30-09-2025,17:06:20,30-09-2025,17:08:20,COMPLETED,0,1
79KWH,8,3,FULL,30-09-2025,17:07:33,30-09-2025,17:07:37,30-09-2025,17:09:20,COMPLETED,0,1
79KWH,8,2,FULL,30-09-2025,17:08:33,30-09-2025,17:08:36,30-09-2025,17:10:38,COMPLETED,0,1
79KWH,8,3,FULL,30-09-2025,17:09:36,30-09-2025,17:09:37,30-09-2025,17:11:23,COMPLETED,0,1
79KWH,8,2,FULL,30-09-2025,17:10:44,30-09-2025,17:10:47,30-09-2025,17:12:48,COMPLETED,0,1
79KWH,8,3,FULL,30-09-2025,17:11:29,30-09-2025,17:11:31,30-09-2025,17:13:15,COMPLETED,0,1
79KWH,8,2,FULL,30-09-2025,17:13:00,30-09-2025,17:13:01,30-09-2025,17:15:04,COMPLETED,0,1
79KWH,8,3,FULL,30-09-2025,17:13:31,30-09-2025,17:13:32,30-09-2025,17:15:19,COMPLETED,0,1
79KWH,8,2,FULL,30-09-2025,17:15:11,30-09-2025,17:15:14,30-09-2025,17:17:17,COMPLETED,0,1
79KWH,8,3,FULL,30-09-2025,17:15:26,30-09-2025,17:15:29,30-09-2025,17:17:14,COMPLETED,0,1
79KWH,8,2,FULL,30-09-2025,17:17:30,30-09-2025,17:17:31,30-09-2025,17:19:36,COMPLETED,0,1
79KWH,8,3,FULL,30-09-2025,17:17:32,30-09-2025,17:17:32,30-09-2025,17:19:20,COMPLETED,0,1
79KWH,8,3,FULL,30-09-2025,17:19:26,30-09-2025,17:19:29,30-09-2025,17:21:16,COMPLETED,0,1
79KWH,8,2,FULL,30-09-2025,17:19:42,30-09-2025,17:19:45,30-09-2025,17:21:50,COMPLETED,0,1
79KWH,8,3,FULL,30-09-2025,17:21:34,30-09-2025,17:21:35,30-09-2025,17:23:25,COMPLETED,0,1
79KWH,8,2,FULL,30-09-2025,17:22:01,30-09-2025,17:22:01,30-09-2025,17:24:09,COMPLETED,0,1
79KWH,8,3,FULL,30-09-2025,17:23:31,30-09-2025,17:23:34,30-09-2025,17:25:22,COMPLETED,0,1
79KWH,8,2,FULL,30-09-2025,17:24:16,30-09-2025,17:24:18,30-09-2025,17:26:25,COMPLETED,0,1
79KWH,8,3,FULL,30-09-2025,17:25:35,30-09-2025,17:25:36,30-09-2025,17:27:27,COMPLETED,0,1
79KWH,8,2,FULL,30-09-2025,17:26:38,30-09-2025,17:26:39,30-09-2025,17:28:48,COMPLETED,0,1
79KWH,8,3,FULL,30-09-2025,17:27:33,30-09-2025,17:27:36,30-09-2025,17:29:26,COMPLETED,0,1
79KWH,8,2,FULL,30-09-2025,17:28:54,30-09-2025,17:28:56,30-09-2025,17:31:05,COMPLETED,0,1
79KWH,8,3,FULL,30-09-2025,17:29:41,30-09-2025,17:29:43,30-09-2025,17:31:35,COMPLETED,0,1
79KWH,8,3,FULL,30-09-2025,17:31:41,30-09-2025,17:31:44,30-09-2025,17:33:35,COMPLETED,0,1
79KWH,8,2,FULL,30-09-2025,17:31:43,30-09-2025,17:31:44,30-09-2025,17:33:58,COMPLETED,0,1
79KWH,8,3,FULL,30-09-2025,17:33:50,30-09-2025,17:33:51,30-09-2025,17:35:45,COMPLETED,0,1
79KWH,8,2,FULL,30-09-2025,17:34:04,30-09-2025,17:34:07,30-09-2025,17:36:21,COMPLETED,0,1
79KWH,8,3,FULL,30-09-2025,17:35:51,30-09-2025,17:35:54,30-09-2025,17:37:47,COMPLETED,0,1
79KWH,8,2,FULL,30-09-2025,17:36:33,30-09-2025,17:36:35,30-09-2025,17:38:55,COMPLETED,0,1
79KWH,8,3,FULL,30-09-2025,17:38:02,30-09-2025,17:38:03,30-09-2025,17:39:58,COMPLETED,0,1
79KWH,8,2,FULL,30-09-2025,17:39:01,30-09-2025,17:39:05,30-09-2025,17:41:29,COMPLETED,0,1
79KWH,8,3,FULL,30-09-2025,17:40:04,30-09-2025,17:40:07,30-09-2025,17:42:00,COMPLETED,0,1
79KWH,8,2,FULL,30-09-2025,17:41:40,30-09-2025,17:41:41,30-09-2025,17:44:07,COMPLETED,0,1
79KWH,8,3,FULL,30-09-2025,17:42:17,30-09-2025,17:42:18,30-09-2025,17:44:14,COMPLETED,0,1
79KWH,8,2,FULL,30-09-2025,17:44:14,30-09-2025,17:44:17,30-09-2025,17:46:41,COMPLETED,0,1
79KWH,8,3,FULL,30-09-2025,17:44:20,30-09-2025,17:44:23,30-09-2025,17:46:18,COMPLETED,0,1
79KWH,8,3,FULL,30-09-2025,17:46:37,30-09-2025,17:46:38,30-09-2025,17:48:37,COMPLETED,0,1
79KWH,8,2,FULL,30-09-2025,17:46:53,30-09-2025,17:46:54,30-09-2025,17:49:21,COMPLETED,0,1
79KWH,8,3,FULL,30-09-2025,17:48:44,30-09-2025,17:48:46,30-09-2025,17:50:44,COMPLETED,0,1
79KWH,8,2,FULL,30-09-2025,17:49:27,30-09-2025,17:49:30,30-09-2025,17:51:53,COMPLETED,0,1
79KWH,8,3,FULL,30-09-2025,17:51:00,30-09-2025,17:51:01,30-09-2025,17:53:02,COMPLETED,0,1
79KWH,8,2,FULL,30-09-2025,17:52:05,30-09-2025,17:52:06,30-09-2025,17:54:34,COMPLETED,0,1
79KWH,8,3,FULL,30-09-2025,17:53:08,30-09-2025,17:53:12,30-09-2025,17:55:12,COMPLETED,0,1
79KWH,8,2,FULL,30-09-2025,17:54:41,30-09-2025,17:54:43,30-09-2025,17:57:10,COMPLETED,0,1
79KWH,8,3,FULL,30-09-2025,17:55:26,30-09-2025,17:55:27,30-09-2025,17:57:30,COMPLETED,0,1
79KWH,8,2,FULL,30-09-2025,17:57:22,30-09-2025,17:57:23,30-09-2025,17:59:53,COMPLETED,0,1
79KWH,8,3,FULL,30-09-2025,17:57:36,30-09-2025,17:57:40,30-09-2025,17:59:41,COMPLETED,0,1
79KWH,8,3,FULL,30-09-2025,17:59:56,30-09-2025,17:59:56,30-09-2025,18:02:00,COMPLETED,0,1
79KWH,8,2,FULL,30-09-2025,17:59:59,30-09-2025,18:00:02,30-09-2025,18:02:29,COMPLETED,0,1
79KWH,8,3,FULL,30-09-2025,18:02:06,30-09-2025,18:02:10,30-09-2025,18:04:12,COMPLETED,0,1
79KWH,8,2,FULL,30-09-2025,18:02:43,30-09-2025,18:02:44,30-09-2025,18:05:14,COMPLETED,0,1
79KWH,8,3,FULL,30-09-2025,18:04:26,30-09-2025,18:04:27,30-09-2025,18:06:33,COMPLETED,0,1
79KWH,8,2,FULL,30-09-2025,18:05:21,30-09-2025,18:05:24,30-09-2025,18:07:52,COMPLETED,0,1
79KWH,8,3,FULL,30-09-2025,18:06:41,30-09-2025,18:06:42,30-09-2025,18:08:46,COMPLETED,0,1
79KWH,8,2,FULL,30-09-2025,18:08:03,30-09-2025,18:08:03,30-09-2025,18:10:36,COMPLETED,0,1
79KWH,8,3,FULL,30-09-2025,18:09:02,30-09-2025,18:09:03,30-09-2025,18:11:10,COMPLETED,0,1
79KWH,8,2,FULL,30-09-2025,18:10:43,30-09-2025,18:10:44,30-09-2025,18:13:15,COMPLETED,0,1
79KWH,8,3,FULL,30-09-2025,18:11:16,30-09-2025,18:11:19,30-09-2025,18:13:29,COMPLETED,0,1
79KWH,8,2,FULL,30-09-2025,18:13:26,30-09-2025,18:13:28,30-09-2025,18:16:03,COMPLETED,0,1
79KWH,8,3,FULL,30-09-2025,18:13:44,30-09-2025,18:13:45,30-09-2025,18:15:52,COMPLETED,0,1
79KWH,8,3,FULL,30-09-2025,18:15:59,30-09-2025,18:16:03,30-09-2025,18:18:09,COMPLETED,0,1
79KWH,8,2,FULL,30-09-2025,18:16:09,30-09-2025,18:16:12,30-09-2025,18:18:44,COMPLETED,0,1
79KWH,8,3,FULL,30-09-2025,18:18:23,30-09-2025,18:18:24,30-09-2025,18:20:34,COMPLETED,0,1
79KWH,8,3,FULL,30-09-2025,18:20:43,30-09-2025,18:20:44,30-09-2025,18:22:51,COMPLETED,0,1
79KWH,8,3,FULL,30-09-2025,18:23:06,30-09-2025,18:23:07,30-09-2025,18:25:18,COMPLETED,0,1
79KWH,8,3,FULL,30-09-2025,18:32:17,30-09-2025,18:32:18,30-09-2025,18:34:27,COMPLETED,0,1
79KWH,8,2,FULL,30-09-2025,18:32:28,30-09-2025,18:32:29,30-09-2025,18:35:05,COMPLETED,0,1
79KWH,8,3,FULL,30-09-2025,18:34:45,30-09-2025,18:34:46,30-09-2025,18:36:58,COMPLETED,0,1
79KWH,8,2,FULL,30-09-2025,18:35:11,30-09-2025,18:35:14,30-09-2025,18:37:49,COMPLETED,0,1
79KWH,8,3,FULL,30-09-2025,18:37:04,30-09-2025,18:37:07,30-09-2025,18:39:17,COMPLETED,0,1
79KWH,8,2,FULL,30-09-2025,18:38:00,30-09-2025,18:38:02,30-09-2025,18:40:39,COMPLETED,0,1
79KWH,8,3,FULL,30-09-2025,18:39:31,30-09-2025,18:39:32,30-09-2025,18:41:44,COMPLETED,0,1
79KWH,8,2,FULL,30-09-2025,18:40:44,30-09-2025,18:40:48,30-09-2025,18:43:23,COMPLETED,0,1
79KWH,8,3,FULL,30-09-2025,18:41:51,30-09-2025,18:41:54,30-09-2025,18:44:06,COMPLETED,0,1
79KWH,8,2,FULL,30-09-2025,18:43:35,30-09-2025,18:43:36,30-09-2025,18:46:15,COMPLETED,0,1
79KWH,8,3,FULL,30-09-2025,18:44:22,30-09-2025,18:44:22,30-09-2025,18:46:37,COMPLETED,0,1
79KWH,8,2,FULL,30-09-2025,18:46:21,30-09-2025,18:46:24,30-09-2025,18:49:02,COMPLETED,0,1
79KWH,8,3,FULL,30-09-2025,18:46:44,30-09-2025,18:46:47,30-09-2025,19:09:33,COMPLETED,0,1
79KWH,8,2,FULL,30-09-2025,18:49:13,30-09-2025,18:49:13,30-09-2025,18:51:54,COMPLETED,0,1
79KWH,8,2,FULL,30-09-2025,18:51:59,30-09-2025,18:52:03,30-09-2025,18:54:42,COMPLETED,0,1
79KWH,8,2,FULL,30-09-2025,18:54:53,30-09-2025,18:54:55,30-09-2025,18:57:36,COMPLETED,0,1
79KWH,8,2,FULL,30-09-2025,18:57:42,30-09-2025,18:57:45,30-09-2025,19:00:23,COMPLETED,0,1
79KWH,8,2,FULL,30-09-2025,19:00:37,30-09-2025,19:00:39,30-09-2025,19:08:57,COMPLETED,0,1
79KWH,8,2,FULL,30-09-2025,19:03:31,30-09-2025,19:03:34,30-09-2025,00:00:00,COMPLETED,0,1
79KWH,8,2,FULL,30-09-2025,19:35:02,30-09-2025,19:35:03,30-09-2025,19:37:52,COMPLETED,0,1
79KWH,8,2,FULL,30-09-2025,19:37:57,30-09-2025,19:38:00,30-09-2025,19:40:48,COMPLETED,0,1
79KWH,8,2,FULL,30-09-2025,19:41:00,30-09-2025,19:41:01,30-09-2025,19:43:52,COMPLETED,0,1
79KWH,8,2,FULL,30-09-2025,19:43:58,30-09-2025,19:44:01,30-09-2025,19:46:51,COMPLETED,0,1
79KWH,8,2,FULL,30-09-2025,19:47:03,30-09-2025,19:47:04,30-09-2025,19:49:56,COMPLETED,0,1
79KWH,8,2,FULL,30-09-2025,19:50:02,30-09-2025,19:50:05,30-09-2025,19:52:56,COMPLETED,0,1
79KWH,8,2,FULL,30-09-2025,19:53:08,30-09-2025,19:53:09,30-09-2025,19:56:03,COMPLETED,0,1
79KWH,8,2,FULL,30-09-2025,19:56:10,30-09-2025,19:56:12,30-09-2025,19:59:04,COMPLETED,0,1
79KWH,8,2,FULL,30-09-2025,19:59:17,30-09-2025,19:59:18,30-09-2025,20:02:12,COMPLETED,0,1
79KWH,8,2,FULL,30-09-2025,20:02:18,30-09-2025,20:02:21,30-09-2025,20:05:14,COMPLETED,0,1
79KWH,8,2,FULL,30-09-2025,20:05:25,30-09-2025,20:05:26,30-09-2025,20:08:21,COMPLETED,0,1
79KWH,8,2,FULL,30-09-2025,20:08:28,30-09-2025,20:08:31,30-09-2025,20:11:25,COMPLETED,0,1
79KWH,8,2,FULL,30-09-2025,20:11:37,30-09-2025,20:11:38,30-09-2025,20:14:36,COMPLETED,0,1
79KWH,8,2,FULL,30-09-2025,20:14:43,30-09-2025,20:14:46,30-09-2025,20:17:42,COMPLETED,0,1
79KWH,8,2,FULL,30-09-2025,20:17:54,30-09-2025,20:17:55,30-09-2025,20:20:56,COMPLETED,0,1
79KWH,8,2,FULL,30-09-2025,20:21:02,30-09-2025,20:21:04,30-09-2025,20:24:03,COMPLETED,0,1
79KWH,8,2,FULL,30-09-2025,20:24:15,30-09-2025,20:24:15,30-09-2025,20:27:17,COMPLETED,0,1
79KWH,8,2,FULL,30-09-2025,20:27:22,30-09-2025,20:27:26,30-09-2025,20:30:26,COMPLETED,0,1
79KWH,8,2,FULL,30-09-2025,20:30:40,30-09-2025,20:30:41,30-09-2025,20:33:43,COMPLETED,0,1
79KWH,8,2,FULL,30-09-2025,20:52:15,30-09-2025,20:52:15,30-09-2025,20:55:17,COMPLETED,0,1
79KWH,8,2,FULL,30-09-2025,20:55:29,30-09-2025,20:55:30,30-09-2025,20:58:34,COMPLETED,0,1
79KWH,8,2,FULL,30-09-2025,20:58:42,30-09-2025,20:58:42,30-09-2025,21:01:44,COMPLETED,0,1
79KWH,8,2,FULL,30-09-2025,21:01:57,30-09-2025,21:01:58,30-09-2025,21:05:03,COMPLETED,0,1
79KWH,8,2,FULL,30-09-2025,21:05:10,30-09-2025,21:05:12,30-09-2025,21:08:15,COMPLETED,0,1
79KWH,8,2,FULL,30-09-2025,21:08:29,30-09-2025,21:08:30,30-09-2025,21:11:36,COMPLETED,0,1
79KWH,8,2,FULL,30-09-2025,21:11:42,30-09-2025,21:11:46,30-09-2025,21:14:50,COMPLETED,0,1
79KWH,8,2,FULL,30-09-2025,21:15:02,30-09-2025,21:15:03,30-09-2025,21:18:12,COMPLETED,0,1
79KWH,8,2,FULL,30-09-2025,21:18:18,30-09-2025,21:18:21,30-09-2025,21:21:30,COMPLETED,0,1
79KWH,8,2,FULL,30-09-2025,21:21:41,30-09-2025,21:21:42,30-09-2025,21:23:43,COMPLETED,0,1
79KWH,8,2,FULL,30-09-2025,21:23:50,30-09-2025,21:23:53,30-09-2025,21:24:43,COMPLETED,0,1
79KWH,8,2,FULL,30-09-2025,21:24:59,30-09-2025,21:25:00,30-09-2025,21:25:53,COMPLETED,0,1
79KWH,8,2,FULL,30-09-2025,21:26:00,30-09-2025,21:26:03,30-09-2025,21:26:56,COMPLETED,0,1
79KWH,8,2,FULL,30-09-2025,21:27:12,30-09-2025,21:27:12,30-09-2025,21:28:08,COMPLETED,0,1
79KWH,8,2,FULL,30-09-2025,21:28:14,30-09-2025,21:28:17,30-09-2025,21:29:12,COMPLETED,0,1
79KWH,8,2,FULL,30-09-2025,21:29:27,30-09-2025,21:29:28,30-09-2025,21:30:27,COMPLETED,0,1
79KWH,8,2,FULL,30-09-2025,21:30:34,30-09-2025,21:30:38,30-09-2025,21:31:35,COMPLETED,0,1
79KWH,8,2,FULL,30-09-2025,21:31:48,30-09-2025,21:31:48,30-09-2025,21:32:49,COMPLETED,0,1
79KWH,8,2,FULL,30-09-2025,21:33:00,30-09-2025,21:33:02,30-09-2025,21:33:59,COMPLETED,0,1
79KWH,8,2,FULL,30-09-2025,21:34:12,30-09-2025,21:34:13,30-09-2025,21:35:13,COMPLETED,0,1
79KWH,8,2,FULL,30-09-2025,21:35:22,30-09-2025,21:35:23,30-09-2025,21:36:22,COMPLETED,0,1
79KWH,8,2,FULL,30-09-2025,21:36:34,30-09-2025,21:36:37,30-09-2025,21:37:38,COMPLETED,0,1
79KWH,8,2,FULL,30-09-2025,21:37:44,30-09-2025,21:37:48,30-09-2025,21:38:47,COMPLETED,0,1
79KWH,8,2,FULL,30-09-2025,21:38:59,30-09-2025,21:39:00,30-09-2025,21:40:04,COMPLETED,0,1
79KWH,8,2,FULL,30-09-2025,21:40:10,30-09-2025,21:40:12,30-09-2025,21:41:15,COMPLETED,0,1
79KWH,8,2,FULL,30-09-2025,21:41:28,30-09-2025,21:41:29,30-09-2025,21:42:34,COMPLETED,0,1
79KWH,8,2,FULL,30-09-2025,21:42:42,30-09-2025,21:42:45,30-09-2025,21:43:49,COMPLETED,0,1
79KWH,8,2,FULL,30-09-2025,21:44:00,30-09-2025,21:44:01,30-09-2025,21:46:03,COMPLETED,0,1
79KWH,8,2,FULL,30-09-2025,21:46:10,30-09-2025,21:46:12,30-09-2025,21:49:08,COMPLETED,0,1
79KWH,8,3,FULL,30-09-2025,21:50:56,30-09-2025,21:50:57,30-09-2025,21:53:13,COMPLETED,0,1
79KWH,8,3,FULL,30-09-2025,21:53:19,30-09-2025,21:53:22,30-09-2025,21:55:36,COMPLETED,0,1
79KWH,8,3,FULL,30-09-2025,21:55:55,30-09-2025,21:55:57,30-09-2025,21:58:13,COMPLETED,0,1
79KWH,8,3,FULL,30-09-2025,21:58:19,30-09-2025,21:58:22,30-09-2025,22:00:38,COMPLETED,0,1
79KWH,8,3,FULL,30-09-2025,22:00:57,30-09-2025,22:00:58,30-09-2025,22:03:17,COMPLETED,0,1
79KWH,8,3,FULL,30-09-2025,22:03:23,30-09-2025,22:03:25,30-09-2025,22:05:42,COMPLETED,0,1
79KWH,8,3,FULL,30-09-2025,22:05:59,30-09-2025,22:05:59,30-09-2025,22:08:19,COMPLETED,0,1
79KWH,8,3,FULL,30-09-2025,22:08:25,30-09-2025,22:08:28,30-09-2025,22:10:46,COMPLETED,0,1
79KWH,8,3,FULL,30-09-2025,22:11:05,30-09-2025,22:11:06,30-09-2025,22:13:28,COMPLETED,0,1
79KWH,8,3,FULL,30-09-2025,22:13:34,30-09-2025,22:13:37,30-09-2025,22:15:56,COMPLETED,0,1
79KWH,8,3,FULL,30-09-2025,22:16:14,30-09-2025,22:16:15,30-09-2025,22:18:38,COMPLETED,0,1
79KWH,8,3,FULL,30-09-2025,22:18:44,30-09-2025,22:18:46,30-09-2025,22:21:08,COMPLETED,0,1
79KWH,8,3,FULL,30-09-2025,22:21:26,30-09-2025,22:21:27,30-09-2025,22:23:51,COMPLETED,0,1
79KWH,8,3,FULL,30-09-2025,22:23:58,30-09-2025,22:24:01,30-09-2025,22:26:22,COMPLETED,0,1
79KWH,8,3,FULL,30-09-2025,22:26:39,30-09-2025,22:26:39,30-09-2025,22:29:04,COMPLETED,0,1
79KWH,8,3,FULL,30-09-2025,22:29:10,30-09-2025,22:29:13,30-09-2025,22:31:36,COMPLETED,0,1
79KWH,8,3,FULL,30-09-2025,22:31:52,30-09-2025,22:31:53,30-09-2025,22:34:19,COMPLETED,0,1
79KWH,8,3,FULL,30-09-2025,22:34:25,30-09-2025,22:34:28,30-09-2025,22:36:52,COMPLETED,0,1
79KWH,8,3,FULL,30-09-2025,22:37:08,30-09-2025,22:37:08,30-09-2025,22:39:35,COMPLETED,0,1
79KWH,8,3,FULL,30-09-2025,22:39:42,30-09-2025,22:39:45,30-09-2025,22:42:10,COMPLETED,0,1
79KWH,8,3,FULL,30-09-2025,22:42:26,30-09-2025,22:42:27,30-09-2025,22:44:57,COMPLETED,0,1
79KWH,8,3,FULL,30-09-2025,22:45:02,30-09-2025,22:45:05,30-09-2025,22:47:33,COMPLETED,0,1
79KWH,8,3,FULL,30-09-2025,22:47:48,30-09-2025,22:47:49,30-09-2025,22:50:21,COMPLETED,0,1
79KWH,8,3,FULL,30-09-2025,22:50:27,30-09-2025,22:50:31,30-09-2025,22:53:00,COMPLETED,0,1
79KWH,8,3,FULL,30-09-2025,22:53:19,30-09-2025,22:53:21,30-09-2025,22:55:53,COMPLETED,0,1
79KWH,8,3,FULL,30-09-2025,22:56:00,30-09-2025,22:56:03,30-09-2025,22:58:38,COMPLETED,0,1
79KWH,8,3,FULL,30-09-2025,22:58:54,30-09-2025,22:58:54,30-09-2025,23:01:29,COMPLETED,0,1
79KWH,8,3,FULL,30-09-2025,23:01:35,30-09-2025,23:01:38,30-09-2025,23:04:10,COMPLETED,0,1
79KWH,8,3,FULL,30-09-2025,23:04:26,30-09-2025,23:04:26,30-09-2025,23:07:01,COMPLETED,0,1
79KWH,8,3,FULL,30-09-2025,23:07:07,30-09-2025,23:07:11,30-09-2025,23:09:44,COMPLETED,0,1
79KWH,8,3,FULL,30-09-2025,23:10:01,30-09-2025,23:10:02,30-09-2025,23:12:39,COMPLETED,0,1
79KWH,8,3,FULL,30-09-2025,23:12:46,30-09-2025,23:12:48,30-09-2025,23:15:23,COMPLETED,0,1
79KWH,8,3,FULL,30-09-2025,23:15:40,30-09-2025,23:15:41,30-09-2025,23:18:19,COMPLETED,0,1
79KWH,8,3,FULL,30-09-2025,23:18:25,30-09-2025,23:18:28,30-09-2025,23:21:04,COMPLETED,0,1
79KWH,8,3,FULL,30-09-2025,23:21:25,30-09-2025,23:21:28,30-09-2025,23:24:07,COMPLETED,0,1
79KWH,8,3,FULL,30-09-2025,23:24:13,30-09-2025,23:24:17,30-09-2025,23:26:54,COMPLETED,0,1
79KWH,8,3,FULL,30-09-2025,23:27:12,30-09-2025,23:31:48,30-09-2025,23:34:45,COMPLETED,0,1
79KWH,8,2,FULL,30-09-2025,23:29:55,30-09-2025,23:31:39,30-09-2025,23:32:56,COMPLETED,0,1
79KWH,8,2,FULL,30-09-2025,23:33:02,30-09-2025,23:35:01,30-09-2025,23:37:08,COMPLETED,0,1
79KWH,8,3,FULL,30-09-2025,23:34:52,30-09-2025,23:34:55,30-09-2025,23:37:34,COMPLETED,0,1
79KWH,8,3,FULL,30-09-2025,23:37:53,30-09-2025,23:39:50,30-09-2025,23:42:49,COMPLETED,0,1
79KWH,8,3,FULL,30-09-2025,23:42:56,30-09-2025,23:44:52,30-09-2025,23:47:48,COMPLETED,0,1
79KWH,8,2,FULL,30-09-2025,23:44:16,30-09-2025,23:45:51,30-09-2025,23:47:30,COMPLETED,0,1
79KWH,8,2,FULL,30-09-2025,23:47:36,30-09-2025,23:49:34,30-09-2025,23:51:47,COMPLETED,0,1
79KWH,8,3,FULL,30-09-2025,23:48:04,30-09-2025,23:48:04,30-09-2025,23:50:46,COMPLETED,0,1
79KWH,8,3,FULL,30-09-2025,23:50:52,30-09-2025,23:50:56,30-09-2025,23:53:37,COMPLETED,0,1
79KWH,8,2,FULL,30-09-2025,23:52:00,30-09-2025,23:55:25,30-09-2025,23:57:10,COMPLETED,0,1
79KWH,8,3,FULL,30-09-2025,23:53:52,30-09-2025,23:53:53,30-09-2025,23:56:41,COMPLETED,0,1
79KWH,8,3,FULL,30-09-2025,23:56:54,30-09-2025,23:56:54,30-09-2025,23:59:45,COMPLETED,0,1
79KWH,8,2,FULL,30-09-2025,23:57:16,01-10-2025,00:01:06,01-10-2025,00:02:30,COMPLETED,0,1
79KWH,8,3,FULL,01-10-2025,00:00:02,01-10-2025,00:00:03,01-10-2025,00:01:57,COMPLETED,0,1
79KWH,8,3,FULL,01-10-2025,00:02:05,01-10-2025,00:02:06,01-10-2025,00:03:03,COMPLETED,0,1
79KWH,8,3,FULL,01-10-2025,00:03:10,01-10-2025,00:03:12,01-10-2025,00:04:10,COMPLETED,0,1
79KWH,8,3,FULL,01-10-2025,00:04:20,01-10-2025,00:04:22,01-10-2025,00:05:21,COMPLETED,0,1
79KWH,8,2,FULL,01-10-2025,06:54:04,01-10-2025,06:54:04,01-10-2025,06:56:14,COMPLETED,0,1
79KWH,8,3,FULL,01-10-2025,06:54:05,01-10-2025,06:54:05,01-10-2025,06:55:02,COMPLETED,0,1
79KWH,8,3,FULL,01-10-2025,06:55:27,01-10-2025,06:55:28,01-10-2025,06:56:29,COMPLETED,0,1
79KWH,8,2,FULL,01-10-2025,06:56:20,01-10-2025,06:56:23,01-10-2025,06:57:29,COMPLETED,0,1
79KWH,8,3,FULL,01-10-2025,06:56:57,01-10-2025,06:56:58,01-10-2025,06:57:57,COMPLETED,0,1
79KWH,8,2,FULL,01-10-2025,07:06:54,01-10-2025,07:06:54,01-10-2025,07:08:12,COMPLETED,0,1
79KWH,8,3,FULL,01-10-2025,07:08:35,01-10-2025,07:08:35,01-10-2025,07:09:38,COMPLETED,0,1
79KWH,8,2,FULL,01-10-2025,07:21:28,01-10-2025,07:21:28,01-10-2025,07:22:53,COMPLETED,0,1
79KWH,8,3,FULL,01-10-2025,07:23:04,01-10-2025,07:23:04,01-10-2025,07:33:03,COMPLETED,0,1
79KWH,8,2,FULL,01-10-2025,07:23:26,01-10-2025,07:23:26,01-10-2025,07:24:56,COMPLETED,0,1
79KWH,8,2,FULL,01-10-2025,07:25:09,01-10-2025,07:25:10,01-10-2025,07:26:42,COMPLETED,0,1
79KWH,8,2,FULL,01-10-2025,07:27:08,01-10-2025,07:27:09,01-10-2025,07:28:50,COMPLETED,0,1
79KWH,8,2,FULL,01-10-2025,07:28:57,01-10-2025,07:29:00,01-10-2025,07:30:46,COMPLETED,0,1
79KWH,8,2,FULL,01-10-2025,07:30:57,01-10-2025,07:32:31,01-10-2025,07:35:04,COMPLETED,0,1
79KWH,8,3,FULL,01-10-2025,07:33:12,01-10-2025,07:33:12,01-10-2025,07:34:15,COMPLETED,0,1
79KWH,8,3,FULL,01-10-2025,07:34:21,01-10-2025,07:34:24,01-10-2025,07:35:26,COMPLETED,0,1
79KWH,8,2,FULL,01-10-2025,07:35:10,01-10-2025,07:35:14,01-10-2025,07:37:07,COMPLETED,0,1
79KWH,8,3,FULL,01-10-2025,07:35:35,01-10-2025,07:35:36,01-10-2025,07:36:41,COMPLETED,0,1
79KWH,8,3,FULL,01-10-2025,07:36:48,01-10-2025,07:36:51,01-10-2025,07:37:54,COMPLETED,0,1
79KWH,8,3,FULL,01-10-2025,07:38:02,01-10-2025,07:38:02,01-10-2025,07:39:09,COMPLETED,0,1
79KWH,8,3,FULL,01-10-2025,07:39:14,01-10-2025,07:39:18,01-10-2025,07:40:22,COMPLETED,0,1
79KWH,8,2,FULL,01-10-2025,07:39:28,01-10-2025,07:39:30,01-10-2025,07:42:07,COMPLETED,0,1
79KWH,8,3,FULL,01-10-2025,07:40:30,01-10-2025,07:40:31,01-10-2025,07:41:38,COMPLETED,0,1
79KWH,8,3,FULL,01-10-2025,07:41:45,01-10-2025,07:41:46,01-10-2025,07:42:52,COMPLETED,0,1
79KWH,8,2,FULL,01-10-2025,07:42:13,01-10-2025,07:42:17,01-10-2025,07:44:18,COMPLETED,0,1
79KWH,8,3,FULL,01-10-2025,07:43:05,01-10-2025,07:43:06,01-10-2025,07:44:15,COMPLETED,0,1
79KWH,8,3,FULL,01-10-2025,07:44:50,01-10-2025,07:44:51,01-10-2025,07:45:58,COMPLETED,0,1
79KWH,8,3,FULL,01-10-2025,07:46:44,01-10-2025,07:46:45,01-10-2025,07:47:54,COMPLETED,0,1
79KWH,8,3,FULL,01-10-2025,07:48:00,01-10-2025,07:48:04,01-10-2025,07:49:12,COMPLETED,0,1
79KWH,8,3,FULL,01-10-2025,07:49:20,01-10-2025,07:49:22,01-10-2025,07:50:33,COMPLETED,0,1
79KWH,8,3,FULL,01-10-2025,07:50:41,01-10-2025,07:50:43,01-10-2025,07:51:53,COMPLETED,0,1
79KWH,8,3,FULL,01-10-2025,07:52:01,01-10-2025,07:52:02,01-10-2025,07:53:16,COMPLETED,0,1
79KWH,8,3,FULL,01-10-2025,07:53:22,01-10-2025,07:53:24,01-10-2025,07:54:35,COMPLETED,0,1
79KWH,8,3,FULL,01-10-2025,07:54:44,01-10-2025,07:54:45,01-10-2025,07:56:00,COMPLETED,0,1
79KWH,8,3,FULL,01-10-2025,07:56:06,01-10-2025,07:56:09,01-10-2025,07:57:22,COMPLETED,0,1
79KWH,8,3,FULL,01-10-2025,07:57:31,01-10-2025,07:57:31,01-10-2025,07:58:47,COMPLETED,0,1
79KWH,8,3,FULL,01-10-2025,07:58:54,01-10-2025,07:58:57,01-10-2025,08:00:11,COMPLETED,0,1
79KWH,8,3,FULL,01-10-2025,08:00:19,01-10-2025,08:00:19,01-10-2025,08:01:36,COMPLETED,0,1
79KWH,8,3,FULL,01-10-2025,08:01:42,01-10-2025,08:01:45,01-10-2025,08:03:00,COMPLETED,0,1
79KWH,8,3,FULL,01-10-2025,08:03:09,01-10-2025,08:03:10,01-10-2025,08:04:27,COMPLETED,0,1
79KWH,8,3,FULL,01-10-2025,08:04:33,01-10-2025,08:04:37,01-10-2025,08:05:54,COMPLETED,0,1
79KWH,8,3,FULL,01-10-2025,08:06:01,01-10-2025,08:06:02,01-10-2025,08:07:22,COMPLETED,0,1
79KWH,8,3,FULL,01-10-2025,08:07:28,01-10-2025,08:07:31,01-10-2025,08:08:49,COMPLETED,0,1
79KWH,8,3,FULL,01-10-2025,08:08:56,01-10-2025,08:08:57,01-10-2025,08:10:18,COMPLETED,0,1
79KWH,8,3,FULL,01-10-2025,08:10:24,01-10-2025,08:10:27,01-10-2025,08:11:46,COMPLETED,0,1
79KWH,8,3,FULL,01-10-2025,08:11:53,01-10-2025,08:11:54,01-10-2025,08:13:16,COMPLETED,0,1
79KWH,8,3,FULL,01-10-2025,08:13:21,01-10-2025,08:13:25,01-10-2025,08:14:46,COMPLETED,0,1
79KWH,8,3,FULL,01-10-2025,09:41:07,01-10-2025,09:41:09,01-10-2025,09:44:07,COMPLETED,0,1
79KWH,8,3,FULL,01-10-2025,09:44:13,01-10-2025,09:44:17,01-10-2025,09:46:59,COMPLETED,0,1
79KWH,8,3,FULL,01-10-2025,09:49:52,01-10-2025,09:49:53,01-10-2025,09:52:51,COMPLETED,0,1
79KWH,8,3,FULL,01-10-2025,09:52:57,01-10-2025,09:53:01,01-10-2025,09:55:44,COMPLETED,0,1
79KWH,8,1,FULL,01-10-2025,10:20:16,01-10-2025,10:20:17,01-10-2025,10:22:53,COMPLETED,0,1
79KWH,8,1,FULL,01-10-2025,10:23:15,01-10-2025,10:23:16,01-10-2025,10:24:10,COMPLETED,0,1
79KWH,8,1,FULL,01-10-2025,10:24:17,01-10-2025,10:24:18,01-10-2025,10:25:10,COMPLETED,0,1
79KWH,8,1,FULL,01-10-2025,10:25:30,01-10-2025,10:25:30,01-10-2025,10:26:26,COMPLETED,0,1
79KWH,8,1,FULL,01-10-2025,10:26:32,01-10-2025,10:26:36,01-10-2025,10:27:30,COMPLETED,0,1
79KWH,8,1,FULL,01-10-2025,10:27:51,01-10-2025,10:27:51,01-10-2025,10:28:49,COMPLETED,0,1
79KWH,8,1,FULL,01-10-2025,10:28:55,01-10-2025,10:28:58,01-10-2025,10:29:55,COMPLETED,0,1
79KWH,8,1,FULL,01-10-2025,10:30:15,01-10-2025,10:30:17,01-10-2025,10:31:16,COMPLETED,0,1
79KWH,8,1,FULL,01-10-2025,10:31:23,01-10-2025,10:31:25,01-10-2025,10:32:22,COMPLETED,0,1
79KWH,8,1,FULL,01-10-2025,10:32:43,01-10-2025,10:32:43,01-10-2025,10:33:47,COMPLETED,0,1
79KWH,8,1,FULL,01-10-2025,10:34:09,01-10-2025,10:34:11,01-10-2025,10:35:16,COMPLETED,0,1
79KWH,8,1,FULL,01-10-2025,10:35:24,01-10-2025,10:35:24,01-10-2025,10:36:28,COMPLETED,0,1
79KWH,8,1,FULL,01-10-2025,10:37:00,01-10-2025,10:37:01,01-10-2025,10:38:08,COMPLETED,0,1
79KWH,8,1,FULL,01-10-2025,10:41:20,01-10-2025,10:41:22,01-10-2025,10:42:28,COMPLETED,0,1
79KWH,8,1,FULL,01-10-2025,10:42:52,01-10-2025,10:42:55,01-10-2025,10:44:04,COMPLETED,0,1
79KWH,8,1,FULL,01-10-2025,10:44:10,01-10-2025,10:44:14,01-10-2025,10:45:21,COMPLETED,0,1
79KWH,8,1,FULL,01-10-2025,10:45:40,01-10-2025,10:45:41,01-10-2025,10:46:53,COMPLETED,0,1
79KWH,8,1,FULL,01-10-2025,10:46:59,01-10-2025,10:47:03,01-10-2025,10:48:13,COMPLETED,0,1
79KWH,8,1,FULL,01-10-2025,10:48:32,01-10-2025,10:48:32,01-10-2025,10:49:47,COMPLETED,0,1
79KWH,8,1,FULL,01-10-2025,10:49:53,01-10-2025,10:49:56,01-10-2025,10:51:09,COMPLETED,0,1
79KWH,8,1,FULL,01-10-2025,10:51:28,01-10-2025,10:51:29,01-10-2025,10:52:46,COMPLETED,0,1
79KWH,8,1,FULL,01-10-2025,10:52:52,01-10-2025,10:52:54,01-10-2025,10:54:10,COMPLETED,0,1
79KWH,8,1,FULL,01-10-2025,10:54:28,01-10-2025,10:54:29,01-10-2025,10:55:48,COMPLETED,0,1
79KWH,8,1,FULL,01-10-2025,10:55:54,01-10-2025,10:55:56,01-10-2025,10:57:15,COMPLETED,0,1
79KWH,8,1,FULL,01-10-2025,10:57:33,01-10-2025,10:57:33,01-10-2025,10:58:54,COMPLETED,0,1
79KWH,8,1,FULL,01-10-2025,10:59:00,01-10-2025,10:59:03,01-10-2025,11:00:22,COMPLETED,0,1
79KWH,8,1,FULL,01-10-2025,11:00:42,01-10-2025,11:00:43,01-10-2025,11:02:06,COMPLETED,0,1
79KWH,8,1,FULL,01-10-2025,11:02:12,01-10-2025,11:02:14,01-10-2025,11:03:36,COMPLETED,0,1
79KWH,8,1,FULL,01-10-2025,11:03:53,01-10-2025,11:03:54,01-10-2025,11:05:18,COMPLETED,0,1
79KWH,8,1,FULL,01-10-2025,11:05:24,01-10-2025,11:05:27,01-10-2025,11:06:50,COMPLETED,0,1
79KWH,8,1,FULL,01-10-2025,11:07:11,01-10-2025,11:07:11,01-10-2025,11:08:38,COMPLETED,0,1
79KWH,8,1,FULL,01-10-2025,11:08:44,01-10-2025,11:08:47,01-10-2025,11:10:13,COMPLETED,0,1
79KWH,8,1,FULL,01-10-2025,11:10:31,01-10-2025,11:12:56,01-10-2025,11:15:52,COMPLETED,0,1
79KWH,8,1,FULL,01-10-2025,11:15:58,01-10-2025,11:16:01,01-10-2025,11:17:31,COMPLETED,0,1
79KWH,8,1,FULL,01-10-2025,11:17:51,01-10-2025,11:19:53,01-10-2025,11:22:41,COMPLETED,0,1
79KWH,8,1,FULL,01-10-2025,11:22:47,01-10-2025,11:22:48,01-10-2025,11:24:00,COMPLETED,0,1
79KWH,8,1,FULL,01-10-2025,11:24:20,01-10-2025,11:24:21,01-10-2025,11:25:44,COMPLETED,0,1
79KWH,8,1,FULL,01-10-2025,11:25:50,01-10-2025,11:25:52,01-10-2025,11:27:22,COMPLETED,0,1
79KWH,8,1,FULL,01-10-2025,11:27:42,01-10-2025,11:27:43,01-10-2025,11:29:15,COMPLETED,0,1
79KWH,8,1,FULL,01-10-2025,11:29:22,01-10-2025,11:29:25,01-10-2025,11:30:56,COMPLETED,0,1
79KWH,8,1,FULL,01-10-2025,11:57:33,01-10-2025,11:57:34,01-10-2025,12:00:31,COMPLETED,0,1
79KWH,8,1,FULL,01-10-2025,12:00:37,01-10-2025,12:00:40,01-10-2025,12:02:14,COMPLETED,0,1
79KWH,8,1,FULL,01-10-2025,12:02:33,01-10-2025,12:02:33,01-10-2025,12:04:09,COMPLETED,0,1
79KWH,8,1,FULL,01-10-2025,12:04:15,01-10-2025,12:04:19,01-10-2025,12:05:54,COMPLETED,0,1
79KWH,8,1,FULL,01-10-2025,12:06:13,01-10-2025,12:06:14,01-10-2025,12:07:53,COMPLETED,0,1
79KWH,8,1,FULL,01-10-2025,12:07:58,01-10-2025,12:08:01,01-10-2025,12:09:38,COMPLETED,0,1
79KWH,8,1,FULL,01-10-2025,12:09:57,01-10-2025,12:09:58,01-10-2025,12:11:39,COMPLETED,0,1
79KWH,8,1,FULL,01-10-2025,12:11:45,01-10-2025,12:11:48,01-10-2025,12:13:28,COMPLETED,0,1
79KWH,8,1,FULL,01-10-2025,12:13:47,01-10-2025,12:13:48,01-10-2025,12:15:30,COMPLETED,0,1
79KWH,8,1,FULL,01-10-2025,12:15:37,01-10-2025,12:15:38,01-10-2025,12:17:19,COMPLETED,0,1
79KWH,8,1,FULL,01-10-2025,12:17:38,01-10-2025,12:19:36,01-10-2025,12:22:39,COMPLETED,0,1
79KWH,8,1,FULL,01-10-2025,12:22:45,01-10-2025,12:22:49,01-10-2025,12:24:36,COMPLETED,0,1
79KWH,8,1,FULL,01-10-2025,12:24:54,01-10-2025,12:26:54,01-10-2025,12:30:01,COMPLETED,0,1
79KWH,8,1,FULL,01-10-2025,12:30:07,01-10-2025,12:32:15,01-10-2025,12:35:17,COMPLETED,0,1
79KWH,8,1,FULL,01-10-2025,12:35:35,01-10-2025,12:37:34,01-10-2025,12:40:39,COMPLETED,0,1
79KWH,8,1,FULL,01-10-2025,12:40:45,01-10-2025,12:40:48,01-10-2025,12:42:38,COMPLETED,0,1
79KWH,8,1,FULL,01-10-2025,12:42:57,01-10-2025,12:42:58,01-10-2025,12:44:52,COMPLETED,0,1
79KWH,8,1,FULL,01-10-2025,12:44:59,01-10-2025,12:50:02,01-10-2025,12:53:07,COMPLETED,0,1
79KWH,8,1,FULL,01-10-2025,12:53:14,01-10-2025,12:56:38,01-10-2025,12:59:18,COMPLETED,0,1
79KWH,8,1,FULL,01-10-2025,13:20:09,01-10-2025,13:20:10,01-10-2025,13:23:18,COMPLETED,0,1
79KWH,8,1,FULL,01-10-2025,13:23:24,01-10-2025,13:23:26,01-10-2025,13:25:21,COMPLETED,0,1
79KWH,8,1,FULL,01-10-2025,13:25:40,01-10-2025,13:28:37,01-10-2025,13:31:47,COMPLETED,0,1
79KWH,8,1,FULL,01-10-2025,13:31:53,01-10-2025,13:31:57,01-10-2025,13:33:55,COMPLETED,0,1
79KWH,8,1,FULL,01-10-2025,13:34:14,01-10-2025,13:34:15,01-10-2025,13:36:15,COMPLETED,0,1
79KWH,8,1,FULL,01-10-2025,13:36:21,01-10-2025,13:36:23,01-10-2025,13:38:22,COMPLETED,0,1
79KWH,8,1,FULL,01-10-2025,13:38:42,01-10-2025,13:38:42,01-10-2025,13:40:44,COMPLETED,0,1
79KWH,8,1,FULL,01-10-2025,13:40:50,01-10-2025,13:40:53,01-10-2025,13:42:54,COMPLETED,0,1
79KWH,8,1,FULL,01-10-2025,13:43:12,01-10-2025,13:46:05,01-10-2025,13:49:16,COMPLETED,0,1
79KWH,8,1,FULL,01-10-2025,13:49:22,01-10-2025,13:49:24,01-10-2025,13:51:26,COMPLETED,0,1
79KWH,8,1,FULL,01-10-2025,13:51:45,01-10-2025,13:51:45,01-10-2025,13:53:51,COMPLETED,0,1
79KWH,8,1,FULL,01-10-2025,13:53:57,01-10-2025,13:54:00,01-10-2025,13:56:04,COMPLETED,0,1
79KWH,8,1,FULL,01-10-2025,13:56:23,01-10-2025,13:59:21,01-10-2025,14:02:35,COMPLETED,0,1
79KWH,8,1,FULL,01-10-2025,14:02:42,01-10-2025,14:02:45,01-10-2025,14:04:51,COMPLETED,0,1
79KWH,8,1,FULL,01-10-2025,14:05:09,01-10-2025,14:08:03,01-10-2025,14:11:20,COMPLETED,0,1
79KWH,8,1,FULL,01-10-2025,14:11:26,01-10-2025,14:11:29,01-10-2025,14:13:40,COMPLETED,0,1
79KWH,8,1,FULL,01-10-2025,14:13:58,01-10-2025,14:13:59,01-10-2025,14:16:13,COMPLETED,0,1
79KWH,8,1,FULL,01-10-2025,14:16:20,01-10-2025,14:16:21,01-10-2025,14:18:33,COMPLETED,0,1
79KWH,8,1,FULL,01-10-2025,14:18:53,01-10-2025,14:18:53,01-10-2025,14:21:09,COMPLETED,0,1
79KWH,8,1,FULL,01-10-2025,14:21:15,01-10-2025,14:21:17,01-10-2025,14:23:32,COMPLETED,0,1
79KWH,8,1,FULL,01-10-2025,14:23:49,01-10-2025,14:23:50,01-10-2025,14:26:08,COMPLETED,0,1
79KWH,8,1,FULL,01-10-2025,14:26:15,01-10-2025,14:26:17,01-10-2025,14:28:33,COMPLETED,0,1
79KWH,8,2,FULL,01-10-2025,14:27:44,01-10-2025,14:27:45,01-10-2025,14:29:47,COMPLETED,0,1
79KWH,8,1,FULL,01-10-2025,14:28:54,01-10-2025,14:28:56,01-10-2025,14:31:15,COMPLETED,0,1
79KWH,8,2,FULL,01-10-2025,14:29:53,01-10-2025,14:29:56,01-10-2025,14:30:45,COMPLETED,0,1
79KWH,8,2,FULL,01-10-2025,14:31:08,01-10-2025,14:31:08,01-10-2025,14:32:00,COMPLETED,0,1
79KWH,8,1,FULL,01-10-2025,14:31:21,01-10-2025,14:31:24,01-10-2025,14:33:42,COMPLETED,0,1
79KWH,8,2,FULL,01-10-2025,14:32:08,01-10-2025,14:32:10,01-10-2025,14:33:00,COMPLETED,0,1
79KWH,8,2,FULL,01-10-2025,14:33:21,01-10-2025,14:33:22,01-10-2025,14:34:15,COMPLETED,0,1
79KWH,8,1,FULL,01-10-2025,14:34:01,01-10-2025,14:34:01,01-10-2025,14:36:28,COMPLETED,0,1
79KWH,8,2,FULL,01-10-2025,14:34:22,01-10-2025,14:34:25,01-10-2025,14:35:16,COMPLETED,0,1
79KWH,8,2,FULL,01-10-2025,14:35:35,01-10-2025,14:35:36,01-10-2025,14:36:31,COMPLETED,0,1
79KWH,8,1,FULL,01-10-2025,14:36:34,01-10-2025,14:36:37,01-10-2025,14:42:58,COMPLETED,0,1
79KWH,8,2,FULL,01-10-2025,14:36:39,01-10-2025,14:36:41,01-10-2025,14:37:35,COMPLETED,0,1
79KWH,8,2,FULL,01-10-2025,14:37:57,01-10-2025,14:37:57,01-10-2025,14:44:29,COMPLETED,0,1
79KWH,8,1,FULL,01-10-2025,14:43:17,01-10-2025,14:46:21,01-10-2025,14:49:42,COMPLETED,0,1
79KWH,8,2,FULL,01-10-2025,14:44:35,01-10-2025,14:44:38,01-10-2025,14:45:33,COMPLETED,0,1
79KWH,8,2,FULL,01-10-2025,14:45:50,01-10-2025,14:47:43,01-10-2025,14:49:49,COMPLETED,0,1
79KWH,8,1,FULL,01-10-2025,14:49:48,01-10-2025,14:49:52,01-10-2025,14:52:14,COMPLETED,0,1
79KWH,8,2,FULL,01-10-2025,14:49:55,01-10-2025,14:49:58,01-10-2025,14:50:56,COMPLETED,0,1
79KWH,8,2,FULL,01-10-2025,14:51:12,01-10-2025,14:51:14,01-10-2025,14:52:14,COMPLETED,0,1
79KWH,8,2,FULL,01-10-2025,14:52:25,01-10-2025,14:52:26,01-10-2025,14:53:25,COMPLETED,0,1
79KWH,8,1,FULL,01-10-2025,14:52:34,01-10-2025,14:55:31,01-10-2025,14:58:53,COMPLETED,0,1
79KWH,8,1,FULL,01-10-2025,14:58:59,01-10-2025,14:59:02,01-10-2025,15:01:25,COMPLETED,0,1
79KWH,8,1,FULL,01-10-2025,15:01:43,01-10-2025,15:01:44,01-10-2025,15:04:12,COMPLETED,0,1
79KWH,8,1,FULL,01-10-2025,15:04:18,01-10-2025,15:04:21,01-10-2025,15:06:48,COMPLETED,0,1
79KWH,8,1,FULL,01-10-2025,15:07:06,01-10-2025,15:07:06,01-10-2025,15:09:37,COMPLETED,0,1
79KWH,8,2,FULL,01-10-2025,16:07:27,01-10-2025,16:07:28,01-10-2025,16:08:29,COMPLETED,0,1
79KWH,8,1,FULL,01-10-2025,16:08:44,01-10-2025,16:08:45,01-10-2025,16:11:15,COMPLETED,0,1
79KWH,8,2,FULL,01-10-2025,16:09:09,01-10-2025,16:09:10,01-10-2025,16:10:08,COMPLETED,0,1
79KWH,8,2,FULL,01-10-2025,16:11:10,01-10-2025,16:11:11,01-10-2025,16:12:13,COMPLETED,0,1
79KWH,8,1,FULL,01-10-2025,16:11:33,01-10-2025,16:11:34,01-10-2025,16:14:12,COMPLETED,0,1
79KWH,8,2,FULL,01-10-2025,16:12:56,01-10-2025,16:12:57,01-10-2025,16:13:59,COMPLETED,0,1
79KWH,8,1,FULL,01-10-2025,16:14:18,01-10-2025,16:14:21,01-10-2025,16:16:52,COMPLETED,0,1
79KWH,8,2,FULL,01-10-2025,16:14:58,01-10-2025,16:14:59,01-10-2025,16:16:04,COMPLETED,0,1
79KWH,8,2,FULL,01-10-2025,16:16:39,01-10-2025,16:16:39,01-10-2025,16:17:41,COMPLETED,0,1
79KWH,8,1,FULL,01-10-2025,16:17:10,01-10-2025,16:17:10,01-10-2025,16:19:48,COMPLETED,0,1
79KWH,8,2,FULL,01-10-2025,16:18:43,01-10-2025,16:18:44,01-10-2025,16:19:50,COMPLETED,0,1
79KWH,8,1,FULL,01-10-2025,16:19:54,01-10-2025,16:19:57,01-10-2025,16:22:31,COMPLETED,0,1
79KWH,8,2,FULL,01-10-2025,16:20:20,01-10-2025,16:20:22,01-10-2025,16:21:25,COMPLETED,0,1
79KWH,8,2,FULL,01-10-2025,16:22:25,01-10-2025,16:22:27,01-10-2025,16:23:33,COMPLETED,0,1
79KWH,8,1,FULL,01-10-2025,16:22:51,01-10-2025,16:22:52,01-10-2025,16:25:28,COMPLETED,0,1
79KWH,8,2,FULL,01-10-2025,16:24:03,01-10-2025,16:24:03,01-10-2025,16:25:09,COMPLETED,0,1
79KWH,8,1,FULL,01-10-2025,16:25:34,01-10-2025,16:25:36,01-10-2025,16:28:11,COMPLETED,0,1
79KWH,8,2,FULL,01-10-2025,16:26:07,01-10-2025,16:26:08,01-10-2025,16:27:16,COMPLETED,0,1
79KWH,8,2,FULL,01-10-2025,16:27:47,01-10-2025,16:27:48,01-10-2025,16:28:54,COMPLETED,0,1
79KWH,8,1,FULL,01-10-2025,16:28:29,01-10-2025,16:28:30,01-10-2025,16:31:10,COMPLETED,0,1
79KWH,8,2,FULL,01-10-2025,16:29:52,01-10-2025,16:29:52,01-10-2025,16:31:02,COMPLETED,0,1
79KWH,8,2,FULL,01-10-2025,16:31:09,01-10-2025,16:31:10,01-10-2025,16:32:18,COMPLETED,0,1
79KWH,8,1,FULL,01-10-2025,16:31:16,01-10-2025,16:31:19,01-10-2025,16:33:57,COMPLETED,0,1
79KWH,8,2,FULL,01-10-2025,16:32:43,01-10-2025,16:34:26,01-10-2025,16:36:37,COMPLETED,0,1
79KWH,8,1,FULL,01-10-2025,16:34:17,01-10-2025,16:37:26,01-10-2025,16:40:56,COMPLETED,0,1
79KWH,8,2,FULL,01-10-2025,16:36:43,01-10-2025,16:36:48,01-10-2025,16:37:57,COMPLETED,0,1
79KWH,8,2,FULL,01-10-2025,16:38:16,01-10-2025,16:40:06,01-10-2025,16:42:18,COMPLETED,0,1
79KWH,8,1,FULL,01-10-2025,16:41:01,01-10-2025,16:41:04,01-10-2025,16:43:43,COMPLETED,0,1
79KWH,8,2,FULL,01-10-2025,16:42:24,01-10-2025,16:42:27,01-10-2025,16:43:38,COMPLETED,0,1
79KWH,8,2,FULL,01-10-2025,16:43:53,01-10-2025,16:43:55,01-10-2025,16:45:07,COMPLETED,0,1
79KWH,8,1,FULL,01-10-2025,16:44:02,01-10-2025,16:47:07,01-10-2025,16:50:44,COMPLETED,0,1
79KWH,8,2,FULL,01-10-2025,16:45:13,01-10-2025,16:45:16,01-10-2025,16:46:27,COMPLETED,0,1
79KWH,8,2,FULL,01-10-2025,16:46:45,01-10-2025,16:46:47,01-10-2025,16:48:02,COMPLETED,0,1
79KWH,8,2,FULL,01-10-2025,16:48:09,01-10-2025,16:48:11,01-10-2025,16:49:24,COMPLETED,0,1
79KWH,8,2,FULL,01-10-2025,16:49:40,01-10-2025,16:51:32,01-10-2025,16:53:46,COMPLETED,0,1
79KWH,8,1,FULL,01-10-2025,16:50:52,01-10-2025,16:50:53,01-10-2025,16:53:35,COMPLETED,0,1
79KWH,8,2,FULL,01-10-2025,16:53:52,01-10-2025,16:53:56,01-10-2025,16:55:10,COMPLETED,0,1
79KWH,8,1,FULL,01-10-2025,16:53:53,01-10-2025,16:57:05,01-10-2025,17:00:42,COMPLETED,0,1
79KWH,8,2,FULL,01-10-2025,16:55:27,01-10-2025,16:57:12,01-10-2025,16:59:26,COMPLETED,0,1
79KWH,8,2,FULL,01-10-2025,16:59:32,01-10-2025,16:59:35,01-10-2025,17:00:51,COMPLETED,0,1
79KWH,8,1,FULL,01-10-2025,17:00:49,01-10-2025,17:04:08,01-10-2025,17:07:38,COMPLETED,0,1
79KWH,8,2,FULL,01-10-2025,17:01:09,01-10-2025,17:01:09,01-10-2025,17:02:28,COMPLETED,0,1
79KWH,8,2,FULL,01-10-2025,17:02:34,01-10-2025,17:02:37,01-10-2025,17:03:54,COMPLETED,0,1
79KWH,8,2,FULL,01-10-2025,17:04:12,01-10-2025,17:06:01,01-10-2025,17:08:17,COMPLETED,0,1
79KWH,8,1,FULL,01-10-2025,17:07:56,01-10-2025,17:11:07,01-10-2025,17:14:39,COMPLETED,0,1
79KWH,8,2,FULL,01-10-2025,17:08:23,01-10-2025,17:08:27,01-10-2025,17:09:46,COMPLETED,0,1
79KWH,8,2,FULL,01-10-2025,17:10:03,01-10-2025,17:10:04,01-10-2025,17:11:27,COMPLETED,0,1
79KWH,8,2,FULL,01-10-2025,17:11:33,01-10-2025,17:11:36,01-10-2025,17:12:56,COMPLETED,0,1
79KWH,8,2,FULL,01-10-2025,17:13:13,01-10-2025,17:13:14,01-10-2025,17:14:39,COMPLETED,0,1
79KWH,8,1,FULL,01-10-2025,17:14:45,01-10-2025,17:14:48,01-10-2025,17:17:32,COMPLETED,0,1
79KWH,8,2,FULL,01-10-2025,17:14:45,01-10-2025,17:14:47,01-10-2025,17:16:10,COMPLETED,0,1
79KWH,8,2,FULL,01-10-2025,17:16:31,01-10-2025,17:16:32,01-10-2025,17:17:58,COMPLETED,0,1
79KWH,8,1,FULL,01-10-2025,17:17:50,01-10-2025,17:17:52,01-10-2025,17:20:45,COMPLETED,0,1
79KWH,8,2,FULL,01-10-2025,17:18:04,01-10-2025,17:18:06,01-10-2025,17:19:30,COMPLETED,0,1
79KWH,8,2,FULL,01-10-2025,17:19:48,01-10-2025,17:19:48,01-10-2025,17:21:15,COMPLETED,0,1
79KWH,8,1,FULL,01-10-2025,17:20:52,01-10-2025,17:20:54,01-10-2025,17:23:41,COMPLETED,0,1
79KWH,8,2,FULL,01-10-2025,17:21:21,01-10-2025,17:23:27,01-10-2025,17:25:45,COMPLETED,0,1
79KWH,8,1,FULL,01-10-2025,17:24:00,01-10-2025,17:27:06,01-10-2025,17:30:41,COMPLETED,0,1
79KWH,8,2,FULL,01-10-2025,17:26:03,01-10-2025,17:27:55,01-10-2025,17:30:16,COMPLETED,0,1
79KWH,8,2,FULL,01-10-2025,17:30:22,01-10-2025,17:30:26,01-10-2025,17:31:55,COMPLETED,0,1
79KWH,8,1,FULL,01-10-2025,17:30:47,01-10-2025,17:30:50,01-10-2025,17:33:39,COMPLETED,0,1
79KWH,8,2,FULL,01-10-2025,17:32:12,01-10-2025,17:32:12,01-10-2025,17:33:45,COMPLETED,0,1
79KWH,8,2,FULL,01-10-2025,17:33:51,01-10-2025,17:33:54,01-10-2025,17:35:25,COMPLETED,0,1
79KWH,8,1,FULL,01-10-2025,17:33:58,01-10-2025,17:37:08,01-10-2025,17:40:45,COMPLETED,0,1
79KWH,8,2,FULL,01-10-2025,17:35:42,01-10-2025,17:35:42,01-10-2025,17:37:16,COMPLETED,0,1
79KWH,8,2,FULL,01-10-2025,17:37:21,01-10-2025,17:37:25,01-10-2025,17:38:57,COMPLETED,0,1
79KWH,8,2,FULL,01-10-2025,17:39:14,01-10-2025,17:39:15,01-10-2025,17:40:50,COMPLETED,0,1
79KWH,8,1,FULL,01-10-2025,17:40:52,01-10-2025,17:40:53,01-10-2025,17:43:47,COMPLETED,0,1
79KWH,8,2,FULL,01-10-2025,17:40:56,01-10-2025,17:40:59,01-10-2025,17:42:32,COMPLETED,0,1
79KWH,8,2,FULL,01-10-2025,17:42:53,01-10-2025,17:42:53,01-10-2025,17:44:30,COMPLETED,0,1
79KWH,8,1,FULL,01-10-2025,17:44:06,01-10-2025,17:44:06,01-10-2025,17:47:01,COMPLETED,0,1
79KWH,8,2,FULL,01-10-2025,17:44:36,01-10-2025,17:44:40,01-10-2025,17:46:17,COMPLETED,0,1
79KWH,8,2,FULL,01-10-2025,17:46:34,01-10-2025,17:46:36,01-10-2025,17:48:16,COMPLETED,0,1
79KWH,8,1,FULL,01-10-2025,17:47:07,01-10-2025,17:47:10,01-10-2025,17:50:04,COMPLETED,0,1
79KWH,8,2,FULL,01-10-2025,17:48:23,01-10-2025,17:48:25,01-10-2025,17:50:03,COMPLETED,0,1
79KWH,8,2,FULL,01-10-2025,17:50:18,01-10-2025,17:50:20,01-10-2025,17:51:59,COMPLETED,0,1
79KWH,8,1,FULL,01-10-2025,17:50:23,01-10-2025,17:50:23,01-10-2025,17:53:20,COMPLETED,0,1
79KWH,8,2,FULL,01-10-2025,17:52:06,01-10-2025,17:53:50,01-10-2025,17:56:14,COMPLETED,0,1
79KWH,8,1,FULL,01-10-2025,17:53:25,01-10-2025,17:53:29,01-10-2025,17:56:24,COMPLETED,0,1
79KWH,8,2,FULL,01-10-2025,17:56:30,01-10-2025,17:58:08,01-10-2025,18:00:36,COMPLETED,0,1
79KWH,8,1,FULL,01-10-2025,17:56:45,01-10-2025,17:59:51,01-10-2025,18:03:36,COMPLETED,0,1
79KWH,8,2,FULL,01-10-2025,18:00:42,01-10-2025,18:00:48,01-10-2025,18:02:29,COMPLETED,0,1
79KWH,8,2,FULL,01-10-2025,18:02:46,01-10-2025,18:02:47,01-10-2025,18:04:30,COMPLETED,0,1
79KWH,8,1,FULL,01-10-2025,18:03:42,01-10-2025,18:03:45,01-10-2025,18:06:43,COMPLETED,0,1
79KWH,8,2,FULL,01-10-2025,18:04:38,01-10-2025,18:04:40,01-10-2025,18:06:21,COMPLETED,0,1
79KWH,8,2,FULL,01-10-2025,18:06:37,01-10-2025,18:06:38,01-10-2025,18:08:24,COMPLETED,0,1
79KWH,8,1,FULL,01-10-2025,18:07:02,01-10-2025,18:07:03,01-10-2025,18:10:04,COMPLETED,0,1
79KWH,8,2,FULL,01-10-2025,18:08:31,01-10-2025,18:08:34,01-10-2025,18:10:18,COMPLETED,0,1
79KWH,8,1,FULL,01-10-2025,18:10:09,01-10-2025,18:10:13,01-10-2025,18:13:11,COMPLETED,0,1
79KWH,8,2,FULL,01-10-2025,18:10:35,01-10-2025,18:10:35,01-10-2025,18:12:24,COMPLETED,0,1
79KWH,8,2,FULL,01-10-2025,18:12:30,01-10-2025,18:12:33,01-10-2025,18:14:19,COMPLETED,0,1
79KWH,8,1,FULL,01-10-2025,18:13:30,01-10-2025,18:13:30,01-10-2025,18:16:33,COMPLETED,0,1
79KWH,8,2,FULL,01-10-2025,18:14:36,01-10-2025,18:14:36,01-10-2025,18:16:25,COMPLETED,0,1
79KWH,8,2,FULL,01-10-2025,18:16:31,01-10-2025,18:16:34,01-10-2025,18:18:23,COMPLETED,0,1
79KWH,8,1,FULL,01-10-2025,18:16:40,01-10-2025,18:16:42,01-10-2025,18:19:44,COMPLETED,0,1
79KWH,8,2,FULL,01-10-2025,18:18:40,01-10-2025,18:18:40,01-10-2025,18:20:30,COMPLETED,0,1
79KWH,8,1,FULL,01-10-2025,18:20:02,01-10-2025,18:20:03,01-10-2025,18:23:07,COMPLETED,0,1
79KWH,8,1,FULL,01-10-2025,18:23:13,01-10-2025,18:23:16,01-10-2025,18:26:20,COMPLETED,0,1
79KWH,8,1,FULL,01-10-2025,18:26:39,01-10-2025,18:26:39,01-10-2025,18:29:46,COMPLETED,0,1
79KWH,8,1,FULL,01-10-2025,18:29:52,01-10-2025,18:29:56,01-10-2025,18:33:01,COMPLETED,0,1
79KWH,8,1,FULL,01-10-2025,18:33:47,01-10-2025,18:33:48,01-10-2025,18:36:55,COMPLETED,0,1
79KWH,8,2,FULL,01-10-2025,18:33:56,01-10-2025,18:33:57,01-10-2025,18:35:46,COMPLETED,0,1
79KWH,8,2,FULL,01-10-2025,18:36:01,01-10-2025,18:37:32,01-10-2025,18:40:04,COMPLETED,0,1
79KWH,8,1,FULL,01-10-2025,18:37:01,01-10-2025,18:37:04,01-10-2025,18:40:11,COMPLETED,0,1
79KWH,8,2,FULL,01-10-2025,18:40:10,01-10-2025,18:40:13,01-10-2025,18:42:04,COMPLETED,0,1
79KWH,8,1,FULL,01-10-2025,18:40:29,01-10-2025,18:43:47,01-10-2025,18:47:32,COMPLETED,0,1
79KWH,8,2,FULL,01-10-2025,18:42:22,01-10-2025,18:42:22,01-10-2025,18:44:15,COMPLETED,0,1
79KWH,8,1,FULL,01-10-2025,18:47:38,01-10-2025,18:47:41,01-10-2025,18:50:50,COMPLETED,0,1
79KWH,8,1,FULL,01-10-2025,18:51:09,01-10-2025,18:54:21,01-10-2025,18:58:13,COMPLETED,0,1
79KWH,8,2,FULL,01-10-2025,18:52:47,01-10-2025,18:52:47,01-10-2025,18:54:40,COMPLETED,0,1
79KWH,8,2,FULL,01-10-2025,18:55:02,01-10-2025,18:55:03,01-10-2025,18:56:58,COMPLETED,0,1
79KWH,8,2,FULL,01-10-2025,18:57:04,01-10-2025,18:57:07,01-10-2025,18:59:01,COMPLETED,0,1
79KWH,8,1,FULL,01-10-2025,18:58:18,01-10-2025,18:58:21,01-10-2025,19:01:32,COMPLETED,0,1
79KWH,8,2,FULL,01-10-2025,18:59:18,01-10-2025,18:59:19,01-10-2025,19:01:15,COMPLETED,0,1
79KWH,8,2,FULL,01-10-2025,19:01:21,01-10-2025,19:01:23,01-10-2025,19:03:18,COMPLETED,0,1
79KWH,8,1,FULL,01-10-2025,19:01:52,01-10-2025,19:01:53,01-10-2025,19:05:07,COMPLETED,0,1
79KWH,8,2,FULL,01-10-2025,19:03:33,01-10-2025,19:03:34,01-10-2025,19:05:31,COMPLETED,0,1
79KWH,8,1,FULL,01-10-2025,19:05:13,01-10-2025,19:05:15,01-10-2025,19:08:29,COMPLETED,0,1
79KWH,8,2,FULL,01-10-2025,19:05:37,01-10-2025,19:05:40,01-10-2025,19:07:37,COMPLETED,0,1
79KWH,8,2,FULL,01-10-2025,19:07:56,01-10-2025,19:07:57,01-10-2025,19:09:56,COMPLETED,0,1
79KWH,8,1,FULL,01-10-2025,19:08:49,01-10-2025,19:08:49,01-10-2025,19:12:06,COMPLETED,0,1
79KWH,8,2,FULL,01-10-2025,19:10:03,01-10-2025,19:10:06,01-10-2025,19:12:04,COMPLETED,0,1
79KWH,8,1,FULL,01-10-2025,19:12:12,01-10-2025,19:12:14,01-10-2025,19:15:35,COMPLETED,0,1
79KWH,8,2,FULL,01-10-2025,19:12:22,01-10-2025,19:12:22,01-10-2025,19:14:25,COMPLETED,0,1
79KWH,8,2,FULL,01-10-2025,19:14:30,01-10-2025,19:14:34,01-10-2025,19:16:35,COMPLETED,0,1
79KWH,8,1,FULL,01-10-2025,19:15:53,01-10-2025,19:15:54,01-10-2025,19:19:12,COMPLETED,0,1
79KWH,8,2,FULL,01-10-2025,19:16:55,01-10-2025,19:16:56,01-10-2025,19:18:58,COMPLETED,0,1
79KWH,8,2,FULL,01-10-2025,19:19:04,01-10-2025,19:19:08,01-10-2025,19:21:09,COMPLETED,0,1
79KWH,8,1,FULL,01-10-2025,19:19:18,01-10-2025,19:22:54,01-10-2025,19:26:41,COMPLETED,0,1
79KWH,8,2,FULL,01-10-2025,19:21:27,01-10-2025,19:22:52,01-10-2025,19:25:31,COMPLETED,0,1
79KWH,8,2,FULL,01-10-2025,19:25:37,01-10-2025,19:27:55,01-10-2025,19:30:31,COMPLETED,0,1
79KWH,8,1,FULL,01-10-2025,19:27:01,01-10-2025,19:30:13,01-10-2025,19:34:07,COMPLETED,0,1
79KWH,8,2,FULL,01-10-2025,19:30:51,01-10-2025,19:30:52,01-10-2025,19:32:58,COMPLETED,0,1
79KWH,8,2,FULL,01-10-2025,19:33:04,01-10-2025,19:33:08,01-10-2025,19:35:11,COMPLETED,0,1
79KWH,8,1,FULL,01-10-2025,19:34:13,01-10-2025,19:34:17,01-10-2025,19:37:35,COMPLETED,0,1
79KWH,8,2,FULL,01-10-2025,19:35:27,01-10-2025,19:35:28,01-10-2025,19:37:35,COMPLETED,0,1
79KWH,8,2,FULL,01-10-2025,19:37:41,01-10-2025,19:37:44,01-10-2025,19:39:49,COMPLETED,0,1
79KWH,8,1,FULL,01-10-2025,19:37:53,01-10-2025,19:37:54,01-10-2025,19:41:16,COMPLETED,0,1
79KWH,8,2,FULL,01-10-2025,19:40:08,01-10-2025,19:40:09,01-10-2025,19:42:16,COMPLETED,0,1
79KWH,8,1,FULL,01-10-2025,19:41:23,01-10-2025,19:41:26,01-10-2025,19:44:47,COMPLETED,0,1
79KWH,8,2,FULL,01-10-2025,19:42:22,01-10-2025,19:42:26,01-10-2025,19:44:34,COMPLETED,0,1
79KWH,8,2,FULL,01-10-2025,19:44:54,01-10-2025,19:44:55,01-10-2025,19:47:03,COMPLETED,0,1
79KWH,8,1,FULL,01-10-2025,19:45:06,01-10-2025,19:45:06,01-10-2025,19:48:30,COMPLETED,0,1
79KWH,8,2,FULL,01-10-2025,19:47:09,01-10-2025,19:47:13,01-10-2025,19:49:19,COMPLETED,0,1
79KWH,8,1,FULL,01-10-2025,19:48:37,01-10-2025,19:48:39,01-10-2025,19:52:01,COMPLETED,0,1
79KWH,8,2,FULL,01-10-2025,19:49:35,01-10-2025,19:49:36,01-10-2025,19:51:48,COMPLETED,0,1
79KWH,8,2,FULL,01-10-2025,19:51:55,01-10-2025,19:51:57,01-10-2025,19:54:05,COMPLETED,0,1
79KWH,8,1,FULL,01-10-2025,19:52:21,01-10-2025,19:52:22,01-10-2025,19:55:48,COMPLETED,0,1
79KWH,8,2,FULL,01-10-2025,19:54:22,01-10-2025,19:54:22,01-10-2025,19:56:33,COMPLETED,0,1
79KWH,8,1,FULL,01-10-2025,19:55:54,01-10-2025,19:55:57,01-10-2025,19:59:22,COMPLETED,0,1
79KWH,8,2,FULL,01-10-2025,19:56:40,01-10-2025,19:56:42,01-10-2025,19:58:52,COMPLETED,0,1
79KWH,8,2,FULL,01-10-2025,19:59:09,01-10-2025,19:59:09,01-10-2025,20:01:22,COMPLETED,0,1
79KWH,8,1,FULL,01-10-2025,19:59:40,01-10-2025,19:59:41,01-10-2025,20:03:09,COMPLETED,0,1
79KWH,8,2,FULL,01-10-2025,20:01:28,01-10-2025,20:01:31,01-10-2025,20:03:43,COMPLETED,0,1
79KWH,8,1,FULL,01-10-2025,20:03:15,01-10-2025,20:03:17,01-10-2025,20:06:44,COMPLETED,0,1
79KWH,8,2,FULL,01-10-2025,20:04:01,01-10-2025,20:04:02,01-10-2025,20:06:17,COMPLETED,0,1
79KWH,8,2,FULL,01-10-2025,20:06:23,01-10-2025,20:06:25,01-10-2025,20:08:38,COMPLETED,0,1
79KWH,8,1,FULL,01-10-2025,20:07:05,01-10-2025,20:07:06,01-10-2025,20:10:36,COMPLETED,0,1
79KWH,8,2,FULL,01-10-2025,20:08:55,01-10-2025,20:08:55,01-10-2025,20:11:10,COMPLETED,0,1
79KWH,8,1,FULL,01-10-2025,20:10:41,01-10-2025,20:10:44,01-10-2025,20:14:12,COMPLETED,0,1
79KWH,8,2,FULL,01-10-2025,20:11:16,01-10-2025,20:11:19,01-10-2025,20:13:34,COMPLETED,0,1
79KWH,8,2,FULL,01-10-2025,20:13:50,01-10-2025,20:13:52,01-10-2025,20:16:11,COMPLETED,0,1
79KWH,8,1,FULL,01-10-2025,20:14:31,01-10-2025,20:14:33,01-10-2025,20:18:05,COMPLETED,0,1
79KWH,8,1,FULL,01-10-2025,20:18:12,01-10-2025,20:21:51,01-10-2025,20:25:45,COMPLETED,0,1
79KWH,8,1,FULL,01-10-2025,20:26:03,01-10-2025,20:26:06,01-10-2025,20:29:42,COMPLETED,0,1
79KWH,8,1,FULL,01-10-2025,20:29:48,01-10-2025,20:31:55,01-10-2025,20:34:20,COMPLETED,0,1
79KWH,8,1,FULL,01-10-2025,21:30:08,01-10-2025,21:30:09,01-10-2025,21:34:10,COMPLETED,0,1
79KWH,8,2,FULL,01-10-2025,21:30:17,01-10-2025,21:30:19,01-10-2025,21:33:01,COMPLETED,0,1
79KWH,8,2,FULL,01-10-2025,21:33:17,01-10-2025,21:33:17,01-10-2025,21:35:37,COMPLETED,0,1
79KWH,8,1,FULL,01-10-2025,21:34:16,01-10-2025,21:34:20,01-10-2025,21:37:56,COMPLETED,0,1
79KWH,8,2,FULL,01-10-2025,21:35:43,01-10-2025,21:35:46,01-10-2025,21:38:05,COMPLETED,0,1
79KWH,8,1,FULL,01-10-2025,21:38:15,01-10-2025,21:38:17,01-10-2025,21:42:02,COMPLETED,0,1
79KWH,8,2,FULL,01-10-2025,21:38:20,01-10-2025,21:38:21,01-10-2025,21:40:41,COMPLETED,0,1
79KWH,8,2,FULL,01-10-2025,21:40:47,01-10-2025,21:40:50,01-10-2025,21:43:09,COMPLETED,0,1
79KWH,8,1,FULL,01-10-2025,21:42:08,01-10-2025,21:42:10,01-10-2025,21:45:48,COMPLETED,0,1
79KWH,8,2,FULL,01-10-2025,21:43:25,01-10-2025,21:45:35,01-10-2025,21:48:22,COMPLETED,0,1
79KWH,8,1,FULL,01-10-2025,21:46:07,01-10-2025,21:49:27,01-10-2025,21:53:28,COMPLETED,0,1
79KWH,8,2,FULL,01-10-2025,21:48:29,01-10-2025,21:50:55,01-10-2025,21:53:40,COMPLETED,0,1
79KWH,8,1,FULL,01-10-2025,21:53:34,01-10-2025,22:02:04,01-10-2025,22:06:02,COMPLETED,0,1
79KWH,8,2,FULL,01-10-2025,21:53:58,01-10-2025,21:53:59,01-10-2025,22:01:13,COMPLETED,0,1
79KWH,8,2,FULL,01-10-2025,22:01:19,01-10-2025,22:01:23,01-10-2025,22:03:44,COMPLETED,0,1
79KWH,8,2,FULL,01-10-2025,22:04:03,01-10-2025,22:06:17,01-10-2025,22:09:05,COMPLETED,0,1
79KWH,8,1,FULL,01-10-2025,22:06:21,01-10-2025,22:09:40,01-10-2025,22:13:42,COMPLETED,0,1
79KWH,8,2,FULL,01-10-2025,22:09:12,01-10-2025,22:09:15,01-10-2025,22:11:39,COMPLETED,0,1
79KWH,8,2,FULL,01-10-2025,22:11:57,01-10-2025,22:14:02,01-10-2025,22:16:53,COMPLETED,0,1
79KWH,8,1,FULL,01-10-2025,22:13:48,01-10-2025,22:13:51,01-10-2025,22:17:33,COMPLETED,0,1
79KWH,8,2,FULL,01-10-2025,22:17:02,01-10-2025,22:17:03,01-10-2025,22:19:30,COMPLETED,0,1
79KWH,8,1,FULL,01-10-2025,22:17:52,01-10-2025,22:17:53,01-10-2025,22:21:38,COMPLETED,0,1
79KWH,8,2,FULL,01-10-2025,22:19:46,01-10-2025,22:19:47,01-10-2025,22:22:16,COMPLETED,0,1
79KWH,8,1,FULL,01-10-2025,22:21:44,01-10-2025,22:21:47,01-10-2025,22:25:31,COMPLETED,0,1
79KWH,8,2,FULL,01-10-2025,22:22:22,01-10-2025,22:22:26,01-10-2025,22:24:54,COMPLETED,0,1
79KWH,8,2,FULL,01-10-2025,22:25:14,01-10-2025,22:25:14,01-10-2025,22:27:44,COMPLETED,0,1
79KWH,8,1,FULL,01-10-2025,22:25:50,01-10-2025,22:25:50,01-10-2025,22:29:36,COMPLETED,0,1
79KWH,8,2,FULL,01-10-2025,22:27:50,01-10-2025,22:27:52,01-10-2025,22:30:20,COMPLETED,0,1
79KWH,8,1,FULL,01-10-2025,22:29:59,01-10-2025,22:30:00,01-10-2025,22:33:50,COMPLETED,0,1
79KWH,8,2,FULL,01-10-2025,22:30:39,01-10-2025,22:30:40,01-10-2025,22:33:11,COMPLETED,0,1
79KWH,8,2,FULL,01-10-2025,22:33:17,01-10-2025,22:33:21,01-10-2025,22:35:51,COMPLETED,0,1
79KWH,8,1,FULL,01-10-2025,22:33:56,01-10-2025,22:33:59,01-10-2025,22:37:48,COMPLETED,0,1
79KWH,8,2,FULL,01-10-2025,22:36:08,01-10-2025,22:36:10,01-10-2025,22:38:43,COMPLETED,0,1
79KWH,8,1,FULL,01-10-2025,22:38:06,01-10-2025,22:38:07,01-10-2025,22:41:58,COMPLETED,0,1
79KWH,8,2,FULL,01-10-2025,22:38:49,01-10-2025,22:38:52,01-10-2025,22:41:23,COMPLETED,0,1
79KWH,8,2,FULL,01-10-2025,22:41:42,01-10-2025,22:41:42,01-10-2025,22:44:18,COMPLETED,0,1
79KWH,8,1,FULL,01-10-2025,22:42:04,01-10-2025,22:45:47,01-10-2025,22:49:50,COMPLETED,0,1
79KWH,8,2,FULL,01-10-2025,22:44:24,01-10-2025,22:44:26,01-10-2025,22:46:59,COMPLETED,0,1
79KWH,8,2,FULL,01-10-2025,22:47:21,01-10-2025,22:49:31,01-10-2025,22:52:25,COMPLETED,0,1
79KWH,8,1,FULL,01-10-2025,22:50:08,01-10-2025,23:02:09,01-10-2025,23:06:16,COMPLETED,0,1
79KWH,8,2,FULL,01-10-2025,22:52:31,01-10-2025,22:52:34,01-10-2025,22:55:08,COMPLETED,0,1
79KWH,8,2,FULL,01-10-2025,22:55:28,01-10-2025,22:55:28,01-10-2025,22:58:04,COMPLETED,0,1
79KWH,8,2,FULL,01-10-2025,22:58:10,01-10-2025,22:58:13,01-10-2025,23:00:48,COMPLETED,0,1
79KWH,8,2,FULL,01-10-2025,23:01:07,01-10-2025,23:01:08,01-10-2025,23:03:45,COMPLETED,0,1
79KWH,8,2,FULL,01-10-2025,23:03:52,01-10-2025,23:03:54,01-10-2025,23:06:31,COMPLETED,0,1
79KWH,8,1,FULL,01-10-2025,23:06:39,01-10-2025,23:06:40,01-10-2025,23:10:41,COMPLETED,0,1
79KWH,8,2,FULL,01-10-2025,23:06:48,01-10-2025,23:06:49,01-10-2025,23:09:29,COMPLETED,0,1
79KWH,8,2,FULL,01-10-2025,23:09:35,01-10-2025,23:09:37,01-10-2025,23:12:16,COMPLETED,0,1
79KWH,8,1,FULL,01-10-2025,23:10:47,01-10-2025,23:10:49,01-10-2025,23:14:43,COMPLETED,0,1
79KWH,8,2,FULL,01-10-2025,23:12:31,01-10-2025,23:12:33,01-10-2025,23:15:13,COMPLETED,0,1
79KWH,8,1,FULL,01-10-2025,23:15:04,01-10-2025,23:15:05,01-10-2025,23:19:07,COMPLETED,0,1
79KWH,8,2,FULL,01-10-2025,23:15:18,01-10-2025,23:15:22,01-10-2025,23:18:01,COMPLETED,0,1
79KWH,8,2,FULL,01-10-2025,23:18:17,01-10-2025,23:18:18,01-10-2025,23:21:00,COMPLETED,0,1
79KWH,8,1,FULL,01-10-2025,23:19:14,01-10-2025,23:19:17,01-10-2025,23:23:13,COMPLETED,0,1
79KWH,8,2,FULL,01-10-2025,23:21:06,01-10-2025,23:21:10,01-10-2025,23:23:50,COMPLETED,0,1
79KWH,8,1,FULL,01-10-2025,23:23:31,01-10-2025,23:23:32,01-10-2025,23:27:31,COMPLETED,0,1
79KWH,8,2,FULL,01-10-2025,23:24:07,01-10-2025,23:24:08,01-10-2025,23:26:52,COMPLETED,0,1
79KWH,8,2,FULL,01-10-2025,23:26:58,01-10-2025,23:27:01,01-10-2025,23:29:43,COMPLETED,0,1
79KWH,8,1,FULL,01-10-2025,23:27:38,01-10-2025,23:27:39,01-10-2025,23:31:36,COMPLETED,0,1
79KWH,8,2,FULL,01-10-2025,23:29:58,01-10-2025,23:29:59,01-10-2025,23:32:44,COMPLETED,0,1
79KWH,8,1,FULL,01-10-2025,23:31:55,01-10-2025,23:31:56,01-10-2025,23:35:56,COMPLETED,0,1
79KWH,8,2,FULL,01-10-2025,23:32:50,01-10-2025,23:32:54,01-10-2025,23:35:37,COMPLETED,0,1
79KWH,8,2,FULL,01-10-2025,23:35:55,01-10-2025,23:35:56,01-10-2025,23:38:44,COMPLETED,0,1
79KWH,8,1,FULL,01-10-2025,23:36:02,01-10-2025,23:36:05,01-10-2025,23:40:05,COMPLETED,0,1
79KWH,8,2,FULL,01-10-2025,23:38:49,01-10-2025,23:38:52,01-10-2025,23:41:37,COMPLETED,0,1
79KWH,8,1,FULL,01-10-2025,23:40:24,01-10-2025,23:40:25,01-10-2025,23:44:27,COMPLETED,0,1
79KWH,8,2,FULL,01-10-2025,23:41:55,01-10-2025,23:41:55,01-10-2025,23:44:44,COMPLETED,0,1
79KWH,8,1,FULL,01-10-2025,23:44:34,01-10-2025,23:44:36,01-10-2025,23:48:43,COMPLETED,0,1
79KWH,8,2,FULL,01-10-2025,23:44:50,01-10-2025,23:44:54,01-10-2025,23:47:43,COMPLETED,0,1
79KWH,8,2,FULL,01-10-2025,23:47:59,01-10-2025,23:48:01,01-10-2025,23:50:52,COMPLETED,0,1
79KWH,8,1,FULL,01-10-2025,23:49:02,01-10-2025,23:49:03,01-10-2025,23:53:08,COMPLETED,0,1
79KWH,8,1,FULL,01-10-2025,23:53:14,01-10-2025,23:53:17,01-10-2025,23:57:21,COMPLETED,0,1
79KWH,8,1,FULL,01-10-2025,23:57:40,01-10-2025,23:57:41,02-10-2025,00:01:47,COMPLETED,0,1
79KWH,8,1,FULL,02-10-2025,00:01:56,02-10-2025,00:01:57,02-10-2025,00:06:06,COMPLETED,0,1
79KWH,8,2,FULL,03-10-2025,07:24:52,03-10-2025,07:24:53,03-10-2025,07:27:55,COMPLETED,0,1
79KWH,8,2,FULL,03-10-2025,07:28:01,03-10-2025,07:28:04,03-10-2025,07:30:55,COMPLETED,0,1
79KWH,8,1,FULL,03-10-2025,07:29:58,03-10-2025,07:29:58,03-10-2025,07:34:15,COMPLETED,0,1
79KWH,8,2,FULL,03-10-2025,07:31:03,03-10-2025,07:31:03,03-10-2025,07:33:58,COMPLETED,0,1
79KWH,8,2,FULL,03-10-2025,07:34:05,03-10-2025,07:34:07,03-10-2025,07:37:00,COMPLETED,0,1
79KWH,8,1,FULL,03-10-2025,07:34:26,03-10-2025,07:34:27,03-10-2025,07:38:41,COMPLETED,0,1
79KWH,8,2,FULL,03-10-2025,07:37:07,03-10-2025,07:39:37,03-10-2025,07:42:40,COMPLETED,0,1
79KWH,8,1,FULL,03-10-2025,07:38:52,03-10-2025,07:42:28,03-10-2025,07:45:08,COMPLETED,0,1
79KWH,8,2,FULL,03-10-2025,07:42:47,03-10-2025,07:42:49,03-10-2025,07:45:43,COMPLETED,0,1
79KWH,8,1,FULL,03-10-2025,07:45:18,03-10-2025,07:47:57,03-10-2025,07:50:30,COMPLETED,0,1
79KWH,8,2,FULL,03-10-2025,07:45:51,03-10-2025,07:48:14,03-10-2025,07:51:19,COMPLETED,0,1
79KWH,8,1,FULL,03-10-2025,07:50:42,03-10-2025,07:50:43,03-10-2025,07:51:34,COMPLETED,0,1
79KWH,8,2,FULL,03-10-2025,07:51:25,03-10-2025,07:51:28,03-10-2025,07:54:24,COMPLETED,0,1
79KWH,8,1,FULL,03-10-2025,07:51:43,03-10-2025,07:51:44,03-10-2025,07:52:35,COMPLETED,0,1
79KWH,8,1,FULL,03-10-2025,07:52:47,03-10-2025,07:52:48,03-10-2025,07:53:44,COMPLETED,0,1
79KWH,8,1,FULL,03-10-2025,07:53:51,03-10-2025,07:53:52,03-10-2025,07:54:49,COMPLETED,0,1
79KWH,8,2,FULL,03-10-2025,07:54:32,03-10-2025,07:54:33,03-10-2025,07:57:32,COMPLETED,0,1
79KWH,8,1,FULL,03-10-2025,07:54:58,03-10-2025,07:54:59,03-10-2025,07:56:00,COMPLETED,0,1
79KWH,8,1,FULL,03-10-2025,07:56:06,03-10-2025,07:58:40,03-10-2025,08:01:19,COMPLETED,0,1
79KWH,8,2,FULL,03-10-2025,07:57:39,03-10-2025,07:57:41,03-10-2025,08:00:40,COMPLETED,0,1
79KWH,8,2,FULL,03-10-2025,08:00:48,03-10-2025,08:03:17,03-10-2025,08:06:23,COMPLETED,0,1
79KWH,8,1,FULL,03-10-2025,08:01:27,03-10-2025,08:01:27,03-10-2025,08:02:32,COMPLETED,0,1
79KWH,8,1,FULL,03-10-2025,08:02:39,03-10-2025,08:02:40,03-10-2025,08:03:43,COMPLETED,0,1
79KWH,8,1,FULL,03-10-2025,08:03:51,03-10-2025,08:03:52,03-10-2025,08:04:57,COMPLETED,0,1
79KWH,8,1,FULL,03-10-2025,08:05:02,03-10-2025,08:05:06,03-10-2025,08:06:11,COMPLETED,0,1
79KWH,8,1,FULL,03-10-2025,08:06:20,03-10-2025,08:06:20,03-10-2025,08:07:27,COMPLETED,0,1
79KWH,8,2,FULL,03-10-2025,08:06:29,03-10-2025,08:06:32,03-10-2025,08:09:31,COMPLETED,0,1
79KWH,8,1,FULL,03-10-2025,08:07:34,03-10-2025,08:07:37,03-10-2025,08:08:43,COMPLETED,0,1
79KWH,8,1,FULL,03-10-2025,08:08:51,03-10-2025,08:08:52,03-10-2025,08:10:02,COMPLETED,0,1
79KWH,8,2,FULL,03-10-2025,08:09:39,03-10-2025,08:12:05,03-10-2025,08:15:12,COMPLETED,0,1
79KWH,8,1,FULL,03-10-2025,08:10:08,03-10-2025,08:10:10,03-10-2025,08:11:18,COMPLETED,0,1
79KWH,8,1,FULL,03-10-2025,08:11:26,03-10-2025,08:11:27,03-10-2025,08:12:38,COMPLETED,0,1
79KWH,8,1,FULL,03-10-2025,08:12:44,03-10-2025,08:12:46,03-10-2025,08:13:56,COMPLETED,0,1
79KWH,8,1,FULL,03-10-2025,08:14:04,03-10-2025,08:16:33,03-10-2025,08:19:20,COMPLETED,0,1
79KWH,8,2,FULL,03-10-2025,08:15:19,03-10-2025,08:15:21,03-10-2025,08:18:22,COMPLETED,0,1
79KWH,8,2,FULL,03-10-2025,08:18:31,03-10-2025,08:21:01,03-10-2025,08:24:08,COMPLETED,0,1
79KWH,8,1,FULL,03-10-2025,08:19:26,03-10-2025,08:19:28,03-10-2025,08:20:40,COMPLETED,0,1
79KWH,8,1,FULL,03-10-2025,08:20:48,03-10-2025,09:05:05,03-10-2025,09:07:52,COMPLETED,0,1
79KWH,8,2,FULL,03-10-2025,08:24:14,03-10-2025,08:24:17,03-10-2025,08:27:19,COMPLETED,0,1
79KWH,8,2,FULL,03-10-2025,08:27:27,03-10-2025,08:27:28,03-10-2025,08:30:32,COMPLETED,0,1
79KWH,8,2,FULL,03-10-2025,08:30:40,03-10-2025,08:30:42,03-10-2025,08:33:45,COMPLETED,0,1
79KWH,8,2,FULL,03-10-2025,08:33:53,03-10-2025,08:33:54,03-10-2025,08:37:01,COMPLETED,0,1
79KWH,8,2,FULL,03-10-2025,08:37:07,03-10-2025,08:37:10,03-10-2025,08:40:17,COMPLETED,0,1
79KWH,8,2,FULL,03-10-2025,08:40:25,03-10-2025,08:40:25,03-10-2025,08:43:34,COMPLETED,0,1
79KWH,8,2,FULL,03-10-2025,08:43:39,03-10-2025,08:43:43,03-10-2025,08:46:50,COMPLETED,0,1
79KWH,8,2,FULL,03-10-2025,08:46:59,03-10-2025,08:46:59,03-10-2025,08:49:00,COMPLETED,0,1
79KWH,8,2,FULL,03-10-2025,08:49:08,03-10-2025,08:49:08,03-10-2025,08:49:58,COMPLETED,0,1
79KWH,8,2,FULL,03-10-2025,08:50:10,03-10-2025,08:50:11,03-10-2025,08:51:03,COMPLETED,0,1
79KWH,8,2,FULL,03-10-2025,08:51:10,03-10-2025,08:51:12,03-10-2025,08:52:02,COMPLETED,0,1
79KWH,8,2,FULL,03-10-2025,08:52:15,03-10-2025,08:52:16,03-10-2025,08:53:09,COMPLETED,0,1
79KWH,8,2,FULL,03-10-2025,08:53:16,03-10-2025,08:53:18,03-10-2025,08:54:10,COMPLETED,0,1
79KWH,8,2,FULL,03-10-2025,08:54:20,03-10-2025,08:54:20,03-10-2025,08:55:16,COMPLETED,0,1
79KWH,8,2,FULL,03-10-2025,08:55:23,03-10-2025,08:55:25,03-10-2025,08:56:19,COMPLETED,0,1
79KWH,8,2,FULL,03-10-2025,08:56:29,03-10-2025,08:56:30,03-10-2025,08:57:27,COMPLETED,0,1
79KWH,8,2,FULL,03-10-2025,08:57:33,03-10-2025,08:57:37,03-10-2025,08:58:32,COMPLETED,0,1
79KWH,8,2,FULL,03-10-2025,08:58:44,03-10-2025,08:58:44,03-10-2025,08:59:45,COMPLETED,0,1
79KWH,8,2,FULL,03-10-2025,08:59:51,03-10-2025,08:59:54,03-10-2025,09:00:51,COMPLETED,0,1
79KWH,8,2,FULL,03-10-2025,09:01:00,03-10-2025,09:01:00,03-10-2025,09:02:01,COMPLETED,0,1
79KWH,8,2,FULL,03-10-2025,09:02:07,03-10-2025,09:02:09,03-10-2025,09:03:08,COMPLETED,0,1
79KWH,8,2,FULL,03-10-2025,09:03:17,03-10-2025,09:03:17,03-10-2025,09:04:19,COMPLETED,0,1
79KWH,8,2,FULL,03-10-2025,09:04:26,03-10-2025,09:04:29,03-10-2025,09:05:30,COMPLETED,0,1
79KWH,8,2,FULL,03-10-2025,09:05:38,03-10-2025,09:05:38,03-10-2025,09:06:44,COMPLETED,0,1
79KWH,8,2,FULL,03-10-2025,09:06:50,03-10-2025,09:06:52,03-10-2025,09:07:56,COMPLETED,0,1
79KWH,8,1,FULL,03-10-2025,09:07:58,03-10-2025,09:08:01,03-10-2025,09:09:14,COMPLETED,0,1
79KWH,8,2,FULL,03-10-2025,09:08:04,03-10-2025,09:10:03,03-10-2025,09:12:13,COMPLETED,0,1
79KWH,8,1,FULL,03-10-2025,09:09:23,03-10-2025,09:11:50,03-10-2025,09:14:38,COMPLETED,0,1
79KWH,8,2,FULL,03-10-2025,09:12:19,03-10-2025,09:12:21,03-10-2025,09:13:27,COMPLETED,0,1
79KWH,8,2,FULL,03-10-2025,09:13:34,03-10-2025,09:15:36,03-10-2025,09:17:47,COMPLETED,0,1
79KWH,8,1,FULL,03-10-2025,09:14:44,03-10-2025,09:27:31,03-10-2025,09:28:33,COMPLETED,0,1
79KWH,8,2,FULL,03-10-2025,09:17:53,03-10-2025,09:17:56,03-10-2025,09:19:03,COMPLETED,0,1
79KWH,8,1,FULL,03-10-2025,09:28:40,03-10-2025,09:28:40,03-10-2025,09:31:23,COMPLETED,0,1
79KWH,8,1,FULL,03-10-2025,09:31:30,04-10-2025,12:24:00,04-10-2025,12:26:30,COMPLETED,0,1
79KWH,8,2,FULL,03-10-2025,09:34:35,03-10-2025,09:34:38,03-10-2025,09:36:49,COMPLETED,0,1
79KWH,8,2,FULL,03-10-2025,09:36:55,03-10-2025,09:36:58,03-10-2025,09:38:07,COMPLETED,0,1
79KWH,8,2,FULL,03-10-2025,09:38:15,03-10-2025,09:38:16,03-10-2025,09:39:28,COMPLETED,0,1
79KWH,8,2,FULL,03-10-2025,09:39:34,03-10-2025,09:39:37,03-10-2025,09:40:47,COMPLETED,0,1
79KWH,8,2,FULL,03-10-2025,09:40:55,03-10-2025,09:40:59,03-10-2025,09:42:12,COMPLETED,0,1
79KWH,8,2,FULL,03-10-2025,09:42:21,03-10-2025,09:42:22,03-10-2025,09:43:33,COMPLETED,0,1
79KWH,8,2,FULL,03-10-2025,09:43:44,03-10-2025,09:45:39,03-10-2025,09:47:53,COMPLETED,0,1
79KWH,8,2,FULL,03-10-2025,09:48:01,03-10-2025,09:48:02,03-10-2025,09:49:18,COMPLETED,0,1
79KWH,8,2,FULL,03-10-2025,09:49:27,03-10-2025,09:49:28,03-10-2025,09:50:47,COMPLETED,0,1
79KWH,8,2,FULL,03-10-2025,09:50:53,03-10-2025,09:50:54,03-10-2025,09:52:11,COMPLETED,0,1
79KWH,8,2,FULL,03-10-2025,09:52:19,03-10-2025,09:52:19,03-10-2025,09:53:37,COMPLETED,0,1
79KWH,8,2,FULL,03-10-2025,09:53:43,03-10-2025,09:53:46,03-10-2025,09:55:04,COMPLETED,0,1
79KWH,8,2,FULL,03-10-2025,09:55:11,03-10-2025,09:55:12,03-10-2025,09:56:35,COMPLETED,0,1
79KWH,8,2,FULL,03-10-2025,09:56:42,03-10-2025,09:56:44,03-10-2025,09:58:06,COMPLETED,0,1
79KWH,8,2,FULL,03-10-2025,09:58:14,03-10-2025,09:58:15,03-10-2025,09:59:41,COMPLETED,0,1
79KWH,8,2,FULL,03-10-2025,09:59:47,03-10-2025,09:59:49,03-10-2025,10:01:14,COMPLETED,0,1
79KWH,8,2,FULL,03-10-2025,10:01:22,03-10-2025,10:01:22,03-10-2025,10:02:49,COMPLETED,0,1
79KWH,8,2,FULL,03-10-2025,10:02:54,03-10-2025,10:02:57,03-10-2025,10:04:22,COMPLETED,0,1
79KWH,8,2,FULL,03-10-2025,10:04:31,03-10-2025,10:04:32,03-10-2025,10:06:01,COMPLETED,0,1
79KWH,8,2,FULL,03-10-2025,10:06:06,03-10-2025,10:06:10,03-10-2025,10:07:38,COMPLETED,0,1
79KWH,8,2,FULL,03-10-2025,10:07:45,03-10-2025,10:09:38,03-10-2025,10:11:59,COMPLETED,0,1
79KWH,8,2,FULL,03-10-2025,10:12:11,03-10-2025,10:12:11,03-10-2025,10:13:43,COMPLETED,0,1
79KWH,8,2,FULL,03-10-2025,10:13:49,03-10-2025,10:13:51,03-10-2025,10:15:21,COMPLETED,0,1
79KWH,8,2,FULL,03-10-2025,10:15:27,03-10-2025,10:15:28,03-10-2025,10:16:58,COMPLETED,0,1
79KWH,8,2,FULL,03-10-2025,10:17:05,03-10-2025,10:18:52,03-10-2025,10:21:14,COMPLETED,0,1
79KWH,8,2,FULL,03-10-2025,10:21:20,03-10-2025,10:21:23,03-10-2025,10:22:54,COMPLETED,0,1
79KWH,8,2,FULL,03-10-2025,10:23:02,03-10-2025,10:23:03,03-10-2025,10:24:38,COMPLETED,0,1
79KWH,8,2,FULL,03-10-2025,10:24:43,03-10-2025,10:24:47,03-10-2025,10:26:20,COMPLETED,0,1
79KWH,8,2,FULL,03-10-2025,10:26:27,03-10-2025,10:26:29,03-10-2025,10:28:05,COMPLETED,0,1
79KWH,8,2,FULL,03-10-2025,10:28:10,03-10-2025,10:28:15,03-10-2025,10:29:50,COMPLETED,0,1
79KWH,8,2,FULL,03-10-2025,10:29:58,03-10-2025,10:29:59,03-10-2025,10:31:37,COMPLETED,0,1
79KWH,8,2,FULL,03-10-2025,10:31:43,03-10-2025,10:31:47,03-10-2025,10:33:25,COMPLETED,0,1
79KWH,8,2,FULL,03-10-2025,10:33:34,03-10-2025,10:33:35,03-10-2025,10:35:16,COMPLETED,0,1
79KWH,8,2,FULL,03-10-2025,10:35:22,03-10-2025,10:35:24,03-10-2025,10:37:02,COMPLETED,0,1
79KWH,8,2,FULL,03-10-2025,10:37:10,03-10-2025,10:37:11,03-10-2025,10:38:53,COMPLETED,0,1
79KWH,8,2,FULL,03-10-2025,10:38:59,03-10-2025,10:39:02,03-10-2025,10:40:42,COMPLETED,0,1
79KWH,8,2,FULL,03-10-2025,10:40:50,03-10-2025,10:42:35,03-10-2025,10:45:02,COMPLETED,0,1
79KWH,8,2,FULL,03-10-2025,10:45:07,03-10-2025,10:45:11,03-10-2025,10:46:52,COMPLETED,0,1
79KWH,8,2,FULL,03-10-2025,10:47:00,03-10-2025,10:48:40,03-10-2025,10:51:09,COMPLETED,0,1
79KWH,8,2,FULL,03-10-2025,10:51:14,03-10-2025,10:51:17,03-10-2025,10:53:00,COMPLETED,0,1
79KWH,8,2,FULL,03-10-2025,10:53:09,03-10-2025,10:53:09,03-10-2025,10:54:54,COMPLETED,0,1
79KWH,8,2,FULL,03-10-2025,10:55:01,03-10-2025,10:55:04,03-10-2025,10:56:48,COMPLETED,0,1
79KWH,8,2,FULL,03-10-2025,10:56:55,03-10-2025,10:56:56,03-10-2025,10:58:43,COMPLETED,0,1
79KWH,8,2,FULL,03-10-2025,10:58:49,03-10-2025,10:58:52,03-10-2025,11:00:38,COMPLETED,0,1
79KWH,8,2,FULL,03-10-2025,11:00:46,03-10-2025,11:00:47,03-10-2025,11:02:36,COMPLETED,0,1
79KWH,8,2,FULL,03-10-2025,11:02:44,03-10-2025,11:02:45,03-10-2025,11:04:33,COMPLETED,0,1
79KWH,8,2,FULL,03-10-2025,11:04:43,03-10-2025,11:04:43,03-10-2025,11:06:33,COMPLETED,0,1
79KWH,8,2,FULL,03-10-2025,11:06:41,03-10-2025,11:06:42,03-10-2025,11:08:31,COMPLETED,0,1
79KWH,8,2,FULL,03-10-2025,11:08:40,03-10-2025,11:08:41,03-10-2025,11:10:33,COMPLETED,0,1
79KWH,8,2,FULL,03-10-2025,11:10:40,03-10-2025,11:10:41,03-10-2025,11:12:31,COMPLETED,0,1
79KWH,8,2,FULL,03-10-2025,11:12:41,03-10-2025,11:12:42,03-10-2025,11:14:34,COMPLETED,0,1
79KWH,8,2,FULL,03-10-2025,11:14:40,03-10-2025,11:14:42,03-10-2025,11:16:31,COMPLETED,0,1
79KWH,8,2,FULL,03-10-2025,11:16:40,03-10-2025,11:16:41,03-10-2025,11:18:35,COMPLETED,0,1
79KWH,8,2,FULL,03-10-2025,11:18:40,03-10-2025,11:18:44,03-10-2025,11:20:38,COMPLETED,0,1
79KWH,8,2,FULL,03-10-2025,11:20:45,03-10-2025,11:20:47,03-10-2025,11:22:42,COMPLETED,0,1
79KWH,8,2,FULL,03-10-2025,11:22:49,03-10-2025,11:22:51,03-10-2025,11:24:46,COMPLETED,0,1
79KWH,8,2,FULL,03-10-2025,11:24:55,03-10-2025,11:24:56,03-10-2025,11:26:53,COMPLETED,0,1
79KWH,8,2,FULL,03-10-2025,11:26:59,03-10-2025,11:27:03,03-10-2025,11:28:58,COMPLETED,0,1
79KWH,8,2,FULL,03-10-2025,11:29:05,03-10-2025,11:29:06,03-10-2025,11:31:04,COMPLETED,0,1
79KWH,8,2,FULL,03-10-2025,11:31:10,03-10-2025,11:31:13,03-10-2025,11:33:10,COMPLETED,0,1
79KWH,8,2,FULL,03-10-2025,11:33:18,03-10-2025,11:33:19,03-10-2025,11:35:17,COMPLETED,0,1
79KWH,8,2,FULL,03-10-2025,11:35:24,03-10-2025,11:35:27,03-10-2025,11:37:24,COMPLETED,0,1
79KWH,8,2,FULL,03-10-2025,11:37:33,03-10-2025,11:37:34,03-10-2025,11:39:35,COMPLETED,0,1
79KWH,8,2,FULL,03-10-2025,11:39:41,03-10-2025,11:39:44,03-10-2025,11:41:43,COMPLETED,0,1
79KWH,8,2,FULL,03-10-2025,11:41:51,03-10-2025,11:41:52,03-10-2025,11:43:54,COMPLETED,0,1
79KWH,8,2,FULL,03-10-2025,11:44:00,03-10-2025,11:44:02,03-10-2025,11:46:03,COMPLETED,0,1
79KWH,8,2,FULL,03-10-2025,11:46:12,03-10-2025,11:46:13,03-10-2025,11:48:18,COMPLETED,0,1
79KWH,8,2,FULL,03-10-2025,11:48:24,03-10-2025,11:48:28,03-10-2025,11:50:29,COMPLETED,0,1
79KWH,8,2,FULL,03-10-2025,11:50:37,03-10-2025,11:50:39,03-10-2025,11:52:45,COMPLETED,0,1
79KWH,8,2,FULL,03-10-2025,11:52:51,03-10-2025,11:52:53,03-10-2025,11:54:57,COMPLETED,0,1
79KWH,8,2,FULL,03-10-2025,11:55:04,03-10-2025,11:55:05,03-10-2025,11:57:12,COMPLETED,0,1
79KWH,8,2,FULL,03-10-2025,11:57:19,03-10-2025,11:57:22,03-10-2025,11:59:25,COMPLETED,0,1
79KWH,8,2,FULL,03-10-2025,11:59:35,03-10-2025,11:59:36,03-10-2025,12:01:42,COMPLETED,0,1
79KWH,8,2,FULL,03-10-2025,12:01:49,03-10-2025,12:01:53,03-10-2025,12:03:57,COMPLETED,0,1
79KWH,8,2,FULL,03-10-2025,12:24:00,03-10-2025,12:24:02,03-10-2025,12:26:42,COMPLETED,0,1
79KWH,8,2,FULL,03-10-2025,12:26:48,03-10-2025,12:26:50,03-10-2025,12:28:57,COMPLETED,0,1
79KWH,8,2,FULL,03-10-2025,12:29:06,03-10-2025,12:31:01,03-10-2025,12:33:42,COMPLETED,0,1
79KWH,8,2,FULL,03-10-2025,12:33:48,03-10-2025,12:33:50,03-10-2025,12:35:59,COMPLETED,0,1
79KWH,8,2,FULL,03-10-2025,12:36:06,03-10-2025,12:37:56,03-10-2025,12:40:36,COMPLETED,0,1
79KWH,8,2,FULL,03-10-2025,12:40:43,03-10-2025,12:40:45,03-10-2025,12:42:53,COMPLETED,0,1
79KWH,8,2,FULL,03-10-2025,12:43:02,03-10-2025,12:44:55,03-10-2025,12:47:38,COMPLETED,0,1
79KWH,8,2,FULL,03-10-2025,12:47:45,03-10-2025,12:49:41,03-10-2025,12:52:20,COMPLETED,0,1
79KWH,8,2,FULL,03-10-2025,12:52:28,03-10-2025,12:54:15,03-10-2025,12:56:59,COMPLETED,0,1
79KWH,8,2,FULL,03-10-2025,12:57:05,03-10-2025,12:59:02,03-10-2025,13:01:43,COMPLETED,0,1
79KWH,8,2,FULL,03-10-2025,13:01:51,03-10-2025,13:03:38,03-10-2025,13:06:23,COMPLETED,0,1
79KWH,8,2,FULL,03-10-2025,13:06:29,03-10-2025,13:06:32,03-10-2025,13:08:46,COMPLETED,0,1
79KWH,8,2,FULL,03-10-2025,22:52:13,03-10-2025,22:52:14,03-10-2025,22:54:57,COMPLETED,0,1
79KWH,8,2,FULL,03-10-2025,22:55:04,03-10-2025,22:55:06,03-10-2025,22:57:20,COMPLETED,0,1
79KWH,8,2,FULL,03-10-2025,22:57:28,03-10-2025,22:57:29,03-10-2025,22:59:45,COMPLETED,0,1
79KWH,8,2,FULL,03-10-2025,22:59:50,03-10-2025,22:59:56,03-10-2025,23:02:11,COMPLETED,0,1
79KWH,8,2,FULL,03-10-2025,23:02:19,03-10-2025,23:02:21,03-10-2025,23:04:39,COMPLETED,0,1
79KWH,8,2,FULL,03-10-2025,23:04:46,03-10-2025,23:04:47,03-10-2025,23:07:03,COMPLETED,0,1
79KWH,8,2,FULL,03-10-2025,23:07:12,03-10-2025,23:07:13,03-10-2025,23:09:32,COMPLETED,0,1
79KWH,8,2,FULL,03-10-2025,23:09:38,03-10-2025,23:09:43,03-10-2025,23:12:01,COMPLETED,0,1
79KWH,8,2,FULL,03-10-2025,23:12:09,03-10-2025,23:12:12,03-10-2025,23:14:33,COMPLETED,0,1
79KWH,8,2,FULL,03-10-2025,23:14:40,03-10-2025,23:14:42,03-10-2025,23:17:01,COMPLETED,0,1
79KWH,8,2,FULL,03-10-2025,23:17:11,03-10-2025,23:17:12,03-10-2025,23:19:34,COMPLETED,0,1
79KWH,8,2,FULL,03-10-2025,23:19:39,03-10-2025,23:19:43,03-10-2025,23:22:03,COMPLETED,0,1
79KWH,8,2,FULL,03-10-2025,23:22:11,03-10-2025,23:22:11,03-10-2025,23:24:35,COMPLETED,0,1
79KWH,8,2,FULL,03-10-2025,23:24:45,03-10-2025,23:24:48,03-10-2025,23:27:09,COMPLETED,0,1
79KWH,8,2,FULL,03-10-2025,23:27:17,03-10-2025,23:27:18,03-10-2025,23:29:43,COMPLETED,0,1
79KWH,8,2,FULL,03-10-2025,23:29:49,03-10-2025,23:29:53,03-10-2025,23:32:16,COMPLETED,0,1
79KWH,8,2,FULL,03-10-2025,23:32:24,03-10-2025,23:32:24,03-10-2025,23:34:49,COMPLETED,0,1
79KWH,8,2,FULL,03-10-2025,23:34:55,03-10-2025,23:34:59,03-10-2025,23:37:23,COMPLETED,0,1
79KWH,8,2,FULL,03-10-2025,23:37:31,03-10-2025,23:37:32,03-10-2025,23:40:00,COMPLETED,0,1
79KWH,8,2,FULL,03-10-2025,23:40:05,03-10-2025,23:40:10,03-10-2025,23:42:36,COMPLETED,0,1
79KWH,8,2,FULL,03-10-2025,23:42:46,03-10-2025,23:42:46,03-10-2025,23:45:15,COMPLETED,0,1
79KWH,8,2,FULL,03-10-2025,23:45:21,03-10-2025,23:45:24,03-10-2025,23:47:51,COMPLETED,0,1
79KWH,8,2,FULL,03-10-2025,23:48:00,03-10-2025,23:48:01,03-10-2025,23:50:31,COMPLETED,0,1
79KWH,8,2,FULL,03-10-2025,23:50:37,03-10-2025,23:50:39,03-10-2025,23:53:07,COMPLETED,0,1
79KWH,8,2,FULL,03-10-2025,23:53:16,03-10-2025,23:53:17,03-10-2025,23:55:49,COMPLETED,0,1
79KWH,8,2,FULL,03-10-2025,23:55:55,03-10-2025,23:55:58,03-10-2025,23:58:28,COMPLETED,0,1
79KWH,8,2,FULL,03-10-2025,23:58:36,03-10-2025,23:58:38,04-10-2025,00:01:11,COMPLETED,0,1
79KWH,8,2,FULL,04-10-2025,00:01:19,04-10-2025,00:01:21,04-10-2025,00:03:56,COMPLETED,0,1
79KWH,8,2,FULL,04-10-2025,00:04:03,04-10-2025,00:04:05,04-10-2025,00:06:39,COMPLETED,0,1
79KWH,8,2,FULL,04-10-2025,00:06:48,04-10-2025,00:06:48,04-10-2025,00:09:24,COMPLETED,0,1
79KWH,8,2,FULL,04-10-2025,06:59:53,04-10-2025,06:59:53,04-10-2025,07:02:45,COMPLETED,0,1
79KWH,8,2,FULL,04-10-2025,07:02:54,04-10-2025,07:02:55,04-10-2025,07:05:33,COMPLETED,0,1
79KWH,8,2,FULL,04-10-2025,07:05:39,04-10-2025,07:05:42,04-10-2025,07:08:18,COMPLETED,0,1
79KWH,8,2,FULL,04-10-2025,07:08:26,04-10-2025,07:08:27,04-10-2025,07:11:14,COMPLETED,0,1
79KWH,8,2,FULL,04-10-2025,07:11:19,04-10-2025,07:11:23,04-10-2025,07:14:14,COMPLETED,0,1
79KWH,8,2,FULL,04-10-2025,07:14:22,04-10-2025,07:14:23,04-10-2025,07:17:17,COMPLETED,0,1
79KWH,8,2,FULL,04-10-2025,07:17:23,04-10-2025,07:17:26,04-10-2025,07:20:20,COMPLETED,0,1
79KWH,8,2,FULL,04-10-2025,07:20:28,04-10-2025,07:20:29,04-10-2025,07:23:25,COMPLETED,0,1
79KWH,8,2,FULL,04-10-2025,07:23:30,04-10-2025,07:23:33,04-10-2025,07:26:27,COMPLETED,0,1
79KWH,8,2,FULL,04-10-2025,07:26:35,04-10-2025,07:26:35,04-10-2025,07:29:33,COMPLETED,0,1
79KWH,8,2,FULL,04-10-2025,07:29:39,04-10-2025,07:29:42,04-10-2025,07:32:38,COMPLETED,0,1
79KWH,8,2,FULL,04-10-2025,07:32:47,04-10-2025,07:32:48,04-10-2025,07:35:46,COMPLETED,0,1
79KWH,8,2,FULL,04-10-2025,07:35:53,04-10-2025,07:35:55,04-10-2025,07:38:52,COMPLETED,0,1
79KWH,8,2,FULL,04-10-2025,07:39:01,04-10-2025,07:39:02,04-10-2025,07:42:03,COMPLETED,0,1
79KWH,8,2,FULL,04-10-2025,07:42:09,04-10-2025,07:42:12,04-10-2025,07:45:12,COMPLETED,0,1
79KWH,8,2,FULL,04-10-2025,07:45:21,04-10-2025,07:45:22,04-10-2025,07:48:24,COMPLETED,0,1
79KWH,8,2,FULL,04-10-2025,07:48:30,04-10-2025,07:49:52,04-10-2025,07:52:57,COMPLETED,0,1
79KWH,8,2,FULL,04-10-2025,07:53:05,04-10-2025,07:54:57,04-10-2025,07:58:06,COMPLETED,0,1
79KWH,8,2,FULL,04-10-2025,07:58:11,04-10-2025,07:58:14,04-10-2025,08:01:16,COMPLETED,0,1
79KWH,8,2,FULL,04-10-2025,08:01:25,04-10-2025,08:03:15,04-10-2025,08:06:24,COMPLETED,0,1
79KWH,8,2,FULL,04-10-2025,08:06:30,04-10-2025,08:06:32,04-10-2025,08:09:35,COMPLETED,0,1
79KWH,8,2,FULL,04-10-2025,08:09:42,04-10-2025,08:11:36,04-10-2025,08:14:45,COMPLETED,0,1
79KWH,8,2,FULL,04-10-2025,08:14:50,04-10-2025,08:16:45,04-10-2025,08:19:52,COMPLETED,0,1
79KWH,8,2,FULL,04-10-2025,08:20:01,04-10-2025,08:21:51,04-10-2025,08:25:01,COMPLETED,0,1
79KWH,8,2,FULL,04-10-2025,08:25:06,04-10-2025,08:25:10,04-10-2025,08:28:16,COMPLETED,0,1
79KWH,8,2,FULL,04-10-2025,08:28:24,04-10-2025,08:30:13,04-10-2025,08:33:23,COMPLETED,0,1
79KWH,8,2,FULL,04-10-2025,08:33:30,04-10-2025,08:33:33,04-10-2025,08:36:40,COMPLETED,0,1
79KWH,8,2,FULL,04-10-2025,09:26:38,04-10-2025,09:27:14,04-10-2025,09:29:18,COMPLETED,0,1
79KWH,8,3,FULL,04-10-2025,09:27:26,04-10-2025,09:27:47,04-10-2025,09:30:47,COMPLETED,0,1
79KWH,8,2,FULL,04-10-2025,09:29:24,04-10-2025,09:29:26,04-10-2025,09:30:19,COMPLETED,0,1
79KWH,8,2,FULL,04-10-2025,09:30:31,04-10-2025,09:32:37,04-10-2025,09:34:40,COMPLETED,0,1
79KWH,8,3,FULL,04-10-2025,09:30:53,04-10-2025,09:32:05,04-10-2025,09:35:02,COMPLETED,0,1
79KWH,8,2,FULL,04-10-2025,09:34:47,04-10-2025,09:34:50,04-10-2025,09:35:43,COMPLETED,0,1
79KWH,8,3,FULL,04-10-2025,09:35:09,04-10-2025,09:35:11,04-10-2025,09:37:59,COMPLETED,0,1
79KWH,8,2,FULL,04-10-2025,09:36:03,04-10-2025,09:36:04,04-10-2025,09:36:59,COMPLETED,0,1
79KWH,8,2,FULL,04-10-2025,09:37:17,04-10-2025,09:37:17,04-10-2025,09:38:11,COMPLETED,0,1
79KWH,8,3,FULL,04-10-2025,09:38:06,04-10-2025,09:38:08,04-10-2025,09:40:54,COMPLETED,0,1
79KWH,8,2,FULL,04-10-2025,09:39:13,04-10-2025,09:39:14,04-10-2025,09:40:10,COMPLETED,0,1
79KWH,8,2,FULL,04-10-2025,09:40:26,04-10-2025,09:40:27,04-10-2025,09:41:21,COMPLETED,0,1
79KWH,8,3,FULL,04-10-2025,09:41:02,04-10-2025,09:41:03,04-10-2025,09:43:53,COMPLETED,0,1
79KWH,8,2,FULL,04-10-2025,09:41:56,04-10-2025,09:41:57,04-10-2025,09:42:54,COMPLETED,0,1
79KWH,8,2,FULL,04-10-2025,09:43:12,04-10-2025,09:43:12,04-10-2025,09:44:09,COMPLETED,0,1
79KWH,8,3,FULL,04-10-2025,09:43:58,04-10-2025,09:44:01,04-10-2025,09:46:48,COMPLETED,0,1
79KWH,8,2,FULL,04-10-2025,09:44:25,04-10-2025,09:44:27,04-10-2025,09:45:26,COMPLETED,0,1
79KWH,8,2,FULL,04-10-2025,09:45:40,04-10-2025,09:45:41,04-10-2025,09:46:40,COMPLETED,0,1
79KWH,8,3,FULL,04-10-2025,09:46:56,04-10-2025,09:46:57,04-10-2025,09:49:47,COMPLETED,0,1
79KWH,8,2,FULL,04-10-2025,09:46:57,04-10-2025,09:46:57,04-10-2025,09:47:57,COMPLETED,0,1
79KWH,8,2,FULL,04-10-2025,09:48:29,04-10-2025,09:48:29,04-10-2025,09:49:29,COMPLETED,0,1
79KWH,8,2,FULL,04-10-2025,09:49:47,04-10-2025,09:51:43,04-10-2025,09:53:50,COMPLETED,0,1
79KWH,8,3,FULL,04-10-2025,09:49:53,04-10-2025,09:49:57,04-10-2025,09:52:46,COMPLETED,0,1
79KWH,8,3,FULL,04-10-2025,09:52:53,04-10-2025,09:54:05,04-10-2025,09:57:09,COMPLETED,0,1
79KWH,8,2,FULL,04-10-2025,09:53:56,04-10-2025,09:54:00,04-10-2025,09:55:01,COMPLETED,0,1
79KWH,8,2,FULL,04-10-2025,09:55:10,04-10-2025,09:57:14,04-10-2025,09:59:22,COMPLETED,0,1
79KWH,8,3,FULL,04-10-2025,09:57:15,04-10-2025,09:57:18,04-10-2025,10:00:15,COMPLETED,0,1
79KWH,8,2,FULL,04-10-2025,09:59:28,04-10-2025,09:59:32,04-10-2025,10:00:36,COMPLETED,0,1
79KWH,8,3,FULL,04-10-2025,10:00:23,04-10-2025,10:00:25,04-10-2025,10:03:20,COMPLETED,0,1
79KWH,8,2,FULL,04-10-2025,10:00:46,04-10-2025,10:00:47,04-10-2025,10:01:53,COMPLETED,0,1
79KWH,8,2,FULL,04-10-2025,10:02:02,04-10-2025,10:02:02,04-10-2025,10:03:07,COMPLETED,0,1
79KWH,8,2,FULL,04-10-2025,10:03:14,04-10-2025,10:03:15,04-10-2025,10:04:22,COMPLETED,0,1
79KWH,8,3,FULL,04-10-2025,10:03:26,04-10-2025,10:04:33,04-10-2025,10:07:35,COMPLETED,0,1
79KWH,8,2,FULL,04-10-2025,10:04:28,04-10-2025,10:04:31,04-10-2025,10:05:37,COMPLETED,0,1
79KWH,8,2,FULL,04-10-2025,10:05:45,04-10-2025,10:05:46,04-10-2025,10:06:55,COMPLETED,0,1
79KWH,8,2,FULL,04-10-2025,10:07:00,04-10-2025,10:07:03,04-10-2025,10:08:09,COMPLETED,0,1
79KWH,8,3,FULL,04-10-2025,10:07:42,04-10-2025,10:08:50,04-10-2025,10:11:54,COMPLETED,0,1
79KWH,8,2,FULL,04-10-2025,10:08:18,04-10-2025,10:10:14,04-10-2025,10:12:25,COMPLETED,0,1
79KWH,8,3,FULL,04-10-2025,10:12:00,04-10-2025,10:12:03,04-10-2025,10:14:58,COMPLETED,0,1
79KWH,8,2,FULL,04-10-2025,10:12:32,04-10-2025,10:12:34,04-10-2025,10:13:42,COMPLETED,0,1
79KWH,8,2,FULL,04-10-2025,10:13:50,04-10-2025,10:15:52,04-10-2025,10:18:03,COMPLETED,0,1
79KWH,8,3,FULL,04-10-2025,10:15:05,04-10-2025,10:18:12,04-10-2025,10:21:19,COMPLETED,0,1
79KWH,8,2,FULL,04-10-2025,10:18:09,04-10-2025,10:18:13,04-10-2025,10:19:22,COMPLETED,0,1
79KWH,8,2,FULL,04-10-2025,10:19:30,04-10-2025,10:19:31,04-10-2025,10:20:42,COMPLETED,0,1
79KWH,8,2,FULL,04-10-2025,10:20:49,04-10-2025,10:20:52,04-10-2025,10:22:02,COMPLETED,0,1
79KWH,8,3,FULL,04-10-2025,10:21:25,04-10-2025,10:21:27,04-10-2025,10:24:24,COMPLETED,0,1
79KWH,8,2,FULL,04-10-2025,10:22:10,04-10-2025,10:22:10,04-10-2025,10:23:24,COMPLETED,0,1
79KWH,8,2,FULL,04-10-2025,10:23:29,04-10-2025,10:23:32,04-10-2025,10:24:43,COMPLETED,0,1
79KWH,8,3,FULL,04-10-2025,10:24:33,04-10-2025,10:27:44,04-10-2025,10:30:50,COMPLETED,0,1
79KWH,8,2,FULL,04-10-2025,10:24:51,04-10-2025,10:26:46,04-10-2025,10:28:59,COMPLETED,0,1
79KWH,8,2,FULL,04-10-2025,10:29:05,04-10-2025,10:29:08,04-10-2025,10:30:22,COMPLETED,0,1
79KWH,8,2,FULL,04-10-2025,10:30:31,04-10-2025,10:32:30,04-10-2025,10:34:45,COMPLETED,0,1
79KWH,8,3,FULL,04-10-2025,10:30:56,04-10-2025,10:32:56,04-10-2025,10:34:51,COMPLETED,0,1
79KWH,8,2,FULL,04-10-2025,10:34:51,04-10-2025,10:34:53,04-10-2025,10:36:08,COMPLETED,0,1
79KWH,8,3,FULL,04-10-2025,10:34:58,04-10-2025,10:38:10,04-10-2025,10:41:18,COMPLETED,0,1
79KWH,8,2,FULL,04-10-2025,10:36:16,04-10-2025,10:36:17,04-10-2025,10:37:35,COMPLETED,0,1
79KWH,8,2,FULL,04-10-2025,10:37:41,04-10-2025,10:37:44,04-10-2025,10:39:00,COMPLETED,0,1
79KWH,8,2,FULL,04-10-2025,10:39:08,04-10-2025,10:39:09,04-10-2025,10:40:28,COMPLETED,0,1
79KWH,8,2,FULL,04-10-2025,10:40:34,04-10-2025,10:40:39,04-10-2025,10:41:56,COMPLETED,0,1
79KWH,8,3,FULL,04-10-2025,10:41:24,04-10-2025,10:44:33,04-10-2025,10:47:44,COMPLETED,0,1
79KWH,8,2,FULL,04-10-2025,10:42:04,04-10-2025,10:42:05,04-10-2025,10:43:24,COMPLETED,0,1
79KWH,8,2,FULL,04-10-2025,10:43:29,04-10-2025,10:43:34,04-10-2025,10:44:51,COMPLETED,0,1
79KWH,8,2,FULL,04-10-2025,10:44:59,04-10-2025,10:44:59,04-10-2025,10:46:21,COMPLETED,0,1
79KWH,8,2,FULL,04-10-2025,10:46:27,04-10-2025,10:46:31,04-10-2025,10:47:50,COMPLETED,0,1
79KWH,8,3,FULL,04-10-2025,10:47:52,04-10-2025,10:47:55,04-10-2025,10:50:57,COMPLETED,0,1
79KWH,8,2,FULL,04-10-2025,10:47:59,04-10-2025,10:49:48,04-10-2025,10:52:05,COMPLETED,0,1
79KWH,8,3,FULL,04-10-2025,10:51:03,04-10-2025,10:51:06,04-10-2025,10:54:07,COMPLETED,0,1
79KWH,8,2,FULL,04-10-2025,10:52:11,04-10-2025,10:52:15,04-10-2025,10:53:36,COMPLETED,0,1
79KWH,8,2,FULL,04-10-2025,10:53:45,04-10-2025,10:55:39,04-10-2025,10:57:56,COMPLETED,0,1
79KWH,8,3,FULL,04-10-2025,10:54:15,04-10-2025,10:57:28,04-10-2025,11:00:39,COMPLETED,0,1
79KWH,8,2,FULL,04-10-2025,10:58:02,04-10-2025,10:58:07,04-10-2025,10:59:29,COMPLETED,0,1
79KWH,8,2,FULL,04-10-2025,10:59:37,04-10-2025,10:59:37,04-10-2025,11:01:03,COMPLETED,0,1
79KWH,8,3,FULL,04-10-2025,11:00:45,04-10-2025,11:00:46,04-10-2025,11:03:54,COMPLETED,0,1
79KWH,8,2,FULL,04-10-2025,11:01:08,04-10-2025,11:01:12,04-10-2025,11:02:35,COMPLETED,0,1
79KWH,8,2,FULL,04-10-2025,11:02:45,04-10-2025,11:02:46,04-10-2025,11:04:12,COMPLETED,0,1
79KWH,8,3,FULL,04-10-2025,11:04:02,04-10-2025,11:05:20,04-10-2025,11:08:30,COMPLETED,0,1
79KWH,8,2,FULL,04-10-2025,11:04:18,04-10-2025,11:04:22,04-10-2025,11:05:47,COMPLETED,0,1
79KWH,8,2,FULL,04-10-2025,11:05:56,04-10-2025,11:05:56,04-10-2025,11:07:23,COMPLETED,0,1
79KWH,8,2,FULL,04-10-2025,11:07:29,04-10-2025,11:07:33,04-10-2025,11:08:58,COMPLETED,0,1
79KWH,8,3,FULL,04-10-2025,11:08:42,04-10-2025,11:10:00,04-10-2025,11:13:10,COMPLETED,0,1
79KWH,8,2,FULL,04-10-2025,11:09:06,04-10-2025,11:09:07,04-10-2025,11:10:38,COMPLETED,0,1
79KWH,8,2,FULL,04-10-2025,11:10:43,04-10-2025,11:10:46,04-10-2025,11:12:13,COMPLETED,0,1
79KWH,8,2,FULL,04-10-2025,11:12:21,04-10-2025,11:12:23,04-10-2025,11:13:52,COMPLETED,0,1
79KWH,8,3,FULL,04-10-2025,11:13:17,04-10-2025,11:13:19,04-10-2025,11:16:30,COMPLETED,0,1
79KWH,8,2,FULL,04-10-2025,11:13:59,04-10-2025,11:14:01,04-10-2025,11:15:30,COMPLETED,0,1
79KWH,8,2,FULL,04-10-2025,11:15:39,04-10-2025,11:15:40,04-10-2025,11:17:12,COMPLETED,0,1
79KWH,8,3,FULL,04-10-2025,11:16:39,04-10-2025,11:16:40,04-10-2025,11:19:48,COMPLETED,0,1
79KWH,8,2,FULL,04-10-2025,11:17:19,04-10-2025,11:17:21,04-10-2025,11:18:51,COMPLETED,0,1
79KWH,8,3,FULL,04-10-2025,11:19:54,04-10-2025,11:23:06,04-10-2025,11:26:16,COMPLETED,0,1
79KWH,8,2,FULL,04-10-2025,11:20:52,04-10-2025,11:20:52,04-10-2025,11:22:25,COMPLETED,0,1
79KWH,8,2,FULL,04-10-2025,11:22:33,04-10-2025,11:22:34,04-10-2025,11:24:04,COMPLETED,0,1
79KWH,8,2,FULL,04-10-2025,11:24:13,04-10-2025,11:24:14,04-10-2025,11:25:48,COMPLETED,0,1
79KWH,8,2,FULL,04-10-2025,11:25:54,04-10-2025,11:25:58,04-10-2025,11:27:31,COMPLETED,0,1
79KWH,8,3,FULL,04-10-2025,11:26:23,04-10-2025,11:29:37,04-10-2025,11:32:48,COMPLETED,0,1
79KWH,8,2,FULL,04-10-2025,11:27:39,04-10-2025,11:29:24,04-10-2025,11:31:48,COMPLETED,0,1
79KWH,8,2,FULL,04-10-2025,11:31:54,04-10-2025,11:33:45,04-10-2025,11:36:07,COMPLETED,0,1
79KWH,8,3,FULL,04-10-2025,11:32:54,04-10-2025,11:32:57,04-10-2025,11:36:05,COMPLETED,0,1
79KWH,8,3,FULL,04-10-2025,11:36:13,04-10-2025,11:39:22,04-10-2025,11:41:28,COMPLETED,0,1
79KWH,8,2,FULL,04-10-2025,11:36:15,04-10-2025,11:36:16,04-10-2025,11:37:53,COMPLETED,0,1
79KWH,8,2,FULL,04-10-2025,11:37:59,04-10-2025,11:38:02,04-10-2025,11:39:38,COMPLETED,0,1
79KWH,8,2,FULL,04-10-2025,11:39:47,04-10-2025,11:39:48,04-10-2025,11:41:26,COMPLETED,0,1
79KWH,8,2,FULL,04-10-2025,11:41:32,04-10-2025,11:41:34,04-10-2025,11:43:12,COMPLETED,0,1
79KWH,8,3,FULL,04-10-2025,11:41:33,04-10-2025,11:43:43,04-10-2025,11:45:46,COMPLETED,0,1
79KWH,8,3,FULL,04-10-2025,11:45:58,04-10-2025,11:47:57,04-10-2025,11:50:15,COMPLETED,0,1
79KWH,8,3,FULL,04-10-2025,11:50:21,04-10-2025,11:50:24,04-10-2025,11:51:45,COMPLETED,0,1
79KWH,8,3,FULL,04-10-2025,11:51:53,04-10-2025,11:54:12,04-10-2025,11:56:31,COMPLETED,0,1
79KWH,8,3,FULL,04-10-2025,11:56:38,04-10-2025,11:56:41,04-10-2025,11:58:04,COMPLETED,0,1
79KWH,8,3,FULL,04-10-2025,12:25:17,04-10-2025,12:25:17,04-10-2025,12:27:39,COMPLETED,0,1
79KWH,8,2,FULL,04-10-2025,12:25:23,04-10-2025,12:25:23,04-10-2025,12:27:49,COMPLETED,0,1
79KWH,8,1,FULL,04-10-2025,12:26:38,04-10-2025,12:28:43,04-10-2025,12:31:33,COMPLETED,0,1
79KWH,8,3,FULL,04-10-2025,12:27:45,04-10-2025,12:27:48,04-10-2025,12:29:14,COMPLETED,0,1
79KWH,8,2,FULL,04-10-2025,12:27:56,04-10-2025,12:27:59,04-10-2025,12:29:37,COMPLETED,0,1
79KWH,8,3,FULL,04-10-2025,12:29:22,04-10-2025,12:29:24,04-10-2025,12:30:52,COMPLETED,0,1
79KWH,8,2,FULL,04-10-2025,12:29:46,04-10-2025,12:29:47,04-10-2025,12:31:28,COMPLETED,0,1
79KWH,8,3,FULL,04-10-2025,12:30:59,04-10-2025,12:31:01,04-10-2025,12:32:28,COMPLETED,0,1
79KWH,8,2,FULL,04-10-2025,12:31:35,04-10-2025,12:31:38,04-10-2025,12:33:19,COMPLETED,0,1
79KWH,8,1,FULL,04-10-2025,12:31:39,04-10-2025,12:31:41,04-10-2025,12:32:59,COMPLETED,0,1
79KWH,8,3,FULL,04-10-2025,12:32:44,04-10-2025,12:34:49,04-10-2025,12:37:11,COMPLETED,0,1
79KWH,8,1,FULL,04-10-2025,12:33:07,04-10-2025,12:35:31,04-10-2025,12:38:20,COMPLETED,0,1
79KWH,8,2,FULL,04-10-2025,12:33:27,04-10-2025,12:35:11,04-10-2025,12:37:38,COMPLETED,0,1
79KWH,8,3,FULL,04-10-2025,12:37:17,04-10-2025,12:37:20,04-10-2025,12:38:49,COMPLETED,0,1
79KWH,8,2,FULL,04-10-2025,12:37:45,04-10-2025,12:37:48,04-10-2025,12:39:29,COMPLETED,0,1
79KWH,8,1,FULL,04-10-2025,12:38:50,04-10-2025,12:40:50,04-10-2025,12:43:38,COMPLETED,0,1
79KWH,8,3,FULL,04-10-2025,12:38:57,04-10-2025,12:41:16,04-10-2025,12:43:38,COMPLETED,0,1
79KWH,8,3,FULL,04-10-2025,12:43:44,04-10-2025,12:43:48,04-10-2025,12:45:18,COMPLETED,0,1
79KWH,8,3,FULL,04-10-2025,12:46:24,04-10-2025,12:47:40,04-10-2025,12:50:03,COMPLETED,0,1
79KWH,8,2,FULL,04-10-2025,12:46:33,04-10-2025,12:46:33,04-10-2025,12:49:01,COMPLETED,0,1
79KWH,8,1,FULL,04-10-2025,12:48:02,04-10-2025,12:48:02,04-10-2025,12:50:54,COMPLETED,0,1
79KWH,8,2,FULL,04-10-2025,12:49:20,04-10-2025,12:50:49,04-10-2025,12:53:15,COMPLETED,0,1
79KWH,8,3,FULL,04-10-2025,12:50:14,04-10-2025,12:52:33,04-10-2025,12:54:57,COMPLETED,0,1
79KWH,8,1,FULL,04-10-2025,12:51:00,04-10-2025,12:51:02,04-10-2025,12:52:25,COMPLETED,0,1
79KWH,8,2,FULL,04-10-2025,12:53:24,04-10-2025,12:53:26,04-10-2025,12:55:11,COMPLETED,0,1
79KWH,8,1,FULL,04-10-2025,12:53:38,04-10-2025,12:53:39,04-10-2025,12:55:05,COMPLETED,0,1
79KWH,8,3,FULL,04-10-2025,12:55:03,04-10-2025,12:55:06,04-10-2025,12:56:38,COMPLETED,0,1
79KWH,8,2,FULL,04-10-2025,12:55:17,04-10-2025,12:55:20,04-10-2025,12:57:05,COMPLETED,0,1
79KWH,8,1,FULL,04-10-2025,12:56:21,04-10-2025,12:56:22,04-10-2025,12:57:48,COMPLETED,0,1
79KWH,8,3,FULL,04-10-2025,12:56:46,04-10-2025,12:56:47,04-10-2025,12:58:22,COMPLETED,0,1
79KWH,8,2,FULL,04-10-2025,12:57:42,04-10-2025,12:57:43,04-10-2025,12:59:31,COMPLETED,0,1
79KWH,8,3,FULL,04-10-2025,12:58:28,04-10-2025,12:58:32,04-10-2025,13:00:06,COMPLETED,0,1
79KWH,8,1,FULL,04-10-2025,12:59:12,04-10-2025,12:59:14,04-10-2025,13:00:43,COMPLETED,0,1
79KWH,8,3,FULL,04-10-2025,13:00:21,04-10-2025,13:00:21,04-10-2025,13:01:57,COMPLETED,0,1
79KWH,8,2,FULL,04-10-2025,13:00:32,04-10-2025,13:00:32,04-10-2025,13:02:19,COMPLETED,0,1
79KWH,8,1,FULL,04-10-2025,13:01:57,04-10-2025,13:01:57,04-10-2025,13:03:25,COMPLETED,0,1
79KWH,8,3,FULL,04-10-2025,13:03:10,04-10-2025,13:03:10,04-10-2025,13:04:45,COMPLETED,0,1
79KWH,8,2,FULL,04-10-2025,13:03:17,04-10-2025,13:03:18,04-10-2025,13:05:07,COMPLETED,0,1
79KWH,8,1,FULL,04-10-2025,13:04:50,04-10-2025,13:04:50,04-10-2025,13:06:21,COMPLETED,0,1
79KWH,8,3,FULL,04-10-2025,13:05:57,04-10-2025,13:05:58,04-10-2025,13:07:36,COMPLETED,0,1
79KWH,8,2,FULL,04-10-2025,13:06:07,04-10-2025,13:06:08,04-10-2025,13:07:55,COMPLETED,0,1
79KWH,8,1,FULL,04-10-2025,13:07:32,04-10-2025,13:07:34,04-10-2025,13:09:03,COMPLETED,0,1
79KWH,8,3,FULL,04-10-2025,13:08:47,04-10-2025,13:08:48,04-10-2025,13:10:24,COMPLETED,0,1
79KWH,8,2,FULL,04-10-2025,13:08:54,04-10-2025,13:08:56,04-10-2025,13:10:44,COMPLETED,0,1
79KWH,8,1,FULL,04-10-2025,13:17:12,04-10-2025,13:19:24,04-10-2025,13:22:20,COMPLETED,0,1
79KWH,8,3,FULL,04-10-2025,13:18:18,04-10-2025,13:18:18,04-10-2025,13:19:58,COMPLETED,0,1
79KWH,8,2,FULL,04-10-2025,13:18:28,04-10-2025,13:20:09,04-10-2025,13:22:38,COMPLETED,0,1
79KWH,8,3,FULL,04-10-2025,13:21:07,04-10-2025,13:22:24,04-10-2025,13:24:48,COMPLETED,0,1
79KWH,8,1,FULL,04-10-2025,13:22:25,04-10-2025,13:22:29,04-10-2025,13:24:00,COMPLETED,0,1
79KWH,8,2,FULL,04-10-2025,13:22:47,04-10-2025,13:22:47,04-10-2025,13:24:38,COMPLETED,0,1
79KWH,8,1,FULL,04-10-2025,13:24:08,04-10-2025,13:26:25,04-10-2025,13:29:29,COMPLETED,0,1
79KWH,8,2,FULL,04-10-2025,13:24:44,04-10-2025,13:24:47,04-10-2025,13:26:39,COMPLETED,0,1
79KWH,8,3,FULL,04-10-2025,13:24:57,04-10-2025,13:28:04,04-10-2025,13:29:45,COMPLETED,0,1
79KWH,8,2,FULL,04-10-2025,13:26:50,04-10-2025,13:26:51,04-10-2025,13:28:43,COMPLETED,0,1
79KWH,8,2,FULL,04-10-2025,13:28:49,04-10-2025,13:28:53,04-10-2025,13:30:44,COMPLETED,0,1
79KWH,8,1,FULL,04-10-2025,13:29:35,04-10-2025,13:29:37,04-10-2025,13:31:15,COMPLETED,0,1
79KWH,8,3,FULL,04-10-2025,13:29:50,04-10-2025,13:32:15,04-10-2025,13:34:41,COMPLETED,0,1
79KWH,8,2,FULL,04-10-2025,13:30:52,04-10-2025,13:30:53,04-10-2025,13:32:47,COMPLETED,0,1
79KWH,8,1,FULL,04-10-2025,13:31:23,04-10-2025,13:31:24,04-10-2025,13:33:00,COMPLETED,0,1
79KWH,8,2,FULL,04-10-2025,13:32:53,04-10-2025,13:32:57,04-10-2025,13:34:50,COMPLETED,0,1
79KWH,8,1,FULL,04-10-2025,13:33:07,04-10-2025,13:33:09,04-10-2025,13:34:45,COMPLETED,0,1
79KWH,8,1,FULL,04-10-2025,13:34:52,04-10-2025,13:34:54,04-10-2025,13:36:33,COMPLETED,0,1
79KWH,8,2,FULL,04-10-2025,13:34:58,04-10-2025,13:35:01,04-10-2025,13:36:56,COMPLETED,0,1
79KWH,8,1,FULL,04-10-2025,13:36:40,04-10-2025,13:36:43,04-10-2025,13:38:23,COMPLETED,0,1
79KWH,8,2,FULL,04-10-2025,13:37:03,04-10-2025,13:37:05,04-10-2025,13:38:58,COMPLETED,0,1
79KWH,8,1,FULL,04-10-2025,13:38:30,04-10-2025,13:38:31,04-10-2025,13:40:13,COMPLETED,0,1
79KWH,8,2,FULL,04-10-2025,13:39:08,04-10-2025,13:39:09,04-10-2025,13:41:05,COMPLETED,0,1
79KWH,8,1,FULL,04-10-2025,13:40:20,04-10-2025,13:40:23,04-10-2025,13:42:05,COMPLETED,0,1
79KWH,8,2,FULL,04-10-2025,13:41:11,04-10-2025,13:41:14,04-10-2025,13:43:09,COMPLETED,0,1
79KWH,8,1,FULL,04-10-2025,13:42:13,04-10-2025,13:42:13,04-10-2025,13:43:58,COMPLETED,0,1
79KWH,8,2,FULL,04-10-2025,13:43:18,04-10-2025,13:43:19,04-10-2025,13:45:16,COMPLETED,0,1
79KWH,8,1,FULL,04-10-2025,13:44:03,04-10-2025,13:44:07,04-10-2025,13:45:51,COMPLETED,0,1
79KWH,8,2,FULL,04-10-2025,13:45:23,04-10-2025,13:45:25,04-10-2025,13:47:22,COMPLETED,0,1
79KWH,8,1,FULL,04-10-2025,13:45:59,04-10-2025,13:46:00,04-10-2025,13:47:52,COMPLETED,0,1
79KWH,8,2,FULL,04-10-2025,13:47:31,04-10-2025,13:47:31,04-10-2025,13:49:31,COMPLETED,0,1
79KWH,8,1,FULL,04-10-2025,13:47:58,04-10-2025,13:48:00,04-10-2025,13:49:48,COMPLETED,0,1
79KWH,8,2,FULL,04-10-2025,13:49:38,04-10-2025,13:49:40,04-10-2025,13:51:40,COMPLETED,0,1
79KWH,8,1,FULL,04-10-2025,13:49:56,04-10-2025,13:52:04,04-10-2025,13:55:08,COMPLETED,0,1
79KWH,8,2,FULL,04-10-2025,13:51:48,04-10-2025,13:53:19,04-10-2025,13:55:56,COMPLETED,0,1
79KWH,8,1,FULL,04-10-2025,13:55:14,04-10-2025,13:57:28,04-10-2025,14:00:30,COMPLETED,0,1
79KWH,8,2,FULL,04-10-2025,13:56:02,04-10-2025,13:56:05,04-10-2025,13:58:05,COMPLETED,0,1
79KWH,8,2,FULL,04-10-2025,13:58:14,04-10-2025,13:59:49,04-10-2025,14:02:26,COMPLETED,0,1
79KWH,8,1,FULL,04-10-2025,14:00:38,04-10-2025,14:00:38,04-10-2025,14:02:30,COMPLETED,0,1
79KWH,8,2,FULL,04-10-2025,14:02:32,04-10-2025,14:02:35,04-10-2025,14:04:36,COMPLETED,0,1
79KWH,8,1,FULL,04-10-2025,14:02:44,04-10-2025,14:02:44,04-10-2025,14:04:43,COMPLETED,0,1
79KWH,8,2,FULL,04-10-2025,14:04:45,04-10-2025,14:04:46,04-10-2025,14:06:50,COMPLETED,0,1
79KWH,8,1,FULL,04-10-2025,14:04:50,04-10-2025,15:46:00,04-10-2025,16:00:16,COMPLETED,0,1
79KWH,8,2,FULL,04-10-2025,14:06:56,04-10-2025,14:06:58,04-10-2025,14:09:07,COMPLETED,0,1
79KWH,8,2,FULL,04-10-2025,14:09:15,04-10-2025,14:09:15,04-10-2025,14:11:21,COMPLETED,0,1
79KWH,8,2,FULL,04-10-2025,14:11:27,04-10-2025,14:11:31,04-10-2025,14:13:35,COMPLETED,0,1
79KWH,8,2,FULL,04-10-2025,14:28:07,04-10-2025,14:28:07,04-10-2025,14:30:47,COMPLETED,0,1
79KWH,8,2,FULL,04-10-2025,14:30:52,04-10-2025,14:30:55,04-10-2025,14:32:59,COMPLETED,0,1
79KWH,8,2,FULL,04-10-2025,14:33:08,04-10-2025,14:33:11,04-10-2025,14:35:18,COMPLETED,0,1
79KWH,8,2,FULL,04-10-2025,14:35:25,04-10-2025,14:35:28,04-10-2025,14:37:34,COMPLETED,0,1
79KWH,8,2,FULL,04-10-2025,14:37:43,04-10-2025,14:37:43,04-10-2025,14:39:52,COMPLETED,0,1
79KWH,8,2,FULL,04-10-2025,14:39:58,04-10-2025,14:40:01,04-10-2025,14:42:09,COMPLETED,0,1
79KWH,8,2,FULL,04-10-2025,14:42:17,04-10-2025,14:43:45,04-10-2025,14:46:27,COMPLETED,0,1
79KWH,8,2,FULL,04-10-2025,14:46:33,04-10-2025,14:46:36,04-10-2025,14:48:46,COMPLETED,0,1
79KWH,8,2,FULL,04-10-2025,14:48:54,04-10-2025,14:50:25,04-10-2025,14:53:07,COMPLETED,0,1
79KWH,8,2,FULL,04-10-2025,14:53:13,04-10-2025,14:53:18,04-10-2025,14:55:28,COMPLETED,0,1
79KWH,8,2,FULL,04-10-2025,14:55:37,04-10-2025,14:55:37,04-10-2025,14:57:50,COMPLETED,0,1
79KWH,8,2,FULL,04-10-2025,14:57:56,04-10-2025,14:58:00,04-10-2025,15:00:12,COMPLETED,0,1
79KWH,8,2,FULL,04-10-2025,15:00:20,04-10-2025,15:00:21,04-10-2025,15:02:36,COMPLETED,0,1
79KWH,8,2,FULL,04-10-2025,15:02:42,04-10-2025,15:02:44,04-10-2025,15:04:58,COMPLETED,0,1
79KWH,8,2,FULL,04-10-2025,15:05:06,04-10-2025,15:05:07,04-10-2025,15:07:23,COMPLETED,0,1
79KWH,8,2,FULL,04-10-2025,15:07:29,04-10-2025,15:07:32,04-10-2025,15:09:46,COMPLETED,0,1
79KWH,8,2,FULL,04-10-2025,15:09:54,04-10-2025,15:09:55,04-10-2025,15:12:13,COMPLETED,0,1
79KWH,8,2,FULL,04-10-2025,15:12:19,04-10-2025,15:12:22,04-10-2025,15:14:39,COMPLETED,0,1
79KWH,8,2,FULL,04-10-2025,15:14:47,04-10-2025,15:14:48,04-10-2025,15:17:07,COMPLETED,0,1
79KWH,8,2,FULL,04-10-2025,15:17:13,04-10-2025,15:17:17,04-10-2025,15:19:36,COMPLETED,0,1
79KWH,8,2,FULL,04-10-2025,15:36:42,04-10-2025,15:36:43,04-10-2025,15:39:30,COMPLETED,0,1
79KWH,8,2,FULL,04-10-2025,15:39:36,04-10-2025,15:39:39,04-10-2025,15:41:59,COMPLETED,0,1
79KWH,8,2,FULL,04-10-2025,15:42:08,04-10-2025,15:42:08,04-10-2025,15:44:32,COMPLETED,0,1
79KWH,8,2,FULL,04-10-2025,15:44:38,04-10-2025,15:44:42,04-10-2025,15:47:04,COMPLETED,0,1
79KWH,8,2,FULL,04-10-2025,15:47:12,04-10-2025,15:47:13,04-10-2025,15:49:39,COMPLETED,0,1
79KWH,8,2,FULL,04-10-2025,15:49:47,04-10-2025,15:49:49,04-10-2025,15:52:12,COMPLETED,0,1
79KWH,8,2,FULL,04-10-2025,15:52:20,04-10-2025,15:52:20,04-10-2025,15:54:45,COMPLETED,0,1
79KWH,8,2,FULL,04-10-2025,15:54:51,04-10-2025,15:54:54,04-10-2025,15:57:20,COMPLETED,0,1
79KWH,8,2,FULL,04-10-2025,15:57:28,04-10-2025,15:58:50,04-10-2025,16:01:42,COMPLETED,0,1
79KWH,8,1,FULL,04-10-2025,16:00:24,04-10-2025,16:02:25,04-10-2025,16:05:32,COMPLETED,0,1
79KWH,8,2,FULL,04-10-2025,16:01:48,04-10-2025,16:03:09,04-10-2025,16:05:58,COMPLETED,0,1
79KWH,8,1,FULL,04-10-2025,16:05:38,04-10-2025,16:07:48,04-10-2025,16:10:54,COMPLETED,0,1
79KWH,8,2,FULL,04-10-2025,16:06:06,04-10-2025,16:07:28,04-10-2025,16:10:19,COMPLETED,0,1
79KWH,8,2,FULL,04-10-2025,16:10:26,04-10-2025,16:10:28,04-10-2025,16:12:55,COMPLETED,0,1
79KWH,8,1,FULL,04-10-2025,16:11:01,04-10-2025,16:11:02,04-10-2025,16:13:06,COMPLETED,0,1
79KWH,8,2,FULL,04-10-2025,16:13:03,04-10-2025,16:14:21,04-10-2025,16:17:12,COMPLETED,0,1
79KWH,8,1,FULL,04-10-2025,16:13:13,04-10-2025,16:13:17,04-10-2025,16:15:15,COMPLETED,0,1
79KWH,8,1,FULL,04-10-2025,16:15:23,04-10-2025,16:15:23,04-10-2025,16:17:24,COMPLETED,0,1
79KWH,8,2,FULL,04-10-2025,16:17:19,04-10-2025,16:17:21,04-10-2025,16:19:48,COMPLETED,0,1
79KWH,8,1,FULL,04-10-2025,16:17:30,04-10-2025,16:17:33,04-10-2025,16:19:32,COMPLETED,0,1
79KWH,8,1,FULL,04-10-2025,16:19:41,04-10-2025,16:19:42,04-10-2025,16:21:44,COMPLETED,0,1
79KWH,8,2,FULL,04-10-2025,16:19:57,04-10-2025,16:21:19,04-10-2025,16:24:13,COMPLETED,0,1
79KWH,8,1,FULL,04-10-2025,16:21:50,04-10-2025,16:21:53,04-10-2025,16:23:56,COMPLETED,0,1
79KWH,8,1,FULL,04-10-2025,16:24:04,04-10-2025,16:24:05,04-10-2025,16:26:08,COMPLETED,0,1
79KWH,8,2,FULL,04-10-2025,16:24:19,04-10-2025,16:24:21,04-10-2025,16:26:50,COMPLETED,0,1
79KWH,8,1,FULL,04-10-2025,16:26:15,04-10-2025,16:26:17,04-10-2025,16:28:20,COMPLETED,0,1
79KWH,8,2,FULL,04-10-2025,16:26:59,04-10-2025,16:27:00,04-10-2025,16:29:33,COMPLETED,0,1
79KWH,8,1,FULL,04-10-2025,16:28:28,04-10-2025,16:30:26,04-10-2025,16:33:39,COMPLETED,0,1
79KWH,8,2,FULL,04-10-2025,16:29:39,04-10-2025,16:30:57,04-10-2025,16:33:48,COMPLETED,0,1
79KWH,8,1,FULL,04-10-2025,16:33:45,04-10-2025,16:33:49,04-10-2025,16:35:55,COMPLETED,0,1
79KWH,8,2,FULL,04-10-2025,16:33:56,04-10-2025,16:35:21,04-10-2025,16:38:15,COMPLETED,0,1
79KWH,8,1,FULL,04-10-2025,16:36:03,04-10-2025,16:38:04,04-10-2025,16:41:22,COMPLETED,0,1
79KWH,8,2,FULL,04-10-2025,16:38:21,04-10-2025,16:38:23,04-10-2025,16:40:56,COMPLETED,0,1
79KWH,8,2,FULL,04-10-2025,16:41:05,04-10-2025,16:42:19,04-10-2025,16:45:13,COMPLETED,0,1
79KWH,8,1,FULL,04-10-2025,16:41:28,04-10-2025,16:41:31,04-10-2025,16:43:42,COMPLETED,0,1
79KWH,8,1,FULL,04-10-2025,16:43:49,04-10-2025,16:43:50,04-10-2025,16:46:04,COMPLETED,0,1
79KWH,8,2,FULL,04-10-2025,16:45:22,04-10-2025,16:45:23,04-10-2025,16:47:57,COMPLETED,0,1
79KWH,8,1,FULL,04-10-2025,16:46:10,04-10-2025,16:46:12,04-10-2025,16:48:24,COMPLETED,0,1
79KWH,8,2,FULL,04-10-2025,16:48:05,04-10-2025,16:49:23,04-10-2025,16:52:17,COMPLETED,0,1
79KWH,8,1,FULL,04-10-2025,16:48:33,04-10-2025,16:50:24,04-10-2025,16:53:42,COMPLETED,0,1
79KWH,8,2,FULL,04-10-2025,16:52:23,04-10-2025,16:53:40,04-10-2025,16:56:32,COMPLETED,0,1
79KWH,8,1,FULL,04-10-2025,16:53:48,04-10-2025,16:55:49,04-10-2025,16:59:04,COMPLETED,0,1
79KWH,8,2,FULL,04-10-2025,16:56:42,04-10-2025,16:57:59,04-10-2025,17:00:55,COMPLETED,0,1
79KWH,8,1,FULL,04-10-2025,16:59:12,04-10-2025,16:59:13,04-10-2025,17:01:31,COMPLETED,0,1
79KWH,8,2,FULL,04-10-2025,17:01:01,04-10-2025,17:01:05,04-10-2025,17:03:44,COMPLETED,0,1
79KWH,8,1,FULL,04-10-2025,17:01:37,04-10-2025,17:01:39,04-10-2025,17:03:59,COMPLETED,0,1
79KWH,8,2,FULL,04-10-2025,17:03:52,04-10-2025,17:03:52,04-10-2025,17:06:33,COMPLETED,0,1
79KWH,8,1,FULL,04-10-2025,17:04:07,04-10-2025,17:04:08,04-10-2025,17:06:26,COMPLETED,0,1
79KWH,8,1,FULL,04-10-2025,17:06:32,04-10-2025,17:06:35,04-10-2025,17:08:53,COMPLETED,0,1
79KWH,8,2,FULL,04-10-2025,17:06:42,04-10-2025,17:06:43,04-10-2025,17:09:22,COMPLETED,0,1
79KWH,8,1,FULL,04-10-2025,17:09:00,04-10-2025,17:10:51,04-10-2025,17:14:10,COMPLETED,0,1
79KWH,8,2,FULL,04-10-2025,17:09:31,04-10-2025,17:10:42,04-10-2025,17:13:41,COMPLETED,0,1
79KWH,8,2,FULL,04-10-2025,17:13:46,04-10-2025,17:15:05,04-10-2025,17:18:01,COMPLETED,0,1
79KWH,8,1,FULL,04-10-2025,17:14:17,04-10-2025,17:14:21,04-10-2025,17:16:40,COMPLETED,0,1
79KWH,8,1,FULL,04-10-2025,17:16:48,04-10-2025,17:16:49,04-10-2025,17:19:12,COMPLETED,0,1
79KWH,8,2,FULL,04-10-2025,17:18:10,04-10-2025,17:18:11,04-10-2025,17:20:56,COMPLETED,0,1
79KWH,8,1,FULL,04-10-2025,17:19:21,04-10-2025,17:19:22,04-10-2025,17:21:44,COMPLETED,0,1
79KWH,8,2,FULL,04-10-2025,17:21:03,04-10-2025,17:21:06,04-10-2025,17:23:49,COMPLETED,0,1
79KWH,8,1,FULL,04-10-2025,17:21:53,04-10-2025,17:21:53,04-10-2025,17:24:18,COMPLETED,0,1
79KWH,8,2,FULL,04-10-2025,17:23:58,04-10-2025,17:26:56,04-10-2025,17:29:56,COMPLETED,0,1
79KWH,8,1,FULL,04-10-2025,17:24:26,04-10-2025,17:24:27,04-10-2025,17:26:50,COMPLETED,0,1
79KWH,8,1,FULL,04-10-2025,17:26:58,04-10-2025,17:28:49,04-10-2025,17:32:13,COMPLETED,0,1
79KWH,8,2,FULL,04-10-2025,17:30:03,04-10-2025,17:30:04,04-10-2025,17:32:50,COMPLETED,0,1
79KWH,8,1,FULL,04-10-2025,17:32:20,04-10-2025,17:32:22,04-10-2025,17:34:49,COMPLETED,0,1
79KWH,8,2,FULL,04-10-2025,17:32:58,04-10-2025,17:36:03,04-10-2025,17:39:02,COMPLETED,0,1
79KWH,8,1,FULL,04-10-2025,17:34:57,04-10-2025,17:36:43,04-10-2025,17:40:08,COMPLETED,0,1
79KWH,8,2,FULL,04-10-2025,17:39:08,04-10-2025,17:39:11,04-10-2025,17:41:57,COMPLETED,0,1
79KWH,8,1,FULL,04-10-2025,17:40:14,04-10-2025,17:40:18,04-10-2025,17:42:46,COMPLETED,0,1
79KWH,8,2,FULL,04-10-2025,17:42:07,04-10-2025,17:42:07,04-10-2025,17:44:56,COMPLETED,0,1
79KWH,8,1,FULL,04-10-2025,17:42:54,04-10-2025,17:42:56,04-10-2025,17:45:28,COMPLETED,0,1
79KWH,8,2,FULL,04-10-2025,17:45:03,04-10-2025,17:45:06,04-10-2025,17:47:53,COMPLETED,0,1
79KWH,8,1,FULL,04-10-2025,17:45:34,04-10-2025,17:45:36,04-10-2025,17:48:12,COMPLETED,0,1
79KWH,8,2,FULL,04-10-2025,17:48:02,04-10-2025,17:48:02,04-10-2025,17:50:53,COMPLETED,0,1
79KWH,8,1,FULL,04-10-2025,17:48:21,04-10-2025,17:48:22,04-10-2025,17:51:00,COMPLETED,0,1
79KWH,8,2,FULL,04-10-2025,17:50:59,04-10-2025,17:51:02,04-10-2025,17:53:51,COMPLETED,0,1
79KWH,8,1,FULL,04-10-2025,17:51:07,04-10-2025,17:51:09,04-10-2025,17:53:47,COMPLETED,0,1
79KWH,8,1,FULL,04-10-2025,17:53:55,04-10-2025,17:55:40,04-10-2025,17:59:09,COMPLETED,0,1
79KWH,8,2,FULL,04-10-2025,17:53:59,04-10-2025,17:57:00,04-10-2025,18:00:03,COMPLETED,0,1
79KWH,8,1,FULL,04-10-2025,17:59:15,04-10-2025,17:59:18,04-10-2025,18:01:59,COMPLETED,0,1
79KWH,8,2,FULL,04-10-2025,18:00:10,04-10-2025,18:00:13,04-10-2025,18:03:04,COMPLETED,0,1
79KWH,8,1,FULL,04-10-2025,18:02:08,04-10-2025,18:03:46,04-10-2025,18:07:18,COMPLETED,0,1
79KWH,8,2,FULL,04-10-2025,18:03:12,04-10-2025,18:03:13,04-10-2025,18:06:08,COMPLETED,0,1
79KWH,8,2,FULL,04-10-2025,18:06:14,04-10-2025,18:06:16,04-10-2025,18:09:09,COMPLETED,0,1
79KWH,8,1,FULL,04-10-2025,18:07:24,04-10-2025,18:07:26,04-10-2025,18:10:08,COMPLETED,0,1
79KWH,8,2,FULL,04-10-2025,18:09:20,04-10-2025,18:09:21,04-10-2025,18:12:17,COMPLETED,0,1
79KWH,8,1,FULL,04-10-2025,18:10:16,04-10-2025,18:10:17,04-10-2025,18:13:01,COMPLETED,0,1
79KWH,8,2,FULL,04-10-2025,18:12:23,04-10-2025,18:12:26,04-10-2025,18:15:20,COMPLETED,0,1
79KWH,8,1,FULL,04-10-2025,18:13:07,04-10-2025,18:13:10,04-10-2025,18:15:53,COMPLETED,0,1
79KWH,8,2,FULL,04-10-2025,18:15:29,04-10-2025,18:15:30,04-10-2025,18:18:26,COMPLETED,0,1
79KWH,8,1,FULL,04-10-2025,18:16:02,04-10-2025,18:16:02,04-10-2025,18:18:53,COMPLETED,0,1
79KWH,8,2,FULL,04-10-2025,18:18:32,04-10-2025,18:18:34,04-10-2025,18:21:29,COMPLETED,0,1
79KWH,8,1,FULL,04-10-2025,18:18:59,04-10-2025,18:20:43,04-10-2025,18:24:13,COMPLETED,0,1
79KWH,8,2,FULL,04-10-2025,18:21:38,04-10-2025,18:24:46,04-10-2025,18:27:52,COMPLETED,0,1
79KWH,8,1,FULL,04-10-2025,18:24:21,04-10-2025,18:24:23,04-10-2025,18:27:11,COMPLETED,0,1
79KWH,8,1,FULL,04-10-2025,18:27:18,04-10-2025,18:27:21,04-10-2025,18:30:08,COMPLETED,0,1
79KWH,8,1,FULL,04-10-2025,18:30:16,04-10-2025,18:31:52,04-10-2025,18:35:30,COMPLETED,0,1
79KWH,8,1,FULL,04-10-2025,18:35:36,04-10-2025,18:37:20,04-10-2025,18:40:55,COMPLETED,0,1
79KWH,8,2,FULL,04-10-2025,18:35:39,04-10-2025,18:35:39,04-10-2025,18:38:42,COMPLETED,0,1
79KWH,8,2,FULL,04-10-2025,18:38:50,04-10-2025,18:38:51,04-10-2025,18:41:52,COMPLETED,0,1
79KWH,8,1,FULL,04-10-2025,18:41:04,04-10-2025,18:41:04,04-10-2025,18:44:10,COMPLETED,0,1
79KWH,8,2,FULL,04-10-2025,18:41:58,04-10-2025,18:42:01,04-10-2025,18:44:59,COMPLETED,0,1
79KWH,8,1,FULL,04-10-2025,18:44:16,04-10-2025,18:44:18,04-10-2025,18:47:29,COMPLETED,0,1
79KWH,8,2,FULL,04-10-2025,18:45:07,04-10-2025,18:45:07,04-10-2025,18:48:08,COMPLETED,0,1
79KWH,8,1,FULL,04-10-2025,18:47:38,04-10-2025,18:49:01,04-10-2025,18:52:48,COMPLETED,0,1
79KWH,8,2,FULL,04-10-2025,18:48:14,04-10-2025,18:48:17,04-10-2025,18:51:15,COMPLETED,0,1
79KWH,8,2,FULL,04-10-2025,18:51:24,04-10-2025,18:54:28,04-10-2025,18:57:36,COMPLETED,0,1
79KWH,8,1,FULL,04-10-2025,18:52:55,04-10-2025,18:54:25,04-10-2025,18:58:15,COMPLETED,0,1
79KWH,8,2,FULL,04-10-2025,18:57:41,04-10-2025,18:57:45,04-10-2025,19:00:47,COMPLETED,0,1
79KWH,8,1,FULL,04-10-2025,18:58:23,04-10-2025,18:58:24,04-10-2025,19:01:40,COMPLETED,0,1
79KWH,8,2,FULL,04-10-2025,19:00:55,04-10-2025,19:00:55,04-10-2025,19:04:00,COMPLETED,0,1
79KWH,8,1,FULL,04-10-2025,19:01:46,04-10-2025,19:01:50,04-10-2025,19:05:05,COMPLETED,0,1
79KWH,8,2,FULL,04-10-2025,19:04:06,04-10-2025,19:04:09,04-10-2025,19:07:13,COMPLETED,0,1
79KWH,8,1,FULL,04-10-2025,19:05:13,04-10-2025,19:06:35,04-10-2025,19:10:22,COMPLETED,0,1
79KWH,8,2,FULL,04-10-2025,19:07:22,04-10-2025,19:10:32,04-10-2025,19:13:43,COMPLETED,0,1
79KWH,8,1,FULL,04-10-2025,19:10:28,04-10-2025,19:10:31,04-10-2025,19:13:49,COMPLETED,0,1
79KWH,8,2,FULL,04-10-2025,19:13:50,04-10-2025,19:16:57,04-10-2025,19:20:06,COMPLETED,0,1
79KWH,8,1,FULL,04-10-2025,19:13:56,04-10-2025,19:13:57,04-10-2025,19:17:18,COMPLETED,0,1
79KWH,8,1,FULL,04-10-2025,19:17:24,04-10-2025,19:17:27,04-10-2025,19:20:49,COMPLETED,0,1
79KWH,8,2,FULL,04-10-2025,19:20:15,04-10-2025,19:20:16,04-10-2025,19:23:27,COMPLETED,0,1
79KWH,8,1,FULL,04-10-2025,19:20:57,04-10-2025,19:20:58,04-10-2025,19:24:22,COMPLETED,0,1
79KWH,8,2,FULL,04-10-2025,19:23:32,04-10-2025,19:23:36,04-10-2025,19:26:43,COMPLETED,0,1
79KWH,8,1,FULL,04-10-2025,19:24:28,04-10-2025,19:24:31,04-10-2025,19:27:52,COMPLETED,0,1
79KWH,8,2,FULL,04-10-2025,19:26:52,04-10-2025,19:30:01,04-10-2025,19:32:06,COMPLETED,0,1
79KWH,8,1,FULL,04-10-2025,19:28:01,04-10-2025,19:29:23,04-10-2025,19:33:15,COMPLETED,0,1
79KWH,8,2,FULL,04-10-2025,19:32:12,04-10-2025,19:32:15,04-10-2025,19:33:09,COMPLETED,0,1
79KWH,8,1,FULL,04-10-2025,19:33:21,04-10-2025,19:33:24,04-10-2025,19:36:49,COMPLETED,0,1
79KWH,8,2,FULL,04-10-2025,19:33:25,04-10-2025,19:33:26,04-10-2025,19:34:21,COMPLETED,0,1
79KWH,8,2,FULL,04-10-2025,19:34:28,04-10-2025,19:34:31,04-10-2025,19:35:25,COMPLETED,0,1
79KWH,8,2,FULL,04-10-2025,19:35:37,04-10-2025,19:35:38,04-10-2025,19:36:34,COMPLETED,0,1
79KWH,8,2,FULL,04-10-2025,19:36:41,04-10-2025,19:36:43,04-10-2025,19:37:36,COMPLETED,0,1
79KWH,8,1,FULL,04-10-2025,19:36:57,04-10-2025,19:38:13,04-10-2025,19:42:06,COMPLETED,0,1
79KWH,8,2,FULL,04-10-2025,19:37:46,04-10-2025,19:37:46,04-10-2025,19:38:42,COMPLETED,0,1
79KWH,8,2,FULL,04-10-2025,19:38:48,04-10-2025,19:38:51,04-10-2025,19:39:46,COMPLETED,0,1
79KWH,8,2,FULL,04-10-2025,19:39:56,04-10-2025,19:39:56,04-10-2025,19:40:54,COMPLETED,0,1
79KWH,8,2,FULL,04-10-2025,19:41:00,04-10-2025,19:41:04,04-10-2025,19:42:01,COMPLETED,0,1
79KWH,8,2,FULL,04-10-2025,19:42:11,04-10-2025,19:42:12,04-10-2025,19:43:12,COMPLETED,0,1
79KWH,8,1,FULL,04-10-2025,19:42:13,04-10-2025,19:42:16,04-10-2025,19:45:42,COMPLETED,0,1
79KWH,8,2,FULL,04-10-2025,19:43:18,04-10-2025,19:43:22,04-10-2025,19:44:20,COMPLETED,0,1
79KWH,8,2,FULL,04-10-2025,19:44:28,04-10-2025,19:44:29,04-10-2025,19:45:29,COMPLETED,0,1
79KWH,8,2,FULL,04-10-2025,19:45:36,04-10-2025,19:45:38,04-10-2025,19:46:38,COMPLETED,0,1
79KWH,8,1,FULL,04-10-2025,19:45:50,04-10-2025,19:45:51,04-10-2025,19:49:20,COMPLETED,0,1
79KWH,8,2,FULL,04-10-2025,19:46:48,04-10-2025,19:46:49,04-10-2025,19:47:51,COMPLETED,0,1
79KWH,8,2,FULL,04-10-2025,19:47:57,04-10-2025,19:47:59,04-10-2025,19:49:00,COMPLETED,0,1
79KWH,8,2,FULL,04-10-2025,19:49:09,04-10-2025,19:49:10,04-10-2025,19:50:14,COMPLETED,0,1
79KWH,8,1,FULL,04-10-2025,19:49:26,04-10-2025,19:49:30,04-10-2025,19:52:58,COMPLETED,0,1
79KWH,8,2,FULL,04-10-2025,19:50:21,04-10-2025,19:50:24,04-10-2025,19:51:27,COMPLETED,0,1
79KWH,8,1,FULL,04-10-2025,19:53:06,04-10-2025,19:54:25,04-10-2025,19:58:20,COMPLETED,0,1
79KWH,8,2,FULL,04-10-2025,19:53:31,04-10-2025,19:53:36,04-10-2025,19:55:45,COMPLETED,0,1
79KWH,8,2,FULL,04-10-2025,19:55:51,04-10-2025,19:55:54,04-10-2025,19:56:59,COMPLETED,0,1
79KWH,8,2,FULL,04-10-2025,19:57:08,04-10-2025,19:59:15,04-10-2025,20:01:24,COMPLETED,0,1
79KWH,8,1,FULL,04-10-2025,19:58:26,04-10-2025,19:59:42,04-10-2025,20:03:36,COMPLETED,0,1
79KWH,8,2,FULL,04-10-2025,20:01:30,04-10-2025,20:01:33,04-10-2025,20:02:40,COMPLETED,0,1
79KWH,8,2,FULL,04-10-2025,20:02:49,04-10-2025,20:02:50,04-10-2025,20:03:59,COMPLETED,0,1
79KWH,8,1,FULL,04-10-2025,20:03:44,04-10-2025,20:03:45,04-10-2025,20:07:19,COMPLETED,0,1
79KWH,8,2,FULL,04-10-2025,20:04:05,04-10-2025,20:04:07,04-10-2025,20:05:16,COMPLETED,0,1
79KWH,8,2,FULL,04-10-2025,20:05:26,04-10-2025,20:05:27,04-10-2025,20:06:36,COMPLETED,0,1
79KWH,8,2,FULL,04-10-2025,20:06:43,04-10-2025,20:06:46,04-10-2025,20:07:54,COMPLETED,0,1
79KWH,8,1,FULL,04-10-2025,20:07:24,04-10-2025,20:07:28,04-10-2025,20:11:01,COMPLETED,0,1
79KWH,8,2,FULL,04-10-2025,20:08:02,04-10-2025,20:08:03,04-10-2025,20:09:14,COMPLETED,0,1
79KWH,8,2,FULL,04-10-2025,20:09:20,04-10-2025,20:09:23,04-10-2025,20:10:32,COMPLETED,0,1
79KWH,8,1,FULL,04-10-2025,20:11:09,04-10-2025,20:11:10,04-10-2025,20:14:45,COMPLETED,0,1
79KWH,8,1,FULL,04-10-2025,20:14:51,04-10-2025,20:14:54,04-10-2025,20:18:27,COMPLETED,0,1
79KWH,8,1,FULL,04-10-2025,20:18:35,04-10-2025,20:18:36,04-10-2025,20:22:13,COMPLETED,0,1
79KWH,8,1,FULL,04-10-2025,20:22:19,04-10-2025,20:22:23,04-10-2025,20:25:59,COMPLETED,0,1
79KWH,8,1,FULL,04-10-2025,20:53:24,04-10-2025,20:53:25,04-10-2025,20:57:24,COMPLETED,0,1
79KWH,8,2,FULL,04-10-2025,20:53:42,04-10-2025,20:53:43,04-10-2025,20:55:54,COMPLETED,0,1
79KWH,8,2,FULL,04-10-2025,20:56:01,04-10-2025,20:56:04,04-10-2025,20:57:16,COMPLETED,0,1
79KWH,8,2,FULL,04-10-2025,20:57:28,04-10-2025,20:57:30,04-10-2025,20:58:43,COMPLETED,0,1
79KWH,8,1,FULL,04-10-2025,20:57:31,04-10-2025,20:57:34,04-10-2025,21:01:12,COMPLETED,0,1
79KWH,8,2,FULL,04-10-2025,20:59:13,04-10-2025,21:01:01,04-10-2025,21:03:11,COMPLETED,0,1
79KWH,8,1,FULL,04-10-2025,21:01:22,04-10-2025,21:02:31,04-10-2025,21:06:32,COMPLETED,0,1
79KWH,8,2,FULL,04-10-2025,21:03:22,04-10-2025,21:03:23,04-10-2025,21:04:39,COMPLETED,0,1
79KWH,8,1,FULL,04-10-2025,21:06:38,04-10-2025,21:06:41,04-10-2025,21:10:21,COMPLETED,0,1
79KWH,8,1,FULL,04-10-2025,21:10:30,04-10-2025,21:10:31,04-10-2025,21:14:16,COMPLETED,0,1
79KWH,8,1,FULL,04-10-2025,21:14:22,04-10-2025,21:14:25,04-10-2025,21:18:10,COMPLETED,0,1
79KWH,8,2,FULL,04-10-2025,21:14:24,04-10-2025,21:14:25,04-10-2025,21:15:39,COMPLETED,0,1
79KWH,8,2,FULL,04-10-2025,21:16:19,04-10-2025,21:16:20,04-10-2025,21:17:37,COMPLETED,0,1
79KWH,8,2,FULL,04-10-2025,21:18:08,04-10-2025,21:18:09,04-10-2025,21:19:26,COMPLETED,0,1
79KWH,8,1,FULL,04-10-2025,21:18:19,04-10-2025,21:18:19,04-10-2025,21:22:06,COMPLETED,0,1
79KWH,8,2,FULL,04-10-2025,21:20:03,04-10-2025,21:20:04,04-10-2025,21:21:22,COMPLETED,0,1
79KWH,8,2,FULL,04-10-2025,21:21:28,04-10-2025,21:21:32,04-10-2025,21:22:49,COMPLETED,0,1
79KWH,8,1,FULL,04-10-2025,21:22:12,04-10-2025,21:22:14,04-10-2025,21:26:00,COMPLETED,0,1
79KWH,8,2,FULL,04-10-2025,21:22:58,04-10-2025,21:25:04,04-10-2025,21:27:19,COMPLETED,0,1
79KWH,8,1,FULL,04-10-2025,21:26:08,04-10-2025,21:27:29,04-10-2025,21:31:35,COMPLETED,0,1
79KWH,8,2,FULL,04-10-2025,21:27:25,04-10-2025,21:29:40,04-10-2025,21:31:55,COMPLETED,0,1
79KWH,8,1,FULL,04-10-2025,21:31:41,04-10-2025,21:31:44,04-10-2025,21:35:33,COMPLETED,0,1
79KWH,8,2,FULL,04-10-2025,21:32:04,04-10-2025,21:32:05,04-10-2025,21:33:27,COMPLETED,0,1
79KWH,8,2,FULL,04-10-2025,21:33:33,04-10-2025,21:33:37,04-10-2025,21:34:56,COMPLETED,0,1
79KWH,8,2,FULL,04-10-2025,21:35:05,04-10-2025,21:35:06,04-10-2025,21:36:29,COMPLETED,0,1
79KWH,8,1,FULL,04-10-2025,21:35:40,04-10-2025,21:36:57,04-10-2025,21:41:07,COMPLETED,0,1
79KWH,8,2,FULL,04-10-2025,21:36:35,04-10-2025,21:36:38,04-10-2025,21:37:59,COMPLETED,0,1
79KWH,8,2,FULL,04-10-2025,21:38:07,04-10-2025,21:38:07,04-10-2025,21:39:30,COMPLETED,0,1
79KWH,8,2,FULL,04-10-2025,21:39:36,04-10-2025,21:39:40,04-10-2025,21:41:03,COMPLETED,0,1
79KWH,8,1,FULL,04-10-2025,21:41:12,04-10-2025,21:41:17,04-10-2025,21:45:07,COMPLETED,0,1
79KWH,8,2,FULL,04-10-2025,21:41:13,04-10-2025,21:41:14,04-10-2025,21:42:40,COMPLETED,0,1
79KWH,8,2,FULL,04-10-2025,21:42:46,04-10-2025,21:42:49,04-10-2025,21:44:14,COMPLETED,0,1
79KWH,8,2,FULL,04-10-2025,21:44:23,04-10-2025,21:44:24,04-10-2025,21:45:50,COMPLETED,0,1
79KWH,8,1,FULL,04-10-2025,21:45:15,04-10-2025,21:45:17,04-10-2025,21:49:17,COMPLETED,0,1
79KWH,8,2,FULL,04-10-2025,21:45:56,04-10-2025,21:46:00,04-10-2025,21:47:26,COMPLETED,0,1
79KWH,8,2,FULL,04-10-2025,21:47:36,04-10-2025,21:49:44,04-10-2025,21:52:04,COMPLETED,0,1
79KWH,8,1,FULL,04-10-2025,21:49:25,04-10-2025,21:49:25,04-10-2025,21:53:17,COMPLETED,0,1
79KWH,8,2,FULL,04-10-2025,21:52:11,04-10-2025,21:52:13,04-10-2025,21:53:41,COMPLETED,0,1
79KWH,8,1,FULL,04-10-2025,21:53:25,04-10-2025,21:54:47,04-10-2025,21:58:55,COMPLETED,0,1
79KWH,8,2,FULL,04-10-2025,21:53:50,04-10-2025,21:56:05,04-10-2025,21:58:27,COMPLETED,0,1
79KWH,8,2,FULL,04-10-2025,21:58:34,04-10-2025,21:58:36,04-10-2025,22:00:05,COMPLETED,0,1
79KWH,8,1,FULL,04-10-2025,21:59:00,04-10-2025,21:59:04,04-10-2025,22:02:57,COMPLETED,0,1
79KWH,8,2,FULL,04-10-2025,22:00:15,04-10-2025,22:00:15,04-10-2025,22:01:48,COMPLETED,0,1
79KWH,8,2,FULL,04-10-2025,22:01:53,04-10-2025,22:01:56,04-10-2025,22:03:27,COMPLETED,0,1
79KWH,8,1,FULL,04-10-2025,22:03:06,04-10-2025,22:03:06,04-10-2025,22:07:03,COMPLETED,0,1
79KWH,8,2,FULL,04-10-2025,22:03:36,04-10-2025,22:03:38,04-10-2025,22:05:11,COMPLETED,0,1
79KWH,8,2,FULL,04-10-2025,22:05:17,04-10-2025,22:05:20,04-10-2025,22:06:51,COMPLETED,0,1
79KWH,8,2,FULL,04-10-2025,22:07:00,04-10-2025,22:07:02,04-10-2025,22:08:36,COMPLETED,0,1
79KWH,8,1,FULL,04-10-2025,22:07:09,04-10-2025,22:07:11,04-10-2025,22:11:07,COMPLETED,0,1
79KWH,8,2,FULL,04-10-2025,22:08:43,04-10-2025,22:08:45,04-10-2025,22:10:18,COMPLETED,0,1
79KWH,8,2,FULL,04-10-2025,22:10:27,04-10-2025,22:10:28,04-10-2025,22:12:03,COMPLETED,0,1
79KWH,8,1,FULL,04-10-2025,22:11:15,04-10-2025,22:12:31,04-10-2025,22:16:40,COMPLETED,0,1
79KWH,8,2,FULL,04-10-2025,22:12:09,04-10-2025,22:12:13,04-10-2025,22:13:46,COMPLETED,0,1
79KWH,8,2,FULL,04-10-2025,22:13:56,04-10-2025,22:13:56,04-10-2025,22:15:32,COMPLETED,0,1
79KWH,8,2,FULL,04-10-2025,22:15:39,04-10-2025,22:15:42,04-10-2025,22:17:18,COMPLETED,0,1
79KWH,8,1,FULL,04-10-2025,22:16:47,04-10-2025,22:18:10,04-10-2025,22:22:17,COMPLETED,0,1
79KWH,8,2,FULL,04-10-2025,22:17:27,04-10-2025,22:17:28,04-10-2025,22:19:06,COMPLETED,0,1
79KWH,8,1,FULL,04-10-2025,22:22:25,04-10-2025,22:22:25,04-10-2025,22:26:25,COMPLETED,0,1
79KWH,8,1,FULL,04-10-2025,22:26:31,04-10-2025,22:26:35,04-10-2025,22:30:34,COMPLETED,0,1
79KWH,8,2,FULL,04-10-2025,22:29:00,04-10-2025,22:29:00,04-10-2025,22:30:38,COMPLETED,0,1
79KWH,8,1,FULL,04-10-2025,22:30:43,04-10-2025,22:30:44,04-10-2025,22:34:48,COMPLETED,0,1
79KWH,8,2,FULL,04-10-2025,22:30:48,04-10-2025,22:30:48,04-10-2025,22:32:29,COMPLETED,0,1
79KWH,8,2,FULL,04-10-2025,22:32:35,04-10-2025,22:32:38,04-10-2025,22:34:16,COMPLETED,0,1
79KWH,8,2,FULL,04-10-2025,22:34:25,04-10-2025,22:34:26,04-10-2025,22:36:05,COMPLETED,0,1
79KWH,8,1,FULL,04-10-2025,22:34:53,04-10-2025,22:34:56,04-10-2025,22:38:57,COMPLETED,0,1
79KWH,8,2,FULL,04-10-2025,22:36:12,04-10-2025,22:36:14,04-10-2025,22:37:53,COMPLETED,0,1
79KWH,8,2,FULL,04-10-2025,22:38:02,04-10-2025,22:38:03,04-10-2025,22:39:46,COMPLETED,0,1
79KWH,8,1,FULL,04-10-2025,22:39:05,04-10-2025,22:39:06,04-10-2025,22:43:16,COMPLETED,0,1
79KWH,8,2,FULL,04-10-2025,22:39:53,04-10-2025,22:39:56,04-10-2025,22:41:37,COMPLETED,0,1
79KWH,8,2,FULL,04-10-2025,22:41:47,04-10-2025,22:41:48,04-10-2025,22:43:31,COMPLETED,0,1
79KWH,8,1,FULL,04-10-2025,22:43:24,04-10-2025,22:43:24,04-10-2025,22:47:28,COMPLETED,0,1
79KWH,8,2,FULL,04-10-2025,22:43:36,04-10-2025,22:43:40,04-10-2025,22:45:21,COMPLETED,0,1
79KWH,8,2,FULL,04-10-2025,22:45:31,04-10-2025,22:45:32,04-10-2025,22:47:17,COMPLETED,0,1
79KWH,8,2,FULL,04-10-2025,22:47:24,04-10-2025,22:47:26,04-10-2025,22:49:10,COMPLETED,0,1
79KWH,8,1,FULL,04-10-2025,22:47:36,04-10-2025,22:48:54,04-10-2025,22:53:07,COMPLETED,0,1
79KWH,8,2,FULL,04-10-2025,22:49:20,04-10-2025,22:49:21,04-10-2025,22:51:08,COMPLETED,0,1
79KWH,8,2,FULL,04-10-2025,22:51:14,04-10-2025,22:51:19,04-10-2025,22:53:04,COMPLETED,0,1
79KWH,8,2,FULL,04-10-2025,22:53:12,04-10-2025,22:53:14,04-10-2025,22:55:01,COMPLETED,0,1
79KWH,8,1,FULL,04-10-2025,22:53:14,04-10-2025,22:54:41,04-10-2025,22:58:52,COMPLETED,0,1
79KWH,8,2,FULL,04-10-2025,22:55:07,04-10-2025,22:55:11,04-10-2025,22:56:58,COMPLETED,0,1
79KWH,8,2,FULL,04-10-2025,22:57:08,04-10-2025,22:57:08,04-10-2025,22:58:57,COMPLETED,0,1
79KWH,8,1,FULL,04-10-2025,22:59:00,04-10-2025,23:00:16,04-10-2025,23:04:35,COMPLETED,0,1
79KWH,8,2,FULL,04-10-2025,22:59:04,04-10-2025,22:59:05,04-10-2025,23:00:53,COMPLETED,0,1
79KWH,8,2,FULL,04-10-2025,23:01:02,04-10-2025,23:01:03,04-10-2025,23:02:54,COMPLETED,0,1
79KWH,8,2,FULL,04-10-2025,23:03:00,04-10-2025,23:03:03,04-10-2025,23:04:52,COMPLETED,0,1
79KWH,8,1,FULL,04-10-2025,23:04:42,04-10-2025,23:04:44,04-10-2025,23:08:52,COMPLETED,0,1
79KWH,8,2,FULL,04-10-2025,23:05:00,04-10-2025,23:05:01,04-10-2025,23:06:53,COMPLETED,0,1
79KWH,8,2,FULL,04-10-2025,23:06:59,04-10-2025,23:07:03,04-10-2025,23:08:52,COMPLETED,0,1
79KWH,8,1,FULL,04-10-2025,23:09:00,04-10-2025,23:09:00,04-10-2025,23:13:11,COMPLETED,0,1
79KWH,8,2,FULL,04-10-2025,23:09:01,04-10-2025,23:09:01,04-10-2025,23:10:53,COMPLETED,0,1
79KWH,8,2,FULL,04-10-2025,23:10:59,04-10-2025,23:11:02,04-10-2025,23:12:53,COMPLETED,0,1
79KWH,8,2,FULL,04-10-2025,23:13:03,04-10-2025,23:13:03,04-10-2025,23:14:58,COMPLETED,0,1
79KWH,8,1,FULL,04-10-2025,23:13:17,04-10-2025,23:13:21,04-10-2025,23:17:29,COMPLETED,0,1
79KWH,8,2,FULL,04-10-2025,23:15:04,04-10-2025,23:15:07,04-10-2025,23:16:59,COMPLETED,0,1
79KWH,8,2,FULL,04-10-2025,23:17:08,04-10-2025,23:17:09,04-10-2025,23:19:04,COMPLETED,0,1
79KWH,8,1,FULL,04-10-2025,23:17:37,04-10-2025,23:19:00,04-10-2025,23:23:16,COMPLETED,0,1
79KWH,8,2,FULL,04-10-2025,23:19:10,04-10-2025,23:19:13,04-10-2025,23:21:08,COMPLETED,0,1
79KWH,8,2,FULL,04-10-2025,23:21:17,04-10-2025,23:21:18,04-10-2025,23:23:14,COMPLETED,0,1
79KWH,8,2,FULL,04-10-2025,23:23:20,04-10-2025,23:23:23,04-10-2025,23:25:19,COMPLETED,0,1
79KWH,8,1,FULL,04-10-2025,23:23:22,04-10-2025,23:23:25,04-10-2025,23:27:37,COMPLETED,0,1
79KWH,8,2,FULL,04-10-2025,23:25:28,04-10-2025,23:25:29,04-10-2025,23:27:27,COMPLETED,0,1
79KWH,8,2,FULL,04-10-2025,23:27:33,04-10-2025,23:27:35,04-10-2025,23:29:32,COMPLETED,0,1
79KWH,8,1,FULL,04-10-2025,23:27:44,04-10-2025,23:29:00,04-10-2025,23:33:22,COMPLETED,0,1
79KWH,8,2,FULL,04-10-2025,23:29:41,04-10-2025,23:29:43,04-10-2025,23:31:42,COMPLETED,0,1
79KWH,8,2,FULL,04-10-2025,23:31:48,04-10-2025,23:31:51,04-10-2025,23:33:48,COMPLETED,0,1
79KWH,8,1,FULL,04-10-2025,23:33:28,04-10-2025,23:33:31,04-10-2025,23:37:44,COMPLETED,0,1
79KWH,8,2,FULL,04-10-2025,23:33:58,04-10-2025,23:33:59,04-10-2025,23:35:59,COMPLETED,0,1
79KWH,8,2,FULL,04-10-2025,23:36:05,04-10-2025,23:36:08,04-10-2025,23:38:06,COMPLETED,0,1
79KWH,8,2,FULL,04-10-2025,23:38:15,04-10-2025,23:38:16,04-10-2025,23:40:17,COMPLETED,0,1
79KWH,8,2,FULL,04-10-2025,23:40:25,04-10-2025,23:40:26,04-10-2025,23:42:26,COMPLETED,0,1
79KWH,8,2,FULL,04-10-2025,23:42:35,04-10-2025,23:42:37,04-10-2025,23:44:40,COMPLETED,0,1
79KWH,8,2,FULL,04-10-2025,23:44:46,04-10-2025,23:44:49,04-10-2025,23:46:52,COMPLETED,0,1
79KWH,8,2,FULL,04-10-2025,23:47:01,04-10-2025,23:47:01,04-10-2025,23:49:05,COMPLETED,0,1
79KWH,8,2,FULL,04-10-2025,23:49:10,04-10-2025,23:49:14,04-10-2025,23:51:16,COMPLETED,0,1
79KWH,8,2,FULL,04-10-2025,23:51:27,04-10-2025,23:51:28,04-10-2025,23:53:33,COMPLETED,0,1
79KWH,8,2,FULL,05-10-2025,07:15:07,05-10-2025,07:15:07,05-10-2025,07:17:13,COMPLETED,0,1
79KWH,8,3,FULL,05-10-2025,07:16:46,05-10-2025,07:17:27,05-10-2025,07:19:55,COMPLETED,0,1
79KWH,8,2,FULL,05-10-2025,07:17:19,05-10-2025,07:17:22,05-10-2025,07:19:26,COMPLETED,0,1
79KWH,8,2,FULL,05-10-2025,07:19:35,05-10-2025,07:19:35,05-10-2025,07:21:43,COMPLETED,0,1
79KWH,8,3,FULL,05-10-2025,07:20:00,05-10-2025,07:20:03,05-10-2025,07:21:43,COMPLETED,0,1
79KWH,8,2,FULL,05-10-2025,07:21:48,05-10-2025,07:21:51,05-10-2025,07:23:58,COMPLETED,0,1
79KWH,8,3,FULL,05-10-2025,07:21:52,05-10-2025,07:23:30,05-10-2025,07:25:58,COMPLETED,0,1
79KWH,8,2,FULL,05-10-2025,07:24:06,05-10-2025,07:24:07,05-10-2025,07:26:16,COMPLETED,0,1
79KWH,8,3,FULL,05-10-2025,07:26:04,05-10-2025,07:27:51,05-10-2025,07:30:17,COMPLETED,0,1
79KWH,8,2,FULL,05-10-2025,07:26:22,05-10-2025,07:26:26,05-10-2025,07:28:33,COMPLETED,0,1
79KWH,8,2,FULL,05-10-2025,07:28:42,05-10-2025,07:28:43,05-10-2025,07:30:52,COMPLETED,0,1
79KWH,8,3,FULL,05-10-2025,07:30:24,05-10-2025,07:30:24,05-10-2025,07:32:09,COMPLETED,0,1
79KWH,8,2,FULL,05-10-2025,07:30:58,05-10-2025,07:31:01,05-10-2025,07:33:09,COMPLETED,0,1
79KWH,8,3,FULL,05-10-2025,07:32:15,05-10-2025,07:32:18,05-10-2025,07:34:01,COMPLETED,0,1
79KWH,8,2,FULL,05-10-2025,07:33:18,05-10-2025,07:33:18,05-10-2025,07:35:30,COMPLETED,0,1
79KWH,8,3,FULL,05-10-2025,07:34:09,05-10-2025,07:34:09,05-10-2025,07:35:55,COMPLETED,0,1
79KWH,8,2,FULL,05-10-2025,07:35:35,05-10-2025,07:35:38,05-10-2025,07:37:48,COMPLETED,0,1
79KWH,8,3,FULL,05-10-2025,07:36:01,05-10-2025,07:36:03,05-10-2025,07:37:46,COMPLETED,0,1
79KWH,8,3,FULL,05-10-2025,07:37:54,05-10-2025,07:37:55,05-10-2025,07:39:41,COMPLETED,0,1
79KWH,8,2,FULL,05-10-2025,07:37:56,05-10-2025,07:37:57,05-10-2025,07:40:10,COMPLETED,0,1
79KWH,8,3,FULL,05-10-2025,07:39:47,05-10-2025,07:39:51,05-10-2025,07:41:35,COMPLETED,0,1
79KWH,8,2,FULL,05-10-2025,07:40:17,05-10-2025,07:40:19,05-10-2025,07:42:32,COMPLETED,0,1
79KWH,8,3,FULL,05-10-2025,07:41:43,05-10-2025,07:41:43,05-10-2025,07:43:31,COMPLETED,0,1
79KWH,8,2,FULL,05-10-2025,07:42:41,05-10-2025,07:42:42,05-10-2025,07:44:56,COMPLETED,0,1
79KWH,8,3,FULL,05-10-2025,07:43:38,05-10-2025,07:43:41,05-10-2025,07:45:27,COMPLETED,0,1
79KWH,8,2,FULL,05-10-2025,07:45:02,05-10-2025,07:45:06,05-10-2025,07:47:19,COMPLETED,0,1
79KWH,8,3,FULL,05-10-2025,07:45:35,05-10-2025,08:40:57,05-10-2025,08:43:29,COMPLETED,0,1
79KWH,8,2,FULL,05-10-2025,07:47:28,05-10-2025,07:47:28,05-10-2025,07:49:43,COMPLETED,0,1
79KWH,8,2,FULL,05-10-2025,07:49:50,05-10-2025,07:49:51,05-10-2025,07:52:05,COMPLETED,0,1
79KWH,8,2,FULL,05-10-2025,07:52:14,05-10-2025,07:52:15,05-10-2025,07:54:30,COMPLETED,0,1
79KWH,8,2,FULL,05-10-2025,07:54:37,05-10-2025,07:54:40,05-10-2025,07:56:55,COMPLETED,0,1
79KWH,8,2,FULL,05-10-2025,07:57:03,05-10-2025,07:57:04,05-10-2025,07:59:22,COMPLETED,0,1
79KWH,8,2,FULL,05-10-2025,07:59:29,05-10-2025,07:59:32,05-10-2025,08:01:49,COMPLETED,0,1
79KWH,8,2,FULL,05-10-2025,08:01:58,05-10-2025,08:01:58,05-10-2025,08:04:19,COMPLETED,0,1
79KWH,8,2,FULL,05-10-2025,08:04:25,05-10-2025,08:04:28,05-10-2025,08:06:47,COMPLETED,0,1
79KWH,8,2,FULL,05-10-2025,08:06:57,05-10-2025,08:06:57,05-10-2025,08:09:21,COMPLETED,0,1
79KWH,8,2,FULL,05-10-2025,08:09:27,05-10-2025,08:09:28,05-10-2025,08:11:50,COMPLETED,0,1
79KWH,8,2,FULL,05-10-2025,08:12:01,05-10-2025,08:12:01,05-10-2025,08:14:25,COMPLETED,0,1
79KWH,8,2,FULL,05-10-2025,08:14:31,05-10-2025,08:14:33,05-10-2025,08:16:54,COMPLETED,0,1
79KWH,8,2,FULL,05-10-2025,08:17:03,05-10-2025,08:17:05,05-10-2025,08:19:29,COMPLETED,0,1
79KWH,8,2,FULL,05-10-2025,08:19:35,05-10-2025,08:19:39,05-10-2025,08:22:03,COMPLETED,0,1
79KWH,8,2,FULL,05-10-2025,08:22:11,05-10-2025,08:22:12,05-10-2025,08:24:38,COMPLETED,0,1
79KWH,8,2,FULL,05-10-2025,08:24:45,05-10-2025,08:24:46,05-10-2025,08:27:11,COMPLETED,0,1
79KWH,8,2,FULL,05-10-2025,08:27:21,05-10-2025,08:27:22,05-10-2025,08:29:50,COMPLETED,0,1
79KWH,8,2,FULL,05-10-2025,08:29:56,05-10-2025,08:30:00,05-10-2025,08:32:26,COMPLETED,0,1
79KWH,8,2,FULL,05-10-2025,08:32:34,05-10-2025,08:32:35,05-10-2025,08:35:03,COMPLETED,0,1
79KWH,8,2,FULL,05-10-2025,08:35:10,05-10-2025,08:35:14,05-10-2025,08:37:41,COMPLETED,0,1
79KWH,8,2,FULL,05-10-2025,08:37:50,05-10-2025,08:37:50,05-10-2025,08:40:20,COMPLETED,0,1
79KWH,8,2,FULL,05-10-2025,08:40:26,05-10-2025,08:40:29,05-10-2025,08:42:57,COMPLETED,0,1
79KWH,8,2,FULL,05-10-2025,08:43:06,05-10-2025,08:43:06,05-10-2025,08:45:37,COMPLETED,0,1
79KWH,8,3,FULL,05-10-2025,08:43:35,05-10-2025,08:43:39,05-10-2025,09:02:51,COMPLETED,0,1
79KWH,8,2,FULL,05-10-2025,08:45:44,05-10-2025,08:45:47,05-10-2025,08:48:16,COMPLETED,0,1
79KWH,8,2,FULL,05-10-2025,08:48:25,05-10-2025,08:48:27,05-10-2025,08:51:00,COMPLETED,0,1
79KWH,8,2,FULL,05-10-2025,08:51:07,05-10-2025,08:51:09,05-10-2025,08:53:42,COMPLETED,0,1
79KWH,8,2,FULL,05-10-2025,08:53:50,05-10-2025,08:53:51,05-10-2025,08:56:27,COMPLETED,0,1
79KWH,8,2,FULL,05-10-2025,08:56:33,05-10-2025,08:56:35,05-10-2025,08:59:09,COMPLETED,0,1
79KWH,8,2,FULL,05-10-2025,08:59:18,05-10-2025,08:59:19,05-10-2025,09:01:56,COMPLETED,0,1
79KWH,8,2,FULL,05-10-2025,09:02:02,05-10-2025,09:02:06,05-10-2025,09:04:40,COMPLETED,0,1
79KWH,8,3,FULL,05-10-2025,09:02:59,05-10-2025,09:04:41,05-10-2025,09:07:14,COMPLETED,0,1
79KWH,8,2,FULL,05-10-2025,09:04:48,05-10-2025,09:04:49,05-10-2025,09:07:27,COMPLETED,0,1
79KWH,8,3,FULL,05-10-2025,09:07:23,05-10-2025,09:09:11,05-10-2025,09:11:42,COMPLETED,0,1
79KWH,8,2,FULL,05-10-2025,09:07:33,05-10-2025,09:07:36,05-10-2025,09:10:12,COMPLETED,0,1
79KWH,8,2,FULL,05-10-2025,09:10:20,05-10-2025,09:10:21,05-10-2025,09:13:01,COMPLETED,0,1
79KWH,8,3,FULL,05-10-2025,09:11:49,05-10-2025,09:13:31,05-10-2025,09:16:05,COMPLETED,0,1
79KWH,8,2,FULL,05-10-2025,09:13:07,05-10-2025,09:13:10,05-10-2025,09:15:47,COMPLETED,0,1
79KWH,8,2,FULL,05-10-2025,09:15:56,05-10-2025,09:15:56,05-10-2025,09:18:36,COMPLETED,0,1
79KWH,8,3,FULL,05-10-2025,09:16:12,05-10-2025,09:16:14,05-10-2025,09:18:07,COMPLETED,0,1
79KWH,8,3,FULL,05-10-2025,09:18:15,05-10-2025,09:20:02,05-10-2025,09:22:37,COMPLETED,0,1
79KWH,8,2,FULL,05-10-2025,09:18:43,05-10-2025,09:18:45,05-10-2025,09:21:25,COMPLETED,0,1
79KWH,8,2,FULL,05-10-2025,09:21:33,05-10-2025,09:21:34,05-10-2025,09:24:16,COMPLETED,0,1
79KWH,8,3,FULL,05-10-2025,09:22:42,05-10-2025,09:22:46,05-10-2025,09:24:40,COMPLETED,0,1
79KWH,8,3,FULL,05-10-2025,09:24:48,05-10-2025,09:26:29,05-10-2025,09:29:04,COMPLETED,0,1
79KWH,8,2,FULL,05-10-2025,09:28:55,05-10-2025,09:28:57,05-10-2025,09:31:37,COMPLETED,0,1
79KWH,8,3,FULL,05-10-2025,09:29:11,05-10-2025,09:29:13,05-10-2025,09:31:07,COMPLETED,0,1
79KWH,8,3,FULL,05-10-2025,09:31:15,05-10-2025,09:33:01,05-10-2025,09:35:36,COMPLETED,0,1
79KWH,8,2,FULL,05-10-2025,09:31:45,05-10-2025,09:31:46,05-10-2025,09:34:28,COMPLETED,0,1
79KWH,8,2,FULL,05-10-2025,09:34:35,05-10-2025,09:34:37,05-10-2025,09:37:19,COMPLETED,0,1
79KWH,8,3,FULL,05-10-2025,09:35:43,05-10-2025,09:35:45,05-10-2025,09:37:40,COMPLETED,0,1
79KWH,8,2,FULL,05-10-2025,09:37:28,05-10-2025,09:37:30,05-10-2025,09:40:15,COMPLETED,0,1
79KWH,8,3,FULL,05-10-2025,09:37:48,05-10-2025,09:39:31,05-10-2025,09:42:07,COMPLETED,0,1
79KWH,8,2,FULL,05-10-2025,09:40:21,05-10-2025,09:40:23,05-10-2025,09:43:07,COMPLETED,0,1
79KWH,8,3,FULL,05-10-2025,09:42:13,05-10-2025,09:42:16,05-10-2025,09:44:13,COMPLETED,0,1
79KWH,8,2,FULL,05-10-2025,09:43:17,05-10-2025,09:43:18,05-10-2025,09:46:05,COMPLETED,0,1
79KWH,8,3,FULL,05-10-2025,09:44:22,05-10-2025,09:46:09,05-10-2025,09:48:46,COMPLETED,0,1
79KWH,8,2,FULL,05-10-2025,09:46:10,05-10-2025,09:46:14,05-10-2025,09:48:59,COMPLETED,0,1
79KWH,8,3,FULL,05-10-2025,09:48:52,05-10-2025,09:48:55,05-10-2025,09:50:53,COMPLETED,0,1
79KWH,8,2,FULL,05-10-2025,09:49:07,05-10-2025,09:49:08,05-10-2025,09:51:55,COMPLETED,0,1
79KWH,8,3,FULL,05-10-2025,09:51:01,05-10-2025,09:52:42,05-10-2025,09:55:20,COMPLETED,0,1
79KWH,8,2,FULL,05-10-2025,09:52:01,05-10-2025,09:52:04,05-10-2025,09:54:50,COMPLETED,0,1
79KWH,8,2,FULL,05-10-2025,09:54:59,05-10-2025,09:55:00,05-10-2025,09:57:48,COMPLETED,0,1
79KWH,8,3,FULL,05-10-2025,09:55:26,05-10-2025,09:57:16,05-10-2025,09:59:51,COMPLETED,0,1
79KWH,8,2,FULL,05-10-2025,09:57:54,05-10-2025,09:57:57,05-10-2025,10:00:44,COMPLETED,0,1
79KWH,8,3,FULL,05-10-2025,09:59:59,05-10-2025,10:01:40,05-10-2025,10:04:18,COMPLETED,0,1
79KWH,8,2,FULL,05-10-2025,10:00:53,05-10-2025,10:00:54,05-10-2025,10:03:43,COMPLETED,0,1
79KWH,8,2,FULL,05-10-2025,10:03:48,05-10-2025,10:03:52,05-10-2025,10:06:40,COMPLETED,0,1
79KWH,8,3,FULL,05-10-2025,10:04:24,05-10-2025,10:04:27,05-10-2025,10:06:28,COMPLETED,0,1
79KWH,8,3,FULL,05-10-2025,10:06:35,05-10-2025,10:08:23,05-10-2025,10:11:01,COMPLETED,0,1
79KWH,8,2,FULL,05-10-2025,10:06:49,05-10-2025,10:06:50,05-10-2025,10:09:42,COMPLETED,0,1
79KWH,8,2,FULL,05-10-2025,10:09:49,05-10-2025,10:09:52,05-10-2025,10:12:43,COMPLETED,0,1
79KWH,8,3,FULL,05-10-2025,10:11:07,05-10-2025,10:11:11,05-10-2025,10:13:13,COMPLETED,0,1
79KWH,8,2,FULL,05-10-2025,10:12:52,05-10-2025,10:12:52,05-10-2025,10:15:46,COMPLETED,0,1
79KWH,8,3,FULL,05-10-2025,10:13:23,05-10-2025,10:15:01,05-10-2025,10:17:41,COMPLETED,0,1
79KWH,8,2,FULL,05-10-2025,10:15:52,05-10-2025,10:15:55,05-10-2025,10:18:46,COMPLETED,0,1
79KWH,8,3,FULL,05-10-2025,10:17:47,05-10-2025,10:17:50,05-10-2025,10:19:54,COMPLETED,0,1
79KWH,8,2,FULL,05-10-2025,10:18:55,05-10-2025,10:18:55,05-10-2025,10:21:51,COMPLETED,0,1
79KWH,8,3,FULL,05-10-2025,10:20:02,05-10-2025,10:21:50,05-10-2025,10:24:30,COMPLETED,0,1
79KWH,8,2,FULL,05-10-2025,10:21:57,05-10-2025,10:22:00,05-10-2025,10:24:54,COMPLETED,0,1
79KWH,8,3,FULL,05-10-2025,10:24:36,05-10-2025,10:24:40,05-10-2025,10:26:46,COMPLETED,0,1
79KWH,8,3,FULL,05-10-2025,10:26:53,05-10-2025,10:28:34,05-10-2025,10:31:14,COMPLETED,0,1
79KWH,8,3,FULL,05-10-2025,10:31:21,05-10-2025,10:31:23,05-10-2025,10:33:28,COMPLETED,0,1
79KWH,8,2,FULL,05-10-2025,10:33:08,05-10-2025,10:33:09,05-10-2025,10:36:05,COMPLETED,0,1
79KWH,8,3,FULL,05-10-2025,10:33:36,05-10-2025,10:35:22,05-10-2025,10:38:03,COMPLETED,0,1
79KWH,8,2,FULL,05-10-2025,10:36:11,05-10-2025,10:36:13,05-10-2025,10:39:08,COMPLETED,0,1
79KWH,8,3,FULL,05-10-2025,10:38:09,05-10-2025,10:38:12,05-10-2025,10:40:19,COMPLETED,0,1
79KWH,8,2,FULL,05-10-2025,10:39:17,05-10-2025,10:39:20,05-10-2025,10:42:18,COMPLETED,0,1
79KWH,8,3,FULL,05-10-2025,10:40:27,05-10-2025,10:42:08,05-10-2025,10:44:50,COMPLETED,0,1
79KWH,8,2,FULL,05-10-2025,10:42:24,05-10-2025,10:42:27,05-10-2025,10:45:22,COMPLETED,0,1
79KWH,8,3,FULL,05-10-2025,10:44:55,05-10-2025,10:44:59,05-10-2025,10:47:08,COMPLETED,0,1
79KWH,8,2,FULL,05-10-2025,10:45:31,05-10-2025,10:45:33,05-10-2025,10:48:33,COMPLETED,0,1
79KWH,8,3,FULL,05-10-2025,10:47:16,05-10-2025,10:49:01,05-10-2025,10:51:44,COMPLETED,0,1
79KWH,8,2,FULL,05-10-2025,10:48:39,05-10-2025,10:48:41,05-10-2025,10:51:38,COMPLETED,0,1
79KWH,8,2,FULL,05-10-2025,10:51:47,05-10-2025,10:51:48,05-10-2025,10:54:48,COMPLETED,0,1
79KWH,8,3,FULL,05-10-2025,10:51:50,05-10-2025,10:53:34,05-10-2025,10:56:15,COMPLETED,0,1
79KWH,8,2,FULL,05-10-2025,10:54:54,05-10-2025,10:54:58,05-10-2025,10:57:57,COMPLETED,0,1
79KWH,8,3,FULL,05-10-2025,10:56:22,05-10-2025,10:58:07,05-10-2025,11:00:50,COMPLETED,0,1
79KWH,8,2,FULL,05-10-2025,10:58:06,05-10-2025,10:58:06,05-10-2025,11:01:09,COMPLETED,0,1
79KWH,8,3,FULL,05-10-2025,11:00:57,05-10-2025,11:02:40,05-10-2025,11:05:21,COMPLETED,0,1
79KWH,8,2,FULL,05-10-2025,11:01:15,05-10-2025,11:01:17,05-10-2025,11:04:18,COMPLETED,0,1
79KWH,8,2,FULL,05-10-2025,11:04:26,05-10-2025,11:04:27,05-10-2025,11:07:30,COMPLETED,0,1
79KWH,8,3,FULL,05-10-2025,11:05:28,05-10-2025,11:07:14,05-10-2025,11:09:58,COMPLETED,0,1
79KWH,8,2,FULL,05-10-2025,11:07:36,05-10-2025,11:07:39,05-10-2025,11:10:40,COMPLETED,0,1
79KWH,8,3,FULL,05-10-2025,11:10:05,05-10-2025,11:10:07,05-10-2025,11:12:20,COMPLETED,0,1
79KWH,8,2,FULL,05-10-2025,11:10:49,05-10-2025,11:10:50,05-10-2025,11:13:54,COMPLETED,0,1
79KWH,8,3,FULL,05-10-2025,11:12:27,05-10-2025,11:14:07,05-10-2025,11:16:52,COMPLETED,0,1
79KWH,8,2,FULL,05-10-2025,11:14:00,05-10-2025,11:14:03,05-10-2025,11:17:05,COMPLETED,0,1
79KWH,8,3,FULL,05-10-2025,11:16:58,05-10-2025,11:17:01,05-10-2025,11:19:15,COMPLETED,0,1
79KWH,8,2,FULL,05-10-2025,11:17:13,05-10-2025,11:17:13,05-10-2025,11:20:19,COMPLETED,0,1
79KWH,8,3,FULL,05-10-2025,11:19:23,05-10-2025,11:21:06,05-10-2025,11:23:52,COMPLETED,0,1
79KWH,8,2,FULL,05-10-2025,11:20:25,05-10-2025,11:20:28,05-10-2025,11:23:33,COMPLETED,0,1
79KWH,8,2,FULL,05-10-2025,11:23:42,05-10-2025,11:23:43,05-10-2025,11:26:49,COMPLETED,0,1
79KWH,8,3,FULL,05-10-2025,11:23:58,05-10-2025,11:24:00,05-10-2025,11:26:16,COMPLETED,0,1
79KWH,8,3,FULL,05-10-2025,11:26:23,05-10-2025,11:28:02,05-10-2025,11:30:47,COMPLETED,0,1
79KWH,8,2,FULL,05-10-2025,11:26:56,05-10-2025,11:26:59,05-10-2025,11:30:04,COMPLETED,0,1
79KWH,8,2,FULL,05-10-2025,11:30:12,05-10-2025,11:30:13,05-10-2025,11:33:21,COMPLETED,0,1
79KWH,8,3,FULL,05-10-2025,11:30:53,05-10-2025,11:30:56,05-10-2025,11:33:13,COMPLETED,0,1
79KWH,8,3,FULL,05-10-2025,11:33:23,05-10-2025,11:35:04,05-10-2025,11:37:51,COMPLETED,0,1
79KWH,8,2,FULL,05-10-2025,11:33:27,05-10-2025,11:33:31,05-10-2025,11:36:37,COMPLETED,0,1
79KWH,8,2,FULL,05-10-2025,11:36:48,05-10-2025,11:36:48,05-10-2025,11:39:58,COMPLETED,0,1
79KWH,8,3,FULL,05-10-2025,11:37:57,05-10-2025,11:38:00,05-10-2025,11:40:19,COMPLETED,0,1
79KWH,8,2,FULL,05-10-2025,11:40:05,05-10-2025,11:40:07,05-10-2025,11:43:16,COMPLETED,0,1
79KWH,8,3,FULL,05-10-2025,11:40:26,05-10-2025,11:42:05,05-10-2025,11:44:53,COMPLETED,0,1
79KWH,8,3,FULL,05-10-2025,11:44:59,05-10-2025,11:46:45,05-10-2025,11:49:31,COMPLETED,0,1
79KWH,8,3,FULL,05-10-2025,11:49:38,05-10-2025,11:51:16,05-10-2025,11:54:05,COMPLETED,0,1
79KWH,8,3,FULL,05-10-2025,11:54:11,05-10-2025,11:55:57,05-10-2025,11:58:43,COMPLETED,0,1
79KWH,8,3,FULL,05-10-2025,11:58:51,05-10-2025,12:00:27,05-10-2025,12:03:16,COMPLETED,0,1
79KWH,8,3,FULL,05-10-2025,12:03:23,05-10-2025,12:03:25,05-10-2025,12:05:47,COMPLETED,0,1
79KWH,8,3,FULL,05-10-2025,12:05:55,05-10-2025,12:07:36,05-10-2025,12:10:25,COMPLETED,0,1
79KWH,8,3,FULL,05-10-2025,12:27:47,05-10-2025,12:27:48,05-10-2025,12:30:35,COMPLETED,0,1
79KWH,8,3,FULL,05-10-2025,12:30:44,05-10-2025,12:32:17,05-10-2025,12:35:06,COMPLETED,0,1
79KWH,8,3,FULL,05-10-2025,12:35:12,05-10-2025,12:35:17,05-10-2025,12:37:41,COMPLETED,0,1
79KWH,8,3,FULL,05-10-2025,12:37:52,05-10-2025,12:39:29,05-10-2025,12:42:20,COMPLETED,0,1
79KWH,8,3,FULL,05-10-2025,12:42:26,05-10-2025,12:42:29,05-10-2025,12:44:57,COMPLETED,0,1
79KWH,8,3,FULL,05-10-2025,12:45:05,05-10-2025,12:45:06,05-10-2025,12:47:35,COMPLETED,0,1
79KWH,8,3,FULL,05-10-2025,12:47:40,05-10-2025,12:47:45,05-10-2025,12:50:12,COMPLETED,0,1
79KWH,8,3,FULL,05-10-2025,12:50:23,05-10-2025,12:50:24,05-10-2025,12:52:53,COMPLETED,0,1
79KWH,8,3,FULL,05-10-2025,12:52:59,05-10-2025,12:53:03,05-10-2025,12:55:31,COMPLETED,0,1
79KWH,8,3,FULL,05-10-2025,12:55:39,05-10-2025,12:55:40,05-10-2025,12:58:12,COMPLETED,0,1
79KWH,8,3,FULL,05-10-2025,12:58:18,05-10-2025,12:58:22,05-10-2025,13:00:52,COMPLETED,0,1
79KWH,8,3,FULL,05-10-2025,13:06:59,05-10-2025,13:07:00,05-10-2025,13:09:32,COMPLETED,0,1
79KWH,8,3,FULL,05-10-2025,13:09:39,05-10-2025,13:09:41,05-10-2025,13:12:11,COMPLETED,0,1
79KWH,8,3,FULL,05-10-2025,13:12:20,05-10-2025,13:12:21,05-10-2025,13:14:56,COMPLETED,0,1
79KWH,8,3,FULL,05-10-2025,13:15:03,05-10-2025,13:15:06,05-10-2025,13:17:40,COMPLETED,0,1
79KWH,8,3,FULL,05-10-2025,13:17:48,05-10-2025,13:17:48,05-10-2025,13:20:25,COMPLETED,0,1
79KWH,8,3,FULL,05-10-2025,13:20:30,05-10-2025,13:20:34,05-10-2025,13:23:09,COMPLETED,0,1
79KWH,8,3,FULL,05-10-2025,13:23:17,05-10-2025,13:23:17,05-10-2025,13:25:56,COMPLETED,0,1
79KWH,8,3,FULL,05-10-2025,13:26:03,05-10-2025,13:26:05,05-10-2025,13:28:43,COMPLETED,0,1
79KWH,8,3,FULL,05-10-2025,13:28:52,05-10-2025,13:28:53,05-10-2025,13:31:34,COMPLETED,0,1
79KWH,8,3,FULL,05-10-2025,13:31:40,05-10-2025,13:31:44,05-10-2025,13:34:23,COMPLETED,0,1
79KWH,8,3,FULL,05-10-2025,13:34:31,05-10-2025,13:34:31,05-10-2025,13:37:14,COMPLETED,0,1
79KWH,8,3,FULL,05-10-2025,13:37:20,05-10-2025,13:37:22,05-10-2025,13:40:02,COMPLETED,0,1
79KWH,8,3,FULL,05-10-2025,13:40:11,05-10-2025,13:40:11,05-10-2025,13:42:54,COMPLETED,0,1
79KWH,8,3,FULL,05-10-2025,13:43:00,05-10-2025,13:43:04,05-10-2025,13:45:46,COMPLETED,0,1
79KWH,8,3,FULL,05-10-2025,13:45:54,05-10-2025,13:45:54,05-10-2025,13:48:38,COMPLETED,0,1
79KWH,8,3,FULL,05-10-2025,13:48:46,05-10-2025,13:48:48,05-10-2025,13:51:32,COMPLETED,0,1
79KWH,8,3,FULL,05-10-2025,13:51:50,05-10-2025,13:51:56,05-10-2025,13:55:17,COMPLETED,0,1
79KWH,8,3,FULL,05-10-2025,14:07:30,05-10-2025,14:07:31,05-10-2025,14:10:15,COMPLETED,0,1
79KWH,8,3,FULL,05-10-2025,14:10:22,05-10-2025,14:10:23,05-10-2025,14:13:10,COMPLETED,0,1
79KWH,8,3,FULL,05-10-2025,14:13:16,05-10-2025,14:13:18,05-10-2025,14:16:04,COMPLETED,0,1
79KWH,8,3,FULL,05-10-2025,14:16:12,05-10-2025,14:16:14,05-10-2025,14:19:03,COMPLETED,0,1
79KWH,8,3,FULL,05-10-2025,14:19:09,05-10-2025,14:19:11,05-10-2025,14:21:58,COMPLETED,0,1
79KWH,8,3,FULL,05-10-2025,14:22:06,05-10-2025,14:22:07,05-10-2025,14:24:57,COMPLETED,0,1
79KWH,8,3,FULL,05-10-2025,14:25:04,05-10-2025,14:25:06,05-10-2025,14:27:55,COMPLETED,0,1
79KWH,8,3,FULL,05-10-2025,14:28:02,05-10-2025,14:28:03,05-10-2025,14:30:54,COMPLETED,0,1
79KWH,8,3,FULL,05-10-2025,14:31:00,05-10-2025,14:31:02,05-10-2025,14:33:52,COMPLETED,0,1
79KWH,8,3,FULL,05-10-2025,15:42:22,05-10-2025,15:43:00,05-10-2025,15:46:02,COMPLETED,0,1
79KWH,8,3,FULL,05-10-2025,15:46:08,05-10-2025,15:46:12,05-10-2025,15:49:02,COMPLETED,0,1
79KWH,8,3,FULL,05-10-2025,15:49:10,05-10-2025,15:51:00,05-10-2025,15:54:04,COMPLETED,0,1
79KWH,8,3,FULL,05-10-2025,15:54:10,05-10-2025,15:54:13,05-10-2025,15:57:05,COMPLETED,0,1
79KWH,8,3,FULL,05-10-2025,15:57:12,05-10-2025,15:58:58,05-10-2025,16:02:02,COMPLETED,0,1
79KWH,8,3,FULL,05-10-2025,16:02:09,05-10-2025,16:02:11,05-10-2025,16:05:03,COMPLETED,0,1
79KWH,8,3,FULL,05-10-2025,16:05:11,05-10-2025,16:07:01,05-10-2025,16:10:06,COMPLETED,0,1
79KWH,8,3,FULL,05-10-2025,16:10:12,05-10-2025,16:10:15,05-10-2025,16:13:09,COMPLETED,0,1
79KWH,8,3,FULL,05-10-2025,16:13:17,05-10-2025,16:15:02,05-10-2025,16:18:08,COMPLETED,0,1
79KWH,8,3,FULL,05-10-2025,16:18:14,05-10-2025,16:18:17,05-10-2025,16:21:12,COMPLETED,0,1
79KWH,8,3,FULL,05-10-2025,16:21:22,05-10-2025,16:23:10,05-10-2025,16:26:16,COMPLETED,0,1
79KWH,8,3,FULL,05-10-2025,16:26:22,05-10-2025,16:28:10,05-10-2025,16:31:14,COMPLETED,0,1
79KWH,8,3,FULL,05-10-2025,16:31:23,05-10-2025,16:31:33,05-10-2025,16:34:32,COMPLETED,0,1
79KWH,8,3,FULL,05-10-2025,16:34:38,05-10-2025,16:34:41,05-10-2025,16:37:40,COMPLETED,0,1
79KWH,8,3,FULL,05-10-2025,16:37:48,05-10-2025,16:39:32,05-10-2025,16:42:40,COMPLETED,0,1
79KWH,8,3,FULL,05-10-2025,16:42:46,05-10-2025,16:42:49,05-10-2025,16:45:48,COMPLETED,0,1
79KWH,8,3,FULL,05-10-2025,16:45:57,05-10-2025,16:47:46,05-10-2025,16:50:54,COMPLETED,0,1
79KWH,8,3,FULL,05-10-2025,16:51:00,05-10-2025,16:52:48,05-10-2025,16:55:54,COMPLETED,0,1
79KWH,8,3,FULL,05-10-2025,16:56:02,05-10-2025,16:57:50,05-10-2025,17:00:59,COMPLETED,0,1
79KWH,8,3,FULL,05-10-2025,17:01:05,05-10-2025,17:02:52,05-10-2025,17:05:58,COMPLETED,0,1
79KWH,8,3,FULL,05-10-2025,17:06:06,05-10-2025,17:07:55,05-10-2025,17:11:05,COMPLETED,0,1
79KWH,8,3,FULL,05-10-2025,17:11:11,05-10-2025,17:12:58,05-10-2025,17:16:06,COMPLETED,0,1
79KWH,8,3,FULL,05-10-2025,17:16:13,05-10-2025,17:18:02,05-10-2025,17:21:13,COMPLETED,0,1
79KWH,8,3,FULL,05-10-2025,17:21:19,05-10-2025,17:21:23,05-10-2025,17:24:28,COMPLETED,0,1
79KWH,8,3,FULL,05-10-2025,17:24:37,05-10-2025,17:26:19,05-10-2025,17:29:31,COMPLETED,0,1
79KWH,8,3,FULL,05-10-2025,17:29:40,05-10-2025,17:29:41,05-10-2025,17:32:48,COMPLETED,0,1
79KWH,8,3,FULL,05-10-2025,17:32:56,05-10-2025,17:32:57,05-10-2025,17:36:07,COMPLETED,0,1
79KWH,8,3,FULL,05-10-2025,17:36:13,05-10-2025,17:36:16,05-10-2025,17:39:24,COMPLETED,0,1
79KWH,8,3,FULL,06-10-2025,12:56:43,06-10-2025,13:16:49,06-10-2025,13:17:47,COMPLETED,0,1
79KWH,8,3,FULL,06-10-2025,13:17:58,06-10-2025,13:48:31,06-10-2025,13:50:34,COMPLETED,0,1
79KWH,8,3,FULL,06-10-2025,13:50:50,06-10-2025,13:50:51,06-10-2025,13:51:43,COMPLETED,0,1
79KWH,8,3,FULL,06-10-2025,13:51:58,06-10-2025,13:52:00,06-10-2025,13:53:21,COMPLETED,0,1
79KWH,8,3,FULL,06-10-2025,13:53:27,06-10-2025,13:53:31,06-10-2025,13:55:19,COMPLETED,0,1
79KWH,8,3,FULL,06-10-2025,13:55:26,06-10-2025,13:55:26,06-10-2025,13:56:48,COMPLETED,0,1
79KWH,8,3,FULL,06-10-2025,13:56:56,06-10-2025,13:56:58,06-10-2025,13:57:50,COMPLETED,0,1
79KWH,8,3,FULL,06-10-2025,13:58:03,06-10-2025,13:58:04,06-10-2025,13:59:00,COMPLETED,0,1
79KWH,8,3,FULL,06-10-2025,13:59:07,06-10-2025,13:59:10,06-10-2025,14:00:04,COMPLETED,0,1
79KWH,8,3,FULL,06-10-2025,14:00:15,06-10-2025,14:00:15,06-10-2025,14:01:17,COMPLETED,0,1
79KWH,8,3,FULL,06-10-2025,14:01:24,06-10-2025,14:01:27,06-10-2025,14:02:24,COMPLETED,0,1
79KWH,8,3,FULL,06-10-2025,14:02:34,06-10-2025,14:02:35,06-10-2025,14:03:35,COMPLETED,0,1
79KWH,8,3,FULL,06-10-2025,14:03:42,06-10-2025,14:03:43,06-10-2025,14:04:41,COMPLETED,0,1
79KWH,8,3,FULL,06-10-2025,14:04:52,06-10-2025,14:04:53,06-10-2025,14:05:55,COMPLETED,0,1
79KWH,8,3,FULL,06-10-2025,14:06:01,06-10-2025,14:06:04,06-10-2025,14:07:04,COMPLETED,0,1
79KWH,8,3,FULL,06-10-2025,14:07:12,06-10-2025,14:07:12,06-10-2025,14:08:14,COMPLETED,0,1
79KWH,8,3,FULL,06-10-2025,14:08:21,06-10-2025,17:22:52,06-10-2025,17:23:55,COMPLETED,0,1
79KWH,8,2,FULL,06-10-2025,15:16:12,06-10-2025,15:29:13,06-10-2025,15:31:00,COMPLETED,0,1
79KWH,8,2,FULL,06-10-2025,15:31:08,06-10-2025,15:31:10,06-10-2025,15:33:56,COMPLETED,0,1
79KWH,8,2,FULL,06-10-2025,16:06:23,06-10-2025,16:06:24,06-10-2025,16:09:21,COMPLETED,0,1
79KWH,8,2,FULL,06-10-2025,16:09:29,06-10-2025,16:09:30,06-10-2025,16:11:27,COMPLETED,0,1
79KWH,8,2,FULL,06-10-2025,16:11:34,06-10-2025,16:11:36,06-10-2025,16:12:43,COMPLETED,0,1
79KWH,8,2,FULL,06-10-2025,16:12:50,06-10-2025,16:12:51,06-10-2025,16:13:59,COMPLETED,0,1
79KWH,8,2,FULL,06-10-2025,16:14:05,06-10-2025,16:14:09,06-10-2025,16:15:16,COMPLETED,0,1
79KWH,8,2,FULL,06-10-2025,16:15:25,06-10-2025,16:15:27,06-10-2025,16:16:37,COMPLETED,0,1
79KWH,8,2,FULL,06-10-2025,16:16:45,06-10-2025,16:16:47,06-10-2025,16:17:55,COMPLETED,0,1
79KWH,8,2,FULL,06-10-2025,16:18:02,06-10-2025,16:18:03,06-10-2025,16:19:15,COMPLETED,0,1
79KWH,8,2,FULL,06-10-2025,16:19:22,06-10-2025,16:19:24,06-10-2025,16:20:36,COMPLETED,0,1
79KWH,8,2,FULL,06-10-2025,16:20:44,06-10-2025,16:20:44,06-10-2025,16:22:00,COMPLETED,0,1
79KWH,8,2,FULL,06-10-2025,16:22:07,06-10-2025,16:22:10,06-10-2025,16:23:25,COMPLETED,0,1
79KWH,8,2,FULL,06-10-2025,16:23:33,06-10-2025,16:23:34,06-10-2025,16:24:54,COMPLETED,0,1
79KWH,8,2,FULL,06-10-2025,16:25:00,06-10-2025,16:25:03,06-10-2025,16:26:22,COMPLETED,0,1
79KWH,8,2,FULL,06-10-2025,16:26:29,06-10-2025,16:26:30,06-10-2025,16:27:53,COMPLETED,0,1
79KWH,8,2,FULL,06-10-2025,16:27:59,06-10-2025,16:28:03,06-10-2025,16:29:24,COMPLETED,0,1
79KWH,8,2,FULL,06-10-2025,16:29:31,06-10-2025,16:29:33,06-10-2025,16:30:56,COMPLETED,0,1
79KWH,8,2,FULL,06-10-2025,16:31:03,06-10-2025,16:31:05,06-10-2025,16:32:27,COMPLETED,0,1
79KWH,8,2,FULL,06-10-2025,16:32:34,06-10-2025,16:32:36,06-10-2025,16:34:03,COMPLETED,0,1
79KWH,8,2,FULL,06-10-2025,16:34:09,06-10-2025,16:34:11,06-10-2025,16:35:39,COMPLETED,0,1
79KWH,8,2,FULL,06-10-2025,16:35:47,06-10-2025,16:35:47,06-10-2025,16:37:19,COMPLETED,0,1
79KWH,8,2,FULL,06-10-2025,16:37:25,06-10-2025,16:37:28,06-10-2025,16:38:58,COMPLETED,0,1
79KWH,8,2,FULL,06-10-2025,16:39:06,06-10-2025,16:39:07,06-10-2025,16:40:40,COMPLETED,0,1
79KWH,8,1,FULL,06-10-2025,16:39:28,06-10-2025,16:40:18,06-10-2025,16:42:25,COMPLETED,0,1
79KWH,8,2,FULL,06-10-2025,16:40:46,06-10-2025,16:40:49,06-10-2025,16:42:20,COMPLETED,0,1
79KWH,8,2,FULL,06-10-2025,16:42:28,06-10-2025,16:42:29,06-10-2025,16:44:04,COMPLETED,0,1
79KWH,8,1,FULL,06-10-2025,16:42:37,06-10-2025,16:44:44,06-10-2025,16:46:46,COMPLETED,0,1
79KWH,8,2,FULL,06-10-2025,16:44:09,06-10-2025,16:44:12,06-10-2025,16:45:46,COMPLETED,0,1
79KWH,8,2,FULL,06-10-2025,16:45:54,06-10-2025,16:45:56,06-10-2025,16:47:33,COMPLETED,0,1
79KWH,8,1,FULL,06-10-2025,16:46:54,06-10-2025,16:46:55,06-10-2025,16:47:45,COMPLETED,0,1
79KWH,8,2,FULL,06-10-2025,16:47:39,06-10-2025,16:47:42,06-10-2025,16:49:17,COMPLETED,0,1
79KWH,8,1,FULL,06-10-2025,16:47:58,06-10-2025,16:49:57,06-10-2025,16:52:00,COMPLETED,0,1
79KWH,8,2,FULL,06-10-2025,16:49:24,06-10-2025,16:49:26,06-10-2025,16:51:04,COMPLETED,0,1
79KWH,8,2,FULL,06-10-2025,16:51:10,06-10-2025,16:51:14,06-10-2025,16:52:52,COMPLETED,0,1
79KWH,8,1,FULL,06-10-2025,16:52:07,06-10-2025,16:52:09,06-10-2025,16:53:03,COMPLETED,0,1
79KWH,8,2,FULL,06-10-2025,16:52:59,06-10-2025,16:53:01,06-10-2025,16:54:42,COMPLETED,0,1
79KWH,8,1,FULL,06-10-2025,16:53:15,06-10-2025,16:53:16,06-10-2025,16:54:12,COMPLETED,0,1
79KWH,8,2,FULL,06-10-2025,16:54:47,06-10-2025,16:54:51,06-10-2025,16:56:29,COMPLETED,0,1
79KWH,8,2,FULL,06-10-2025,16:56:38,06-10-2025,16:56:38,06-10-2025,16:58:20,COMPLETED,0,1
79KWH,8,2,FULL,06-10-2025,16:58:26,06-10-2025,16:58:29,06-10-2025,17:00:10,COMPLETED,0,1
79KWH,8,2,FULL,06-10-2025,17:00:18,06-10-2025,17:00:19,06-10-2025,17:02:01,COMPLETED,0,1
79KWH,8,1,FULL,06-10-2025,17:00:46,06-10-2025,17:02:15,06-10-2025,17:04:17,COMPLETED,0,1
79KWH,8,2,FULL,06-10-2025,17:02:07,06-10-2025,17:02:11,06-10-2025,17:03:53,COMPLETED,0,1
79KWH,8,2,FULL,06-10-2025,17:04:02,06-10-2025,17:04:03,06-10-2025,17:05:48,COMPLETED,0,1
79KWH,8,1,FULL,06-10-2025,17:04:26,06-10-2025,17:06:33,06-10-2025,17:08:39,COMPLETED,0,1
79KWH,8,2,FULL,06-10-2025,17:05:54,06-10-2025,17:05:58,06-10-2025,17:07:42,COMPLETED,0,1
79KWH,8,2,FULL,06-10-2025,17:07:50,06-10-2025,17:07:51,06-10-2025,17:09:39,COMPLETED,0,1
79KWH,8,1,FULL,06-10-2025,17:08:45,06-10-2025,17:08:48,06-10-2025,17:09:46,COMPLETED,0,1
79KWH,8,2,FULL,06-10-2025,17:09:45,06-10-2025,17:09:48,06-10-2025,17:11:34,COMPLETED,0,1
79KWH,8,1,FULL,06-10-2025,17:09:54,06-10-2025,17:11:56,06-10-2025,17:14:03,COMPLETED,0,1
79KWH,8,2,FULL,06-10-2025,17:11:42,06-10-2025,17:11:44,06-10-2025,17:13:34,COMPLETED,0,1
79KWH,8,2,FULL,06-10-2025,17:13:39,06-10-2025,17:13:43,06-10-2025,17:15:31,COMPLETED,0,1
79KWH,8,1,FULL,06-10-2025,17:14:10,06-10-2025,17:14:11,06-10-2025,17:15:30,COMPLETED,0,1
79KWH,8,1,FULL,06-10-2025,17:15:37,06-10-2025,17:17:43,06-10-2025,17:19:50,COMPLETED,0,1
79KWH,8,2,FULL,06-10-2025,17:15:39,06-10-2025,17:15:40,06-10-2025,17:17:31,COMPLETED,0,1
79KWH,8,2,FULL,06-10-2025,17:17:38,06-10-2025,17:17:40,06-10-2025,17:19:30,COMPLETED,0,1
79KWH,8,2,FULL,06-10-2025,17:19:38,06-10-2025,17:19:39,06-10-2025,17:21:32,COMPLETED,0,1
79KWH,8,1,FULL,06-10-2025,17:19:56,06-10-2025,17:19:59,06-10-2025,17:21:00,COMPLETED,0,1
79KWH,8,1,FULL,06-10-2025,17:21:07,06-10-2025,17:21:08,06-10-2025,17:22:11,COMPLETED,0,1
79KWH,8,2,FULL,06-10-2025,17:21:38,06-10-2025,17:21:42,06-10-2025,17:23:34,COMPLETED,0,1
79KWH,8,1,FULL,06-10-2025,17:22:17,06-10-2025,17:22:21,06-10-2025,17:23:22,COMPLETED,0,1
79KWH,8,1,FULL,06-10-2025,17:23:32,06-10-2025,17:23:32,06-10-2025,17:24:37,COMPLETED,0,1
79KWH,8,3,FULL,06-10-2025,17:24:04,06-10-2025,17:26:07,06-10-2025,17:28:16,COMPLETED,0,1
79KWH,8,3,FULL,06-10-2025,17:28:21,06-10-2025,17:28:25,06-10-2025,17:29:26,COMPLETED,0,1
79KWH,8,3,FULL,06-10-2025,17:29:35,06-10-2025,17:31:46,06-10-2025,17:33:56,COMPLETED,0,1
79KWH,8,1,FULL,06-10-2025,17:29:56,06-10-2025,17:29:56,06-10-2025,17:32:03,COMPLETED,0,1
79KWH,8,2,FULL,06-10-2025,17:31:19,06-10-2025,17:31:20,06-10-2025,17:33:16,COMPLETED,0,1
79KWH,8,1,FULL,06-10-2025,17:32:43,06-10-2025,17:34:08,06-10-2025,17:36:17,COMPLETED,0,1
79KWH,8,3,FULL,06-10-2025,17:34:03,06-10-2025,17:34:05,06-10-2025,17:35:09,COMPLETED,0,1
79KWH,8,2,FULL,06-10-2025,17:34:13,06-10-2025,17:34:15,06-10-2025,17:36:09,COMPLETED,0,1
79KWH,8,3,FULL,06-10-2025,17:35:16,06-10-2025,17:37:21,06-10-2025,17:39:36,COMPLETED,0,1
79KWH,8,3,FULL,06-10-2025,17:39:42,06-10-2025,17:39:45,06-10-2025,17:40:49,COMPLETED,0,1
79KWH,8,3,FULL,06-10-2025,17:40:57,06-10-2025,17:43:08,06-10-2025,17:45:17,COMPLETED,0,1
79KWH,8,1,FULL,06-10-2025,17:43:28,06-10-2025,17:45:20,06-10-2025,17:47:27,COMPLETED,0,1
79KWH,8,2,FULL,06-10-2025,18:11:41,06-10-2025,18:11:42,06-10-2025,18:13:40,COMPLETED,0,1
79KWH,8,3,FULL,06-10-2025,18:11:45,06-10-2025,18:14:13,06-10-2025,18:16:20,COMPLETED,0,1
79KWH,8,1,FULL,06-10-2025,18:12:51,06-10-2025,18:12:51,06-10-2025,18:15:01,COMPLETED,0,1
79KWH,8,2,FULL,06-10-2025,18:13:51,06-10-2025,18:13:52,06-10-2025,18:15:49,COMPLETED,0,1
79KWH,8,1,FULL,06-10-2025,18:15:20,06-10-2025,18:15:20,06-10-2025,18:16:26,COMPLETED,0,1
79KWH,8,3,FULL,06-10-2025,18:16:28,06-10-2025,18:18:34,06-10-2025,18:20:46,COMPLETED,0,1
79KWH,8,3,FULL,06-10-2025,18:20:51,06-10-2025,18:22:58,06-10-2025,18:25:07,COMPLETED,0,1
79KWH,8,2,FULL,06-10-2025,18:53:31,06-10-2025,18:53:32,06-10-2025,18:55:31,COMPLETED,0,1
79KWH,8,1,FULL,06-10-2025,18:54:55,06-10-2025,18:54:56,06-10-2025,18:57:52,COMPLETED,0,1
79KWH,8,3,FULL,06-10-2025,18:57:49,06-10-2025,19:19:45,06-10-2025,19:21:57,COMPLETED,0,1
79KWH,8,2,FULL,06-10-2025,18:57:53,06-10-2025,18:57:54,06-10-2025,18:59:51,COMPLETED,0,1
79KWH,8,1,FULL,06-10-2025,18:59:28,06-10-2025,18:59:29,06-10-2025,19:02:08,COMPLETED,0,1
79KWH,8,2,FULL,06-10-2025,19:00:49,06-10-2025,19:00:50,06-10-2025,19:02:50,COMPLETED,0,1
79KWH,8,1,FULL,06-10-2025,19:02:15,06-10-2025,19:02:16,06-10-2025,19:04:10,COMPLETED,0,1
79KWH,8,2,FULL,06-10-2025,19:03:30,06-10-2025,19:03:31,06-10-2025,19:05:30,COMPLETED,0,1
79KWH,8,1,FULL,06-10-2025,19:05:02,06-10-2025,19:05:03,06-10-2025,19:06:11,COMPLETED,0,1
79KWH,8,2,FULL,06-10-2025,19:06:24,06-10-2025,19:06:26,06-10-2025,19:08:27,COMPLETED,0,1
79KWH,8,1,FULL,06-10-2025,19:07:47,06-10-2025,19:07:47,06-10-2025,19:08:57,COMPLETED,0,1
79KWH,8,2,FULL,06-10-2025,19:09:07,06-10-2025,19:09:08,06-10-2025,19:11:08,COMPLETED,0,1
79KWH,8,1,FULL,06-10-2025,19:10:50,06-10-2025,19:11:53,06-10-2025,19:14:02,COMPLETED,0,1
79KWH,8,2,FULL,06-10-2025,19:12:11,06-10-2025,19:12:12,06-10-2025,19:14:16,COMPLETED,0,1
79KWH,8,1,FULL,06-10-2025,19:14:10,06-10-2025,19:16:06,06-10-2025,19:18:18,COMPLETED,0,1
79KWH,8,2,FULL,06-10-2025,19:14:22,06-10-2025,19:14:26,06-10-2025,19:16:28,COMPLETED,0,1
79KWH,8,2,FULL,06-10-2025,19:16:36,06-10-2025,19:16:37,06-10-2025,19:18:42,COMPLETED,0,1
79KWH,8,1,FULL,06-10-2025,19:18:25,06-10-2025,19:18:27,06-10-2025,19:19:38,COMPLETED,0,1
79KWH,8,1,FULL,06-10-2025,19:19:46,06-10-2025,19:19:46,06-10-2025,19:20:59,COMPLETED,0,1
79KWH,8,2,FULL,06-10-2025,19:21:36,06-10-2025,19:21:37,06-10-2025,19:23:41,COMPLETED,0,1
79KWH,8,3,FULL,06-10-2025,19:22:02,06-10-2025,19:24:10,06-10-2025,19:26:19,COMPLETED,0,1
79KWH,8,1,FULL,06-10-2025,19:22:47,06-10-2025,19:22:47,06-10-2025,19:23:58,COMPLETED,0,1
79KWH,8,3,FULL,06-10-2025,19:26:26,06-10-2025,19:28:25,06-10-2025,19:30:38,COMPLETED,0,1
79KWH,8,2,FULL,06-10-2025,19:26:37,06-10-2025,19:26:38,06-10-2025,19:28:44,COMPLETED,0,1
79KWH,8,1,FULL,06-10-2025,19:28:05,06-10-2025,19:28:06,06-10-2025,19:29:19,COMPLETED,0,1
79KWH,8,2,FULL,06-10-2025,19:29:31,06-10-2025,19:29:32,06-10-2025,19:31:37,COMPLETED,0,1
79KWH,8,3,FULL,06-10-2025,19:30:44,06-10-2025,19:32:52,06-10-2025,19:35:02,COMPLETED,0,1
79KWH,8,1,FULL,06-10-2025,19:30:56,06-10-2025,19:30:56,06-10-2025,19:32:08,COMPLETED,0,1
79KWH,8,2,FULL,06-10-2025,19:32:29,06-10-2025,19:32:31,06-10-2025,19:34:39,COMPLETED,0,1
79KWH,8,1,FULL,06-10-2025,19:34:01,06-10-2025,19:34:15,06-10-2025,19:36:28,COMPLETED,0,1
79KWH,8,2,FULL,06-10-2025,19:34:46,06-10-2025,19:34:48,06-10-2025,19:36:56,COMPLETED,0,1
79KWH,8,3,FULL,06-10-2025,19:35:10,06-10-2025,19:37:07,06-10-2025,19:39:21,COMPLETED,0,1
79KWH,8,1,FULL,06-10-2025,19:36:35,06-10-2025,19:36:37,06-10-2025,19:37:50,COMPLETED,0,1
79KWH,8,3,FULL,06-10-2025,19:39:27,06-10-2025,19:39:30,06-10-2025,19:40:42,COMPLETED,0,1
79KWH,8,3,FULL,06-10-2025,19:40:50,06-10-2025,19:42:53,06-10-2025,19:45:08,COMPLETED,0,1
79KWH,8,3,FULL,06-10-2025,19:45:14,06-10-2025,19:45:18,06-10-2025,19:46:31,COMPLETED,0,1
79KWH,8,3,FULL,06-10-2025,19:46:39,06-10-2025,19:48:36,06-10-2025,19:50:52,COMPLETED,0,1
79KWH,8,3,FULL,06-10-2025,20:32:25,06-10-2025,20:32:59,06-10-2025,20:35:12,COMPLETED,0,1
79KWH,8,2,FULL,06-10-2025,20:32:29,06-10-2025,20:32:30,06-10-2025,20:34:42,COMPLETED,0,1
79KWH,8,1,FULL,06-10-2025,20:33:42,06-10-2025,20:34:52,06-10-2025,20:37:06,COMPLETED,0,1
79KWH,8,2,FULL,06-10-2025,20:34:48,06-10-2025,20:34:51,06-10-2025,20:37:01,COMPLETED,0,1
79KWH,8,3,FULL,06-10-2025,20:35:19,06-10-2025,20:37:06,06-10-2025,20:39:21,COMPLETED,0,1
79KWH,8,1,FULL,06-10-2025,20:37:13,06-10-2025,20:37:16,06-10-2025,20:38:31,COMPLETED,0,1
79KWH,8,2,FULL,06-10-2025,20:37:32,06-10-2025,20:37:32,06-10-2025,20:39:46,COMPLETED,0,1
79KWH,8,1,FULL,06-10-2025,20:38:55,06-10-2025,20:38:56,06-10-2025,20:40:14,COMPLETED,0,1
79KWH,8,3,FULL,06-10-2025,20:39:27,06-10-2025,20:39:30,06-10-2025,20:40:46,COMPLETED,0,1
79KWH,8,2,FULL,06-10-2025,20:40:16,06-10-2025,20:40:16,06-10-2025,20:42:28,COMPLETED,0,1
79KWH,8,3,FULL,06-10-2025,20:40:54,06-10-2025,20:42:50,06-10-2025,20:45:06,COMPLETED,0,1
79KWH,8,1,FULL,06-10-2025,20:41:45,06-10-2025,20:41:45,06-10-2025,20:43:01,COMPLETED,0,1
79KWH,8,2,FULL,06-10-2025,20:43:07,06-10-2025,20:43:09,06-10-2025,20:45:22,COMPLETED,0,1
79KWH,8,1,FULL,06-10-2025,20:44:31,06-10-2025,20:45:01,06-10-2025,20:47:17,COMPLETED,0,1
79KWH,8,3,FULL,06-10-2025,20:45:13,06-10-2025,20:45:15,06-10-2025,20:46:31,COMPLETED,0,1
79KWH,8,3,FULL,06-10-2025,21:02:48,06-10-2025,21:06:01,06-10-2025,21:07:21,COMPLETED,0,1
79KWH,8,2,FULL,06-10-2025,21:02:51,06-10-2025,21:02:53,06-10-2025,21:05:07,COMPLETED,0,1
79KWH,8,1,FULL,06-10-2025,21:11:29,06-10-2025,21:11:31,06-10-2025,21:13:45,COMPLETED,0,1
79KWH,8,3,FULL,06-10-2025,21:12:35,06-10-2025,21:13:18,06-10-2025,21:15:32,COMPLETED,0,1
79KWH,8,2,FULL,06-10-2025,21:15:32,06-10-2025,21:15:32,06-10-2025,21:17:48,COMPLETED,0,1
79KWH,8,1,FULL,06-10-2025,21:16:55,06-10-2025,21:16:55,06-10-2025,21:18:16,COMPLETED,0,1
79KWH,8,3,FULL,06-10-2025,21:18:08,06-10-2025,21:20:41,06-10-2025,21:22:59,COMPLETED,0,1
79KWH,8,2,FULL,06-10-2025,21:18:14,06-10-2025,21:18:14,06-10-2025,21:20:29,COMPLETED,0,1
79KWH,8,1,FULL,06-10-2025,21:20:34,06-10-2025,21:20:35,06-10-2025,21:21:53,COMPLETED,0,1
79KWH,8,2,FULL,06-10-2025,21:21:55,06-10-2025,21:21:56,06-10-2025,21:24:13,COMPLETED,0,1
79KWH,8,3,FULL,06-10-2025,21:23:05,06-10-2025,21:24:57,06-10-2025,21:27:13,COMPLETED,0,1
79KWH,8,1,FULL,06-10-2025,21:23:20,06-10-2025,21:25:02,06-10-2025,21:27:19,COMPLETED,0,1
79KWH,8,2,FULL,06-10-2025,21:24:39,06-10-2025,21:24:42,06-10-2025,21:26:57,COMPLETED,0,1
79KWH,8,3,FULL,06-10-2025,21:27:21,06-10-2025,21:29:13,06-10-2025,21:31:31,COMPLETED,0,1
79KWH,8,1,FULL,06-10-2025,21:27:24,06-10-2025,21:27:27,06-10-2025,21:28:46,COMPLETED,0,1
79KWH,8,2,FULL,06-10-2025,21:27:30,06-10-2025,21:27:32,06-10-2025,21:29:51,COMPLETED,0,1
79KWH,8,1,FULL,06-10-2025,21:28:54,06-10-2025,21:30:44,06-10-2025,21:33:02,COMPLETED,0,1
79KWH,8,2,FULL,06-10-2025,21:30:13,06-10-2025,21:30:13,06-10-2025,21:32:32,COMPLETED,0,1
79KWH,8,3,FULL,06-10-2025,21:31:38,06-10-2025,21:31:40,06-10-2025,21:33:02,COMPLETED,0,1
79KWH,8,2,FULL,06-10-2025,21:33:06,06-10-2025,21:33:06,06-10-2025,21:35:29,COMPLETED,0,1
79KWH,8,1,FULL,06-10-2025,21:33:08,06-10-2025,21:33:11,06-10-2025,21:34:33,COMPLETED,0,1
79KWH,8,3,FULL,06-10-2025,21:33:09,06-10-2025,21:43:52,06-10-2025,21:46:10,COMPLETED,0,1
79KWH,8,1,FULL,06-10-2025,21:34:42,06-10-2025,21:34:43,06-10-2025,21:36:08,COMPLETED,0,1
79KWH,8,2,FULL,06-10-2025,21:35:51,06-10-2025,21:35:52,06-10-2025,21:38:11,COMPLETED,0,1
79KWH,8,1,FULL,06-10-2025,21:37:20,06-10-2025,21:37:22,06-10-2025,21:38:45,COMPLETED,0,1
79KWH,8,2,FULL,06-10-2025,21:38:41,06-10-2025,21:38:43,06-10-2025,21:41:05,COMPLETED,0,1
79KWH,8,1,FULL,06-10-2025,21:40:05,06-10-2025,21:40:06,06-10-2025,21:41:32,COMPLETED,0,1
79KWH,8,2,FULL,06-10-2025,21:41:24,06-10-2025,21:41:24,06-10-2025,21:43:45,COMPLETED,0,1
79KWH,8,1,FULL,06-10-2025,21:42:55,06-10-2025,21:42:56,06-10-2025,21:44:19,COMPLETED,0,1
79KWH,8,2,FULL,06-10-2025,21:44:18,06-10-2025,21:44:19,06-10-2025,21:46:43,COMPLETED,0,1
79KWH,8,1,FULL,06-10-2025,21:45:41,06-10-2025,21:45:42,06-10-2025,21:47:08,COMPLETED,0,1
79KWH,8,3,FULL,06-10-2025,21:46:16,06-10-2025,23:30:36,06-10-2025,23:31:57,COMPLETED,0,1
79KWH,8,2,FULL,06-10-2025,21:46:49,06-10-2025,21:46:52,06-10-2025,21:49:15,COMPLETED,0,1
79KWH,8,1,FULL,06-10-2025,21:47:30,06-10-2025,21:49:10,06-10-2025,21:51:28,COMPLETED,0,1
79KWH,8,2,FULL,06-10-2025,21:49:23,06-10-2025,21:49:25,06-10-2025,21:51:53,COMPLETED,0,1
79KWH,8,1,FULL,06-10-2025,21:51:36,06-10-2025,21:53:24,06-10-2025,21:55:44,COMPLETED,0,1
79KWH,8,2,FULL,06-10-2025,21:51:59,06-10-2025,21:52:02,06-10-2025,21:54:28,COMPLETED,0,1
79KWH,8,2,FULL,06-10-2025,21:54:36,06-10-2025,21:54:37,06-10-2025,21:57:05,COMPLETED,0,1
79KWH,8,1,FULL,06-10-2025,21:55:51,06-10-2025,21:55:53,06-10-2025,21:57:19,COMPLETED,0,1
79KWH,8,2,FULL,06-10-2025,21:57:12,06-10-2025,21:57:15,06-10-2025,21:59:43,COMPLETED,0,1
79KWH,8,1,FULL,06-10-2025,21:57:27,06-10-2025,21:57:28,06-10-2025,21:58:58,COMPLETED,0,1
79KWH,8,3,FULL,06-10-2025,23:32:05,06-10-2025,23:33:53,06-10-2025,23:36:13,COMPLETED,0,1
79KWH,8,3,FULL,06-10-2025,23:36:18,06-10-2025,23:36:22,06-10-2025,23:37:45,COMPLETED,0,1
79KWH,8,3,FULL,06-10-2025,23:37:53,06-10-2025,23:38:06,06-10-2025,23:39:33,COMPLETED,0,1
79KWH,8,3,FULL,06-10-2025,23:39:39,06-10-2025,23:39:42,06-10-2025,23:41:06,COMPLETED,0,1
79KWH,8,3,FULL,06-10-2025,23:41:14,06-10-2025,23:43:06,06-10-2025,23:45:27,COMPLETED,0,1
79KWH,8,2,FULL,08-10-2025,10:29:11,08-10-2025,10:42:47,08-10-2025,10:44:54,COMPLETED,0,1
79KWH,8,2,FULL,08-10-2025,10:44:59,08-10-2025,10:45:03,08-10-2025,10:47:31,COMPLETED,0,1
79KWH,8,2,FULL,08-10-2025,10:47:39,08-10-2025,10:47:40,08-10-2025,10:50:11,COMPLETED,0,1
79KWH,8,2,FULL,08-10-2025,10:50:17,08-10-2025,10:50:21,08-10-2025,10:52:51,COMPLETED,0,1
79KWH,8,2,FULL,08-10-2025,10:52:59,08-10-2025,10:53:00,08-10-2025,10:55:33,COMPLETED,0,1
79KWH,8,2,FULL,08-10-2025,10:55:39,08-10-2025,10:55:42,08-10-2025,10:58:14,COMPLETED,0,1
79KWH,8,2,FULL,08-10-2025,10:58:22,08-10-2025,10:58:23,08-10-2025,11:00:58,COMPLETED,0,1
79KWH,8,2,FULL,08-10-2025,11:01:04,08-10-2025,11:01:07,08-10-2025,11:03:41,COMPLETED,0,1
79KWH,8,2,FULL,08-10-2025,11:03:49,08-10-2025,11:03:49,08-10-2025,11:06:26,COMPLETED,0,1
79KWH,8,2,FULL,08-10-2025,11:06:32,08-10-2025,11:06:34,08-10-2025,11:09:08,COMPLETED,0,1
79KWH,8,2,FULL,08-10-2025,11:09:16,08-10-2025,11:09:17,08-10-2025,11:11:55,COMPLETED,0,1
79KWH,8,2,FULL,08-10-2025,11:12:02,08-10-2025,11:12:06,08-10-2025,11:14:42,COMPLETED,0,1
79KWH,8,2,FULL,08-10-2025,11:14:52,08-10-2025,11:14:52,08-10-2025,11:17:31,COMPLETED,0,1
79KWH,8,2,FULL,08-10-2025,11:17:36,08-10-2025,11:17:40,08-10-2025,11:20:18,COMPLETED,0,1
79KWH,8,2,FULL,08-10-2025,11:20:28,08-10-2025,11:25:43,08-10-2025,11:28:38,COMPLETED,0,1
79KWH,8,2,FULL,08-10-2025,11:28:45,08-10-2025,11:28:47,08-10-2025,11:31:25,COMPLETED,0,1
79KWH,8,2,FULL,08-10-2025,11:31:34,08-10-2025,11:33:08,08-10-2025,11:36:11,COMPLETED,0,1
79KWH,8,2,FULL,08-10-2025,11:36:18,08-10-2025,11:37:23,08-10-2025,11:40:18,COMPLETED,0,1
79KWH,8,2,FULL,08-10-2025,11:40:25,08-10-2025,11:40:26,08-10-2025,11:43:10,COMPLETED,0,1
79KWH,8,2,FULL,08-10-2025,11:43:16,08-10-2025,11:43:19,08-10-2025,11:46:00,COMPLETED,0,1
79KWH,8,2,FULL,08-10-2025,11:46:07,08-10-2025,11:46:09,08-10-2025,11:48:53,COMPLETED,0,1
79KWH,8,2,FULL,08-10-2025,11:48:59,08-10-2025,11:49:01,08-10-2025,11:51:45,COMPLETED,0,1
79KWH,8,2,FULL,08-10-2025,11:51:53,08-10-2025,11:51:53,08-10-2025,11:54:39,COMPLETED,0,1
79KWH,8,2,FULL,08-10-2025,11:54:46,08-10-2025,11:54:47,08-10-2025,11:57:32,COMPLETED,0,1
79KWH,8,2,FULL,08-10-2025,11:57:40,08-10-2025,11:57:41,08-10-2025,12:00:28,COMPLETED,0,1
79KWH,8,2,FULL,08-10-2025,12:00:34,08-10-2025,12:00:38,08-10-2025,12:03:24,COMPLETED,0,1
79KWH,8,2,FULL,08-10-2025,12:03:32,08-10-2025,12:03:32,08-10-2025,12:06:20,COMPLETED,0,1
79KWH,8,2,FULL,08-10-2025,12:06:26,08-10-2025,12:06:29,08-10-2025,12:09:16,COMPLETED,0,1
79KWH,8,2,FULL,08-10-2025,12:09:25,08-10-2025,12:09:26,08-10-2025,12:12:16,COMPLETED,0,1
79KWH,8,2,FULL,08-10-2025,12:12:22,08-10-2025,12:12:25,08-10-2025,12:15:12,COMPLETED,0,1
79KWH,8,2,FULL,08-10-2025,12:15:21,08-10-2025,12:15:22,08-10-2025,12:18:13,COMPLETED,0,1
79KWH,8,2,FULL,08-10-2025,12:18:19,08-10-2025,12:18:23,08-10-2025,12:21:12,COMPLETED,0,1
79KWH,8,2,FULL,08-10-2025,12:23:55,08-10-2025,12:23:56,08-10-2025,12:26:49,COMPLETED,0,1
79KWH,8,2,FULL,08-10-2025,12:26:55,08-10-2025,12:26:59,08-10-2025,12:29:50,COMPLETED,0,1
79KWH,8,2,FULL,08-10-2025,12:29:58,08-10-2025,12:29:59,08-10-2025,12:34:04,COMPLETED,0,1
79KWH,8,2,FULL,08-10-2025,12:34:11,08-10-2025,12:42:53,08-10-2025,12:44:34,COMPLETED,0,1
79KWH,8,2,FULL,08-10-2025,12:44:46,08-10-2025,12:44:47,08-10-2025,12:47:42,COMPLETED,0,1
79KWH,8,2,FULL,08-10-2025,12:47:48,08-10-2025,12:47:50,08-10-2025,12:50:44,COMPLETED,0,1
79KWH,8,2,FULL,08-10-2025,12:50:51,08-10-2025,12:50:53,08-10-2025,12:53:49,COMPLETED,0,1
79KWH,8,2,FULL,08-10-2025,12:53:55,08-10-2025,12:53:59,08-10-2025,12:56:53,COMPLETED,0,1
79KWH,8,2,FULL,08-10-2025,12:57:01,08-10-2025,12:57:01,08-10-2025,13:00:01,COMPLETED,0,1
79KWH,8,2,FULL,08-10-2025,13:00:07,08-10-2025,13:00:12,08-10-2025,13:03:10,COMPLETED,0,1
79KWH,8,2,FULL,08-10-2025,13:03:18,08-10-2025,13:03:19,08-10-2025,13:06:20,COMPLETED,0,1
79KWH,8,2,FULL,08-10-2025,13:06:26,08-10-2025,13:06:29,08-10-2025,13:09:28,COMPLETED,0,1
79KWH,8,2,FULL,08-10-2025,13:09:36,08-10-2025,13:09:37,08-10-2025,13:12:40,COMPLETED,0,1
79KWH,8,2,FULL,08-10-2025,13:12:46,08-10-2025,13:12:48,08-10-2025,13:15:49,COMPLETED,0,1
79KWH,8,2,FULL,08-10-2025,13:15:58,08-10-2025,13:15:59,08-10-2025,13:19:02,COMPLETED,0,1
79KWH,8,2,FULL,08-10-2025,13:19:08,08-10-2025,13:19:11,08-10-2025,13:22:13,COMPLETED,0,1
79KWH,8,2,FULL,08-10-2025,13:22:21,08-10-2025,13:22:23,08-10-2025,13:25:27,COMPLETED,0,1
79KWH,8,2,FULL,08-10-2025,13:25:32,08-10-2025,13:25:36,08-10-2025,13:28:39,COMPLETED,0,1
79KWH,8,2,FULL,08-10-2025,13:28:48,08-10-2025,13:28:49,08-10-2025,13:31:56,COMPLETED,0,1
79KWH,8,2,FULL,08-10-2025,13:32:02,08-10-2025,13:32:05,08-10-2025,13:35:11,COMPLETED,0,1
79KWH,8,2,FULL,08-10-2025,13:35:20,08-10-2025,13:35:21,08-10-2025,13:38:30,COMPLETED,0,1
79KWH,8,2,FULL,08-10-2025,13:38:36,08-10-2025,13:38:40,08-10-2025,13:41:48,COMPLETED,0,1
79KWH,8,2,FULL,08-10-2025,13:41:56,08-10-2025,13:41:56,08-10-2025,13:45:06,COMPLETED,0,1
79KWH,8,2,FULL,08-10-2025,13:45:14,08-10-2025,13:45:15,08-10-2025,13:48:24,COMPLETED,0,1
79KWH,8,2,FULL,08-10-2025,13:48:32,08-10-2025,13:48:33,08-10-2025,13:50:38,COMPLETED,0,1
79KWH,8,2,FULL,08-10-2025,13:50:45,08-10-2025,13:50:47,08-10-2025,13:51:42,COMPLETED,0,1
79KWH,8,2,FULL,08-10-2025,13:51:53,08-10-2025,13:51:54,08-10-2025,13:52:54,COMPLETED,0,1
79KWH,8,2,FULL,08-10-2025,13:53:00,08-10-2025,13:53:03,08-10-2025,13:54:00,COMPLETED,0,1
79KWH,8,2,FULL,08-10-2025,13:54:09,08-10-2025,13:54:10,08-10-2025,13:55:11,COMPLETED,0,1
79KWH,8,2,FULL,08-10-2025,13:55:18,08-10-2025,13:55:20,08-10-2025,13:56:19,COMPLETED,0,1
79KWH,8,2,FULL,08-10-2025,13:56:27,08-10-2025,13:56:29,08-10-2025,13:57:29,COMPLETED,0,1
79KWH,8,2,FULL,08-10-2025,13:57:35,08-10-2025,13:57:39,08-10-2025,13:58:38,COMPLETED,0,1
79KWH,8,2,FULL,08-10-2025,13:58:47,08-10-2025,13:58:47,08-10-2025,13:59:50,COMPLETED,0,1
79KWH,8,2,FULL,08-10-2025,13:59:56,08-10-2025,14:00:00,08-10-2025,14:01:02,COMPLETED,0,1
79KWH,8,2,FULL,08-10-2025,14:01:15,08-10-2025,14:01:16,08-10-2025,14:02:21,COMPLETED,0,1
79KWH,8,2,FULL,08-10-2025,14:02:28,08-10-2025,14:02:31,08-10-2025,14:03:35,COMPLETED,0,1
79KWH,8,2,FULL,08-10-2025,14:03:43,08-10-2025,14:03:44,08-10-2025,14:04:50,COMPLETED,0,1
79KWH,8,2,FULL,08-10-2025,14:04:56,08-10-2025,14:04:59,08-10-2025,14:06:04,COMPLETED,0,1
79KWH,8,2,FULL,08-10-2025,14:06:12,08-10-2025,14:06:12,08-10-2025,14:07:21,COMPLETED,0,1
79KWH,8,2,FULL,08-10-2025,14:07:28,08-10-2025,14:07:31,08-10-2025,14:08:38,COMPLETED,0,1
79KWH,8,2,FULL,08-10-2025,14:08:46,08-10-2025,14:08:48,08-10-2025,14:09:58,COMPLETED,0,1
79KWH,8,2,FULL,08-10-2025,14:10:04,08-10-2025,14:10:07,08-10-2025,14:11:15,COMPLETED,0,1
79KWH,8,2,FULL,08-10-2025,14:11:24,08-10-2025,14:11:25,08-10-2025,14:12:36,COMPLETED,0,1
79KWH,8,2,FULL,08-10-2025,14:12:43,08-10-2025,14:12:46,08-10-2025,14:13:56,COMPLETED,0,1
79KWH,8,2,FULL,08-10-2025,14:14:04,08-10-2025,14:14:05,08-10-2025,14:15:19,COMPLETED,0,1
79KWH,8,2,FULL,08-10-2025,14:15:25,08-10-2025,14:15:29,08-10-2025,14:16:40,COMPLETED,0,1
79KWH,8,2,FULL,08-10-2025,14:16:49,08-10-2025,14:18:47,08-10-2025,14:21:01,COMPLETED,0,1
79KWH,8,2,FULL,08-10-2025,14:21:06,08-10-2025,14:21:10,08-10-2025,14:22:23,COMPLETED,0,1
79KWH,8,2,FULL,08-10-2025,14:36:51,08-10-2025,14:38:37,08-10-2025,14:41:33,COMPLETED,0,1
79KWH,8,2,FULL,08-10-2025,14:41:39,08-10-2025,14:41:43,08-10-2025,14:44:22,COMPLETED,0,1
79KWH,8,2,FULL,08-10-2025,14:44:30,08-10-2025,14:46:46,08-10-2025,14:49:00,COMPLETED,0,1
79KWH,8,2,FULL,08-10-2025,14:49:06,08-10-2025,14:49:09,08-10-2025,14:50:24,COMPLETED,0,1
79KWH,8,2,FULL,08-10-2025,14:50:33,08-10-2025,14:52:31,08-10-2025,14:54:47,COMPLETED,0,1
79KWH,8,2,FULL,08-10-2025,15:06:32,08-10-2025,15:07:51,08-10-2025,15:10:05,COMPLETED,0,1
79KWH,8,2,FULL,08-10-2025,15:10:14,08-10-2025,15:12:10,08-10-2025,15:14:27,COMPLETED,0,1
79KWH,8,2,FULL,08-10-2025,15:14:33,08-10-2025,15:14:35,08-10-2025,15:15:53,COMPLETED,0,1
79KWH,8,2,FULL,08-10-2025,15:16:01,08-10-2025,15:17:53,08-10-2025,15:20:09,COMPLETED,0,1
79KWH,8,2,FULL,08-10-2025,15:20:15,08-10-2025,15:22:14,08-10-2025,15:24:29,COMPLETED,0,1
79KWH,8,2,FULL,08-10-2025,15:24:38,08-10-2025,15:26:28,08-10-2025,15:28:50,COMPLETED,0,1
79KWH,8,2,FULL,08-10-2025,15:28:57,08-10-2025,15:30:51,08-10-2025,15:33:11,COMPLETED,0,1
79KWH,8,2,FULL,08-10-2025,15:33:19,08-10-2025,15:35:05,08-10-2025,15:37:27,COMPLETED,0,1
79KWH,8,2,FULL,08-10-2025,15:37:33,08-10-2025,15:37:37,08-10-2025,15:39:07,COMPLETED,0,1
79KWH,8,2,FULL,08-10-2025,15:39:15,08-10-2025,15:41:05,08-10-2025,15:43:29,COMPLETED,0,1
79KWH,8,2,FULL,08-10-2025,15:43:36,08-10-2025,15:43:38,08-10-2025,15:45:10,COMPLETED,0,1
79KWH,8,2,FULL,08-10-2025,15:45:18,08-10-2025,15:47:04,08-10-2025,15:49:28,COMPLETED,0,1
79KWH,8,2,FULL,08-10-2025,15:49:34,08-10-2025,15:49:36,08-10-2025,15:51:09,COMPLETED,0,1
79KWH,8,2,FULL,08-10-2025,15:51:17,08-10-2025,15:53:05,08-10-2025,15:55:29,COMPLETED,0,1
79KWH,8,2,FULL,08-10-2025,15:55:35,08-10-2025,15:55:39,08-10-2025,15:57:12,COMPLETED,0,1
79KWH,8,2,FULL,08-10-2025,15:57:21,08-10-2025,15:59:05,08-10-2025,16:01:30,COMPLETED,0,1
79KWH,8,2,FULL,08-10-2025,16:01:36,08-10-2025,16:01:38,08-10-2025,16:03:13,COMPLETED,0,1
79KWH,8,2,FULL,08-10-2025,16:03:22,08-10-2025,16:05:11,08-10-2025,16:07:38,COMPLETED,0,1
79KWH,8,2,FULL,08-10-2025,16:07:44,08-10-2025,16:07:47,08-10-2025,16:09:25,COMPLETED,0,1
79KWH,8,2,FULL,08-10-2025,16:09:34,08-10-2025,16:11:15,08-10-2025,16:13:42,COMPLETED,0,1
79KWH,8,2,FULL,08-10-2025,16:13:48,08-10-2025,16:15:38,08-10-2025,16:18:03,COMPLETED,0,1
79KWH,8,2,FULL,08-10-2025,16:18:11,08-10-2025,16:18:12,08-10-2025,16:19:54,COMPLETED,0,1
79KWH,8,1,FULL,08-10-2025,16:19:32,08-10-2025,16:19:32,08-10-2025,16:21:54,COMPLETED,0,1
79KWH,8,2,FULL,08-10-2025,16:20:00,08-10-2025,16:20:02,08-10-2025,16:21:42,COMPLETED,0,1
79KWH,8,2,FULL,08-10-2025,16:21:50,08-10-2025,16:21:51,08-10-2025,16:23:34,COMPLETED,0,1
79KWH,8,1,FULL,08-10-2025,16:22:00,08-10-2025,16:22:03,08-10-2025,16:23:32,COMPLETED,0,1
79KWH,8,1,FULL,08-10-2025,16:23:40,08-10-2025,16:25:29,08-10-2025,16:27:52,COMPLETED,0,1
79KWH,8,2,FULL,08-10-2025,16:23:40,08-10-2025,16:23:43,08-10-2025,16:25:24,COMPLETED,0,1
79KWH,8,2,FULL,08-10-2025,16:25:32,08-10-2025,16:25:32,08-10-2025,16:27:15,COMPLETED,0,1
79KWH,8,2,FULL,08-10-2025,16:27:22,08-10-2025,16:27:25,08-10-2025,16:29:08,COMPLETED,0,1
79KWH,8,1,FULL,08-10-2025,16:27:58,08-10-2025,16:28:01,08-10-2025,16:29:37,COMPLETED,0,1
79KWH,8,2,FULL,08-10-2025,16:29:16,08-10-2025,16:29:16,08-10-2025,16:31:01,COMPLETED,0,1
79KWH,8,1,FULL,08-10-2025,16:29:45,08-10-2025,16:29:46,08-10-2025,16:31:23,COMPLETED,0,1
79KWH,8,2,FULL,08-10-2025,16:31:08,08-10-2025,16:31:11,08-10-2025,16:32:54,COMPLETED,0,1
79KWH,8,1,FULL,08-10-2025,16:31:29,08-10-2025,16:31:31,08-10-2025,16:33:03,COMPLETED,0,1
79KWH,8,2,FULL,08-10-2025,16:33:01,08-10-2025,16:33:02,08-10-2025,16:34:48,COMPLETED,0,1
79KWH,8,1,FULL,08-10-2025,16:33:11,08-10-2025,16:33:11,08-10-2025,16:34:48,COMPLETED,0,1
79KWH,8,2,FULL,08-10-2025,16:34:54,08-10-2025,16:34:57,08-10-2025,16:36:45,COMPLETED,0,1
79KWH,8,1,FULL,08-10-2025,16:34:54,08-10-2025,16:34:57,08-10-2025,16:36:32,COMPLETED,0,1
79KWH,8,1,FULL,08-10-2025,16:36:39,08-10-2025,16:36:45,08-10-2025,16:38:24,COMPLETED,0,1
79KWH,8,2,FULL,08-10-2025,16:36:53,08-10-2025,16:36:54,08-10-2025,16:38:43,COMPLETED,0,1
79KWH,8,1,FULL,08-10-2025,16:38:30,08-10-2025,16:38:33,08-10-2025,16:40:11,COMPLETED,0,1
79KWH,8,2,FULL,08-10-2025,16:38:51,08-10-2025,16:38:53,08-10-2025,16:40:39,COMPLETED,0,1
79KWH,8,1,FULL,08-10-2025,16:40:19,08-10-2025,16:40:20,08-10-2025,16:42:01,COMPLETED,0,1
79KWH,8,2,FULL,08-10-2025,16:40:51,08-10-2025,16:40:52,08-10-2025,16:42:45,COMPLETED,0,1
79KWH,8,1,FULL,08-10-2025,16:42:07,08-10-2025,16:42:09,08-10-2025,16:43:49,COMPLETED,0,1
79KWH,8,2,FULL,08-10-2025,16:42:51,08-10-2025,16:42:51,08-10-2025,16:44:39,COMPLETED,0,1
79KWH,8,1,FULL,08-10-2025,16:43:57,08-10-2025,16:45:37,08-10-2025,16:48:04,COMPLETED,0,1
79KWH,8,1,FULL,08-10-2025,16:48:11,08-10-2025,16:48:13,08-10-2025,16:49:55,COMPLETED,0,1
79KWH,8,1,FULL,08-10-2025,16:50:03,08-10-2025,16:51:46,08-10-2025,16:54:15,COMPLETED,0,1
79KWH,8,1,FULL,08-10-2025,16:54:21,08-10-2025,16:54:23,08-10-2025,16:56:08,COMPLETED,0,1
79KWH,8,1,FULL,08-10-2025,16:56:16,08-10-2025,16:57:54,08-10-2025,17:00:25,COMPLETED,0,1
79KWH,8,1,FULL,08-10-2025,17:21:01,08-10-2025,17:21:02,08-10-2025,17:23:31,COMPLETED,0,1
79KWH,8,1,FULL,08-10-2025,17:23:39,08-10-2025,17:25:14,08-10-2025,17:27:47,COMPLETED,0,1
79KWH,8,1,FULL,08-10-2025,17:27:53,08-10-2025,17:27:55,08-10-2025,17:29:46,COMPLETED,0,1
79KWH,8,1,FULL,08-10-2025,17:29:56,08-10-2025,17:31:33,08-10-2025,17:34:09,COMPLETED,0,1
79KWH,8,1,FULL,08-10-2025,17:34:15,08-10-2025,17:35:51,08-10-2025,17:38:24,COMPLETED,0,1
79KWH,8,1,FULL,08-10-2025,17:38:32,08-10-2025,17:40:09,08-10-2025,17:42:45,COMPLETED,0,1
79KWH,8,1,FULL,08-10-2025,17:42:51,08-10-2025,17:42:53,08-10-2025,17:44:52,COMPLETED,0,1
79KWH,8,1,FULL,08-10-2025,17:44:59,08-10-2025,17:46:31,08-10-2025,17:49:07,COMPLETED,0,1
79KWH,8,1,FULL,08-10-2025,17:49:13,08-10-2025,17:49:16,08-10-2025,17:51:16,COMPLETED,0,1
79KWH,8,1,FULL,08-10-2025,17:51:24,08-10-2025,17:51:25,08-10-2025,17:53:28,COMPLETED,0,1
79KWH,8,1,FULL,08-10-2025,17:53:33,08-10-2025,17:55:11,08-10-2025,17:57:46,COMPLETED,0,1
79KWH,8,1,FULL,08-10-2025,17:57:54,08-10-2025,17:59:23,08-10-2025,18:02:02,COMPLETED,0,1
79KWH,8,1,FULL,08-10-2025,18:02:08,08-10-2025,18:02:11,08-10-2025,18:04:14,COMPLETED,0,1
79KWH,8,1,FULL,08-10-2025,18:04:22,08-10-2025,18:05:56,08-10-2025,18:08:35,COMPLETED,0,1
79KWH,8,1,FULL,08-10-2025,18:08:41,08-10-2025,18:24:51,08-10-2025,18:27:44,COMPLETED,0,1
79KWH,8,1,FULL,08-10-2025,18:27:53,08-10-2025,18:29:24,08-10-2025,18:32:04,COMPLETED,0,1
79KWH,8,1,FULL,08-10-2025,18:32:11,08-10-2025,18:44:04,08-10-2025,18:46:43,COMPLETED,0,1
79KWH,8,1,FULL,08-10-2025,18:46:51,08-10-2025,19:04:49,08-10-2025,19:07:32,COMPLETED,0,1
79KWH,8,1,FULL,08-10-2025,19:07:38,08-10-2025,19:07:40,08-10-2025,19:09:50,COMPLETED,0,1
79KWH,8,1,FULL,08-10-2025,19:09:58,09-10-2025,08:55:52,09-10-2025,08:58:35,COMPLETED,0,1
79KWH,8,2,FULL,09-10-2025,08:51:49,09-10-2025,08:51:50,09-10-2025,08:54:21,COMPLETED,0,1
79KWH,8,2,FULL,09-10-2025,08:54:27,09-10-2025,08:54:29,09-10-2025,08:56:17,COMPLETED,0,1
79KWH,8,2,FULL,09-10-2025,08:56:36,09-10-2025,08:56:37,09-10-2025,08:58:28,COMPLETED,0,1
79KWH,8,2,FULL,09-10-2025,08:58:35,09-10-2025,08:58:38,09-10-2025,09:00:26,COMPLETED,0,1
79KWH,8,1,FULL,09-10-2025,08:58:43,09-10-2025,08:58:45,09-10-2025,09:01:07,COMPLETED,0,1
79KWH,8,2,FULL,09-10-2025,09:00:44,09-10-2025,09:00:45,09-10-2025,09:02:36,COMPLETED,0,1
79KWH,8,1,FULL,09-10-2025,09:01:13,09-10-2025,09:01:16,09-10-2025,09:03:31,COMPLETED,0,1
79KWH,8,2,FULL,09-10-2025,09:02:42,09-10-2025,09:02:47,09-10-2025,09:04:38,COMPLETED,0,1
79KWH,8,1,FULL,09-10-2025,09:03:38,09-10-2025,09:03:38,09-10-2025,09:05:57,COMPLETED,0,1
79KWH,8,2,FULL,09-10-2025,09:04:55,09-10-2025,09:04:55,09-10-2025,09:06:49,COMPLETED,0,1
79KWH,8,1,FULL,09-10-2025,09:06:02,09-10-2025,09:06:06,09-10-2025,09:08:23,COMPLETED,0,1
79KWH,8,2,FULL,09-10-2025,09:06:55,09-10-2025,09:07:00,09-10-2025,09:08:52,COMPLETED,0,1
79KWH,8,1,FULL,09-10-2025,09:08:31,09-10-2025,09:08:32,09-10-2025,09:10:52,COMPLETED,0,1
79KWH,8,2,FULL,09-10-2025,09:09:11,09-10-2025,09:09:11,09-10-2025,09:11:06,COMPLETED,0,1
79KWH,8,1,FULL,09-10-2025,09:10:58,09-10-2025,09:11:02,09-10-2025,09:13:19,COMPLETED,0,1
79KWH,8,2,FULL,09-10-2025,09:11:12,09-10-2025,09:11:16,09-10-2025,09:13:09,COMPLETED,0,1
79KWH,8,2,FULL,09-10-2025,09:13:27,09-10-2025,09:13:27,09-10-2025,09:15:24,COMPLETED,0,1
79KWH,8,1,FULL,09-10-2025,09:13:27,09-10-2025,09:13:28,09-10-2025,09:15:49,COMPLETED,0,1
79KWH,8,2,FULL,09-10-2025,09:15:30,09-10-2025,09:15:33,09-10-2025,09:17:27,COMPLETED,0,1
79KWH,8,1,FULL,09-10-2025,09:15:56,09-10-2025,09:15:58,09-10-2025,09:18:18,COMPLETED,0,1
79KWH,8,1,FULL,09-10-2025,09:18:26,09-10-2025,09:18:27,09-10-2025,09:20:49,COMPLETED,0,1
79KWH,8,1,FULL,09-10-2025,09:22:03,09-10-2025,09:22:22,09-10-2025,09:25:07,COMPLETED,0,1
79KWH,8,1,FULL,09-10-2025,09:46:38,09-10-2025,09:46:40,09-10-2025,09:49:28,COMPLETED,0,1
79KWH,8,2,FULL,09-10-2025,09:47:25,09-10-2025,09:47:26,09-10-2025,09:49:24,COMPLETED,0,1
79KWH,8,2,FULL,09-10-2025,09:49:29,09-10-2025,09:49:33,09-10-2025,09:51:29,COMPLETED,0,1
79KWH,8,1,FULL,09-10-2025,09:49:34,09-10-2025,09:49:37,09-10-2025,09:51:58,COMPLETED,0,1
79KWH,8,2,FULL,09-10-2025,09:51:47,09-10-2025,09:51:47,09-10-2025,09:53:46,COMPLETED,0,1
79KWH,8,1,FULL,09-10-2025,09:52:06,09-10-2025,09:53:25,09-10-2025,09:56:14,COMPLETED,0,1
79KWH,8,2,FULL,09-10-2025,09:53:52,09-10-2025,09:53:56,09-10-2025,09:55:54,COMPLETED,0,1
79KWH,8,2,FULL,09-10-2025,09:56:13,09-10-2025,09:56:14,09-10-2025,09:58:15,COMPLETED,0,1
79KWH,8,1,FULL,09-10-2025,09:56:20,09-10-2025,09:56:22,09-10-2025,09:58:51,COMPLETED,0,1
79KWH,8,2,FULL,09-10-2025,09:58:21,09-10-2025,09:58:25,09-10-2025,10:00:25,COMPLETED,0,1
79KWH,8,1,FULL,09-10-2025,09:59:01,09-10-2025,10:00:23,09-10-2025,10:03:13,COMPLETED,0,1
79KWH,8,2,FULL,09-10-2025,10:00:44,09-10-2025,10:00:45,09-10-2025,10:02:49,COMPLETED,0,1
79KWH,8,2,FULL,09-10-2025,10:02:55,09-10-2025,10:02:59,09-10-2025,10:05:00,COMPLETED,0,1
79KWH,8,1,FULL,09-10-2025,10:03:18,09-10-2025,10:04:39,09-10-2025,10:07:26,COMPLETED,0,1
79KWH,8,2,FULL,09-10-2025,10:05:21,09-10-2025,10:05:22,09-10-2025,10:07:26,COMPLETED,0,1
79KWH,8,2,FULL,09-10-2025,10:07:33,09-10-2025,10:07:35,09-10-2025,10:09:37,COMPLETED,0,1
79KWH,8,1,FULL,09-10-2025,10:07:34,09-10-2025,10:08:55,09-10-2025,10:11:45,COMPLETED,0,1
79KWH,8,2,FULL,09-10-2025,10:09:54,09-10-2025,10:09:56,09-10-2025,10:12:01,COMPLETED,0,1
79KWH,8,1,FULL,09-10-2025,10:11:51,09-10-2025,10:11:53,09-10-2025,10:14:20,COMPLETED,0,1
79KWH,8,2,FULL,09-10-2025,10:12:07,09-10-2025,10:12:09,09-10-2025,10:14:13,COMPLETED,0,1
79KWH,8,2,FULL,09-10-2025,10:14:32,09-10-2025,10:14:34,09-10-2025,10:16:41,COMPLETED,0,1
79KWH,8,2,FULL,09-10-2025,10:16:47,09-10-2025,10:16:50,09-10-2025,10:18:55,COMPLETED,0,1
79KWH,8,2,FULL,09-10-2025,10:19:17,09-10-2025,10:19:18,09-10-2025,10:21:25,COMPLETED,0,1
79KWH,8,2,FULL,09-10-2025,10:21:32,09-10-2025,10:21:35,09-10-2025,10:23:41,COMPLETED,0,1
79KWH,8,2,FULL,09-10-2025,10:23:59,09-10-2025,10:24:01,09-10-2025,10:26:10,COMPLETED,0,1
79KWH,8,1,FULL,09-10-2025,10:24:11,09-10-2025,10:24:11,09-10-2025,10:27:03,COMPLETED,0,1
79KWH,8,2,FULL,09-10-2025,10:26:15,09-10-2025,10:26:18,09-10-2025,10:28:26,COMPLETED,0,1
79KWH,8,1,FULL,09-10-2025,10:27:09,09-10-2025,10:27:12,09-10-2025,10:29:39,COMPLETED,0,1
79KWH,8,2,FULL,09-10-2025,10:28:46,09-10-2025,10:28:46,09-10-2025,10:30:55,COMPLETED,0,1
79KWH,8,2,FULL,09-10-2025,10:31:02,09-10-2025,10:31:04,09-10-2025,10:33:12,COMPLETED,0,1
79KWH,8,2,FULL,09-10-2025,10:33:30,09-10-2025,10:33:32,09-10-2025,10:35:43,COMPLETED,0,1
79KWH,8,2,FULL,09-10-2025,10:35:49,09-10-2025,10:35:53,09-10-2025,10:38:04,COMPLETED,0,1
79KWH,8,2,FULL,09-10-2025,10:38:24,09-10-2025,10:38:24,09-10-2025,10:40:37,COMPLETED,0,1
79KWH,8,3,FULL,09-10-2025,10:40:17,09-10-2025,10:40:18,09-10-2025,10:41:19,COMPLETED,0,1
79KWH,8,1,FULL,09-10-2025,10:40:36,09-10-2025,10:40:37,09-10-2025,10:43:34,COMPLETED,0,1
79KWH,8,2,FULL,09-10-2025,10:40:44,09-10-2025,10:40:49,09-10-2025,10:43:01,COMPLETED,0,1
79KWH,8,3,FULL,09-10-2025,10:41:25,09-10-2025,10:41:28,09-10-2025,10:42:54,COMPLETED,0,1
79KWH,8,3,FULL,09-10-2025,10:43:13,09-10-2025,10:43:13,09-10-2025,10:44:45,COMPLETED,0,1
79KWH,8,2,FULL,09-10-2025,10:43:21,09-10-2025,10:43:22,09-10-2025,10:45:37,COMPLETED,0,1
79KWH,8,1,FULL,09-10-2025,10:43:40,09-10-2025,10:43:42,09-10-2025,10:46:17,COMPLETED,0,1
79KWH,8,3,FULL,09-10-2025,10:44:51,09-10-2025,10:44:53,09-10-2025,10:46:21,COMPLETED,0,1
79KWH,8,2,FULL,09-10-2025,10:45:43,09-10-2025,10:45:46,09-10-2025,10:47:59,COMPLETED,0,1
79KWH,8,1,FULL,09-10-2025,10:46:24,09-10-2025,10:50:28,09-10-2025,10:53:21,COMPLETED,0,1
79KWH,8,3,FULL,09-10-2025,10:46:37,09-10-2025,10:46:38,09-10-2025,10:48:11,COMPLETED,0,1
79KWH,8,3,FULL,09-10-2025,10:48:17,09-10-2025,10:48:18,09-10-2025,10:49:47,COMPLETED,0,1
79KWH,8,2,FULL,09-10-2025,10:48:18,09-10-2025,10:48:19,09-10-2025,10:50:34,COMPLETED,0,1
79KWH,8,3,FULL,09-10-2025,10:50:01,09-10-2025,10:51:41,09-10-2025,10:54:04,COMPLETED,0,1
79KWH,8,2,FULL,09-10-2025,10:50:40,09-10-2025,10:50:44,09-10-2025,10:52:57,COMPLETED,0,1
79KWH,8,2,FULL,09-10-2025,10:53:16,09-10-2025,10:53:17,09-10-2025,10:55:34,COMPLETED,0,1
79KWH,8,1,FULL,09-10-2025,10:53:28,09-10-2025,10:53:30,09-10-2025,10:56:06,COMPLETED,0,1
79KWH,8,3,FULL,09-10-2025,10:54:10,09-10-2025,10:54:13,09-10-2025,10:55:43,COMPLETED,0,1
79KWH,8,2,FULL,09-10-2025,10:55:40,09-10-2025,10:55:43,09-10-2025,10:57:58,COMPLETED,0,1
79KWH,8,3,FULL,09-10-2025,10:56:01,09-10-2025,10:57:42,09-10-2025,11:00:07,COMPLETED,0,1
79KWH,8,2,FULL,09-10-2025,10:58:17,09-10-2025,10:58:17,09-10-2025,11:00:35,COMPLETED,0,1
79KWH,8,3,FULL,09-10-2025,11:00:12,09-10-2025,11:00:15,09-10-2025,11:01:49,COMPLETED,0,1
79KWH,8,2,FULL,09-10-2025,11:00:41,09-10-2025,11:00:45,09-10-2025,11:03:01,COMPLETED,0,1
79KWH,8,3,FULL,09-10-2025,11:02:04,09-10-2025,11:03:46,09-10-2025,11:06:11,COMPLETED,0,1
79KWH,8,2,FULL,09-10-2025,11:03:17,09-10-2025,11:03:18,09-10-2025,11:05:38,COMPLETED,0,1
79KWH,8,2,FULL,09-10-2025,11:05:45,09-10-2025,11:05:48,09-10-2025,11:08:06,COMPLETED,0,1
79KWH,8,3,FULL,09-10-2025,11:06:17,09-10-2025,11:08:16,09-10-2025,11:10:38,COMPLETED,0,1
79KWH,8,2,FULL,09-10-2025,11:08:26,09-10-2025,11:08:27,09-10-2025,11:10:47,COMPLETED,0,1
79KWH,8,2,FULL,09-10-2025,11:10:54,09-10-2025,11:10:57,09-10-2025,11:13:15,COMPLETED,0,1
79KWH,8,3,FULL,09-10-2025,11:10:54,09-10-2025,11:12:36,09-10-2025,11:15:03,COMPLETED,0,1
79KWH,8,2,FULL,09-10-2025,11:13:32,09-10-2025,11:13:34,09-10-2025,11:15:56,COMPLETED,0,1
79KWH,8,3,FULL,09-10-2025,11:15:10,09-10-2025,11:15:12,09-10-2025,11:16:49,COMPLETED,0,1
79KWH,8,2,FULL,09-10-2025,11:16:09,09-10-2025,11:16:09,09-10-2025,11:18:30,COMPLETED,0,1
79KWH,8,3,FULL,09-10-2025,11:17:08,09-10-2025,11:18:52,09-10-2025,11:21:19,COMPLETED,0,1
79KWH,8,2,FULL,09-10-2025,11:18:48,09-10-2025,11:18:50,09-10-2025,11:21:13,COMPLETED,0,1
79KWH,8,2,FULL,09-10-2025,11:21:19,09-10-2025,11:21:22,09-10-2025,11:23:44,COMPLETED,0,1
79KWH,8,3,FULL,09-10-2025,11:21:25,09-10-2025,11:21:29,09-10-2025,11:23:07,COMPLETED,0,1
79KWH,8,3,FULL,09-10-2025,11:23:23,09-10-2025,11:25:03,09-10-2025,11:27:32,COMPLETED,0,1
79KWH,8,2,FULL,09-10-2025,11:24:02,09-10-2025,11:24:03,09-10-2025,11:26:29,COMPLETED,0,1
79KWH,8,2,FULL,09-10-2025,11:26:35,09-10-2025,11:26:37,09-10-2025,11:29:01,COMPLETED,0,1
79KWH,8,2,FULL,09-10-2025,11:29:19,09-10-2025,11:29:19,09-10-2025,11:31:46,COMPLETED,0,1
79KWH,8,2,FULL,09-10-2025,11:31:52,09-10-2025,11:31:56,09-10-2025,11:34:22,COMPLETED,0,1
79KWH,8,2,FULL,09-10-2025,11:34:38,09-10-2025,11:34:39,09-10-2025,11:37:08,COMPLETED,0,1
79KWH,8,2,FULL,09-10-2025,11:37:14,09-10-2025,11:37:18,09-10-2025,11:39:45,COMPLETED,0,1
79KWH,8,2,FULL,09-10-2025,11:40:03,09-10-2025,11:40:03,09-10-2025,11:42:34,COMPLETED,0,1
79KWH,8,2,FULL,09-10-2025,11:42:40,09-10-2025,11:42:43,09-10-2025,11:45:12,COMPLETED,0,1
79KWH,8,3,FULL,09-10-2025,11:45:08,09-10-2025,11:46:20,09-10-2025,11:48:45,COMPLETED,0,1
79KWH,8,2,FULL,09-10-2025,11:45:30,09-10-2025,11:45:31,09-10-2025,11:48:02,COMPLETED,0,1
79KWH,8,2,FULL,09-10-2025,11:48:08,09-10-2025,11:48:13,09-10-2025,11:50:43,COMPLETED,0,1
79KWH,8,3,FULL,09-10-2025,11:49:01,09-10-2025,11:50:35,09-10-2025,11:53:04,COMPLETED,0,1
79KWH,8,2,FULL,09-10-2025,11:51:07,09-10-2025,11:51:07,09-10-2025,11:53:40,COMPLETED,0,1
79KWH,8,3,FULL,09-10-2025,11:53:11,09-10-2025,11:55:04,09-10-2025,11:57:31,COMPLETED,0,1
79KWH,8,2,FULL,09-10-2025,11:53:46,09-10-2025,11:53:50,09-10-2025,11:56:20,COMPLETED,0,1
79KWH,8,2,FULL,09-10-2025,11:56:37,09-10-2025,11:56:37,09-10-2025,11:59:11,COMPLETED,0,1
79KWH,8,3,FULL,09-10-2025,11:57:46,09-10-2025,11:59:23,09-10-2025,12:01:54,COMPLETED,0,1
79KWH,8,2,FULL,09-10-2025,11:59:17,09-10-2025,11:59:21,09-10-2025,12:01:54,COMPLETED,0,1
79KWH,8,3,FULL,09-10-2025,12:02:00,09-10-2025,12:02:02,09-10-2025,12:03:48,COMPLETED,0,1
79KWH,8,3,FULL,09-10-2025,12:34:17,09-10-2025,12:35:01,09-10-2025,12:37:32,COMPLETED,0,1
79KWH,8,3,FULL,09-10-2025,12:37:38,09-10-2025,12:37:41,09-10-2025,12:39:28,COMPLETED,0,1
79KWH,8,3,FULL,09-10-2025,12:39:43,09-10-2025,12:41:12,09-10-2025,12:43:43,COMPLETED,0,1
79KWH,8,3,FULL,09-10-2025,12:43:48,09-10-2025,12:43:52,09-10-2025,12:45:40,COMPLETED,0,1
79KWH,8,3,FULL,09-10-2025,12:45:56,09-10-2025,12:47:27,09-10-2025,12:50:00,COMPLETED,0,1
79KWH,8,3,FULL,09-10-2025,12:50:06,09-10-2025,12:50:09,09-10-2025,12:51:58,COMPLETED,0,1
79KWH,8,3,FULL,09-10-2025,12:52:14,09-10-2025,12:53:41,09-10-2025,12:56:14,COMPLETED,0,1
79KWH,8,3,FULL,09-10-2025,12:56:21,09-10-2025,12:58:04,09-10-2025,13:00:35,COMPLETED,0,1
79KWH,8,3,FULL,09-10-2025,13:00:51,09-10-2025,13:00:52,09-10-2025,13:02:48,COMPLETED,0,1
79KWH,8,3,FULL,09-10-2025,13:02:53,09-10-2025,13:02:57,09-10-2025,13:04:50,COMPLETED,0,1
79KWH,8,3,FULL,09-10-2025,13:05:12,09-10-2025,13:05:13,09-10-2025,13:07:07,COMPLETED,0,1
79KWH,8,3,FULL,09-10-2025,13:07:14,09-10-2025,13:07:17,09-10-2025,13:09:10,COMPLETED,0,1
79KWH,8,3,FULL,09-10-2025,13:09:24,09-10-2025,13:09:25,09-10-2025,13:11:21,COMPLETED,0,1
79KWH,8,3,FULL,09-10-2025,13:11:28,09-10-2025,13:11:30,09-10-2025,13:13:25,COMPLETED,0,1
79KWH,8,3,FULL,09-10-2025,13:13:41,09-10-2025,13:13:43,09-10-2025,13:15:39,COMPLETED,0,1
79KWH,8,3,FULL,09-10-2025,13:15:46,09-10-2025,13:15:49,09-10-2025,13:17:44,COMPLETED,0,1
79KWH,8,3,FULL,09-10-2025,13:17:59,09-10-2025,13:17:59,09-10-2025,13:19:58,COMPLETED,0,1
79KWH,8,3,FULL,09-10-2025,13:20:05,09-10-2025,13:20:08,09-10-2025,13:22:04,COMPLETED,0,1
79KWH,8,3,FULL,09-10-2025,13:22:22,09-10-2025,13:22:24,09-10-2025,13:24:25,COMPLETED,0,1
79KWH,8,1,FULL,09-10-2025,13:22:28,09-10-2025,13:24:40,09-10-2025,13:27:09,COMPLETED,0,1
79KWH,8,3,FULL,09-10-2025,13:24:31,09-10-2025,13:24:35,09-10-2025,13:26:38,COMPLETED,0,1
79KWH,8,3,FULL,09-10-2025,13:26:54,09-10-2025,13:26:54,09-10-2025,13:29:01,COMPLETED,0,1
79KWH,8,3,FULL,09-10-2025,13:29:06,09-10-2025,13:29:10,09-10-2025,13:31:15,COMPLETED,0,1
79KWH,8,1,FULL,09-10-2025,13:29:16,09-10-2025,13:30:15,09-10-2025,13:33:07,COMPLETED,0,1
79KWH,8,3,FULL,09-10-2025,13:31:30,09-10-2025,13:31:31,09-10-2025,13:33:39,COMPLETED,0,1
79KWH,8,1,FULL,09-10-2025,13:33:15,09-10-2025,13:36:15,09-10-2025,13:39:10,COMPLETED,0,1
79KWH,8,3,FULL,09-10-2025,13:33:46,09-10-2025,13:33:47,09-10-2025,13:35:52,COMPLETED,0,1
79KWH,8,3,FULL,09-10-2025,13:36:08,09-10-2025,13:36:09,09-10-2025,13:38:19,COMPLETED,0,1
79KWH,8,3,FULL,09-10-2025,13:38:24,09-10-2025,13:38:28,09-10-2025,13:40:36,COMPLETED,0,1
79KWH,8,1,FULL,09-10-2025,13:39:16,09-10-2025,13:39:19,09-10-2025,13:41:54,COMPLETED,0,1
79KWH,8,3,FULL,09-10-2025,13:40:55,09-10-2025,13:40:55,09-10-2025,13:43:05,COMPLETED,0,1
79KWH,8,1,FULL,09-10-2025,13:42:01,09-10-2025,13:44:57,09-10-2025,13:47:53,COMPLETED,0,1
79KWH,8,3,FULL,09-10-2025,13:43:11,09-10-2025,13:43:15,09-10-2025,13:45:24,COMPLETED,0,1
79KWH,8,3,FULL,09-10-2025,13:45:40,09-10-2025,13:45:41,09-10-2025,13:47:53,COMPLETED,0,1
79KWH,8,1,FULL,09-10-2025,13:47:58,09-10-2025,13:51:02,09-10-2025,13:53:55,COMPLETED,0,1
79KWH,8,3,FULL,09-10-2025,13:47:59,09-10-2025,13:48:03,09-10-2025,13:50:13,COMPLETED,0,1
79KWH,8,3,FULL,09-10-2025,13:50:33,09-10-2025,13:50:34,09-10-2025,13:52:47,COMPLETED,0,1
79KWH,8,3,FULL,09-10-2025,13:52:54,09-10-2025,13:52:58,09-10-2025,13:55:09,COMPLETED,0,1
79KWH,8,1,FULL,09-10-2025,13:54:03,09-10-2025,13:56:57,09-10-2025,13:59:53,COMPLETED,0,1
79KWH,8,3,FULL,09-10-2025,13:55:25,09-10-2025,13:55:26,09-10-2025,13:57:41,COMPLETED,0,1
79KWH,8,3,FULL,09-10-2025,13:57:48,09-10-2025,13:57:51,09-10-2025,14:00:03,COMPLETED,0,1
79KWH,8,1,FULL,09-10-2025,14:00:00,09-10-2025,14:00:02,09-10-2025,14:02:38,COMPLETED,0,1
79KWH,8,3,FULL,09-10-2025,14:00:20,09-10-2025,14:00:20,09-10-2025,14:02:36,COMPLETED,0,1
79KWH,8,3,FULL,09-10-2025,14:02:41,09-10-2025,14:02:45,09-10-2025,14:05:00,COMPLETED,0,1
79KWH,8,3,FULL,09-10-2025,14:05:16,09-10-2025,14:05:17,09-10-2025,14:07:34,COMPLETED,0,1
79KWH,8,3,FULL,09-10-2025,14:07:40,09-10-2025,14:07:42,09-10-2025,14:09:57,COMPLETED,0,1
79KWH,8,3,FULL,09-10-2025,14:10:12,09-10-2025,14:10:13,09-10-2025,14:12:33,COMPLETED,0,1
79KWH,8,3,FULL,09-10-2025,14:12:39,09-10-2025,14:12:42,09-10-2025,14:14:59,COMPLETED,0,1
79KWH,8,3,FULL,09-10-2025,14:15:17,09-10-2025,14:15:18,09-10-2025,14:17:38,COMPLETED,0,1
79KWH,8,3,FULL,09-10-2025,14:17:44,09-10-2025,14:17:47,09-10-2025,14:20:05,COMPLETED,0,1
79KWH,8,3,FULL,09-10-2025,14:40:27,09-10-2025,14:42:16,09-10-2025,14:45:06,COMPLETED,0,1
79KWH,8,2,FULL,09-10-2025,14:43:24,09-10-2025,14:44:47,09-10-2025,14:47:40,COMPLETED,0,1
79KWH,8,3,FULL,09-10-2025,14:45:13,09-10-2025,14:45:14,09-10-2025,14:47:34,COMPLETED,0,1
79KWH,8,3,FULL,09-10-2025,14:47:49,09-10-2025,14:47:50,09-10-2025,14:52:17,COMPLETED,0,1
79KWH,8,3,FULL,09-10-2025,14:52:23,09-10-2025,14:52:26,09-10-2025,14:54:48,COMPLETED,0,1
79KWH,8,3,FULL,09-10-2025,14:55:07,09-10-2025,14:55:08,09-10-2025,14:57:32,COMPLETED,0,1
79KWH,8,3,FULL,09-10-2025,14:57:38,09-10-2025,14:57:42,09-10-2025,15:00:04,COMPLETED,0,1
79KWH,8,3,FULL,09-10-2025,15:00:21,09-10-2025,15:02:03,09-10-2025,15:08:49,COMPLETED,0,1
79KWH,8,3,FULL,09-10-2025,15:08:55,09-10-2025,15:10:46,09-10-2025,15:13:34,COMPLETED,0,1
79KWH,8,3,FULL,09-10-2025,15:13:50,09-10-2025,15:15:34,09-10-2025,15:18:24,COMPLETED,0,1
79KWH,8,3,FULL,09-10-2025,15:18:30,09-10-2025,15:18:33,09-10-2025,15:20:58,COMPLETED,0,1
79KWH,8,3,FULL,09-10-2025,15:21:13,09-10-2025,15:22:54,09-10-2025,15:25:44,COMPLETED,0,1
79KWH,8,3,FULL,09-10-2025,15:25:51,09-10-2025,15:25:54,09-10-2025,15:28:19,COMPLETED,0,1
79KWH,8,3,FULL,09-10-2025,15:28:35,09-10-2025,15:30:19,09-10-2025,15:33:10,COMPLETED,0,1
79KWH,8,3,FULL,09-10-2025,15:33:16,09-10-2025,15:33:20,09-10-2025,15:35:46,COMPLETED,0,1
79KWH,8,3,FULL,09-10-2025,15:36:04,09-10-2025,15:37:40,09-10-2025,15:40:32,COMPLETED,0,1
79KWH,8,3,FULL,09-10-2025,15:40:38,09-10-2025,15:40:41,09-10-2025,15:43:10,COMPLETED,0,1
79KWH,8,3,FULL,09-10-2025,15:43:26,09-10-2025,15:45:08,09-10-2025,15:48:01,COMPLETED,0,1
79KWH,8,3,FULL,09-10-2025,15:48:07,09-10-2025,15:48:10,09-10-2025,15:50:41,COMPLETED,0,1
79KWH,8,3,FULL,09-10-2025,15:50:56,09-10-2025,15:52:34,09-10-2025,15:55:27,COMPLETED,0,1
79KWH,8,3,FULL,09-10-2025,15:55:33,09-10-2025,15:57:27,09-10-2025,16:00:18,COMPLETED,0,1
79KWH,8,3,FULL,09-10-2025,16:00:34,09-10-2025,16:02:13,09-10-2025,16:05:07,COMPLETED,0,1
79KWH,8,3,FULL,09-10-2025,16:05:13,09-10-2025,16:07:08,09-10-2025,16:19:43,COMPLETED,0,1
79KWH,8,3,FULL,09-10-2025,16:19:59,09-10-2025,16:21:34,09-10-2025,16:24:36,COMPLETED,0,1
79KWH,8,3,FULL,09-10-2025,16:24:42,09-10-2025,16:24:44,09-10-2025,16:27:18,COMPLETED,0,1
79KWH,8,3,FULL,09-10-2025,16:27:33,09-10-2025,16:29:15,09-10-2025,16:32:11,COMPLETED,0,1
79KWH,8,3,FULL,09-10-2025,16:32:16,09-10-2025,16:34:09,09-10-2025,16:37:02,COMPLETED,0,1
79KWH,8,3,FULL,09-10-2025,16:37:17,09-10-2025,16:38:54,09-10-2025,16:41:50,COMPLETED,0,1
79KWH,8,3,FULL,09-10-2025,16:41:56,09-10-2025,16:41:59,09-10-2025,16:44:35,COMPLETED,0,1
79KWH,8,3,FULL,09-10-2025,16:44:52,09-10-2025,16:46:29,09-10-2025,16:49:26,COMPLETED,0,1
79KWH,8,3,FULL,09-10-2025,16:49:31,09-10-2025,16:49:35,09-10-2025,16:52:12,COMPLETED,0,1
79KWH,8,3,FULL,09-10-2025,16:52:28,09-10-2025,16:54:04,09-10-2025,16:57:01,COMPLETED,0,1
79KWH,8,3,FULL,09-10-2025,16:57:07,09-10-2025,16:57:10,09-10-2025,16:59:50,COMPLETED,0,1
79KWH,8,3,FULL,09-10-2025,17:00:05,09-10-2025,17:01:45,09-10-2025,17:04:43,COMPLETED,0,1
79KWH,8,3,FULL,09-10-2025,17:04:50,09-10-2025,17:04:51,09-10-2025,17:07:32,COMPLETED,0,1
79KWH,8,3,FULL,09-10-2025,17:07:47,09-10-2025,17:09:22,09-10-2025,17:12:20,COMPLETED,0,1
79KWH,8,3,FULL,09-10-2025,17:12:26,09-10-2025,17:12:29,09-10-2025,17:15:11,COMPLETED,0,1
79KWH,8,3,FULL,09-10-2025,17:15:26,09-10-2025,17:17:08,09-10-2025,17:20:07,COMPLETED,0,1
79KWH,8,3,FULL,09-10-2025,17:20:14,09-10-2025,17:20:16,09-10-2025,17:22:58,COMPLETED,0,1
79KWH,8,3,FULL,09-10-2025,17:23:14,09-10-2025,17:24:49,09-10-2025,17:27:49,COMPLETED,0,1
79KWH,8,3,FULL,09-10-2025,17:27:54,09-10-2025,17:27:58,09-10-2025,17:30:44,COMPLETED,0,1
79KWH,8,3,FULL,09-10-2025,17:31:00,09-10-2025,17:32:40,09-10-2025,17:35:42,COMPLETED,0,1
79KWH,8,3,FULL,09-10-2025,17:35:48,09-10-2025,17:35:51,09-10-2025,17:38:38,COMPLETED,0,1
79KWH,8,3,FULL,09-10-2025,17:38:56,09-10-2025,17:40:29,09-10-2025,17:43:32,COMPLETED,0,1
79KWH,8,3,FULL,09-10-2025,17:43:38,09-10-2025,17:43:41,09-10-2025,17:46:29,COMPLETED,0,1
79KWH,8,3,FULL,09-10-2025,17:46:45,09-10-2025,17:48:24,09-10-2025,17:51:27,COMPLETED,0,1
79KWH,8,3,FULL,09-10-2025,17:51:33,09-10-2025,17:51:36,09-10-2025,17:54:25,COMPLETED,0,1
79KWH,8,3,FULL,09-10-2025,17:54:42,09-10-2025,17:56:17,09-10-2025,17:59:20,COMPLETED,0,1
79KWH,8,3,FULL,09-10-2025,17:59:26,09-10-2025,17:59:28,09-10-2025,18:02:19,COMPLETED,0,1
79KWH,8,3,FULL,09-10-2025,18:02:35,09-10-2025,18:04:16,09-10-2025,18:07:20,COMPLETED,0,1
79KWH,8,3,FULL,09-10-2025,18:07:26,09-10-2025,18:07:29,09-10-2025,18:10:22,COMPLETED,0,1
79KWH,8,3,FULL,09-10-2025,18:10:39,09-10-2025,18:12:14,09-10-2025,18:15:18,COMPLETED,0,1
79KWH,8,3,FULL,09-10-2025,18:15:25,09-10-2025,18:15:28,09-10-2025,18:18:21,COMPLETED,0,1
79KWH,8,3,FULL,09-10-2025,18:18:36,09-10-2025,18:20:18,09-10-2025,18:23:23,COMPLETED,0,1
79KWH,8,3,FULL,09-10-2025,18:23:30,09-10-2025,18:25:17,09-10-2025,18:28:19,COMPLETED,0,1
79KWH,8,3,FULL,09-10-2025,18:28:33,09-10-2025,18:30:14,09-10-2025,18:33:20,COMPLETED,0,1
79KWH,8,3,FULL,09-10-2025,18:33:30,09-10-2025,18:33:31,09-10-2025,18:36:26,COMPLETED,0,1
79KWH,8,3,FULL,09-10-2025,18:36:43,09-10-2025,18:36:43,09-10-2025,18:39:41,COMPLETED,0,1
79KWH,8,3,FULL,09-10-2025,18:39:47,09-10-2025,18:39:51,09-10-2025,18:42:48,COMPLETED,0,1
79KWH,8,3,FULL,09-10-2025,18:43:05,09-10-2025,18:44:40,09-10-2025,18:47:48,COMPLETED,0,1
79KWH,8,3,FULL,09-10-2025,18:47:53,09-10-2025,18:47:56,09-10-2025,18:50:55,COMPLETED,0,1
79KWH,8,3,FULL,09-10-2025,18:51:12,09-10-2025,18:52:52,09-10-2025,18:56:00,COMPLETED,0,1
79KWH,8,3,FULL,09-10-2025,18:56:06,09-10-2025,18:57:57,09-10-2025,19:01:02,COMPLETED,0,1
79KWH,8,3,FULL,09-10-2025,19:01:19,09-10-2025,19:01:19,09-10-2025,19:04:23,COMPLETED,0,1
79KWH,8,3,FULL,09-10-2025,19:04:42,09-10-2025,19:06:21,09-10-2025,19:09:30,COMPLETED,0,1
79KWH,8,3,FULL,09-10-2025,19:09:36,09-10-2025,19:11:24,09-10-2025,19:14:30,COMPLETED,0,1
79KWH,8,3,FULL,09-10-2025,19:14:49,09-10-2025,19:16:26,09-10-2025,19:19:35,COMPLETED,0,1
79KWH,8,3,FULL,09-10-2025,19:19:42,09-10-2025,19:19:45,09-10-2025,19:22:48,COMPLETED,0,1
79KWH,8,3,FULL,09-10-2025,19:23:06,09-10-2025,19:24:39,09-10-2025,19:27:50,COMPLETED,0,1
79KWH,8,3,FULL,09-10-2025,19:27:55,09-10-2025,19:29:47,09-10-2025,19:32:54,COMPLETED,0,1
79KWH,8,3,FULL,09-10-2025,19:33:12,09-10-2025,19:34:45,09-10-2025,19:37:57,COMPLETED,0,1
79KWH,8,3,FULL,09-10-2025,19:38:02,09-10-2025,19:38:05,09-10-2025,19:41:13,COMPLETED,0,1
79KWH,8,2,FULL,09-10-2025,19:39:16,09-10-2025,19:39:16,09-10-2025,19:42:07,COMPLETED,0,1
79KWH,8,3,FULL,09-10-2025,19:41:30,09-10-2025,19:43:09,09-10-2025,19:46:21,COMPLETED,0,1
79KWH,8,2,FULL,09-10-2025,19:42:26,09-10-2025,19:42:26,09-10-2025,19:45:03,COMPLETED,0,1
79KWH,8,2,FULL,09-10-2025,19:45:08,09-10-2025,19:45:12,09-10-2025,19:47:47,COMPLETED,0,1
79KWH,8,3,FULL,09-10-2025,19:46:28,09-10-2025,19:46:31,09-10-2025,19:49:38,COMPLETED,0,1
79KWH,8,2,FULL,09-10-2025,19:48:05,09-10-2025,19:48:06,09-10-2025,19:50:46,COMPLETED,0,1
79KWH,8,3,FULL,09-10-2025,19:49:55,09-10-2025,19:51:29,09-10-2025,19:53:33,COMPLETED,0,1
79KWH,8,2,FULL,09-10-2025,19:50:51,09-10-2025,19:50:53,09-10-2025,19:53:29,COMPLETED,0,1
79KWH,8,3,FULL,09-10-2025,19:53:42,09-10-2025,19:53:43,09-10-2025,19:54:36,COMPLETED,0,1
79KWH,8,2,FULL,09-10-2025,19:53:47,09-10-2025,19:53:48,09-10-2025,19:56:26,COMPLETED,0,1
79KWH,8,3,FULL,09-10-2025,19:55:00,09-10-2025,19:55:01,09-10-2025,19:55:57,COMPLETED,0,1
79KWH,8,3,FULL,09-10-2025,19:56:04,09-10-2025,19:56:06,09-10-2025,19:57:02,COMPLETED,0,1
79KWH,8,2,FULL,09-10-2025,19:56:32,09-10-2025,19:56:35,09-10-2025,19:59:12,COMPLETED,0,1
79KWH,8,3,FULL,09-10-2025,19:57:20,09-10-2025,19:57:21,09-10-2025,19:58:20,COMPLETED,0,1
79KWH,8,3,FULL,09-10-2025,19:58:26,09-10-2025,19:58:29,09-10-2025,19:59:27,COMPLETED,0,1
79KWH,8,2,FULL,09-10-2025,19:59:28,09-10-2025,19:59:28,09-10-2025,20:02:08,COMPLETED,0,1
79KWH,8,3,FULL,09-10-2025,19:59:48,09-10-2025,19:59:49,09-10-2025,20:00:49,COMPLETED,0,1
79KWH,8,3,FULL,09-10-2025,20:00:54,09-10-2025,20:00:58,09-10-2025,20:01:56,COMPLETED,0,1
79KWH,8,3,FULL,09-10-2025,20:02:14,09-10-2025,20:02:16,09-10-2025,20:03:18,COMPLETED,0,1
79KWH,8,2,FULL,09-10-2025,20:02:15,09-10-2025,20:02:17,09-10-2025,20:04:55,COMPLETED,0,1
79KWH,8,3,FULL,09-10-2025,20:03:24,09-10-2025,20:03:27,09-10-2025,20:04:29,COMPLETED,0,1
79KWH,8,3,FULL,09-10-2025,20:04:48,09-10-2025,20:04:49,09-10-2025,20:05:55,COMPLETED,0,1
79KWH,8,2,FULL,09-10-2025,20:05:13,09-10-2025,20:05:13,09-10-2025,20:07:55,COMPLETED,0,1
79KWH,8,3,FULL,09-10-2025,20:06:01,09-10-2025,20:06:05,09-10-2025,20:07:09,COMPLETED,0,1
79KWH,8,3,FULL,09-10-2025,20:07:25,09-10-2025,20:07:25,09-10-2025,20:08:32,COMPLETED,0,1
79KWH,8,3,FULL,09-10-2025,20:08:38,09-10-2025,20:08:41,09-10-2025,20:09:46,COMPLETED,0,1
79KWH,8,2,FULL,09-10-2025,20:57:25,09-10-2025,20:57:25,09-10-2025,21:00:06,COMPLETED,0,1
79KWH,8,3,FULL,09-10-2025,20:57:27,09-10-2025,20:58:56,09-10-2025,21:01:09,COMPLETED,0,1
79KWH,8,2,FULL,09-10-2025,21:00:23,09-10-2025,21:00:23,09-10-2025,21:03:06,COMPLETED,0,1
79KWH,8,3,FULL,09-10-2025,21:01:15,09-10-2025,21:01:17,09-10-2025,21:02:24,COMPLETED,0,1
79KWH,8,3,FULL,09-10-2025,21:02:42,09-10-2025,21:02:43,09-10-2025,21:03:53,COMPLETED,0,1
79KWH,8,2,FULL,09-10-2025,21:03:13,09-10-2025,21:03:16,09-10-2025,21:05:57,COMPLETED,0,1
79KWH,8,3,FULL,09-10-2025,21:03:59,09-10-2025,21:04:03,09-10-2025,21:05:11,COMPLETED,0,1
79KWH,8,3,FULL,09-10-2025,21:05:26,09-10-2025,21:07:20,09-10-2025,21:09:32,COMPLETED,0,1
79KWH,8,2,FULL,09-10-2025,21:06:16,09-10-2025,21:06:17,09-10-2025,21:09:02,COMPLETED,0,1
79KWH,8,2,FULL,09-10-2025,21:09:07,09-10-2025,21:09:11,09-10-2025,21:11:54,COMPLETED,0,1
79KWH,8,3,FULL,09-10-2025,21:09:38,09-10-2025,21:09:42,09-10-2025,21:10:51,COMPLETED,0,1
79KWH,8,3,FULL,09-10-2025,21:11:07,09-10-2025,21:12:57,09-10-2025,21:15:11,COMPLETED,0,1
79KWH,8,2,FULL,09-10-2025,21:12:13,09-10-2025,21:12:13,09-10-2025,21:14:58,COMPLETED,0,1
79KWH,8,2,FULL,09-10-2025,21:15:05,09-10-2025,21:15:09,09-10-2025,21:17:52,COMPLETED,0,1
79KWH,8,3,FULL,09-10-2025,21:15:17,09-10-2025,21:15:20,09-10-2025,21:16:31,COMPLETED,0,1
79KWH,8,3,FULL,09-10-2025,21:16:49,09-10-2025,21:18:40,09-10-2025,21:20:55,COMPLETED,0,1
79KWH,8,2,FULL,09-10-2025,21:18:12,09-10-2025,21:18:13,09-10-2025,21:21:00,COMPLETED,0,1
79KWH,8,3,FULL,09-10-2025,21:21:01,09-10-2025,21:21:04,09-10-2025,21:22:17,COMPLETED,0,1
79KWH,8,2,FULL,09-10-2025,21:21:06,09-10-2025,21:21:10,09-10-2025,21:23:55,COMPLETED,0,1
79KWH,8,3,FULL,09-10-2025,21:22:35,09-10-2025,21:24:22,09-10-2025,21:26:36,COMPLETED,0,1
79KWH,8,2,FULL,09-10-2025,21:24:13,09-10-2025,21:24:14,09-10-2025,21:27:02,COMPLETED,0,1
79KWH,8,3,FULL,09-10-2025,21:26:43,09-10-2025,21:26:46,09-10-2025,21:28:00,COMPLETED,0,1
79KWH,8,2,FULL,09-10-2025,21:27:08,09-10-2025,21:27:12,09-10-2025,21:29:59,COMPLETED,0,1
79KWH,8,3,FULL,09-10-2025,21:28:16,09-10-2025,21:30:08,09-10-2025,21:32:26,COMPLETED,0,1
79KWH,8,2,FULL,09-10-2025,21:30:16,09-10-2025,21:30:17,09-10-2025,21:33:06,COMPLETED,0,1
79KWH,8,3,FULL,09-10-2025,21:32:32,09-10-2025,21:32:34,09-10-2025,21:33:52,COMPLETED,0,1
79KWH,8,2,FULL,09-10-2025,21:33:13,09-10-2025,21:33:14,09-10-2025,21:36:02,COMPLETED,0,1
79KWH,8,3,FULL,09-10-2025,21:34:07,09-10-2025,21:35:54,09-10-2025,21:38:13,COMPLETED,0,1
79KWH,8,2,FULL,09-10-2025,21:36:20,09-10-2025,21:36:22,09-10-2025,21:39:13,COMPLETED,0,1
79KWH,8,3,FULL,09-10-2025,21:38:19,09-10-2025,21:38:21,09-10-2025,21:39:43,COMPLETED,0,1
79KWH,8,2,FULL,09-10-2025,21:39:20,09-10-2025,21:39:23,09-10-2025,21:42:14,COMPLETED,0,1
79KWH,8,3,FULL,09-10-2025,21:39:58,09-10-2025,21:41:47,09-10-2025,21:44:07,COMPLETED,0,1
79KWH,8,2,FULL,09-10-2025,21:42:34,09-10-2025,21:42:36,09-10-2025,21:45:30,COMPLETED,0,1
79KWH,8,3,FULL,09-10-2025,21:44:13,09-10-2025,21:46:22,09-10-2025,21:48:40,COMPLETED,0,1
79KWH,8,3,FULL,09-10-2025,21:48:58,09-10-2025,21:48:59,09-10-2025,21:50:27,COMPLETED,0,1
79KWH,8,3,FULL,09-10-2025,21:50:33,09-10-2025,21:50:37,09-10-2025,21:52:05,COMPLETED,0,1
79KWH,8,3,FULL,09-10-2025,21:52:21,09-10-2025,21:52:22,09-10-2025,21:53:52,COMPLETED,0,1
79KWH,8,3,FULL,09-10-2025,21:53:58,09-10-2025,21:54:02,09-10-2025,21:55:31,COMPLETED,0,1
79KWH,8,1,FULL,09-10-2025,23:15:55,09-10-2025,23:15:56,09-10-2025,23:18:52,COMPLETED,0,1
79KWH,8,1,FULL,09-10-2025,23:18:59,09-10-2025,23:19:01,09-10-2025,23:21:39,COMPLETED,0,1
79KWH,8,1,FULL,09-10-2025,23:21:46,09-10-2025,23:25:02,09-10-2025,23:28:01,COMPLETED,0,1
79KWH,8,1,FULL,09-10-2025,23:29:38,09-10-2025,23:32:43,09-10-2025,23:36:23,COMPLETED,0,1
79KWH,8,3,FULL,09-10-2025,23:37:40,09-10-2025,23:39:50,09-10-2025,23:42:37,COMPLETED,0,1
79KWH,8,3,FULL,09-10-2025,23:45:52,09-10-2025,23:45:52,09-10-2025,23:47:22,COMPLETED,0,1
79KWH,8,3,FULL,09-10-2025,23:49:24,09-10-2025,23:49:24,09-10-2025,23:50:57,COMPLETED,0,1
79KWH,8,3,FULL,09-10-2025,23:58:14,09-10-2025,23:58:14,09-10-2025,23:59:46,COMPLETED,0,1
79KWH,8,3,FULL,10-10-2025,06:48:29,10-10-2025,06:48:30,10-10-2025,06:50:05,COMPLETED,0,1
79KWH,8,3,FULL,10-10-2025,06:50:11,10-10-2025,06:50:15,10-10-2025,06:51:49,COMPLETED,0,1
79KWH,8,3,FULL,10-10-2025,06:51:56,10-10-2025,06:51:57,10-10-2025,06:53:34,COMPLETED,0,1
79KWH,8,3,FULL,10-10-2025,06:53:40,10-10-2025,06:53:42,10-10-2025,06:55:18,COMPLETED,0,1
79KWH,8,3,FULL,10-10-2025,06:55:26,10-10-2025,06:55:26,10-10-2025,06:57:05,COMPLETED,0,1
79KWH,8,2,FULL,10-10-2025,06:56:17,10-10-2025,06:56:17,10-10-2025,06:59:12,COMPLETED,0,1
79KWH,8,3,FULL,10-10-2025,06:57:11,10-10-2025,06:57:15,10-10-2025,06:58:52,COMPLETED,0,1
79KWH,8,3,FULL,10-10-2025,06:59:00,10-10-2025,06:59:01,10-10-2025,07:00:42,COMPLETED,0,1
79KWH,8,2,FULL,10-10-2025,06:59:18,10-10-2025,06:59:21,10-10-2025,07:02:15,COMPLETED,0,1
79KWH,8,3,FULL,10-10-2025,07:00:48,10-10-2025,07:00:50,10-10-2025,07:02:29,COMPLETED,0,1
79KWH,8,3,FULL,10-10-2025,07:13:21,10-10-2025,07:13:21,10-10-2025,07:15:04,COMPLETED,0,1
79KWH,8,2,FULL,10-10-2025,07:13:27,10-10-2025,07:13:27,10-10-2025,07:16:22,COMPLETED,0,1
79KWH,8,3,FULL,10-10-2025,07:15:11,10-10-2025,07:15:14,10-10-2025,07:16:59,COMPLETED,0,1
79KWH,8,2,FULL,10-10-2025,07:16:28,10-10-2025,07:16:31,10-10-2025,07:19:26,COMPLETED,0,1
79KWH,8,3,FULL,10-10-2025,07:17:08,10-10-2025,07:17:09,10-10-2025,07:18:57,COMPLETED,0,1
79KWH,8,3,FULL,10-10-2025,07:19:04,10-10-2025,07:19:06,10-10-2025,07:20:54,COMPLETED,0,1
79KWH,8,2,FULL,10-10-2025,07:19:33,10-10-2025,07:19:33,10-10-2025,07:22:30,COMPLETED,0,1
79KWH,8,3,FULL,10-10-2025,07:21:02,10-10-2025,07:21:03,10-10-2025,07:22:54,COMPLETED,0,1
79KWH,8,2,FULL,10-10-2025,07:22:36,10-10-2025,07:22:40,10-10-2025,07:25:35,COMPLETED,0,1
79KWH,8,3,FULL,10-10-2025,07:23:02,10-10-2025,07:23:04,10-10-2025,07:24:53,COMPLETED,0,1
79KWH,8,3,FULL,10-10-2025,07:25:14,10-10-2025,07:25:15,10-10-2025,07:27:09,COMPLETED,0,1
79KWH,8,3,FULL,10-10-2025,07:27:15,10-10-2025,07:27:17,10-10-2025,07:29:10,COMPLETED,0,1
79KWH,8,3,FULL,10-10-2025,07:29:18,10-10-2025,07:29:19,10-10-2025,07:31:15,COMPLETED,0,1
79KWH,8,3,FULL,10-10-2025,07:31:21,10-10-2025,07:31:25,10-10-2025,07:33:20,COMPLETED,0,1
79KWH,8,3,FULL,10-10-2025,07:33:28,10-10-2025,07:33:28,10-10-2025,07:35:26,COMPLETED,0,1
79KWH,8,3,FULL,10-10-2025,07:35:32,10-10-2025,07:35:35,10-10-2025,07:37:33,COMPLETED,0,1
79KWH,8,3,FULL,10-10-2025,07:37:40,10-10-2025,07:37:41,10-10-2025,07:39:42,COMPLETED,0,1
79KWH,8,3,FULL,10-10-2025,07:39:47,10-10-2025,07:39:52,10-10-2025,07:41:50,COMPLETED,0,1
79KWH,8,3,FULL,10-10-2025,07:41:57,10-10-2025,07:41:59,10-10-2025,07:44:01,COMPLETED,0,1
79KWH,8,1,FULL,10-10-2025,07:43:48,10-10-2025,07:46:14,10-10-2025,07:49:16,COMPLETED,0,1
79KWH,8,3,FULL,10-10-2025,07:44:07,10-10-2025,07:44:10,10-10-2025,07:46:10,COMPLETED,0,1
79KWH,8,3,FULL,10-10-2025,07:46:19,10-10-2025,07:46:21,10-10-2025,07:48:25,COMPLETED,0,1
79KWH,8,3,FULL,10-10-2025,07:48:32,10-10-2025,07:48:34,10-10-2025,07:50:37,COMPLETED,0,1
79KWH,8,1,FULL,10-10-2025,07:49:22,10-10-2025,07:49:24,10-10-2025,07:52:06,COMPLETED,0,1
79KWH,8,3,FULL,10-10-2025,07:50:46,10-10-2025,07:50:47,10-10-2025,07:52:54,COMPLETED,0,1
79KWH,8,1,FULL,10-10-2025,07:52:14,10-10-2025,07:54:56,10-10-2025,07:57:55,COMPLETED,0,1
79KWH,8,3,FULL,10-10-2025,07:53:00,10-10-2025,07:53:03,10-10-2025,07:55:09,COMPLETED,0,1
79KWH,8,3,FULL,10-10-2025,07:55:16,10-10-2025,07:55:17,10-10-2025,07:57:25,COMPLETED,0,1
79KWH,8,3,FULL,10-10-2025,07:57:31,10-10-2025,07:57:35,10-10-2025,07:59:42,COMPLETED,0,1
79KWH,8,1,FULL,10-10-2025,07:58:01,10-10-2025,07:58:04,10-10-2025,08:00:48,COMPLETED,0,1
79KWH,8,3,FULL,10-10-2025,07:59:50,10-10-2025,07:59:51,10-10-2025,08:02:01,COMPLETED,0,1
79KWH,8,1,FULL,10-10-2025,08:00:56,10-10-2025,08:03:27,10-10-2025,08:06:28,COMPLETED,0,1
79KWH,8,3,FULL,10-10-2025,08:02:07,10-10-2025,08:02:11,10-10-2025,08:04:19,COMPLETED,0,1
79KWH,8,3,FULL,10-10-2025,08:04:27,10-10-2025,08:04:28,10-10-2025,08:06:40,COMPLETED,0,1
79KWH,8,1,FULL,10-10-2025,08:06:34,10-10-2025,08:06:36,10-10-2025,08:09:22,COMPLETED,0,1
79KWH,8,3,FULL,10-10-2025,08:06:48,10-10-2025,08:06:50,10-10-2025,08:09:00,COMPLETED,0,1
79KWH,8,3,FULL,10-10-2025,08:09:08,10-10-2025,08:09:09,10-10-2025,08:11:21,COMPLETED,0,1
79KWH,8,1,FULL,10-10-2025,08:09:36,10-10-2025,08:12:07,10-10-2025,08:15:09,COMPLETED,0,1
79KWH,8,3,FULL,10-10-2025,08:11:26,10-10-2025,08:11:30,10-10-2025,08:13:41,COMPLETED,0,1
79KWH,8,3,FULL,10-10-2025,08:13:49,10-10-2025,08:13:49,10-10-2025,08:16:04,COMPLETED,0,1
79KWH,8,1,FULL,10-10-2025,08:15:15,10-10-2025,08:15:17,10-10-2025,08:18:06,COMPLETED,0,1
79KWH,8,3,FULL,10-10-2025,08:16:10,10-10-2025,08:16:13,10-10-2025,08:19:26,COMPLETED,0,1
79KWH,8,1,FULL,10-10-2025,08:18:19,10-10-2025,08:20:46,10-10-2025,08:23:48,COMPLETED,0,1
79KWH,8,3,FULL,10-10-2025,08:19:34,10-10-2025,08:19:35,10-10-2025,08:21:51,COMPLETED,0,1
79KWH,8,3,FULL,10-10-2025,08:21:57,10-10-2025,08:22:00,10-10-2025,08:24:13,COMPLETED,0,1
79KWH,8,1,FULL,10-10-2025,08:23:54,10-10-2025,08:26:33,10-10-2025,08:29:31,COMPLETED,0,1
79KWH,8,3,FULL,10-10-2025,08:24:22,10-10-2025,08:24:23,10-10-2025,08:26:39,COMPLETED,0,1
79KWH,8,3,FULL,10-10-2025,08:26:45,10-10-2025,08:26:49,10-10-2025,08:29:04,COMPLETED,0,1
79KWH,8,3,FULL,10-10-2025,08:29:13,10-10-2025,08:29:14,10-10-2025,08:31:32,COMPLETED,0,1
79KWH,8,1,FULL,10-10-2025,08:29:44,10-10-2025,08:32:09,10-10-2025,08:35:11,COMPLETED,0,1
79KWH,8,3,FULL,10-10-2025,08:31:38,10-10-2025,08:31:41,10-10-2025,08:33:58,COMPLETED,0,1
79KWH,8,3,FULL,10-10-2025,08:34:07,10-10-2025,08:34:09,10-10-2025,08:36:28,COMPLETED,0,1
79KWH,8,1,FULL,10-10-2025,08:35:16,10-10-2025,09:42:28,10-10-2025,09:45:27,COMPLETED,0,1
79KWH,8,3,FULL,10-10-2025,08:36:35,10-10-2025,08:36:37,10-10-2025,08:38:55,COMPLETED,0,1
79KWH,8,3,FULL,10-10-2025,08:39:03,10-10-2025,08:39:05,10-10-2025,08:41:25,COMPLETED,0,1
79KWH,8,3,FULL,10-10-2025,08:41:33,10-10-2025,08:41:34,10-10-2025,08:43:59,COMPLETED,0,1
79KWH,8,3,FULL,10-10-2025,08:44:06,10-10-2025,08:44:08,10-10-2025,08:46:30,COMPLETED,0,1
79KWH,8,3,FULL,10-10-2025,08:46:37,10-10-2025,08:46:39,10-10-2025,08:49:00,COMPLETED,0,1
79KWH,8,3,FULL,10-10-2025,08:49:08,10-10-2025,08:49:12,10-10-2025,08:51:36,COMPLETED,0,1
79KWH,8,3,FULL,10-10-2025,08:51:42,10-10-2025,08:51:44,10-10-2025,08:54:05,COMPLETED,0,1
79KWH,8,3,FULL,10-10-2025,08:54:14,10-10-2025,08:54:14,10-10-2025,08:56:40,COMPLETED,0,1
79KWH,8,3,FULL,10-10-2025,08:56:47,10-10-2025,08:56:49,10-10-2025,08:59:12,COMPLETED,0,1
79KWH,8,3,FULL,10-10-2025,08:59:20,10-10-2025,08:59:21,10-10-2025,09:01:47,COMPLETED,0,1
79KWH,8,3,FULL,10-10-2025,09:01:53,10-10-2025,09:01:56,10-10-2025,09:04:20,COMPLETED,0,1
79KWH,8,3,FULL,10-10-2025,09:04:28,10-10-2025,09:04:28,10-10-2025,09:06:56,COMPLETED,0,1
79KWH,8,3,FULL,10-10-2025,09:07:02,10-10-2025,09:07:06,10-10-2025,09:09:32,COMPLETED,0,1
79KWH,8,3,FULL,10-10-2025,09:09:40,10-10-2025,09:09:40,10-10-2025,09:12:08,COMPLETED,0,1
79KWH,8,3,FULL,10-10-2025,09:12:14,10-10-2025,09:12:18,10-10-2025,09:14:45,COMPLETED,0,1
79KWH,8,3,FULL,10-10-2025,09:14:55,10-10-2025,09:14:55,10-10-2025,09:17:25,COMPLETED,0,1
79KWH,8,3,FULL,10-10-2025,09:17:32,10-10-2025,09:17:35,10-10-2025,09:20:03,COMPLETED,0,1
79KWH,8,3,FULL,10-10-2025,09:20:11,10-10-2025,09:20:12,10-10-2025,09:22:45,COMPLETED,0,1
79KWH,8,3,FULL,10-10-2025,09:22:51,10-10-2025,09:22:53,10-10-2025,09:25:23,COMPLETED,0,1
79KWH,8,3,FULL,10-10-2025,09:25:31,10-10-2025,09:25:32,10-10-2025,09:28:05,COMPLETED,0,1
79KWH,8,3,FULL,10-10-2025,09:28:11,10-10-2025,09:28:13,10-10-2025,09:30:43,COMPLETED,0,1
79KWH,8,3,FULL,10-10-2025,09:30:53,10-10-2025,09:30:55,10-10-2025,09:33:29,COMPLETED,0,1
79KWH,8,3,FULL,10-10-2025,09:33:35,10-10-2025,09:33:38,10-10-2025,09:36:12,COMPLETED,0,1
79KWH,8,3,FULL,10-10-2025,09:36:20,10-10-2025,09:36:20,10-10-2025,09:38:57,COMPLETED,0,1
79KWH,8,3,FULL,10-10-2025,09:39:03,10-10-2025,09:39:06,10-10-2025,09:41:40,COMPLETED,0,1
79KWH,8,3,FULL,10-10-2025,09:41:49,10-10-2025,09:41:49,10-10-2025,09:44:26,COMPLETED,0,1
79KWH,8,3,FULL,10-10-2025,09:44:32,10-10-2025,09:44:36,10-10-2025,09:47:12,COMPLETED,0,1
79KWH,8,1,FULL,10-10-2025,09:45:41,10-10-2025,09:47:48,10-10-2025,09:50:51,COMPLETED,0,1
79KWH,8,3,FULL,10-10-2025,09:47:20,10-10-2025,09:47:21,10-10-2025,09:50:00,COMPLETED,0,1
79KWH,8,3,FULL,10-10-2025,09:50:07,10-10-2025,09:50:10,10-10-2025,09:52:47,COMPLETED,0,1
79KWH,8,3,FULL,10-10-2025,09:52:56,10-10-2025,09:52:57,10-10-2025,09:55:38,COMPLETED,0,1
79KWH,8,3,FULL,10-10-2025,09:55:43,10-10-2025,09:55:47,10-10-2025,09:58:26,COMPLETED,0,1
79KWH,8,3,FULL,10-10-2025,09:58:33,10-10-2025,09:58:34,10-10-2025,10:01:15,COMPLETED,0,1
79KWH,8,3,FULL,10-10-2025,10:01:21,10-10-2025,10:01:26,10-10-2025,10:04:07,COMPLETED,0,1
79KWH,8,3,FULL,10-10-2025,10:04:15,10-10-2025,10:04:15,10-10-2025,10:07:00,COMPLETED,0,1
79KWH,8,3,FULL,10-10-2025,10:07:06,10-10-2025,10:07:14,10-10-2025,10:09:57,COMPLETED,0,1
79KWH,8,3,FULL,10-10-2025,10:10:05,10-10-2025,10:10:06,10-10-2025,10:12:50,COMPLETED,0,1
79KWH,8,3,FULL,10-10-2025,10:12:56,10-10-2025,10:13:00,10-10-2025,10:15:45,COMPLETED,0,1
79KWH,8,3,FULL,10-10-2025,10:15:53,10-10-2025,10:15:55,10-10-2025,10:18:41,COMPLETED,0,1
79KWH,8,3,FULL,10-10-2025,10:18:52,10-10-2025,10:18:53,10-10-2025,10:21:38,COMPLETED,0,1
79KWH,8,3,FULL,10-10-2025,10:21:48,10-10-2025,10:21:48,10-10-2025,10:24:37,COMPLETED,0,1
79KWH,8,3,FULL,10-10-2025,10:24:45,10-10-2025,10:24:46,10-10-2025,10:27:33,COMPLETED,0,1
79KWH,8,3,FULL,10-10-2025,10:27:42,10-10-2025,10:27:43,10-10-2025,10:30:33,COMPLETED,0,1
79KWH,8,3,FULL,10-10-2025,10:30:40,10-10-2025,10:30:42,10-10-2025,10:33:32,COMPLETED,0,1
79KWH,8,3,FULL,10-10-2025,10:33:40,10-10-2025,10:33:41,10-10-2025,10:36:34,COMPLETED,0,1
79KWH,8,3,FULL,10-10-2025,10:36:40,10-10-2025,10:36:42,10-10-2025,10:39:32,COMPLETED,0,1
79KWH,8,3,FULL,10-10-2025,10:39:41,10-10-2025,10:39:42,10-10-2025,10:42:36,COMPLETED,0,1
79KWH,8,3,FULL,10-10-2025,10:42:42,10-10-2025,10:42:46,10-10-2025,10:45:38,COMPLETED,0,1
79KWH,8,3,FULL,10-10-2025,10:45:46,10-10-2025,10:45:47,10-10-2025,10:48:41,COMPLETED,0,1
79KWH,8,3,FULL,10-10-2025,10:48:48,10-10-2025,10:48:51,10-10-2025,10:51:44,COMPLETED,0,1
79KWH,8,3,FULL,10-10-2025,10:51:53,10-10-2025,10:51:54,10-10-2025,10:54:52,COMPLETED,0,1
79KWH,8,3,FULL,10-10-2025,10:54:59,10-10-2025,10:55:01,10-10-2025,10:57:56,COMPLETED,0,1
79KWH,8,3,FULL,10-10-2025,10:58:05,10-10-2025,10:58:05,10-10-2025,11:01:04,COMPLETED,0,1
79KWH,8,3,FULL,10-10-2025,11:01:15,10-10-2025,11:01:15,10-10-2025,11:04:12,COMPLETED,0,1
79KWH,8,3,FULL,10-10-2025,11:04:20,10-10-2025,11:04:21,10-10-2025,11:07:21,COMPLETED,0,1
79KWH,8,3,FULL,10-10-2025,11:07:27,10-10-2025,11:07:30,10-10-2025,11:10:29,COMPLETED,0,1
79KWH,8,3,FULL,10-10-2025,11:10:37,10-10-2025,11:10:37,10-10-2025,11:13:38,COMPLETED,0,1
79KWH,8,3,FULL,10-10-2025,11:13:44,10-10-2025,11:13:47,10-10-2025,11:16:46,COMPLETED,0,1
79KWH,8,3,FULL,10-10-2025,11:16:55,10-10-2025,11:16:55,10-10-2025,11:19:58,COMPLETED,0,1
79KWH,8,3,FULL,10-10-2025,11:20:04,10-10-2025,11:20:07,10-10-2025,11:23:09,COMPLETED,0,1
79KWH,8,3,FULL,10-10-2025,11:23:18,10-10-2025,11:23:19,10-10-2025,11:26:23,COMPLETED,0,1
79KWH,8,3,FULL,10-10-2025,11:26:29,10-10-2025,11:26:32,10-10-2025,11:29:35,COMPLETED,0,1
79KWH,8,3,FULL,10-10-2025,11:29:43,10-10-2025,11:29:44,10-10-2025,11:32:50,COMPLETED,0,1
79KWH,8,3,FULL,10-10-2025,11:32:56,10-10-2025,11:33:25,10-10-2025,11:36:28,COMPLETED,0,1
79KWH,8,3,FULL,10-10-2025,11:36:37,10-10-2025,11:36:38,10-10-2025,11:39:44,COMPLETED,0,1
79KWH,8,3,FULL,10-10-2025,11:39:51,10-10-2025,11:39:54,10-10-2025,11:42:58,COMPLETED,0,1
79KWH,8,3,FULL,10-10-2025,11:43:06,10-10-2025,11:44:36,10-10-2025,11:47:48,COMPLETED,0,1
79KWH,8,3,FULL,10-10-2025,11:47:53,10-10-2025,11:47:58,10-10-2025,11:51:04,COMPLETED,0,1
79KWH,8,3,FULL,10-10-2025,11:51:16,10-10-2025,11:51:17,10-10-2025,11:54:28,COMPLETED,0,1
79KWH,8,3,FULL,10-10-2025,11:54:34,10-10-2025,11:54:36,10-10-2025,11:57:44,COMPLETED,0,1
79KWH,8,1,FULL,10-10-2025,13:07:48,10-10-2025,13:07:48,10-10-2025,13:09:42,COMPLETED,0,1
79KWH,8,1,FULL,10-10-2025,13:09:56,10-10-2025,13:11:58,10-10-2025,13:15:02,COMPLETED,0,1
79KWH,8,1,FULL,10-10-2025,13:15:08,10-10-2025,13:15:11,10-10-2025,13:18:04,COMPLETED,0,1
79KWH,8,1,FULL,10-10-2025,13:18:17,10-10-2025,13:20:25,10-10-2025,13:23:29,COMPLETED,0,1
79KWH,8,1,FULL,10-10-2025,13:23:35,10-10-2025,13:23:37,10-10-2025,13:26:31,COMPLETED,0,1
79KWH,8,1,FULL,10-10-2025,13:26:45,10-10-2025,13:26:46,10-10-2025,13:29:44,COMPLETED,0,1
79KWH,8,1,FULL,10-10-2025,13:29:50,10-10-2025,13:29:52,10-10-2025,13:32:48,COMPLETED,0,1
79KWH,8,1,FULL,10-10-2025,13:33:01,10-10-2025,13:35:05,10-10-2025,13:38:11,COMPLETED,0,1
79KWH,8,3,FULL,10-10-2025,13:36:14,10-10-2025,13:38:15,10-10-2025,13:40:17,COMPLETED,0,1
79KWH,8,1,FULL,10-10-2025,13:38:17,10-10-2025,13:38:21,10-10-2025,13:41:18,COMPLETED,0,1
79KWH,8,3,FULL,10-10-2025,13:40:42,10-10-2025,13:40:43,10-10-2025,13:41:39,COMPLETED,0,1
79KWH,8,1,FULL,10-10-2025,13:41:33,10-10-2025,13:43:39,10-10-2025,13:46:45,COMPLETED,0,1
79KWH,8,3,FULL,10-10-2025,13:43:46,10-10-2025,13:43:46,10-10-2025,13:44:44,COMPLETED,0,1
79KWH,8,3,FULL,10-10-2025,13:44:52,10-10-2025,13:44:53,10-10-2025,13:55:29,COMPLETED,0,1
79KWH,8,1,FULL,10-10-2025,13:46:51,10-10-2025,13:46:55,10-10-2025,13:49:54,COMPLETED,0,1
79KWH,8,2,FULL,10-10-2025,13:48:34,10-10-2025,13:48:34,10-10-2025,13:51:40,COMPLETED,0,1
79KWH,8,1,FULL,10-10-2025,13:50:07,10-10-2025,13:50:08,10-10-2025,13:53:10,COMPLETED,0,1
79KWH,8,2,FULL,10-10-2025,13:51:46,10-10-2025,13:51:50,10-10-2025,13:54:48,COMPLETED,0,1
79KWH,8,1,FULL,10-10-2025,13:53:16,10-10-2025,13:53:19,10-10-2025,13:56:19,COMPLETED,0,1
79KWH,8,2,FULL,10-10-2025,13:54:56,10-10-2025,13:54:56,10-10-2025,13:57:57,COMPLETED,0,1
79KWH,8,1,FULL,10-10-2025,13:56:33,10-10-2025,13:56:33,10-10-2025,13:59:36,COMPLETED,0,1
79KWH,8,2,FULL,10-10-2025,13:58:03,10-10-2025,13:59:58,10-10-2025,14:03:02,COMPLETED,0,1
79KWH,8,1,FULL,10-10-2025,13:59:42,10-10-2025,14:01:56,10-10-2025,14:05:01,COMPLETED,0,1
79KWH,8,2,FULL,10-10-2025,14:03:10,10-10-2025,14:03:11,10-10-2025,14:06:13,COMPLETED,0,1
79KWH,8,1,FULL,10-10-2025,14:05:15,10-10-2025,14:05:17,10-10-2025,14:08:21,COMPLETED,0,1
79KWH,8,2,FULL,10-10-2025,14:06:19,10-10-2025,14:06:22,10-10-2025,14:09:23,COMPLETED,0,1
79KWH,8,1,FULL,10-10-2025,14:08:29,10-10-2025,14:08:31,10-10-2025,14:11:34,COMPLETED,0,1
79KWH,8,2,FULL,10-10-2025,14:09:30,10-10-2025,14:11:21,10-10-2025,14:13:52,COMPLETED,0,1
79KWH,8,1,FULL,10-10-2025,14:11:47,10-10-2025,14:11:47,10-10-2025,14:14:56,COMPLETED,0,1
79KWH,8,2,FULL,10-10-2025,14:13:58,10-10-2025,14:14:02,10-10-2025,14:15:50,COMPLETED,0,1
79KWH,8,1,FULL,10-10-2025,14:15:02,10-10-2025,14:15:06,10-10-2025,14:18:10,COMPLETED,0,1
79KWH,8,2,FULL,10-10-2025,14:15:58,10-10-2025,14:15:58,10-10-2025,14:17:49,COMPLETED,0,1
79KWH,8,1,FULL,10-10-2025,14:18:24,10-10-2025,14:18:26,10-10-2025,14:21:34,COMPLETED,0,1
79KWH,8,1,FULL,10-10-2025,14:21:40,10-10-2025,14:24:01,10-10-2025,14:27:09,COMPLETED,0,1
79KWH,8,1,FULL,10-10-2025,14:27:23,10-10-2025,14:28:30,10-10-2025,14:31:41,COMPLETED,0,1
79KWH,8,1,FULL,10-10-2025,14:31:47,10-10-2025,14:31:50,10-10-2025,14:34:58,COMPLETED,0,1
79KWH,8,2,FULL,10-10-2025,14:35:18,10-10-2025,14:35:18,10-10-2025,14:37:47,COMPLETED,0,1
79KWH,8,1,FULL,10-10-2025,14:36:35,10-10-2025,14:36:36,10-10-2025,14:38:37,COMPLETED,0,1
79KWH,8,2,FULL,10-10-2025,14:37:55,10-10-2025,14:37:56,10-10-2025,14:39:47,COMPLETED,0,1
79KWH,8,1,FULL,10-10-2025,14:38:47,10-10-2025,14:38:48,10-10-2025,14:39:42,COMPLETED,0,1
79KWH,8,2,FULL,10-10-2025,14:39:53,10-10-2025,14:39:56,10-10-2025,14:41:47,COMPLETED,0,1
79KWH,8,1,FULL,10-10-2025,14:40:16,10-10-2025,14:42:04,10-10-2025,14:44:07,COMPLETED,0,1
79KWH,8,2,FULL,10-10-2025,14:41:55,10-10-2025,14:41:55,10-10-2025,14:43:50,COMPLETED,0,1
79KWH,8,2,FULL,10-10-2025,14:43:56,10-10-2025,14:43:59,10-10-2025,14:45:51,COMPLETED,0,1
79KWH,8,1,FULL,10-10-2025,14:44:14,10-10-2025,14:44:16,10-10-2025,14:45:07,COMPLETED,0,1
79KWH,8,1,FULL,10-10-2025,14:45:25,10-10-2025,14:47:18,10-10-2025,14:49:23,COMPLETED,0,1
79KWH,8,2,FULL,10-10-2025,14:46:00,10-10-2025,14:46:01,10-10-2025,14:47:56,COMPLETED,0,1
79KWH,8,2,FULL,10-10-2025,14:48:03,10-10-2025,14:48:05,10-10-2025,14:49:59,COMPLETED,0,1
79KWH,8,1,FULL,10-10-2025,14:49:29,10-10-2025,14:49:32,10-10-2025,14:50:26,COMPLETED,0,1
79KWH,8,2,FULL,10-10-2025,14:50:06,10-10-2025,14:50:07,10-10-2025,14:52:03,COMPLETED,0,1
79KWH,8,1,FULL,10-10-2025,14:50:43,10-10-2025,14:56:16,10-10-2025,14:57:14,COMPLETED,0,1
79KWH,8,2,FULL,10-10-2025,14:52:10,10-10-2025,14:52:13,10-10-2025,14:54:07,COMPLETED,0,1
79KWH,8,2,FULL,10-10-2025,14:54:15,10-10-2025,14:54:16,10-10-2025,14:56:14,COMPLETED,0,1
79KWH,8,2,FULL,10-10-2025,14:56:20,10-10-2025,14:56:23,10-10-2025,14:58:20,COMPLETED,0,1
79KWH,8,1,FULL,10-10-2025,14:57:19,10-10-2025,14:59:29,10-10-2025,15:01:33,COMPLETED,0,1
79KWH,8,2,FULL,10-10-2025,14:58:28,10-10-2025,14:58:28,10-10-2025,15:00:28,COMPLETED,0,1
79KWH,8,2,FULL,10-10-2025,15:00:35,10-10-2025,15:00:37,10-10-2025,15:02:35,COMPLETED,0,1
79KWH,8,1,FULL,10-10-2025,15:01:45,10-10-2025,15:01:47,10-10-2025,15:02:48,COMPLETED,0,1
79KWH,8,1,FULL,10-10-2025,15:02:55,10-10-2025,15:06:04,10-10-2025,15:07:02,COMPLETED,0,1
79KWH,8,2,FULL,10-10-2025,15:03:17,10-10-2025,15:03:18,10-10-2025,15:05:18,COMPLETED,0,1
79KWH,8,2,FULL,10-10-2025,15:05:25,10-10-2025,15:05:27,10-10-2025,15:07:27,COMPLETED,0,1
79KWH,8,1,FULL,10-10-2025,15:07:16,10-10-2025,15:07:17,10-10-2025,15:08:18,COMPLETED,0,1
79KWH,8,2,FULL,10-10-2025,15:07:35,10-10-2025,15:07:35,10-10-2025,15:09:38,COMPLETED,0,1
79KWH,8,1,FULL,10-10-2025,15:08:24,10-10-2025,15:08:28,10-10-2025,15:09:28,COMPLETED,0,1
79KWH,8,1,FULL,10-10-2025,15:09:41,10-10-2025,15:09:42,10-10-2025,15:11:30,COMPLETED,0,1
79KWH,8,1,FULL,10-10-2025,15:11:37,10-10-2025,15:11:38,10-10-2025,15:12:46,COMPLETED,0,1
79KWH,8,1,FULL,10-10-2025,15:39:38,10-10-2025,15:42:06,10-10-2025,15:43:12,COMPLETED,0,1
79KWH,8,2,FULL,10-10-2025,15:40:10,10-10-2025,15:40:11,10-10-2025,15:42:12,COMPLETED,0,1
79KWH,8,2,FULL,10-10-2025,15:42:20,10-10-2025,15:42:22,10-10-2025,15:44:25,COMPLETED,0,1
79KWH,8,1,FULL,10-10-2025,15:43:19,10-10-2025,15:45:24,10-10-2025,15:47:59,COMPLETED,0,1
79KWH,8,2,FULL,10-10-2025,15:44:33,10-10-2025,15:44:34,10-10-2025,15:46:37,COMPLETED,0,1
79KWH,8,2,FULL,10-10-2025,15:46:45,10-10-2025,15:46:50,10-10-2025,15:48:55,COMPLETED,0,1
79KWH,8,1,FULL,10-10-2025,15:48:14,10-10-2025,15:48:14,10-10-2025,15:49:52,COMPLETED,0,1
79KWH,8,2,FULL,10-10-2025,15:49:01,10-10-2025,15:49:09,10-10-2025,15:51:12,COMPLETED,0,1
79KWH,8,1,FULL,10-10-2025,15:50:01,10-10-2025,15:52:14,10-10-2025,15:54:28,COMPLETED,0,1
79KWH,8,2,FULL,10-10-2025,15:51:20,10-10-2025,15:51:21,10-10-2025,15:53:26,COMPLETED,0,1
79KWH,8,2,FULL,10-10-2025,15:53:32,10-10-2025,15:53:35,10-10-2025,15:55:40,COMPLETED,0,1
79KWH,8,1,FULL,10-10-2025,15:54:41,10-10-2025,16:02:01,10-10-2025,16:04:30,COMPLETED,0,1
79KWH,8,2,FULL,10-10-2025,15:55:47,10-10-2025,15:55:48,10-10-2025,15:57:56,COMPLETED,0,1
79KWH,8,2,FULL,10-10-2025,15:58:02,10-10-2025,15:58:06,10-10-2025,16:00:13,COMPLETED,0,1
79KWH,8,2,FULL,10-10-2025,16:00:21,10-10-2025,16:00:22,10-10-2025,16:02:32,COMPLETED,0,1
79KWH,8,2,FULL,10-10-2025,16:02:39,10-10-2025,16:02:41,10-10-2025,16:04:49,COMPLETED,0,1
79KWH,8,1,FULL,10-10-2025,16:04:37,10-10-2025,16:04:39,10-10-2025,16:05:51,COMPLETED,0,1
79KWH,8,2,FULL,10-10-2025,16:04:57,10-10-2025,16:04:58,10-10-2025,16:07:07,COMPLETED,0,1
79KWH,8,1,FULL,10-10-2025,16:06:05,10-10-2025,17:05:10,10-10-2025,17:08:04,COMPLETED,0,1
79KWH,8,2,FULL,10-10-2025,16:07:14,10-10-2025,16:07:17,10-10-2025,16:09:25,COMPLETED,0,1
79KWH,8,2,FULL,10-10-2025,16:09:33,10-10-2025,16:09:34,10-10-2025,16:11:45,COMPLETED,0,1
79KWH,8,2,FULL,10-10-2025,16:11:51,10-10-2025,16:11:55,10-10-2025,16:14:05,COMPLETED,0,1
79KWH,8,2,FULL,10-10-2025,16:14:13,10-10-2025,16:14:14,10-10-2025,16:16:28,COMPLETED,0,1
79KWH,8,3,FULL,10-10-2025,16:15:47,10-10-2025,16:18:28,10-10-2025,16:19:26,COMPLETED,0,1
79KWH,8,2,FULL,10-10-2025,16:16:34,10-10-2025,16:16:37,10-10-2025,16:18:49,COMPLETED,0,1
79KWH,8,2,FULL,10-10-2025,16:18:58,10-10-2025,16:19:00,10-10-2025,16:21:14,COMPLETED,0,1
79KWH,8,3,FULL,10-10-2025,16:19:33,10-10-2025,16:28:16,10-10-2025,16:37:21,COMPLETED,0,1
79KWH,8,2,FULL,10-10-2025,16:21:20,10-10-2025,16:21:24,10-10-2025,16:23:37,COMPLETED,0,1
79KWH,8,2,FULL,10-10-2025,16:23:46,10-10-2025,16:23:46,10-10-2025,16:26:02,COMPLETED,0,1
79KWH,8,2,FULL,10-10-2025,16:26:09,10-10-2025,16:26:11,10-10-2025,16:28:25,COMPLETED,0,1
79KWH,8,3,FULL,10-10-2025,16:37:42,10-10-2025,16:37:42,10-10-2025,16:38:45,COMPLETED,0,1
79KWH,8,3,FULL,10-10-2025,16:38:52,10-10-2025,16:38:54,10-10-2025,16:39:56,COMPLETED,0,1
79KWH,8,3,FULL,10-10-2025,16:40:12,10-10-2025,16:40:13,10-10-2025,16:41:18,COMPLETED,0,1
79KWH,8,3,FULL,10-10-2025,16:41:24,10-10-2025,16:41:28,10-10-2025,16:42:31,COMPLETED,0,1
79KWH,8,3,FULL,10-10-2025,16:42:50,10-10-2025,16:42:51,10-10-2025,16:43:58,COMPLETED,0,1
79KWH,8,3,FULL,10-10-2025,16:44:04,10-10-2025,16:44:08,10-10-2025,16:45:13,COMPLETED,0,1
79KWH,8,3,FULL,10-10-2025,16:45:31,10-10-2025,16:45:32,10-10-2025,16:46:39,COMPLETED,0,1
79KWH,8,3,FULL,10-10-2025,16:46:49,10-10-2025,16:46:51,10-10-2025,16:47:58,COMPLETED,0,1
79KWH,8,3,FULL,10-10-2025,16:48:17,10-10-2025,16:48:18,10-10-2025,16:49:26,COMPLETED,0,1
79KWH,8,3,FULL,10-10-2025,16:49:33,10-10-2025,16:49:36,10-10-2025,16:50:44,COMPLETED,0,1
79KWH,8,3,FULL,10-10-2025,16:51:03,10-10-2025,16:51:04,10-10-2025,16:52:14,COMPLETED,0,1
79KWH,8,3,FULL,10-10-2025,16:52:20,10-10-2025,16:52:23,10-10-2025,16:53:31,COMPLETED,0,1
79KWH,8,3,FULL,10-10-2025,16:53:52,10-10-2025,16:53:53,10-10-2025,16:55:05,COMPLETED,0,1
79KWH,8,3,FULL,10-10-2025,16:55:14,10-10-2025,16:55:15,10-10-2025,16:56:24,COMPLETED,0,1
79KWH,8,3,FULL,10-10-2025,16:56:44,10-10-2025,16:56:47,10-10-2025,16:58:00,COMPLETED,0,1
79KWH,8,3,FULL,10-10-2025,16:58:06,10-10-2025,16:58:09,10-10-2025,16:59:20,COMPLETED,0,1
79KWH,8,3,FULL,10-10-2025,16:59:38,10-10-2025,16:59:38,10-10-2025,17:00:53,COMPLETED,0,1
79KWH,8,3,FULL,10-10-2025,17:01:01,10-10-2025,17:01:03,10-10-2025,17:02:15,COMPLETED,0,1
79KWH,8,3,FULL,10-10-2025,17:02:34,10-10-2025,17:02:35,10-10-2025,17:03:51,COMPLETED,0,1
79KWH,8,3,FULL,10-10-2025,17:04:01,10-10-2025,17:04:01,10-10-2025,17:05:16,COMPLETED,0,1
79KWH,8,3,FULL,10-10-2025,17:05:34,10-10-2025,17:05:34,10-10-2025,17:06:52,COMPLETED,0,1
79KWH,8,3,FULL,10-10-2025,17:06:58,10-10-2025,17:07:02,10-10-2025,17:08:17,COMPLETED,0,1
79KWH,8,1,FULL,10-10-2025,17:08:10,10-10-2025,17:08:13,10-10-2025,17:09:26,COMPLETED,0,1
79KWH,8,3,FULL,10-10-2025,17:08:36,10-10-2025,17:08:37,10-10-2025,17:09:55,COMPLETED,0,1
79KWH,8,1,FULL,10-10-2025,17:09:40,10-10-2025,17:09:41,10-10-2025,17:10:57,COMPLETED,0,1
79KWH,8,3,FULL,10-10-2025,17:10:01,10-10-2025,17:10:04,10-10-2025,17:11:20,COMPLETED,0,1
79KWH,8,1,FULL,10-10-2025,17:11:02,10-10-2025,17:11:05,10-10-2025,17:12:19,COMPLETED,0,1
79KWH,8,3,FULL,10-10-2025,17:11:40,10-10-2025,17:11:41,10-10-2025,17:13:00,COMPLETED,0,1
79KWH,8,1,FULL,10-10-2025,17:12:33,10-10-2025,17:12:33,10-10-2025,17:13:51,COMPLETED,0,1
79KWH,8,3,FULL,10-10-2025,17:13:07,10-10-2025,17:13:09,10-10-2025,17:14:27,COMPLETED,0,1
79KWH,8,1,FULL,10-10-2025,17:13:57,10-10-2025,17:14:00,10-10-2025,17:15:15,COMPLETED,0,1
79KWH,8,3,FULL,10-10-2025,17:14:45,10-10-2025,17:14:46,10-10-2025,17:16:07,COMPLETED,0,1
79KWH,8,1,FULL,10-10-2025,17:15:29,10-10-2025,17:15:30,10-10-2025,17:16:48,COMPLETED,0,1
79KWH,8,1,FULL,10-10-2025,17:16:54,10-10-2025,17:16:57,10-10-2025,17:18:13,COMPLETED,0,1
79KWH,8,1,FULL,10-10-2025,17:18:26,10-10-2025,17:20:44,10-10-2025,17:23:02,COMPLETED,0,1
79KWH,8,1,FULL,10-10-2025,17:23:08,10-10-2025,17:23:12,10-10-2025,17:24:30,COMPLETED,0,1
79KWH,8,1,FULL,10-10-2025,17:24:46,10-10-2025,17:24:49,10-10-2025,17:26:10,COMPLETED,0,1
79KWH,8,1,FULL,10-10-2025,17:26:17,10-10-2025,17:26:19,10-10-2025,17:27:40,COMPLETED,0,1
79KWH,8,1,FULL,10-10-2025,17:27:54,10-10-2025,17:30:06,10-10-2025,17:32:26,COMPLETED,0,1
79KWH,8,1,FULL,10-10-2025,17:32:32,10-10-2025,17:32:35,10-10-2025,17:33:56,COMPLETED,0,1
79KWH,8,1,FULL,10-10-2025,17:34:09,10-10-2025,17:36:30,10-10-2025,17:38:51,COMPLETED,0,1
79KWH,8,3,FULL,10-10-2025,17:38:15,10-10-2025,17:38:16,10-10-2025,17:40:30,COMPLETED,0,1
79KWH,8,1,FULL,10-10-2025,17:38:56,10-10-2025,17:38:59,10-10-2025,17:40:22,COMPLETED,0,1
79KWH,8,1,FULL,10-10-2025,17:40:37,10-10-2025,17:40:39,10-10-2025,17:42:05,COMPLETED,0,1
79KWH,8,3,FULL,10-10-2025,17:40:49,10-10-2025,17:42:34,10-10-2025,17:44:52,COMPLETED,0,1
79KWH,8,1,FULL,10-10-2025,17:42:12,10-10-2025,17:42:15,10-10-2025,17:43:40,COMPLETED,0,1
79KWH,8,1,FULL,10-10-2025,17:43:54,10-10-2025,17:43:54,10-10-2025,17:45:22,COMPLETED,0,1
79KWH,8,3,FULL,10-10-2025,17:44:59,10-10-2025,17:45:01,10-10-2025,17:46:22,COMPLETED,0,1
79KWH,8,1,FULL,10-10-2025,17:45:28,10-10-2025,17:45:31,10-10-2025,17:46:57,COMPLETED,0,1
79KWH,8,3,FULL,10-10-2025,17:46:39,10-10-2025,17:48:23,10-10-2025,17:50:41,COMPLETED,0,1
79KWH,8,1,FULL,10-10-2025,17:47:10,10-10-2025,17:49:26,10-10-2025,17:51:51,COMPLETED,0,1
79KWH,8,3,FULL,10-10-2025,17:50:47,10-10-2025,17:50:50,10-10-2025,17:52:11,COMPLETED,0,1
79KWH,8,1,FULL,10-10-2025,17:51:57,10-10-2025,17:52:00,10-10-2025,17:53:30,COMPLETED,0,1
79KWH,8,3,FULL,10-10-2025,17:52:28,10-10-2025,17:54:15,10-10-2025,18:20:49,COMPLETED,0,1
79KWH,8,1,FULL,10-10-2025,17:53:44,10-10-2025,17:56:06,10-10-2025,17:58:32,COMPLETED,0,1
79KWH,8,1,FULL,10-10-2025,17:58:38,10-10-2025,17:58:40,10-10-2025,18:00:13,COMPLETED,0,1
79KWH,8,1,FULL,10-10-2025,18:00:26,10-10-2025,18:00:26,10-10-2025,18:02:02,COMPLETED,0,1
79KWH,8,1,FULL,10-10-2025,18:02:08,10-10-2025,18:02:11,10-10-2025,18:03:44,COMPLETED,0,1
79KWH,8,1,FULL,10-10-2025,18:03:58,10-10-2025,18:06:17,10-10-2025,18:08:44,COMPLETED,0,1
79KWH,8,1,FULL,10-10-2025,18:08:51,10-10-2025,18:08:52,10-10-2025,18:10:27,COMPLETED,0,1
79KWH,8,1,FULL,10-10-2025,18:10:42,10-10-2025,18:10:43,10-10-2025,18:12:23,COMPLETED,0,1
79KWH,8,1,FULL,10-10-2025,18:12:30,10-10-2025,18:12:31,10-10-2025,18:14:10,COMPLETED,0,1
79KWH,8,1,FULL,10-10-2025,18:14:24,10-10-2025,18:14:25,10-10-2025,18:16:07,COMPLETED,0,1
79KWH,8,1,FULL,10-10-2025,18:16:13,10-10-2025,18:16:17,10-10-2025,18:17:57,COMPLETED,0,1
79KWH,8,1,FULL,10-10-2025,18:18:11,10-10-2025,18:18:12,10-10-2025,18:19:55,COMPLETED,0,1
79KWH,8,1,FULL,10-10-2025,18:20:02,10-10-2025,18:20:05,10-10-2025,18:21:47,COMPLETED,0,1
79KWH,8,3,FULL,10-10-2025,18:20:55,10-10-2025,18:24:49,10-10-2025,18:27:07,COMPLETED,0,1
79KWH,8,1,FULL,10-10-2025,18:22:00,10-10-2025,18:24:26,10-10-2025,18:26:59,COMPLETED,0,1
79KWH,8,1,FULL,10-10-2025,18:27:05,10-10-2025,18:29:37,10-10-2025,18:32:07,COMPLETED,0,1
79KWH,8,3,FULL,10-10-2025,18:27:22,10-10-2025,18:29:09,10-10-2025,18:31:29,COMPLETED,0,1
79KWH,8,3,FULL,10-10-2025,18:31:35,10-10-2025,18:33:28,10-10-2025,18:35:47,COMPLETED,0,1
79KWH,8,1,FULL,10-10-2025,18:32:20,10-10-2025,18:34:48,10-10-2025,18:37:21,COMPLETED,0,1
79KWH,8,3,FULL,10-10-2025,18:36:03,10-10-2025,18:37:50,10-10-2025,18:40:11,COMPLETED,0,1
79KWH,8,1,FULL,10-10-2025,18:37:28,10-10-2025,18:37:31,10-10-2025,18:39:19,COMPLETED,0,1
79KWH,8,1,FULL,10-10-2025,18:39:32,10-10-2025,18:39:34,10-10-2025,18:41:26,COMPLETED,0,1
79KWH,8,3,FULL,10-10-2025,18:40:17,10-10-2025,18:40:19,10-10-2025,18:41:45,COMPLETED,0,1
79KWH,8,1,FULL,10-10-2025,18:41:32,10-10-2025,18:41:35,10-10-2025,18:43:27,COMPLETED,0,1
79KWH,8,3,FULL,10-10-2025,18:42:01,10-10-2025,18:43:42,10-10-2025,18:46:03,COMPLETED,0,1
79KWH,8,1,FULL,10-10-2025,18:43:40,10-10-2025,18:43:41,10-10-2025,18:45:35,COMPLETED,0,1
79KWH,8,1,FULL,10-10-2025,18:45:40,10-10-2025,18:45:44,10-10-2025,18:47:35,COMPLETED,0,1
79KWH,8,3,FULL,10-10-2025,18:46:09,10-10-2025,18:48:05,10-10-2025,18:50:23,COMPLETED,0,1
79KWH,8,1,FULL,10-10-2025,18:47:50,10-10-2025,18:47:50,10-10-2025,18:49:45,COMPLETED,0,1
79KWH,8,1,FULL,10-10-2025,18:49:51,10-10-2025,18:52:26,10-10-2025,18:55:00,COMPLETED,0,1
79KWH,8,3,FULL,10-10-2025,18:50:39,10-10-2025,18:52:19,10-10-2025,18:54:41,COMPLETED,0,1
79KWH,8,3,FULL,10-10-2025,18:54:49,10-10-2025,18:54:50,10-10-2025,18:56:20,COMPLETED,0,1
79KWH,8,1,FULL,10-10-2025,18:55:13,10-10-2025,18:57:44,10-10-2025,19:00:21,COMPLETED,0,1
79KWH,8,3,FULL,10-10-2025,18:56:36,10-10-2025,18:58:19,10-10-2025,19:00:43,COMPLETED,0,1
79KWH,8,1,FULL,10-10-2025,19:00:27,10-10-2025,19:00:30,10-10-2025,19:02:24,COMPLETED,0,1
79KWH,8,3,FULL,10-10-2025,19:00:49,10-10-2025,19:00:51,10-10-2025,19:02:21,COMPLETED,0,1
79KWH,8,1,FULL,10-10-2025,19:02:38,10-10-2025,19:02:39,10-10-2025,19:04:36,COMPLETED,0,1
79KWH,8,3,FULL,10-10-2025,19:02:39,10-10-2025,19:04:16,10-10-2025,19:06:39,COMPLETED,0,1
79KWH,8,1,FULL,10-10-2025,19:04:42,10-10-2025,19:07:18,10-10-2025,19:09:53,COMPLETED,0,1
79KWH,8,3,FULL,10-10-2025,19:06:46,10-10-2025,19:06:48,10-10-2025,19:08:21,COMPLETED,0,1
79KWH,8,3,FULL,10-10-2025,19:08:38,10-10-2025,19:10:50,10-10-2025,19:13:15,COMPLETED,0,1
79KWH,8,1,FULL,10-10-2025,19:10:06,10-10-2025,19:12:36,10-10-2025,19:15:15,COMPLETED,0,1
79KWH,8,3,FULL,10-10-2025,19:13:22,10-10-2025,19:15:09,10-10-2025,19:17:33,COMPLETED,0,1
79KWH,8,1,FULL,10-10-2025,19:15:21,10-10-2025,19:15:24,10-10-2025,19:17:23,COMPLETED,0,1
79KWH,8,1,FULL,10-10-2025,19:17:37,10-10-2025,19:17:37,10-10-2025,19:19:39,COMPLETED,0,1
79KWH,8,3,FULL,10-10-2025,19:17:50,10-10-2025,19:19:31,10-10-2025,19:21:58,COMPLETED,0,1
79KWH,8,1,FULL,10-10-2025,19:19:45,10-10-2025,19:19:47,10-10-2025,19:21:46,COMPLETED,0,1
79KWH,8,1,FULL,10-10-2025,19:22:00,10-10-2025,19:22:00,10-10-2025,19:24:04,COMPLETED,0,1
79KWH,8,3,FULL,10-10-2025,19:22:04,10-10-2025,19:22:06,10-10-2025,19:23:45,COMPLETED,0,1
79KWH,8,3,FULL,10-10-2025,19:24:02,10-10-2025,19:25:36,10-10-2025,19:28:05,COMPLETED,0,1
79KWH,8,1,FULL,10-10-2025,19:24:10,10-10-2025,19:24:12,10-10-2025,19:26:15,COMPLETED,0,1
79KWH,8,1,FULL,10-10-2025,19:26:29,10-10-2025,19:26:31,10-10-2025,19:28:36,COMPLETED,0,1
79KWH,8,3,FULL,10-10-2025,19:28:10,10-10-2025,19:28:59,10-10-2025,19:30:38,COMPLETED,0,1
79KWH,8,1,FULL,10-10-2025,19:28:42,10-10-2025,19:28:46,10-10-2025,19:30:50,COMPLETED,0,1
79KWH,8,3,FULL,10-10-2025,19:30:56,10-10-2025,19:32:34,10-10-2025,19:49:41,COMPLETED,0,1
79KWH,8,1,FULL,10-10-2025,19:31:04,10-10-2025,19:31:04,10-10-2025,19:33:12,COMPLETED,0,1
79KWH,8,1,FULL,10-10-2025,19:33:18,10-10-2025,19:33:19,10-10-2025,19:35:25,COMPLETED,0,1
79KWH,8,1,FULL,10-10-2025,19:35:38,10-10-2025,19:35:39,10-10-2025,19:37:48,COMPLETED,0,1
79KWH,8,1,FULL,10-10-2025,19:37:54,10-10-2025,19:37:57,10-10-2025,19:40:04,COMPLETED,0,1
79KWH,8,1,FULL,10-10-2025,19:40:18,10-10-2025,19:40:18,10-10-2025,19:42:30,COMPLETED,0,1
79KWH,8,1,FULL,10-10-2025,19:42:35,10-10-2025,19:42:39,10-10-2025,19:44:48,COMPLETED,0,1
79KWH,8,1,FULL,10-10-2025,19:45:02,10-10-2025,19:45:04,10-10-2025,19:47:15,COMPLETED,0,1
79KWH,8,1,FULL,10-10-2025,19:47:21,10-10-2025,19:47:24,10-10-2025,19:49:35,COMPLETED,0,1
79KWH,8,3,FULL,10-10-2025,19:49:48,10-10-2025,19:49:50,10-10-2025,19:51:46,COMPLETED,0,1
79KWH,8,1,FULL,10-10-2025,19:49:49,10-10-2025,19:49:49,10-10-2025,19:52:02,COMPLETED,0,1
79KWH,8,3,FULL,10-10-2025,19:52:02,10-10-2025,19:53:33,10-10-2025,19:56:02,COMPLETED,0,1
79KWH,8,1,FULL,10-10-2025,19:52:09,10-10-2025,19:52:11,10-10-2025,19:54:23,COMPLETED,0,1
79KWH,8,1,FULL,10-10-2025,19:54:38,10-10-2025,19:57:08,10-10-2025,19:59:55,COMPLETED,0,1
79KWH,8,3,FULL,10-10-2025,19:56:10,10-10-2025,19:56:11,10-10-2025,19:57:54,COMPLETED,0,1
79KWH,8,3,FULL,10-10-2025,19:58:10,10-10-2025,19:59:44,10-10-2025,20:02:13,COMPLETED,0,1
79KWH,8,1,FULL,10-10-2025,20:00:00,10-10-2025,20:00:04,10-10-2025,20:02:16,COMPLETED,0,1
79KWH,8,3,FULL,10-10-2025,20:02:19,10-10-2025,20:03:57,10-10-2025,20:06:24,COMPLETED,0,1
79KWH,8,1,FULL,10-10-2025,20:02:30,10-10-2025,20:02:31,10-10-2025,20:04:46,COMPLETED,0,1
79KWH,8,1,FULL,10-10-2025,20:04:52,10-10-2025,20:04:56,10-10-2025,20:07:09,COMPLETED,0,1
79KWH,8,3,FULL,10-10-2025,20:06:41,10-10-2025,20:08:11,10-10-2025,20:10:41,COMPLETED,0,1
79KWH,8,1,FULL,10-10-2025,20:07:22,10-10-2025,20:07:23,10-10-2025,20:09:40,COMPLETED,0,1
79KWH,8,3,FULL,10-10-2025,20:10:50,10-10-2025,20:12:27,10-10-2025,20:14:56,COMPLETED,0,1
79KWH,8,3,FULL,10-10-2025,20:15:14,10-10-2025,20:16:47,10-10-2025,20:19:18,COMPLETED,0,1
79KWH,8,3,FULL,10-10-2025,20:19:25,10-10-2025,20:19:27,10-10-2025,20:21:14,COMPLETED,0,1
79KWH,8,3,FULL,10-10-2025,20:50:31,10-10-2025,20:50:31,10-10-2025,20:53:03,COMPLETED,0,1
79KWH,8,1,FULL,10-10-2025,20:50:57,10-10-2025,20:53:54,10-10-2025,20:56:39,COMPLETED,0,1
79KWH,8,3,FULL,10-10-2025,20:53:09,10-10-2025,20:53:13,10-10-2025,20:55:01,COMPLETED,0,1
79KWH,8,3,FULL,10-10-2025,20:55:19,10-10-2025,20:55:21,10-10-2025,20:57:12,COMPLETED,0,1
79KWH,8,2,FULL,10-10-2025,20:56:06,10-10-2025,20:56:08,10-10-2025,20:58:52,COMPLETED,0,1
79KWH,8,1,FULL,10-10-2025,20:56:56,10-10-2025,20:56:57,10-10-2025,20:59:22,COMPLETED,0,1
79KWH,8,3,FULL,10-10-2025,20:57:18,10-10-2025,20:57:22,10-10-2025,20:59:11,COMPLETED,0,1
79KWH,8,2,FULL,10-10-2025,20:58:58,10-10-2025,20:59:02,10-10-2025,21:01:16,COMPLETED,0,1
79KWH,8,3,FULL,10-10-2025,20:59:28,10-10-2025,20:59:29,10-10-2025,21:01:22,COMPLETED,0,1
79KWH,8,1,FULL,10-10-2025,20:59:29,10-10-2025,20:59:30,10-10-2025,21:01:53,COMPLETED,0,1
79KWH,8,3,FULL,10-10-2025,21:01:28,10-10-2025,21:01:32,10-10-2025,21:03:23,COMPLETED,0,1
79KWH,8,1,FULL,10-10-2025,21:02:07,10-10-2025,21:02:08,10-10-2025,21:04:27,COMPLETED,0,1
79KWH,8,3,FULL,10-10-2025,21:03:40,10-10-2025,21:03:40,10-10-2025,21:05:35,COMPLETED,0,1
79KWH,8,1,FULL,10-10-2025,21:04:34,10-10-2025,21:04:37,10-10-2025,21:06:54,COMPLETED,0,1
79KWH,8,3,FULL,10-10-2025,21:05:41,10-10-2025,21:05:44,10-10-2025,21:07:39,COMPLETED,0,1
79KWH,8,1,FULL,10-10-2025,21:07:08,10-10-2025,21:07:09,10-10-2025,21:09:31,COMPLETED,0,1
79KWH,8,3,FULL,10-10-2025,21:07:57,10-10-2025,21:07:58,10-10-2025,21:09:55,COMPLETED,0,1
79KWH,8,1,FULL,10-10-2025,21:09:38,10-10-2025,21:09:39,10-10-2025,21:11:59,COMPLETED,0,1
79KWH,8,3,FULL,10-10-2025,21:10:01,10-10-2025,21:10:05,10-10-2025,21:12:01,COMPLETED,0,1
79KWH,8,1,FULL,10-10-2025,21:12:13,10-10-2025,21:12:13,10-10-2025,21:14:35,COMPLETED,0,1
79KWH,8,3,FULL,10-10-2025,21:12:17,10-10-2025,21:12:18,10-10-2025,21:14:17,COMPLETED,0,1
79KWH,8,3,FULL,10-10-2025,21:14:23,10-10-2025,21:14:27,10-10-2025,21:16:24,COMPLETED,0,1
79KWH,8,1,FULL,10-10-2025,21:14:41,10-10-2025,21:14:47,10-10-2025,21:17:07,COMPLETED,0,1
79KWH,8,3,FULL,10-10-2025,21:16:41,10-10-2025,21:16:45,10-10-2025,21:18:46,COMPLETED,0,1
79KWH,8,1,FULL,10-10-2025,21:17:21,10-10-2025,21:17:22,10-10-2025,21:19:46,COMPLETED,0,1
79KWH,8,3,FULL,10-10-2025,21:18:52,10-10-2025,21:18:55,10-10-2025,21:20:55,COMPLETED,0,1
79KWH,8,1,FULL,10-10-2025,21:19:52,10-10-2025,21:19:54,10-10-2025,21:22:17,COMPLETED,0,1
79KWH,8,3,FULL,10-10-2025,21:21:14,10-10-2025,21:21:15,10-10-2025,21:23:18,COMPLETED,0,1
79KWH,8,1,FULL,10-10-2025,21:22:30,10-10-2025,21:22:31,10-10-2025,21:24:56,COMPLETED,0,1
79KWH,8,3,FULL,10-10-2025,21:23:24,10-10-2025,21:23:27,10-10-2025,21:25:29,COMPLETED,0,1
79KWH,8,1,FULL,10-10-2025,21:25:02,10-10-2025,21:27:45,10-10-2025,21:30:34,COMPLETED,0,1
79KWH,8,3,FULL,10-10-2025,21:25:44,10-10-2025,21:28:09,10-10-2025,21:30:50,COMPLETED,0,1
79KWH,8,2,FULL,10-10-2025,21:30:42,10-10-2025,21:30:43,10-10-2025,21:33:48,COMPLETED,0,1
79KWH,8,1,FULL,10-10-2025,21:30:48,10-10-2025,21:30:48,10-10-2025,21:33:14,COMPLETED,0,1
79KWH,8,3,FULL,10-10-2025,21:30:56,10-10-2025,21:30:59,10-10-2025,21:33:04,COMPLETED,0,1
79KWH,8,3,FULL,10-10-2025,21:33:20,10-10-2025,21:34:54,10-10-2025,21:37:34,COMPLETED,0,1
79KWH,8,1,FULL,10-10-2025,21:33:21,10-10-2025,21:33:23,10-10-2025,21:35:49,COMPLETED,0,1
79KWH,8,2,FULL,10-10-2025,21:33:54,10-10-2025,21:33:58,10-10-2025,21:36:14,COMPLETED,0,1
79KWH,8,1,FULL,10-10-2025,21:36:03,10-10-2025,21:36:04,10-10-2025,21:38:32,COMPLETED,0,1
79KWH,8,3,FULL,10-10-2025,21:37:41,10-10-2025,21:37:43,10-10-2025,21:39:48,COMPLETED,0,1
79KWH,8,1,FULL,10-10-2025,21:38:38,10-10-2025,21:38:40,10-10-2025,21:41:05,COMPLETED,0,1
79KWH,8,3,FULL,10-10-2025,21:40:05,10-10-2025,21:40:06,10-10-2025,21:42:15,COMPLETED,0,1
79KWH,8,1,FULL,10-10-2025,21:41:18,10-10-2025,21:41:18,10-10-2025,21:43:48,COMPLETED,0,1
79KWH,8,3,FULL,10-10-2025,21:42:21,10-10-2025,21:42:24,10-10-2025,21:44:32,COMPLETED,0,1
79KWH,8,1,FULL,10-10-2025,21:43:54,10-10-2025,21:43:56,10-10-2025,21:46:23,COMPLETED,0,1
79KWH,8,3,FULL,10-10-2025,21:44:48,10-10-2025,21:46:35,10-10-2025,21:49:17,COMPLETED,0,1
79KWH,8,1,FULL,10-10-2025,21:46:38,10-10-2025,21:49:19,10-10-2025,21:52:13,COMPLETED,0,1
79KWH,8,3,FULL,10-10-2025,21:49:23,10-10-2025,21:49:27,10-10-2025,21:51:36,COMPLETED,0,1
79KWH,8,3,FULL,10-10-2025,21:51:54,10-10-2025,21:53:26,10-10-2025,21:56:10,COMPLETED,0,1
79KWH,8,1,FULL,10-10-2025,21:52:19,10-10-2025,21:55:04,10-10-2025,21:57:56,COMPLETED,0,1
79KWH,8,3,FULL,10-10-2025,21:56:16,10-10-2025,21:56:18,10-10-2025,21:58:29,COMPLETED,0,1
79KWH,8,1,FULL,10-10-2025,21:58:10,10-10-2025,21:58:11,10-10-2025,22:00:42,COMPLETED,0,1
79KWH,8,3,FULL,10-10-2025,21:58:45,10-10-2025,21:58:46,10-10-2025,22:00:58,COMPLETED,0,1
79KWH,8,1,FULL,10-10-2025,22:00:49,10-10-2025,22:00:52,10-10-2025,22:03:22,COMPLETED,0,1
79KWH,8,3,FULL,10-10-2025,22:01:05,10-10-2025,22:01:08,10-10-2025,22:03:19,COMPLETED,0,1
79KWH,8,1,FULL,10-10-2025,22:03:35,10-10-2025,22:03:36,10-10-2025,22:06:08,COMPLETED,0,1
79KWH,8,3,FULL,10-10-2025,22:03:35,10-10-2025,22:03:37,10-10-2025,22:05:51,COMPLETED,0,1
79KWH,8,3,FULL,10-10-2025,22:05:57,10-10-2025,22:06:01,10-10-2025,22:08:14,COMPLETED,0,1
79KWH,8,1,FULL,10-10-2025,22:06:15,10-10-2025,22:06:18,10-10-2025,22:08:49,COMPLETED,0,1
79KWH,8,3,FULL,10-10-2025,22:08:32,10-10-2025,22:08:34,10-10-2025,22:10:49,COMPLETED,0,1
79KWH,8,1,FULL,10-10-2025,22:09:02,10-10-2025,22:11:43,10-10-2025,22:14:38,COMPLETED,0,1
79KWH,8,2,FULL,10-10-2025,22:09:30,10-10-2025,22:09:31,10-10-2025,22:12:18,COMPLETED,0,1
79KWH,8,3,FULL,10-10-2025,22:10:55,10-10-2025,22:10:59,10-10-2025,22:13:13,COMPLETED,0,1
79KWH,8,2,FULL,10-10-2025,22:12:24,10-10-2025,22:13:46,10-10-2025,22:16:30,COMPLETED,0,1
79KWH,8,3,FULL,10-10-2025,22:13:30,10-10-2025,22:15:11,10-10-2025,22:17:56,COMPLETED,0,1
79KWH,8,1,FULL,10-10-2025,22:14:44,10-10-2025,22:14:48,10-10-2025,22:17:21,COMPLETED,0,1
79KWH,8,1,FULL,10-10-2025,22:17:35,10-10-2025,22:20:10,10-10-2025,22:23:07,COMPLETED,0,1
79KWH,8,3,FULL,10-10-2025,22:18:03,10-10-2025,22:18:06,10-10-2025,22:20:22,COMPLETED,0,1
79KWH,8,3,FULL,10-10-2025,22:20:40,10-10-2025,22:20:41,10-10-2025,22:23:00,COMPLETED,0,1
79KWH,8,3,FULL,10-10-2025,22:23:05,10-10-2025,22:23:08,10-10-2025,22:25:25,COMPLETED,0,1
79KWH,8,1,FULL,10-10-2025,22:23:12,10-10-2025,22:23:15,10-10-2025,22:25:48,COMPLETED,0,1
79KWH,8,3,FULL,10-10-2025,22:25:45,10-10-2025,22:25:45,10-10-2025,22:28:05,COMPLETED,0,1
79KWH,8,1,FULL,10-10-2025,22:26:02,10-10-2025,22:26:05,10-10-2025,22:28:41,COMPLETED,0,1
79KWH,8,3,FULL,10-10-2025,22:28:11,10-10-2025,22:28:14,10-10-2025,22:41:25,COMPLETED,0,1
79KWH,8,1,FULL,10-10-2025,22:28:48,10-10-2025,22:28:50,10-10-2025,22:31:26,COMPLETED,0,1
79KWH,8,1,FULL,10-10-2025,22:31:41,10-10-2025,22:31:42,10-10-2025,22:34:21,COMPLETED,0,1
79KWH,8,1,FULL,10-10-2025,22:34:27,10-10-2025,22:34:31,10-10-2025,22:37:08,COMPLETED,0,1
79KWH,8,2,FULL,10-10-2025,22:36:16,10-10-2025,22:36:17,10-10-2025,22:39:03,COMPLETED,0,1
79KWH,8,1,FULL,10-10-2025,22:37:21,10-10-2025,22:40:03,10-10-2025,22:43:02,COMPLETED,0,1
79KWH,8,2,FULL,10-10-2025,22:39:12,10-10-2025,22:40:30,10-10-2025,22:43:14,COMPLETED,0,1
79KWH,8,3,FULL,10-10-2025,22:41:41,10-10-2025,22:44:01,10-10-2025,22:46:49,COMPLETED,0,1
79KWH,8,1,FULL,10-10-2025,22:43:08,10-10-2025,22:43:11,10-10-2025,22:45:51,COMPLETED,0,1
79KWH,8,1,FULL,10-10-2025,22:46:05,10-10-2025,22:46:06,10-10-2025,22:48:49,COMPLETED,0,1
79KWH,8,3,FULL,10-10-2025,22:46:55,10-10-2025,22:48:50,10-10-2025,22:51:35,COMPLETED,0,1
79KWH,8,1,FULL,10-10-2025,22:48:54,10-10-2025,22:48:57,10-10-2025,22:51:36,COMPLETED,0,1
79KWH,8,1,FULL,10-10-2025,22:51:52,10-10-2025,22:51:53,10-10-2025,22:54:36,COMPLETED,0,1
79KWH,8,3,FULL,10-10-2025,22:51:56,10-10-2025,22:51:58,10-10-2025,22:54:21,COMPLETED,0,1
79KWH,8,3,FULL,10-10-2025,22:54:27,10-10-2025,22:54:30,10-10-2025,22:56:51,COMPLETED,0,1
79KWH,8,1,FULL,10-10-2025,22:54:43,10-10-2025,22:54:45,10-10-2025,22:57:27,COMPLETED,0,1
79KWH,8,3,FULL,10-10-2025,22:57:07,10-10-2025,22:58:45,10-10-2025,23:01:34,COMPLETED,0,1
79KWH,8,1,FULL,10-10-2025,22:57:41,10-10-2025,23:00:18,10-10-2025,23:03:20,COMPLETED,0,1
79KWH,8,2,FULL,10-10-2025,22:58:21,10-10-2025,22:58:21,10-10-2025,23:01:09,COMPLETED,0,1
79KWH,8,2,FULL,10-10-2025,23:01:16,10-10-2025,23:01:18,10-10-2025,23:03:39,COMPLETED,0,1
79KWH,8,3,FULL,10-10-2025,23:01:40,10-10-2025,23:01:42,10-10-2025,23:04:04,COMPLETED,0,1
79KWH,8,1,FULL,10-10-2025,23:03:27,10-10-2025,23:03:28,10-10-2025,23:06:11,COMPLETED,0,1
79KWH,8,3,FULL,10-10-2025,23:04:22,10-10-2025,23:06:04,10-10-2025,23:13:44,COMPLETED,0,1
79KWH,8,1,FULL,10-10-2025,23:06:24,10-10-2025,23:09:08,10-10-2025,23:12:10,COMPLETED,0,1
79KWH,8,1,FULL,10-10-2025,23:12:16,10-10-2025,23:12:19,10-10-2025,23:15:03,COMPLETED,0,1
79KWH,8,3,FULL,10-10-2025,23:13:52,10-10-2025,23:14:22,10-10-2025,23:16:45,COMPLETED,0,1
79KWH,8,1,FULL,10-10-2025,23:15:16,10-10-2025,23:15:16,10-10-2025,23:18:04,COMPLETED,0,1
79KWH,8,3,FULL,10-10-2025,23:17:01,10-10-2025,23:17:02,10-10-2025,23:19:30,COMPLETED,0,1
79KWH,8,1,FULL,10-10-2025,23:18:09,10-10-2025,23:18:12,10-10-2025,23:20:58,COMPLETED,0,1
79KWH,8,3,FULL,10-10-2025,23:19:36,10-10-2025,23:19:38,10-10-2025,23:22:05,COMPLETED,0,1
79KWH,8,1,FULL,10-10-2025,23:21:12,10-10-2025,23:23:51,10-10-2025,23:26:53,COMPLETED,0,1
79KWH,8,2,FULL,10-10-2025,23:22:19,10-10-2025,23:22:20,10-10-2025,23:25:07,COMPLETED,0,1
79KWH,8,3,FULL,10-10-2025,23:22:21,10-10-2025,23:24:02,10-10-2025,23:26:53,COMPLETED,0,1
79KWH,8,2,FULL,10-10-2025,23:25:14,10-10-2025,23:25:17,10-10-2025,23:27:38,COMPLETED,0,1
79KWH,8,3,FULL,10-10-2025,23:26:58,10-10-2025,23:27:02,10-10-2025,23:29:29,COMPLETED,0,1
79KWH,8,1,FULL,10-10-2025,23:26:58,10-10-2025,23:27:02,10-10-2025,23:29:48,COMPLETED,0,1
79KWH,8,3,FULL,10-10-2025,23:29:47,10-10-2025,23:29:49,10-10-2025,23:32:19,COMPLETED,0,1
79KWH,8,1,FULL,10-10-2025,23:30:02,10-10-2025,23:32:45,10-10-2025,23:35:49,COMPLETED,0,1
79KWH,8,3,FULL,10-10-2025,23:32:24,10-10-2025,23:32:29,10-10-2025,23:34:57,COMPLETED,0,1
79KWH,8,3,FULL,10-10-2025,23:35:16,10-10-2025,23:36:57,10-10-2025,23:39:50,COMPLETED,0,1
79KWH,8,1,FULL,10-10-2025,23:35:56,10-10-2025,23:35:58,10-10-2025,23:38:47,COMPLETED,0,1
79KWH,8,1,FULL,10-10-2025,23:39:00,10-10-2025,23:41:40,10-10-2025,23:44:45,COMPLETED,0,1
79KWH,8,3,FULL,10-10-2025,23:39:56,10-10-2025,23:40:01,10-10-2025,23:42:31,COMPLETED,0,1
79KWH,8,3,FULL,10-10-2025,23:42:52,10-10-2025,23:44:26,10-10-2025,23:47:20,COMPLETED,0,1
79KWH,8,1,FULL,10-10-2025,23:44:52,10-10-2025,23:44:54,10-10-2025,23:47:43,COMPLETED,0,1
79KWH,8,2,FULL,11-10-2025,00:27:25,11-10-2025,00:27:27,11-10-2025,00:30:16,COMPLETED,0,1
79KWH,8,2,FULL,11-10-2025,06:55:25,11-10-2025,06:55:26,11-10-2025,06:58:15,COMPLETED,0,1
79KWH,8,1,FULL,11-10-2025,06:56:42,11-10-2025,06:56:43,11-10-2025,06:59:48,COMPLETED,0,1
79KWH,8,3,FULL,11-10-2025,06:57:35,11-10-2025,06:59:39,11-10-2025,07:02:34,COMPLETED,0,1
79KWH,8,2,FULL,11-10-2025,06:58:22,11-10-2025,06:59:39,11-10-2025,07:02:26,COMPLETED,0,1
79KWH,8,1,FULL,11-10-2025,06:59:54,11-10-2025,07:02:45,11-10-2025,07:05:47,COMPLETED,0,1
79KWH,8,3,FULL,11-10-2025,07:23:29,11-10-2025,07:23:29,11-10-2025,07:26:22,COMPLETED,0,1
79KWH,8,2,FULL,11-10-2025,07:23:34,11-10-2025,07:23:35,11-10-2025,07:26:26,COMPLETED,0,1
79KWH,8,1,FULL,11-10-2025,07:25:18,11-10-2025,07:25:19,11-10-2025,07:28:25,COMPLETED,0,1
79KWH,8,2,FULL,11-10-2025,07:26:32,11-10-2025,07:26:35,11-10-2025,07:29:02,COMPLETED,0,1
79KWH,8,3,FULL,11-10-2025,07:26:35,11-10-2025,07:28:15,11-10-2025,07:31:09,COMPLETED,0,1
79KWH,8,1,FULL,11-10-2025,07:28:31,11-10-2025,07:31:23,11-10-2025,07:34:27,COMPLETED,0,1
79KWH,8,3,FULL,11-10-2025,07:31:15,11-10-2025,07:33:09,11-10-2025,07:36:02,COMPLETED,0,1
79KWH,8,1,FULL,11-10-2025,07:42:16,11-10-2025,07:42:17,11-10-2025,07:45:11,COMPLETED,0,1
79KWH,8,2,FULL,11-10-2025,07:45:15,11-10-2025,07:45:16,11-10-2025,07:48:07,COMPLETED,0,1
79KWH,8,2,FULL,11-10-2025,07:48:30,11-10-2025,07:49:32,11-10-2025,07:52:20,COMPLETED,0,1
79KWH,8,3,FULL,11-10-2025,07:48:42,11-10-2025,07:48:43,11-10-2025,08:37:06,COMPLETED,0,1
79KWH,8,1,FULL,11-10-2025,07:49:41,11-10-2025,07:51:16,11-10-2025,07:54:19,COMPLETED,0,1
79KWH,8,1,FULL,11-10-2025,07:54:33,11-10-2025,07:54:34,11-10-2025,07:57:29,COMPLETED,0,1
79KWH,8,1,FULL,11-10-2025,07:57:34,11-10-2025,07:57:37,11-10-2025,08:00:31,COMPLETED,0,1
79KWH,8,1,FULL,11-10-2025,08:00:45,11-10-2025,08:00:45,11-10-2025,08:03:44,COMPLETED,0,1
79KWH,8,1,FULL,11-10-2025,08:03:50,11-10-2025,08:06:37,11-10-2025,08:09:44,COMPLETED,0,1
79KWH,8,2,FULL,11-10-2025,08:05:14,11-10-2025,08:05:15,11-10-2025,08:08:07,COMPLETED,0,1
79KWH,8,2,FULL,11-10-2025,08:08:13,11-10-2025,08:08:17,11-10-2025,08:10:48,COMPLETED,0,1
79KWH,8,1,FULL,11-10-2025,08:09:58,11-10-2025,08:09:59,11-10-2025,08:13:02,COMPLETED,0,1
79KWH,8,1,FULL,11-10-2025,08:13:07,11-10-2025,08:13:10,11-10-2025,08:16:11,COMPLETED,0,1
79KWH,8,1,FULL,11-10-2025,08:16:25,11-10-2025,08:16:26,11-10-2025,08:19:31,COMPLETED,0,1
79KWH,8,1,FULL,11-10-2025,08:19:37,11-10-2025,08:19:40,11-10-2025,08:22:43,COMPLETED,0,1
79KWH,8,1,FULL,11-10-2025,08:22:56,11-10-2025,08:25:41,11-10-2025,08:28:53,COMPLETED,0,1
79KWH,8,1,FULL,11-10-2025,08:28:59,11-10-2025,08:29:02,11-10-2025,08:32:08,COMPLETED,0,1
79KWH,8,1,FULL,11-10-2025,08:32:23,11-10-2025,08:35:02,11-10-2025,08:38:15,COMPLETED,0,1
79KWH,8,3,FULL,11-10-2025,08:37:13,11-10-2025,08:42:15,11-10-2025,08:45:08,COMPLETED,0,1
79KWH,8,1,FULL,11-10-2025,08:38:21,11-10-2025,08:38:24,11-10-2025,08:41:30,COMPLETED,0,1
79KWH,8,1,FULL,11-10-2025,08:41:45,11-10-2025,08:41:46,11-10-2025,08:44:56,COMPLETED,0,1
79KWH,8,1,FULL,11-10-2025,08:45:02,11-10-2025,08:45:06,11-10-2025,08:48:15,COMPLETED,0,1
79KWH,8,3,FULL,11-10-2025,08:45:21,11-10-2025,08:47:01,11-10-2025,08:49:19,COMPLETED,0,1
79KWH,8,1,FULL,11-10-2025,08:48:29,11-10-2025,08:48:30,11-10-2025,08:51:41,COMPLETED,0,1
79KWH,8,3,FULL,11-10-2025,08:49:25,11-10-2025,08:49:28,11-10-2025,08:50:49,COMPLETED,0,1
79KWH,8,3,FULL,11-10-2025,08:51:02,11-10-2025,08:52:54,11-10-2025,08:55:12,COMPLETED,0,1
79KWH,8,1,FULL,11-10-2025,08:51:47,11-10-2025,08:51:51,11-10-2025,08:55:01,COMPLETED,0,1
79KWH,8,2,FULL,11-10-2025,08:51:47,11-10-2025,08:51:47,11-10-2025,08:54:42,COMPLETED,0,1
79KWH,8,2,FULL,11-10-2025,08:54:50,11-10-2025,08:54:50,11-10-2025,08:57:24,COMPLETED,0,1
79KWH,8,1,FULL,11-10-2025,08:55:14,11-10-2025,08:58:01,11-10-2025,09:01:16,COMPLETED,0,1
79KWH,8,3,FULL,11-10-2025,08:55:18,11-10-2025,08:55:21,11-10-2025,08:56:42,COMPLETED,0,1
79KWH,8,3,FULL,11-10-2025,08:56:56,11-10-2025,08:56:57,11-10-2025,08:58:22,COMPLETED,0,1
79KWH,8,3,FULL,11-10-2025,08:58:28,11-10-2025,08:58:31,11-10-2025,08:59:54,COMPLETED,0,1
79KWH,8,3,FULL,11-10-2025,09:00:07,11-10-2025,09:00:07,11-10-2025,09:01:34,COMPLETED,0,1
79KWH,8,1,FULL,11-10-2025,09:01:22,11-10-2025,09:04:13,11-10-2025,09:07:27,COMPLETED,0,1
79KWH,8,3,FULL,11-10-2025,09:01:40,11-10-2025,09:01:43,11-10-2025,09:03:09,COMPLETED,0,1
79KWH,8,3,FULL,11-10-2025,09:03:22,11-10-2025,09:03:23,11-10-2025,09:04:51,COMPLETED,0,1
79KWH,8,3,FULL,11-10-2025,09:04:57,11-10-2025,09:05:02,11-10-2025,09:06:30,COMPLETED,0,1
79KWH,8,3,FULL,11-10-2025,09:06:43,11-10-2025,09:06:43,11-10-2025,09:08:15,COMPLETED,0,1
79KWH,8,1,FULL,11-10-2025,09:07:42,11-10-2025,09:07:44,11-10-2025,09:10:58,COMPLETED,0,1
79KWH,8,3,FULL,11-10-2025,09:08:20,11-10-2025,09:08:23,11-10-2025,09:09:53,COMPLETED,0,1
79KWH,8,3,FULL,11-10-2025,09:10:06,11-10-2025,09:11:47,11-10-2025,09:14:09,COMPLETED,0,1
79KWH,8,1,FULL,11-10-2025,09:11:04,11-10-2025,09:11:07,11-10-2025,09:14:20,COMPLETED,0,1
79KWH,8,3,FULL,11-10-2025,09:14:15,11-10-2025,09:16:05,11-10-2025,09:18:25,COMPLETED,0,1
79KWH,8,1,FULL,11-10-2025,09:14:29,11-10-2025,09:14:30,11-10-2025,09:17:00,COMPLETED,0,1
79KWH,8,1,FULL,11-10-2025,09:17:06,11-10-2025,09:17:09,11-10-2025,09:18:11,COMPLETED,0,1
79KWH,8,3,FULL,11-10-2025,09:18:39,11-10-2025,09:18:40,11-10-2025,09:20:14,COMPLETED,0,1
79KWH,8,3,FULL,11-10-2025,09:37:42,11-10-2025,09:37:43,11-10-2025,09:40:04,COMPLETED,0,1
79KWH,8,2,FULL,11-10-2025,09:38:36,11-10-2025,09:38:39,11-10-2025,09:41:32,COMPLETED,0,1
79KWH,8,2,FULL,11-10-2025,09:41:42,11-10-2025,09:41:42,11-10-2025,09:44:16,COMPLETED,0,1
79KWH,8,1,FULL,11-10-2025,09:47:11,11-10-2025,13:19:12,11-10-2025,13:21:19,COMPLETED,0,1
79KWH,8,3,FULL,11-10-2025,09:47:56,11-10-2025,09:48:38,11-10-2025,09:51:13,COMPLETED,0,1
79KWH,8,2,FULL,11-10-2025,09:50:26,11-10-2025,09:50:29,11-10-2025,09:53:24,COMPLETED,0,1
79KWH,8,3,FULL,11-10-2025,09:51:20,11-10-2025,09:51:22,11-10-2025,09:53:17,COMPLETED,0,1
79KWH,8,2,FULL,11-10-2025,09:53:30,11-10-2025,09:53:34,11-10-2025,09:56:10,COMPLETED,0,1
79KWH,8,3,FULL,11-10-2025,09:53:31,11-10-2025,09:55:04,11-10-2025,09:57:29,COMPLETED,0,1
79KWH,8,3,FULL,11-10-2025,09:57:37,11-10-2025,09:57:38,11-10-2025,09:59:12,COMPLETED,0,1
79KWH,8,3,FULL,11-10-2025,09:59:27,11-10-2025,10:01:28,11-10-2025,10:03:54,COMPLETED,0,1
79KWH,8,3,FULL,11-10-2025,10:19:01,11-10-2025,10:19:02,11-10-2025,10:21:24,COMPLETED,0,1
79KWH,8,2,FULL,11-10-2025,11:20:43,11-10-2025,11:20:44,11-10-2025,11:23:39,COMPLETED,0,1
79KWH,8,3,FULL,11-10-2025,11:33:20,11-10-2025,11:34:40,11-10-2025,11:37:06,COMPLETED,0,1
79KWH,8,2,FULL,11-10-2025,11:34:54,11-10-2025,11:34:54,11-10-2025,11:37:30,COMPLETED,0,1
79KWH,8,3,FULL,11-10-2025,11:37:14,11-10-2025,11:37:16,11-10-2025,11:38:54,COMPLETED,0,1
79KWH,8,2,FULL,11-10-2025,11:37:39,11-10-2025,11:37:41,11-10-2025,11:40:21,COMPLETED,0,1
79KWH,8,3,FULL,11-10-2025,11:39:11,11-10-2025,11:40:48,11-10-2025,11:43:15,COMPLETED,0,1
79KWH,8,2,FULL,11-10-2025,11:40:29,11-10-2025,11:40:32,11-10-2025,11:43:11,COMPLETED,0,1
79KWH,8,3,FULL,11-10-2025,11:43:50,11-10-2025,11:43:58,11-10-2025,11:45:44,COMPLETED,0,1
79KWH,8,3,FULL,11-10-2025,11:47:15,11-10-2025,11:49:50,11-10-2025,11:52:19,COMPLETED,0,1
79KWH,8,3,FULL,11-10-2025,11:52:24,11-10-2025,11:52:30,11-10-2025,11:54:12,COMPLETED,0,1
79KWH,8,3,FULL,11-10-2025,11:54:25,11-10-2025,11:56:09,11-10-2025,11:58:39,COMPLETED,0,1
79KWH,8,3,FULL,11-10-2025,11:58:46,11-10-2025,11:58:50,11-10-2025,12:00:32,COMPLETED,0,1
79KWH,8,3,FULL,11-10-2025,12:00:47,11-10-2025,12:02:21,11-10-2025,12:04:50,COMPLETED,0,1
79KWH,8,3,FULL,11-10-2025,12:04:58,11-10-2025,12:05:00,11-10-2025,12:06:44,COMPLETED,0,1
79KWH,8,3,FULL,11-10-2025,12:22:33,11-10-2025,12:23:32,11-10-2025,12:26:02,COMPLETED,0,1
79KWH,8,3,FULL,11-10-2025,12:26:09,11-10-2025,12:26:14,11-10-2025,12:27:58,COMPLETED,0,1
79KWH,8,3,FULL,11-10-2025,12:28:11,11-10-2025,12:29:51,11-10-2025,12:32:22,COMPLETED,0,1
79KWH,8,3,FULL,11-10-2025,12:32:28,11-10-2025,12:32:31,11-10-2025,12:34:18,COMPLETED,0,1
79KWH,8,3,FULL,11-10-2025,12:34:32,11-10-2025,12:36:05,11-10-2025,12:38:36,COMPLETED,0,1
79KWH,8,3,FULL,11-10-2025,12:38:43,11-10-2025,12:38:46,11-10-2025,12:40:33,COMPLETED,0,1
79KWH,8,3,FULL,11-10-2025,12:40:46,11-10-2025,12:42:25,11-10-2025,12:44:57,COMPLETED,0,1
79KWH,8,3,FULL,11-10-2025,12:45:04,11-10-2025,12:45:06,11-10-2025,12:46:56,COMPLETED,0,1
79KWH,8,3,FULL,11-10-2025,12:47:09,11-10-2025,12:48:41,11-10-2025,12:51:14,COMPLETED,0,1
79KWH,8,3,FULL,11-10-2025,12:51:21,11-10-2025,12:53:10,11-10-2025,12:55:02,COMPLETED,0,1
79KWH,8,3,FULL,11-10-2025,12:55:16,11-10-2025,12:56:51,11-10-2025,12:59:25,COMPLETED,0,1
79KWH,8,3,FULL,11-10-2025,12:59:31,11-10-2025,13:01:15,11-10-2025,13:03:47,COMPLETED,0,1
79KWH,8,3,FULL,11-10-2025,13:04:01,11-10-2025,13:05:31,11-10-2025,13:08:06,COMPLETED,0,1
79KWH,8,3,FULL,11-10-2025,13:08:12,11-10-2025,13:08:15,11-10-2025,13:10:09,COMPLETED,0,1
79KWH,8,3,FULL,11-10-2025,13:10:22,11-10-2025,13:11:57,11-10-2025,13:14:31,COMPLETED,0,1
79KWH,8,3,FULL,11-10-2025,13:14:37,11-10-2025,13:16:15,11-10-2025,13:18:48,COMPLETED,0,1
79KWH,8,3,FULL,11-10-2025,13:19:04,11-10-2025,13:20:40,11-10-2025,13:23:15,COMPLETED,0,1
79KWH,8,1,FULL,11-10-2025,13:21:25,11-10-2025,13:21:27,11-10-2025,13:22:21,COMPLETED,0,1
79KWH,8,1,FULL,11-10-2025,13:22:36,11-10-2025,13:24:38,11-10-2025,13:26:54,COMPLETED,0,1
79KWH,8,3,FULL,11-10-2025,13:23:21,11-10-2025,13:24:58,11-10-2025,13:27:31,COMPLETED,0,1
79KWH,8,1,FULL,11-10-2025,13:27:04,11-10-2025,13:27:05,11-10-2025,13:28:01,COMPLETED,0,1
79KWH,8,3,FULL,11-10-2025,13:27:46,11-10-2025,13:29:18,11-10-2025,13:31:55,COMPLETED,0,1
79KWH,8,1,FULL,11-10-2025,13:28:15,11-10-2025,13:28:16,11-10-2025,13:29:16,COMPLETED,0,1
79KWH,8,1,FULL,11-10-2025,13:29:22,11-10-2025,13:29:26,11-10-2025,13:30:25,COMPLETED,0,1
79KWH,8,1,FULL,11-10-2025,13:30:39,11-10-2025,13:32:45,11-10-2025,13:34:55,COMPLETED,0,1
79KWH,8,3,FULL,11-10-2025,13:32:02,11-10-2025,13:32:04,11-10-2025,13:34:02,COMPLETED,0,1
79KWH,8,3,FULL,11-10-2025,13:34:15,11-10-2025,13:35:44,11-10-2025,13:38:21,COMPLETED,0,1
79KWH,8,1,FULL,11-10-2025,13:35:01,11-10-2025,13:35:03,11-10-2025,13:36:04,COMPLETED,0,1
79KWH,8,1,FULL,11-10-2025,13:36:17,11-10-2025,13:38:17,11-10-2025,13:40:28,COMPLETED,0,1
79KWH,8,3,FULL,11-10-2025,13:38:27,11-10-2025,13:38:30,11-10-2025,13:40:29,COMPLETED,0,1
79KWH,8,1,FULL,11-10-2025,13:40:33,11-10-2025,13:40:37,11-10-2025,13:41:40,COMPLETED,0,1
79KWH,8,3,FULL,11-10-2025,13:40:42,11-10-2025,13:42:12,11-10-2025,13:44:50,COMPLETED,0,1
79KWH,8,1,FULL,11-10-2025,13:41:54,11-10-2025,13:41:55,11-10-2025,13:43:01,COMPLETED,0,1
79KWH,8,1,FULL,11-10-2025,13:43:07,11-10-2025,13:43:10,11-10-2025,13:44:15,COMPLETED,0,1
79KWH,8,1,FULL,11-10-2025,13:44:29,11-10-2025,13:44:30,11-10-2025,13:45:36,COMPLETED,0,1
79KWH,8,3,FULL,11-10-2025,13:44:56,11-10-2025,13:46:31,11-10-2025,13:49:06,COMPLETED,0,1
79KWH,8,1,FULL,11-10-2025,13:45:44,11-10-2025,13:45:46,11-10-2025,13:46:51,COMPLETED,0,1
79KWH,8,1,FULL,11-10-2025,13:47:07,11-10-2025,13:47:09,11-10-2025,13:48:16,COMPLETED,0,1
79KWH,8,1,FULL,11-10-2025,13:48:22,11-10-2025,13:48:25,11-10-2025,13:49:30,COMPLETED,0,1
79KWH,8,3,FULL,11-10-2025,13:49:19,11-10-2025,13:50:52,11-10-2025,13:53:30,COMPLETED,0,1
79KWH,8,1,FULL,11-10-2025,13:49:45,11-10-2025,13:51:47,11-10-2025,13:54:00,COMPLETED,0,1
79KWH,8,3,FULL,11-10-2025,13:53:37,11-10-2025,13:53:39,11-10-2025,13:55:40,COMPLETED,0,1
79KWH,8,1,FULL,11-10-2025,13:54:06,11-10-2025,13:54:09,11-10-2025,13:55:17,COMPLETED,0,1
79KWH,8,1,FULL,11-10-2025,13:55:31,11-10-2025,13:57:28,11-10-2025,13:59:44,COMPLETED,0,1
79KWH,8,3,FULL,11-10-2025,13:55:54,11-10-2025,13:57:22,11-10-2025,14:00:01,COMPLETED,0,1
79KWH,8,1,FULL,11-10-2025,13:59:49,11-10-2025,13:59:52,11-10-2025,14:01:04,COMPLETED,0,1
79KWH,8,3,FULL,11-10-2025,14:00:07,11-10-2025,14:00:09,11-10-2025,14:02:12,COMPLETED,0,1
79KWH,8,1,FULL,11-10-2025,14:01:18,11-10-2025,14:03:17,11-10-2025,14:05:33,COMPLETED,0,1
79KWH,8,3,FULL,11-10-2025,14:02:25,11-10-2025,14:03:55,11-10-2025,14:06:35,COMPLETED,0,1
79KWH,8,1,FULL,11-10-2025,14:05:39,11-10-2025,14:05:42,11-10-2025,14:06:55,COMPLETED,0,1
79KWH,8,3,FULL,11-10-2025,14:06:42,11-10-2025,14:06:43,11-10-2025,14:08:47,COMPLETED,0,1
79KWH,8,1,FULL,11-10-2025,14:07:10,11-10-2025,14:07:10,11-10-2025,14:08:25,COMPLETED,0,1
79KWH,8,1,FULL,11-10-2025,14:08:33,11-10-2025,14:08:34,11-10-2025,14:09:48,COMPLETED,0,1
79KWH,8,3,FULL,11-10-2025,14:09:01,11-10-2025,14:10:26,11-10-2025,14:13:06,COMPLETED,0,1
79KWH,8,1,FULL,11-10-2025,14:10:02,11-10-2025,14:10:02,11-10-2025,14:11:19,COMPLETED,0,1
79KWH,8,1,FULL,11-10-2025,14:11:26,11-10-2025,14:11:29,11-10-2025,14:12:45,COMPLETED,0,1
79KWH,8,1,FULL,11-10-2025,14:13:01,11-10-2025,14:13:02,11-10-2025,14:14:19,COMPLETED,0,1
79KWH,8,3,FULL,11-10-2025,14:13:12,11-10-2025,14:14:49,11-10-2025,14:17:27,COMPLETED,0,1
79KWH,8,1,FULL,11-10-2025,14:14:25,11-10-2025,14:14:31,11-10-2025,14:15:47,COMPLETED,0,1
79KWH,8,1,FULL,11-10-2025,14:16:01,11-10-2025,14:16:02,11-10-2025,14:17:22,COMPLETED,0,1
79KWH,8,1,FULL,11-10-2025,14:17:28,11-10-2025,14:17:31,11-10-2025,14:18:51,COMPLETED,0,1
79KWH,8,3,FULL,11-10-2025,14:17:40,11-10-2025,14:19:06,11-10-2025,14:21:47,COMPLETED,0,1
79KWH,8,1,FULL,11-10-2025,14:19:05,11-10-2025,14:19:06,11-10-2025,14:20:30,COMPLETED,0,1
79KWH,8,3,FULL,11-10-2025,14:21:53,11-10-2025,14:23:30,11-10-2025,14:26:09,COMPLETED,0,1
79KWH,8,3,FULL,11-10-2025,14:26:22,11-10-2025,14:27:46,11-10-2025,14:30:27,COMPLETED,0,1
79KWH,8,3,FULL,11-10-2025,14:30:34,11-10-2025,14:30:37,11-10-2025,14:32:48,COMPLETED,0,1
79KWH,8,1,FULL,11-10-2025,14:31:32,11-10-2025,14:31:33,11-10-2025,14:33:50,COMPLETED,0,1
79KWH,8,3,FULL,11-10-2025,14:33:02,11-10-2025,14:34:28,11-10-2025,14:37:11,COMPLETED,0,1
79KWH,8,1,FULL,11-10-2025,14:34:04,11-10-2025,14:35:59,11-10-2025,14:38:20,COMPLETED,0,1
79KWH,8,3,FULL,11-10-2025,14:37:17,11-10-2025,14:37:20,11-10-2025,14:39:31,COMPLETED,0,1
79KWH,8,1,FULL,11-10-2025,14:38:25,11-10-2025,14:38:29,11-10-2025,14:39:51,COMPLETED,0,1
79KWH,8,3,FULL,11-10-2025,14:39:44,11-10-2025,14:41:05,11-10-2025,14:43:49,COMPLETED,0,1
79KWH,8,3,FULL,11-10-2025,14:43:56,11-10-2025,14:43:59,11-10-2025,14:46:12,COMPLETED,0,1
79KWH,8,3,FULL,11-10-2025,14:46:25,11-10-2025,14:47:52,11-10-2025,14:50:36,COMPLETED,0,1
79KWH,8,3,FULL,11-10-2025,14:50:43,11-10-2025,14:50:47,11-10-2025,14:53:02,COMPLETED,0,1
79KWH,8,3,FULL,11-10-2025,14:53:15,11-10-2025,14:54:34,11-10-2025,14:57:19,COMPLETED,0,1
79KWH,8,3,FULL,11-10-2025,14:57:24,11-10-2025,14:57:28,11-10-2025,14:59:44,COMPLETED,0,1
79KWH,8,3,FULL,11-10-2025,14:59:57,11-10-2025,15:01:21,11-10-2025,15:04:08,COMPLETED,0,1
79KWH,8,3,FULL,11-10-2025,15:04:13,11-10-2025,15:04:16,11-10-2025,15:06:33,COMPLETED,0,1
79KWH,8,3,FULL,11-10-2025,15:06:46,11-10-2025,15:06:47,11-10-2025,15:09:08,COMPLETED,0,1
79KWH,8,3,FULL,11-10-2025,15:09:14,11-10-2025,15:09:17,11-10-2025,15:11:35,COMPLETED,0,1
79KWH,8,3,FULL,11-10-2025,15:11:48,11-10-2025,15:11:57,11-10-2025,15:14:19,COMPLETED,0,1
79KWH,8,3,FULL,11-10-2025,15:14:25,11-10-2025,15:14:27,11-10-2025,15:16:47,COMPLETED,0,1
79KWH,8,3,FULL,11-10-2025,15:17:00,11-10-2025,15:17:00,11-10-2025,15:19:22,COMPLETED,0,1
79KWH,8,3,FULL,11-10-2025,15:19:28,11-10-2025,15:19:31,11-10-2025,15:21:53,COMPLETED,0,1
79KWH,8,3,FULL,11-10-2025,15:22:06,11-10-2025,15:23:22,11-10-2025,15:26:10,COMPLETED,0,1
79KWH,8,3,FULL,11-10-2025,15:26:17,11-10-2025,15:26:19,11-10-2025,15:28:42,COMPLETED,0,1
79KWH,8,3,FULL,11-10-2025,15:28:57,11-10-2025,15:30:16,11-10-2025,15:33:05,COMPLETED,0,1
79KWH,8,3,FULL,11-10-2025,15:33:11,11-10-2025,15:33:14,11-10-2025,15:35:37,COMPLETED,0,1
79KWH,8,3,FULL,11-10-2025,15:35:50,11-10-2025,15:35:50,11-10-2025,15:38:17,COMPLETED,0,1
79KWH,8,3,FULL,11-10-2025,15:38:23,11-10-2025,15:38:26,11-10-2025,15:40:51,COMPLETED,0,1
79KWH,8,3,FULL,11-10-2025,15:41:04,11-10-2025,15:41:05,11-10-2025,15:43:32,COMPLETED,0,1
79KWH,8,3,FULL,11-10-2025,15:43:39,11-10-2025,15:43:42,11-10-2025,15:46:09,COMPLETED,0,1
79KWH,8,3,FULL,11-10-2025,15:46:22,11-10-2025,15:46:22,11-10-2025,15:48:51,COMPLETED,0,1
79KWH,8,3,FULL,11-10-2025,15:48:57,11-10-2025,15:49:00,11-10-2025,15:51:28,COMPLETED,0,1
79KWH,8,3,FULL,11-10-2025,15:51:41,11-10-2025,15:51:42,11-10-2025,15:54:12,COMPLETED,0,1
79KWH,8,3,FULL,11-10-2025,15:54:18,11-10-2025,15:54:22,11-10-2025,15:56:50,COMPLETED,0,1
79KWH,8,3,FULL,11-10-2025,15:57:03,11-10-2025,15:57:03,11-10-2025,15:59:35,COMPLETED,0,1
79KWH,8,3,FULL,11-10-2025,15:59:42,11-10-2025,15:59:44,11-10-2025,16:02:15,COMPLETED,0,1
79KWH,8,3,FULL,11-10-2025,16:02:29,11-10-2025,16:02:29,11-10-2025,16:05:02,COMPLETED,0,1
79KWH,8,3,FULL,11-10-2025,16:05:08,11-10-2025,16:05:11,11-10-2025,16:07:41,COMPLETED,0,1
79KWH,8,3,FULL,11-10-2025,16:07:55,11-10-2025,16:07:56,11-10-2025,16:10:31,COMPLETED,0,1
79KWH,8,3,FULL,11-10-2025,16:10:37,11-10-2025,16:10:40,11-10-2025,16:13:13,COMPLETED,0,1
79KWH,8,3,FULL,11-10-2025,16:13:27,11-10-2025,16:13:28,11-10-2025,16:16:05,COMPLETED,0,1
79KWH,8,3,FULL,11-10-2025,16:16:11,11-10-2025,16:16:14,11-10-2025,16:18:49,COMPLETED,0,1
79KWH,8,3,FULL,11-10-2025,16:19:02,11-10-2025,16:19:03,11-10-2025,16:21:41,COMPLETED,0,1
79KWH,8,3,FULL,11-10-2025,16:21:47,11-10-2025,16:21:50,11-10-2025,16:24:26,COMPLETED,0,1
79KWH,8,3,FULL,11-10-2025,16:24:40,11-10-2025,16:24:41,11-10-2025,16:27:21,COMPLETED,0,1
79KWH,8,3,FULL,11-10-2025,16:27:27,11-10-2025,16:27:30,11-10-2025,16:30:09,COMPLETED,0,1
79KWH,8,3,FULL,11-10-2025,16:30:22,11-10-2025,16:30:23,11-10-2025,16:33:04,COMPLETED,0,1
79KWH,8,3,FULL,11-10-2025,16:33:11,11-10-2025,16:33:13,11-10-2025,16:35:53,COMPLETED,0,1
79KWH,8,3,FULL,11-10-2025,16:36:07,11-10-2025,16:36:08,11-10-2025,16:38:51,COMPLETED,0,1
79KWH,8,3,FULL,11-10-2025,16:38:58,11-10-2025,16:39:00,11-10-2025,16:41:42,COMPLETED,0,1
79KWH,8,3,FULL,11-10-2025,16:41:56,11-10-2025,16:41:57,11-10-2025,16:44:42,COMPLETED,0,1
79KWH,8,3,FULL,11-10-2025,16:44:50,11-10-2025,16:44:51,11-10-2025,16:47:33,COMPLETED,0,1
79KWH,8,3,FULL,11-10-2025,16:47:47,11-10-2025,16:47:48,11-10-2025,16:50:34,COMPLETED,0,1
79KWH,8,3,FULL,11-10-2025,16:50:40,11-10-2025,16:50:43,11-10-2025,16:53:29,COMPLETED,0,1
79KWH,8,3,FULL,11-10-2025,16:53:42,11-10-2025,16:53:42,11-10-2025,16:56:31,COMPLETED,0,1
79KWH,8,3,FULL,11-10-2025,16:56:37,11-10-2025,16:56:39,11-10-2025,16:59:27,COMPLETED,0,1
79KWH,8,2,FULL,11-10-2025,17:22:32,11-10-2025,17:22:32,11-10-2025,17:25:27,COMPLETED,0,1
79KWH,8,2,FULL,11-10-2025,17:25:35,11-10-2025,17:25:36,11-10-2025,17:28:20,COMPLETED,0,1
79KWH,8,1,FULL,11-10-2025,17:32:51,11-10-2025,17:33:25,11-10-2025,17:35:46,COMPLETED,0,1
79KWH,8,1,FULL,11-10-2025,17:35:53,11-10-2025,21:16:59,11-10-2025,21:19:19,COMPLETED,0,1
79KWH,8,2,FULL,11-10-2025,18:55:02,11-10-2025,18:55:03,11-10-2025,18:57:44,COMPLETED,0,1
79KWH,8,2,FULL,11-10-2025,18:57:52,11-10-2025,18:57:53,11-10-2025,19:00:38,COMPLETED,0,1
79KWH,8,2,FULL,11-10-2025,19:00:44,11-10-2025,19:00:48,11-10-2025,19:03:30,COMPLETED,0,1
79KWH,8,2,FULL,11-10-2025,19:03:39,11-10-2025,19:03:40,11-10-2025,19:06:25,COMPLETED,0,1
79KWH,8,2,FULL,11-10-2025,19:06:31,11-10-2025,19:06:34,11-10-2025,19:09:18,COMPLETED,0,1
79KWH,8,2,FULL,11-10-2025,19:09:25,11-10-2025,19:09:26,11-10-2025,19:12:12,COMPLETED,0,1
79KWH,8,2,FULL,11-10-2025,19:12:18,11-10-2025,19:12:22,11-10-2025,19:15:07,COMPLETED,0,1
79KWH,8,2,FULL,11-10-2025,19:15:15,11-10-2025,19:15:15,11-10-2025,19:18:04,COMPLETED,0,1
79KWH,8,2,FULL,11-10-2025,19:18:10,11-10-2025,19:18:12,11-10-2025,19:21:00,COMPLETED,0,1
79KWH,8,2,FULL,11-10-2025,19:21:08,11-10-2025,19:21:09,11-10-2025,19:24:00,COMPLETED,0,1
79KWH,8,2,FULL,11-10-2025,19:24:06,11-10-2025,19:24:09,11-10-2025,19:26:58,COMPLETED,0,1
79KWH,8,2,FULL,11-10-2025,19:27:06,11-10-2025,19:27:07,11-10-2025,19:30:00,COMPLETED,0,1
79KWH,8,2,FULL,11-10-2025,19:30:06,11-10-2025,19:30:10,11-10-2025,19:33:02,COMPLETED,0,1
79KWH,8,2,FULL,11-10-2025,19:33:10,11-10-2025,19:33:10,11-10-2025,19:36:04,COMPLETED,0,1
79KWH,8,2,FULL,11-10-2025,19:36:09,11-10-2025,19:36:13,11-10-2025,19:39:05,COMPLETED,0,1
79KWH,8,2,FULL,11-10-2025,19:39:12,11-10-2025,19:39:13,11-10-2025,19:42:08,COMPLETED,0,1
79KWH,8,2,FULL,11-10-2025,19:42:14,11-10-2025,19:42:18,11-10-2025,19:45:12,COMPLETED,0,1
79KWH,8,2,FULL,11-10-2025,19:45:20,11-10-2025,19:45:20,11-10-2025,19:48:16,COMPLETED,0,1
79KWH,8,2,FULL,11-10-2025,19:48:22,11-10-2025,19:48:25,11-10-2025,19:51:18,COMPLETED,0,1
79KWH,8,3,FULL,11-10-2025,20:34:07,11-10-2025,20:36:05,11-10-2025,00:00:00,ABORT,0,1
79KWH,8,2,FULL,11-10-2025,20:38:10,11-10-2025,20:38:11,11-10-2025,20:40:52,COMPLETED,0,1
79KWH,8,2,FULL,11-10-2025,20:40:59,11-10-2025,20:41:01,11-10-2025,20:43:09,COMPLETED,0,1
79KWH,8,2,FULL,11-10-2025,20:47:31,11-10-2025,20:47:32,11-10-2025,20:50:14,COMPLETED,0,1
79KWH,8,2,FULL,11-10-2025,20:50:20,11-10-2025,20:50:22,11-10-2025,20:52:32,COMPLETED,0,1
79KWH,8,2,FULL,11-10-2025,21:16:58,11-10-2025,21:16:58,11-10-2025,21:19:41,COMPLETED,0,1
79KWH,8,1,FULL,11-10-2025,21:19:27,11-10-2025,21:19:28,11-10-2025,21:21:30,COMPLETED,0,1
79KWH,8,2,FULL,11-10-2025,21:19:47,11-10-2025,21:19:51,11-10-2025,21:22:03,COMPLETED,0,1
79KWH,8,1,FULL,11-10-2025,21:21:36,11-10-2025,21:21:38,11-10-2025,21:24:12,COMPLETED,0,1
79KWH,8,1,FULL,11-10-2025,21:24:26,11-10-2025,21:26:25,11-10-2025,21:28:37,COMPLETED,0,1
79KWH,8,1,FULL,11-10-2025,21:28:45,11-10-2025,21:28:48,11-10-2025,21:29:54,COMPLETED,0,1
79KWH,8,1,FULL,11-10-2025,21:30:08,11-10-2025,21:30:09,11-10-2025,21:31:17,COMPLETED,0,1
79KWH,8,1,FULL,11-10-2025,21:31:23,11-10-2025,21:31:26,11-10-2025,21:32:31,COMPLETED,0,1
79KWH,8,1,FULL,11-10-2025,21:32:48,11-10-2025,21:32:49,11-10-2025,21:34:06,COMPLETED,0,1
79KWH,8,1,FULL,11-10-2025,21:34:12,11-10-2025,21:34:16,11-10-2025,21:35:41,COMPLETED,0,1
79KWH,8,1,FULL,11-10-2025,21:35:55,11-10-2025,21:35:56,11-10-2025,21:37:24,COMPLETED,0,1
79KWH,8,1,FULL,11-10-2025,21:37:30,11-10-2025,21:37:33,11-10-2025,21:39:01,COMPLETED,0,1
79KWH,8,1,FULL,11-10-2025,21:39:14,11-10-2025,21:41:06,11-10-2025,21:43:31,COMPLETED,0,1
79KWH,8,1,FULL,11-10-2025,21:43:37,11-10-2025,21:43:39,11-10-2025,21:45:09,COMPLETED,0,1
79KWH,8,2,FULL,11-10-2025,21:43:43,11-10-2025,21:43:44,11-10-2025,21:46:28,COMPLETED,0,1
79KWH,8,1,FULL,11-10-2025,21:45:17,11-10-2025,21:47:20,11-10-2025,21:49:53,COMPLETED,0,1
79KWH,8,2,FULL,11-10-2025,21:46:34,11-10-2025,21:46:39,11-10-2025,21:48:52,COMPLETED,0,1
79KWH,8,1,FULL,11-10-2025,21:49:59,11-10-2025,21:50:03,11-10-2025,21:51:53,COMPLETED,0,1
79KWH,8,1,FULL,11-10-2025,21:52:07,11-10-2025,21:52:08,11-10-2025,21:53:51,COMPLETED,0,1
79KWH,8,1,FULL,11-10-2025,21:53:57,11-10-2025,21:54:00,11-10-2025,21:55:31,COMPLETED,0,1
79KWH,8,1,FULL,11-10-2025,21:55:46,11-10-2025,21:55:46,11-10-2025,21:57:20,COMPLETED,0,1
79KWH,8,1,FULL,11-10-2025,21:57:26,11-10-2025,21:57:30,11-10-2025,21:59:03,COMPLETED,0,1
79KWH,8,1,FULL,11-10-2025,21:59:17,11-10-2025,21:59:18,11-10-2025,22:00:53,COMPLETED,0,1
79KWH,8,1,FULL,11-10-2025,22:00:59,11-10-2025,22:01:01,11-10-2025,22:02:35,COMPLETED,0,1
79KWH,8,1,FULL,11-10-2025,22:02:51,11-10-2025,22:04:53,11-10-2025,22:07:19,COMPLETED,0,1
79KWH,8,1,FULL,11-10-2025,22:07:26,11-10-2025,22:07:30,11-10-2025,22:09:04,COMPLETED,0,1
79KWH,8,1,FULL,11-10-2025,22:09:18,11-10-2025,22:09:18,11-10-2025,22:10:48,COMPLETED,0,1
79KWH,8,1,FULL,11-10-2025,22:10:53,11-10-2025,22:10:56,11-10-2025,22:34:27,COMPLETED,0,1
79KWH,8,2,FULL,11-10-2025,22:26:26,11-10-2025,22:26:27,11-10-2025,22:29:11,COMPLETED,0,1
79KWH,8,2,FULL,11-10-2025,22:29:18,11-10-2025,22:29:21,11-10-2025,22:31:36,COMPLETED,0,1
79KWH,8,1,FULL,11-10-2025,22:34:42,11-10-2025,22:36:32,11-10-2025,22:39:00,COMPLETED,0,1
79KWH,8,1,FULL,11-10-2025,22:39:06,11-10-2025,22:39:09,11-10-2025,22:40:45,COMPLETED,0,1
79KWH,8,1,FULL,11-10-2025,22:41:05,11-10-2025,22:42:59,11-10-2025,22:45:28,COMPLETED,0,1
79KWH,8,1,FULL,11-10-2025,22:45:34,11-10-2025,22:45:37,11-10-2025,22:47:14,COMPLETED,0,1
79KWH,8,2,FULL,11-10-2025,22:45:46,11-10-2025,22:45:47,11-10-2025,22:48:32,COMPLETED,0,1
79KWH,8,1,FULL,11-10-2025,22:47:28,11-10-2025,22:49:25,11-10-2025,22:51:54,COMPLETED,0,1
79KWH,8,2,FULL,11-10-2025,22:48:38,11-10-2025,22:50:01,11-10-2025,22:52:44,COMPLETED,0,1
79KWH,8,1,FULL,11-10-2025,22:52:01,11-10-2025,22:52:03,11-10-2025,22:53:42,COMPLETED,0,1
79KWH,8,1,FULL,11-10-2025,22:53:57,11-10-2025,22:55:58,11-10-2025,22:58:29,COMPLETED,0,1
79KWH,8,1,FULL,11-10-2025,22:58:35,11-10-2025,22:58:38,11-10-2025,23:00:20,COMPLETED,0,1
79KWH,8,1,FULL,11-10-2025,23:00:33,11-10-2025,23:02:30,11-10-2025,23:05:02,COMPLETED,0,1
79KWH,8,2,FULL,11-10-2025,23:01:35,11-10-2025,23:01:35,11-10-2025,23:04:22,COMPLETED,0,1
79KWH,8,2,FULL,11-10-2025,23:04:27,11-10-2025,23:05:54,11-10-2025,23:08:38,COMPLETED,0,1
79KWH,8,1,FULL,11-10-2025,23:05:08,11-10-2025,23:05:10,11-10-2025,23:06:52,COMPLETED,0,1
79KWH,8,1,FULL,11-10-2025,23:07:07,11-10-2025,23:07:07,11-10-2025,23:09:00,COMPLETED,0,1
79KWH,8,2,FULL,11-10-2025,23:08:46,11-10-2025,23:08:47,11-10-2025,23:11:08,COMPLETED,0,1
79KWH,8,1,FULL,11-10-2025,23:09:06,11-10-2025,23:09:10,11-10-2025,23:10:54,COMPLETED,0,1
79KWH,8,1,FULL,11-10-2025,23:11:08,11-10-2025,23:11:08,11-10-2025,23:12:56,COMPLETED,0,1
79KWH,8,2,FULL,11-10-2025,23:11:13,11-10-2025,23:11:17,11-10-2025,23:13:36,COMPLETED,0,1
79KWH,8,1,FULL,11-10-2025,23:13:02,11-10-2025,23:13:05,11-10-2025,23:14:50,COMPLETED,0,1
79KWH,8,1,FULL,11-10-2025,23:15:05,11-10-2025,23:15:05,11-10-2025,23:16:54,COMPLETED,0,1
79KWH,8,1,FULL,11-10-2025,23:17:00,11-10-2025,23:17:02,11-10-2025,23:18:48,COMPLETED,0,1
79KWH,8,1,FULL,11-10-2025,23:19:03,11-10-2025,23:19:04,11-10-2025,23:20:54,COMPLETED,0,1
79KWH,8,1,FULL,11-10-2025,23:21:01,11-10-2025,23:21:03,11-10-2025,23:22:51,COMPLETED,0,1
79KWH,8,1,FULL,11-10-2025,23:23:06,11-10-2025,23:23:08,11-10-2025,23:24:59,COMPLETED,0,1
79KWH,8,1,FULL,11-10-2025,23:25:05,11-10-2025,23:25:07,11-10-2025,23:26:56,COMPLETED,0,1
79KWH,8,1,FULL,11-10-2025,23:27:11,11-10-2025,23:27:12,11-10-2025,23:29:04,COMPLETED,0,1
79KWH,8,1,FULL,11-10-2025,23:29:10,11-10-2025,23:29:14,11-10-2025,23:31:05,COMPLETED,0,1
79KWH,8,1,FULL,11-10-2025,23:31:19,11-10-2025,23:31:19,11-10-2025,23:33:13,COMPLETED,0,1
79KWH,8,1,FULL,11-10-2025,23:33:19,11-10-2025,23:33:21,11-10-2025,23:35:13,COMPLETED,0,1
79KWH,8,1,FULL,11-10-2025,23:35:27,11-10-2025,23:35:28,11-10-2025,23:37:22,COMPLETED,0,1
79KWH,8,1,FULL,11-10-2025,23:37:29,11-10-2025,23:37:32,11-10-2025,23:39:25,COMPLETED,0,1
79KWH,8,1,FULL,11-10-2025,23:39:39,11-10-2025,23:41:47,11-10-2025,23:44:23,COMPLETED,0,1
79KWH,8,1,FULL,11-10-2025,23:44:30,11-10-2025,23:44:32,11-10-2025,23:46:27,COMPLETED,0,1
79KWH,8,1,FULL,11-10-2025,23:46:40,11-10-2025,23:48:42,11-10-2025,23:51:50,COMPLETED,0,1
79KWH,8,1,FULL,11-10-2025,23:51:56,11-10-2025,23:51:59,11-10-2025,23:54:55,COMPLETED,0,1
79KWH,8,1,FULL,11-10-2025,23:55:09,11-10-2025,23:55:10,11-10-2025,23:58:09,COMPLETED,0,1
79KWH,8,1,FULL,11-10-2025,23:58:15,11-10-2025,23:58:19,12-10-2025,00:01:18,COMPLETED,0,1
79KWH,8,1,FULL,12-10-2025,00:01:32,12-10-2025,00:01:32,12-10-2025,00:04:33,COMPLETED,0,1
79KWH,8,1,FULL,12-10-2025,00:04:40,12-10-2025,00:04:42,12-10-2025,00:07:42,COMPLETED,0,1
79KWH,8,1,FULL,12-10-2025,00:07:56,12-10-2025,00:07:57,12-10-2025,00:10:59,COMPLETED,0,1
79KWH,8,1,FULL,12-10-2025,00:11:06,12-10-2025,00:11:08,12-10-2025,00:14:08,COMPLETED,0,1
79KWH,8,1,FULL,12-10-2025,00:14:24,12-10-2025,00:14:25,12-10-2025,00:17:28,COMPLETED,0,1
79KWH,8,1,FULL,12-10-2025,00:17:34,12-10-2025,00:17:37,12-10-2025,00:20:39,COMPLETED,0,1
79KWH,8,1,FULL,12-10-2025,00:20:53,12-10-2025,00:20:54,12-10-2025,00:23:59,COMPLETED,0,1
79KWH,8,1,FULL,12-10-2025,00:24:06,12-10-2025,00:24:08,12-10-2025,00:27:12,COMPLETED,0,1
79KWH,8,1,FULL,13-10-2025,07:32:03,13-10-2025,07:32:22,13-10-2025,07:35:33,COMPLETED,0,1
79KWH,8,1,FULL,13-10-2025,07:35:40,13-10-2025,07:35:43,13-10-2025,07:38:47,COMPLETED,0,1
79KWH,8,1,FULL,13-10-2025,07:39:02,13-10-2025,07:39:02,13-10-2025,07:42:10,COMPLETED,0,1
79KWH,8,1,FULL,13-10-2025,07:42:16,13-10-2025,07:42:19,13-10-2025,07:45:25,COMPLETED,0,1
79KWH,8,1,FULL,13-10-2025,07:45:39,13-10-2025,07:48:06,13-10-2025,07:51:18,COMPLETED,0,1
79KWH,8,1,FULL,13-10-2025,07:51:24,13-10-2025,07:51:29,13-10-2025,07:54:37,COMPLETED,0,1
79KWH,8,1,FULL,13-10-2025,07:54:51,13-10-2025,07:57:23,13-10-2025,08:00:37,COMPLETED,0,1
79KWH,8,1,FULL,13-10-2025,08:00:43,13-10-2025,08:00:47,13-10-2025,08:03:55,COMPLETED,0,1
79KWH,8,1,FULL,13-10-2025,08:04:09,13-10-2025,08:04:10,13-10-2025,08:07:22,COMPLETED,0,1
79KWH,8,1,FULL,13-10-2025,08:07:28,13-10-2025,08:07:30,13-10-2025,08:10:39,COMPLETED,0,1
79KWH,8,1,FULL,13-10-2025,08:10:53,13-10-2025,08:13:23,13-10-2025,08:16:38,COMPLETED,0,1
79KWH,8,1,FULL,13-10-2025,08:16:43,13-10-2025,08:16:47,13-10-2025,08:19:59,COMPLETED,0,1
79KWH,8,1,FULL,13-10-2025,08:20:12,13-10-2025,08:22:46,13-10-2025,08:26:02,COMPLETED,0,1
79KWH,8,1,FULL,13-10-2025,08:26:09,13-10-2025,08:26:11,13-10-2025,08:29:23,COMPLETED,0,1
79KWH,8,1,FULL,13-10-2025,08:42:17,13-10-2025,08:42:27,13-10-2025,00:00:00,ABORT,0,1
79KWH,8,1,FULL,13-10-2025,11:22:41,13-10-2025,12:14:36,13-10-2025,12:16:10,COMPLETED,0,1
79KWH,8,1,FULL,13-10-2025,12:16:17,13-10-2025,12:16:19,13-10-2025,12:17:13,COMPLETED,0,1
79KWH,8,1,FULL,13-10-2025,12:17:22,13-10-2025,12:17:23,13-10-2025,12:18:20,COMPLETED,0,1
79KWH,8,1,FULL,13-10-2025,12:18:26,13-10-2025,12:18:30,13-10-2025,12:19:24,COMPLETED,0,1
79KWH,8,1,FULL,13-10-2025,12:19:33,13-10-2025,12:19:33,13-10-2025,12:20:31,COMPLETED,0,1
79KWH,8,1,FULL,13-10-2025,12:20:37,13-10-2025,12:20:39,13-10-2025,12:21:36,COMPLETED,0,1
79KWH,8,1,FULL,13-10-2025,12:21:47,13-10-2025,12:21:48,13-10-2025,12:22:49,COMPLETED,0,1
79KWH,8,1,FULL,13-10-2025,12:22:55,13-10-2025,12:22:57,13-10-2025,12:23:56,COMPLETED,0,1
79KWH,8,1,FULL,13-10-2025,12:24:05,13-10-2025,12:28:19,13-10-2025,12:29:20,COMPLETED,0,1
79KWH,8,1,FULL,13-10-2025,12:29:26,13-10-2025,12:29:29,13-10-2025,12:30:30,COMPLETED,0,1
79KWH,8,1,FULL,13-10-2025,12:30:38,13-10-2025,12:30:38,13-10-2025,12:31:43,COMPLETED,0,1
79KWH,8,1,FULL,13-10-2025,12:31:48,13-10-2025,12:31:52,13-10-2025,12:32:54,COMPLETED,0,1
79KWH,8,1,FULL,13-10-2025,12:33:03,13-10-2025,12:33:03,13-10-2025,12:34:09,COMPLETED,0,1
79KWH,8,1,FULL,13-10-2025,12:34:15,13-10-2025,12:34:18,13-10-2025,12:35:22,COMPLETED,0,1
79KWH,8,1,FULL,13-10-2025,12:42:37,13-10-2025,12:42:38,13-10-2025,12:43:45,COMPLETED,0,1
79KWH,8,1,FULL,13-10-2025,12:43:51,13-10-2025,12:43:53,13-10-2025,12:45:00,COMPLETED,0,1
79KWH,8,1,FULL,13-10-2025,12:45:09,13-10-2025,12:45:10,13-10-2025,12:46:19,COMPLETED,0,1
79KWH,8,1,FULL,13-10-2025,12:46:25,13-10-2025,12:46:28,13-10-2025,12:47:36,COMPLETED,0,1
79KWH,8,1,FULL,13-10-2025,12:47:47,13-10-2025,12:47:48,13-10-2025,12:48:59,COMPLETED,0,1
79KWH,8,1,FULL,13-10-2025,12:49:04,13-10-2025,12:49:08,13-10-2025,12:50:17,COMPLETED,0,1
79KWH,8,1,FULL,13-10-2025,14:00:37,13-10-2025,14:00:38,13-10-2025,14:02:40,COMPLETED,0,1
79KWH,8,1,FULL,13-10-2025,14:02:46,13-10-2025,14:02:49,13-10-2025,14:05:41,COMPLETED,0,1
79KWH,8,1,FULL,13-10-2025,14:05:50,13-10-2025,14:05:51,13-10-2025,14:07:55,COMPLETED,0,1
79KWH,8,1,FULL,13-10-2025,14:08:01,13-10-2025,14:08:03,13-10-2025,14:09:13,COMPLETED,0,1
79KWH,8,1,FULL,13-10-2025,14:09:22,13-10-2025,14:09:22,13-10-2025,14:10:35,COMPLETED,0,1
79KWH,8,1,FULL,13-10-2025,14:10:41,13-10-2025,14:10:44,13-10-2025,14:11:57,COMPLETED,0,1
79KWH,8,1,FULL,13-10-2025,14:12:05,13-10-2025,14:12:05,13-10-2025,14:13:21,COMPLETED,0,1
79KWH,8,1,FULL,13-10-2025,14:13:28,13-10-2025,14:13:30,13-10-2025,14:14:43,COMPLETED,0,1
79KWH,8,1,FULL,13-10-2025,14:14:52,13-10-2025,14:14:53,13-10-2025,14:16:10,COMPLETED,0,1
79KWH,8,1,FULL,13-10-2025,14:16:16,13-10-2025,14:16:19,13-10-2025,14:17:35,COMPLETED,0,1
79KWH,8,1,FULL,13-10-2025,14:17:44,13-10-2025,14:19:15,13-10-2025,14:20:31,COMPLETED,0,1
79KWH,8,1,FULL,13-10-2025,14:20:37,13-10-2025,14:20:41,13-10-2025,14:21:55,COMPLETED,0,1
79KWH,8,1,FULL,13-10-2025,14:22:04,13-10-2025,14:22:05,13-10-2025,14:23:23,COMPLETED,0,1
79KWH,8,1,FULL,13-10-2025,14:23:29,13-10-2025,14:23:33,13-10-2025,14:24:49,COMPLETED,0,1
79KWH,8,1,FULL,13-10-2025,14:24:57,13-10-2025,14:24:58,13-10-2025,14:26:18,COMPLETED,0,1
79KWH,8,1,FULL,13-10-2025,14:26:24,13-10-2025,14:26:26,13-10-2025,14:27:44,COMPLETED,0,1
79KWH,8,1,FULL,13-10-2025,14:32:50,13-10-2025,14:32:51,13-10-2025,14:34:12,COMPLETED,0,1
79KWH,8,1,FULL,13-10-2025,14:34:18,13-10-2025,14:34:22,13-10-2025,14:35:41,COMPLETED,0,1
79KWH,8,1,FULL,13-10-2025,14:35:51,13-10-2025,14:35:52,13-10-2025,14:37:15,COMPLETED,0,1
79KWH,8,1,FULL,13-10-2025,14:37:21,13-10-2025,14:37:24,13-10-2025,14:38:44,COMPLETED,0,1
79KWH,8,1,FULL,13-10-2025,14:38:53,13-10-2025,14:38:54,13-10-2025,14:40:17,COMPLETED,0,1
79KWH,8,1,FULL,13-10-2025,14:40:23,13-10-2025,14:40:27,13-10-2025,14:41:49,COMPLETED,0,1
79KWH,8,1,FULL,13-10-2025,14:41:57,13-10-2025,14:41:59,13-10-2025,14:43:23,COMPLETED,0,1
79KWH,8,1,FULL,13-10-2025,14:43:29,13-10-2025,14:43:32,13-10-2025,14:44:55,COMPLETED,0,1
79KWH,8,1,FULL,13-10-2025,14:45:04,13-10-2025,14:45:04,13-10-2025,14:46:30,COMPLETED,0,1
79KWH,8,1,FULL,13-10-2025,14:46:36,13-10-2025,14:46:38,13-10-2025,14:48:02,COMPLETED,0,1
79KWH,8,1,FULL,13-10-2025,14:48:10,13-10-2025,14:48:10,13-10-2025,14:49:37,COMPLETED,0,1
79KWH,8,1,FULL,13-10-2025,14:49:42,13-10-2025,14:49:45,13-10-2025,14:51:10,COMPLETED,0,1
79KWH,8,1,FULL,13-10-2025,14:51:19,13-10-2025,14:51:20,13-10-2025,14:52:48,COMPLETED,0,1
79KWH,8,1,FULL,13-10-2025,14:52:54,13-10-2025,14:52:56,13-10-2025,14:54:22,COMPLETED,0,1
79KWH,8,1,FULL,13-10-2025,14:54:31,13-10-2025,14:54:32,13-10-2025,14:56:01,COMPLETED,0,1
79KWH,8,1,FULL,13-10-2025,14:56:08,13-10-2025,14:56:11,13-10-2025,14:57:39,COMPLETED,0,1
79KWH,8,1,FULL,13-10-2025,14:57:49,13-10-2025,14:57:50,13-10-2025,14:59:21,COMPLETED,0,1
79KWH,8,1,FULL,13-10-2025,14:59:27,13-10-2025,14:59:31,13-10-2025,15:01:01,COMPLETED,0,1
79KWH,8,1,FULL,13-10-2025,15:01:10,13-10-2025,15:01:11,13-10-2025,15:02:44,COMPLETED,0,1
79KWH,8,1,FULL,13-10-2025,15:02:51,13-10-2025,15:02:54,13-10-2025,15:04:27,COMPLETED,0,1
79KWH,8,1,FULL,13-10-2025,15:04:36,13-10-2025,15:04:36,13-10-2025,15:06:12,COMPLETED,0,1
79KWH,8,1,FULL,13-10-2025,15:06:17,13-10-2025,15:06:21,13-10-2025,15:07:55,COMPLETED,0,1
79KWH,8,1,FULL,13-10-2025,15:08:03,13-10-2025,15:08:03,13-10-2025,15:09:42,COMPLETED,0,1
79KWH,8,1,FULL,13-10-2025,15:09:48,13-10-2025,15:09:50,13-10-2025,15:11:29,COMPLETED,0,1
79KWH,8,1,FULL,13-10-2025,15:11:38,13-10-2025,15:11:39,13-10-2025,15:13:21,COMPLETED,0,1
79KWH,8,1,FULL,13-10-2025,15:13:28,13-10-2025,15:13:30,13-10-2025,15:15:11,COMPLETED,0,1
79KWH,8,1,FULL,13-10-2025,15:15:20,13-10-2025,15:15:20,13-10-2025,15:17:04,COMPLETED,0,1
79KWH,8,1,FULL,13-10-2025,15:17:10,13-10-2025,15:17:13,13-10-2025,15:18:54,COMPLETED,0,1
79KWH,8,1,FULL,13-10-2025,15:19:03,13-10-2025,15:19:04,13-10-2025,15:20:49,COMPLETED,0,1
79KWH,8,1,FULL,13-10-2025,15:20:56,13-10-2025,15:20:59,13-10-2025,15:22:42,COMPLETED,0,1
79KWH,8,1,FULL,13-10-2025,15:22:51,13-10-2025,15:22:52,13-10-2025,15:24:39,COMPLETED,0,1
79KWH,8,1,FULL,13-10-2025,15:24:46,13-10-2025,15:24:48,13-10-2025,15:26:36,COMPLETED,0,1
79KWH,8,1,FULL,13-10-2025,15:26:46,13-10-2025,15:26:46,13-10-2025,15:28:38,COMPLETED,0,1
79KWH,8,1,FULL,13-10-2025,15:28:43,13-10-2025,15:28:46,13-10-2025,15:30:38,COMPLETED,0,1
79KWH,8,1,FULL,13-10-2025,17:15:25,13-10-2025,17:15:25,13-10-2025,17:17:03,COMPLETED,0,1
79KWH,8,1,FULL,13-10-2025,17:17:09,13-10-2025,17:17:12,13-10-2025,17:19:05,COMPLETED,0,1
79KWH,8,1,FULL,13-10-2025,17:19:13,13-10-2025,17:19:13,13-10-2025,17:21:08,COMPLETED,0,1
79KWH,8,1,FULL,13-10-2025,17:21:15,13-10-2025,17:21:18,13-10-2025,17:28:27,COMPLETED,0,1
79KWH,8,1,FULL,13-10-2025,17:28:36,13-10-2025,17:28:37,13-10-2025,17:30:33,COMPLETED,0,1
79KWH,8,1,FULL,13-10-2025,17:30:40,13-10-2025,17:30:42,13-10-2025,17:32:38,COMPLETED,0,1
79KWH,8,1,FULL,13-10-2025,17:32:47,13-10-2025,17:34:16,13-10-2025,17:36:43,COMPLETED,0,1
79KWH,8,1,FULL,13-10-2025,17:36:49,13-10-2025,17:36:52,13-10-2025,17:38:49,COMPLETED,0,1
79KWH,8,1,FULL,13-10-2025,17:38:58,13-10-2025,17:40:33,13-10-2025,17:43:02,COMPLETED,0,1
79KWH,8,1,FULL,13-10-2025,17:43:09,13-10-2025,17:44:40,13-10-2025,17:47:06,COMPLETED,0,1
79KWH,8,3,FULL,13-10-2025,17:44:31,13-10-2025,17:44:31,13-10-2025,17:45:25,COMPLETED,0,1
79KWH,8,2,FULL,13-10-2025,17:44:36,13-10-2025,17:44:37,13-10-2025,17:46:52,COMPLETED,0,1
79KWH,8,3,FULL,13-10-2025,17:45:31,13-10-2025,17:45:33,13-10-2025,17:46:46,COMPLETED,0,1
79KWH,8,3,FULL,13-10-2025,17:46:54,13-10-2025,17:46:55,13-10-2025,17:48:11,COMPLETED,0,1
79KWH,8,2,FULL,13-10-2025,17:46:58,13-10-2025,17:47:04,13-10-2025,17:48:21,COMPLETED,0,1
79KWH,8,1,FULL,13-10-2025,17:47:14,13-10-2025,17:48:49,13-10-2025,17:51:23,COMPLETED,0,1
79KWH,8,3,FULL,13-10-2025,17:48:17,13-10-2025,17:48:21,13-10-2025,17:49:34,COMPLETED,0,1
79KWH,8,3,FULL,13-10-2025,17:49:43,13-10-2025,17:49:43,13-10-2025,17:51:30,COMPLETED,0,1
79KWH,8,1,FULL,13-10-2025,17:51:28,13-10-2025,17:52:54,13-10-2025,17:55:26,COMPLETED,0,1
79KWH,8,3,FULL,13-10-2025,17:51:37,13-10-2025,17:51:40,13-10-2025,17:53:55,COMPLETED,0,1
79KWH,8,1,FULL,13-10-2025,17:55:34,13-10-2025,17:57:00,13-10-2025,17:59:34,COMPLETED,0,1
79KWH,8,1,FULL,13-10-2025,17:59:41,13-10-2025,18:01:06,13-10-2025,18:03:38,COMPLETED,0,1
79KWH,8,1,FULL,13-10-2025,18:03:47,13-10-2025,18:05:12,13-10-2025,18:07:47,COMPLETED,0,1
79KWH,8,1,FULL,13-10-2025,18:07:53,13-10-2025,18:09:17,13-10-2025,18:11:50,COMPLETED,0,1
79KWH,8,1,FULL,13-10-2025,18:11:59,13-10-2025,18:13:22,13-10-2025,18:15:58,COMPLETED,0,1
79KWH,8,1,FULL,13-10-2025,18:16:04,13-10-2025,18:17:27,13-10-2025,18:20:00,COMPLETED,0,1
79KWH,8,1,FULL,13-10-2025,18:20:09,13-10-2025,18:21:33,13-10-2025,18:24:09,COMPLETED,0,1
79KWH,8,1,FULL,13-10-2025,18:24:15,13-10-2025,18:24:17,13-10-2025,18:26:31,COMPLETED,0,1
79KWH,8,1,FULL,17-10-2025,23:36:50,17-10-2025,23:36:50,17-10-2025,23:39:24,COMPLETED,0,1
79KWH,8,1,FULL,17-10-2025,23:39:30,17-10-2025,23:39:34,17-10-2025,23:41:44,COMPLETED,0,1
79KWH,8,1,FULL,17-10-2025,23:50:07,17-10-2025,23:50:09,17-10-2025,23:52:25,COMPLETED,0,1
79KWH,8,1,FULL,17-10-2025,23:52:31,17-10-2025,23:52:33,17-10-2025,23:54:49,COMPLETED,0,1
79KWH,8,1,FULL,26-10-2025,07:22:46,26-10-2025,07:22:46,26-10-2025,07:25:14,COMPLETED,0,1
79KWH,8,1,FULL,26-10-2025,07:44:28,26-10-2025,07:44:28,26-10-2025,07:46:53,COMPLETED,0,1
79KWH,8,2,FULL,26-10-2025,07:45:19,26-10-2025,07:45:19,26-10-2025,07:49:35,COMPLETED,0,1
79KWH,8,3,FULL,26-10-2025,07:45:24,26-10-2025,07:45:25,26-10-2025,07:47:18,COMPLETED,0,1
79KWH,8,1,FULL,26-10-2025,07:47:02,26-10-2025,07:47:03,26-10-2025,07:49:05,COMPLETED,0,1
79KWH,8,3,FULL,26-10-2025,07:47:54,26-10-2025,07:47:55,26-10-2025,07:48:46,COMPLETED,0,1
79KWH,8,2,FULL,26-10-2025,07:50:17,26-10-2025,07:52:52,26-10-2025,07:57:07,COMPLETED,0,1
79KWH,8,1,FULL,26-10-2025,07:51:40,26-10-2025,07:51:41,26-10-2025,07:54:08,COMPLETED,0,1
79KWH,8,3,FULL,26-10-2025,07:53:00,26-10-2025,07:53:00,26-10-2025,07:54:54,COMPLETED,0,1
79KWH,8,1,FULL,26-10-2025,07:54:34,26-10-2025,07:55:48,26-10-2025,07:58:18,COMPLETED,0,1
79KWH,8,3,FULL,26-10-2025,07:55:40,26-10-2025,07:55:41,26-10-2025,07:56:36,COMPLETED,0,1
79KWH,8,2,FULL,26-10-2025,07:57:16,26-10-2025,08:00:24,26-10-2025,08:04:38,COMPLETED,0,1
79KWH,8,1,FULL,26-10-2025,07:58:25,26-10-2025,07:58:26,26-10-2025,08:00:28,COMPLETED,0,1
79KWH,8,3,FULL,26-10-2025,08:01:43,26-10-2025,08:01:43,26-10-2025,08:03:23,COMPLETED,0,1
79KWH,8,2,FULL,26-10-2025,08:04:44,26-10-2025,08:04:47,26-10-2025,08:08:54,COMPLETED,0,1
79KWH,8,1,FULL,26-10-2025,08:32:24,26-10-2025,08:32:24,26-10-2025,08:34:56,COMPLETED,0,1
79KWH,8,3,FULL,26-10-2025,08:39:38,26-10-2025,08:39:39,26-10-2025,08:42:14,COMPLETED,0,1
79KWH,8,2,FULL,26-10-2025,08:39:46,26-10-2025,08:39:47,26-10-2025,08:42:44,COMPLETED,0,1
79KWH,8,1,FULL,26-10-2025,08:41:15,26-10-2025,08:41:44,26-10-2025,08:44:13,COMPLETED,0,1
79KWH,8,3,FULL,26-10-2025,08:42:24,26-10-2025,08:44:52,26-10-2025,08:47:52,COMPLETED,0,1
79KWH,8,2,FULL,26-10-2025,08:42:51,26-10-2025,08:42:54,26-10-2025,08:44:29,COMPLETED,0,1
79KWH,8,1,FULL,26-10-2025,08:44:26,26-10-2025,08:45:49,26-10-2025,08:48:23,COMPLETED,0,1
79KWH,8,2,FULL,26-10-2025,08:45:18,26-10-2025,08:46:48,26-10-2025,08:49:47,COMPLETED,0,1
79KWH,8,3,FULL,26-10-2025,08:47:58,26-10-2025,08:50:24,26-10-2025,08:53:01,COMPLETED,0,1
79KWH,8,1,FULL,26-10-2025,08:48:28,26-10-2025,08:48:31,26-10-2025,08:50:39,COMPLETED,0,1
79KWH,8,2,FULL,26-10-2025,08:49:53,26-10-2025,08:49:56,26-10-2025,08:51:33,COMPLETED,0,1
79KWH,8,1,FULL,26-10-2025,08:50:47,26-10-2025,08:50:48,26-10-2025,08:53:00,COMPLETED,0,1
79KWH,8,2,FULL,26-10-2025,08:51:41,26-10-2025,08:51:42,26-10-2025,08:53:22,COMPLETED,0,1
79KWH,8,1,FULL,26-10-2025,08:53:05,26-10-2025,08:53:09,26-10-2025,08:55:20,COMPLETED,0,1
79KWH,8,3,FULL,26-10-2025,08:53:09,26-10-2025,08:53:10,26-10-2025,08:55:35,COMPLETED,0,1
79KWH,8,2,FULL,26-10-2025,08:53:39,26-10-2025,08:53:40,26-10-2025,08:55:19,COMPLETED,0,1
79KWH,8,1,FULL,26-10-2025,08:55:29,26-10-2025,08:55:29,26-10-2025,08:57:43,COMPLETED,0,1
79KWH,8,3,FULL,26-10-2025,08:55:41,26-10-2025,08:55:44,26-10-2025,08:58:08,COMPLETED,0,1
79KWH,8,2,FULL,26-10-2025,08:56:26,26-10-2025,08:56:28,26-10-2025,08:58:09,COMPLETED,0,1
79KWH,8,1,FULL,26-10-2025,08:57:56,26-10-2025,08:57:56,26-10-2025,09:00:14,COMPLETED,0,1
79KWH,8,3,FULL,26-10-2025,08:58:17,26-10-2025,08:58:17,26-10-2025,09:00:43,COMPLETED,0,1
79KWH,8,2,FULL,26-10-2025,08:59:15,26-10-2025,08:59:15,26-10-2025,09:00:56,COMPLETED,0,1
79KWH,8,1,FULL,26-10-2025,09:00:41,26-10-2025,09:00:42,26-10-2025,09:03:02,COMPLETED,0,1
79KWH,8,3,FULL,26-10-2025,09:00:49,26-10-2025,09:00:53,26-10-2025,09:03:18,COMPLETED,0,1
79KWH,8,2,FULL,26-10-2025,09:02:00,26-10-2025,09:02:00,26-10-2025,09:03:44,COMPLETED,0,1
79KWH,8,3,FULL,26-10-2025,09:03:26,26-10-2025,09:03:27,26-10-2025,09:05:55,COMPLETED,0,1
79KWH,8,1,FULL,26-10-2025,09:03:30,26-10-2025,09:03:31,26-10-2025,09:05:51,COMPLETED,0,1
79KWH,8,2,FULL,26-10-2025,09:04:50,26-10-2025,09:04:50,26-10-2025,09:06:33,COMPLETED,0,1
79KWH,8,3,FULL,26-10-2025,09:06:01,26-10-2025,09:06:04,26-10-2025,09:08:31,COMPLETED,0,1
79KWH,8,1,FULL,26-10-2025,09:06:16,26-10-2025,09:06:18,26-10-2025,09:08:39,COMPLETED,0,1
79KWH,8,2,FULL,26-10-2025,09:07:37,26-10-2025,09:07:37,26-10-2025,09:10:33,COMPLETED,0,1
79KWH,8,3,FULL,26-10-2025,09:08:39,26-10-2025,09:08:40,26-10-2025,09:11:09,COMPLETED,0,1
79KWH,8,1,FULL,26-10-2025,09:09:05,26-10-2025,09:09:06,26-10-2025,09:11:27,COMPLETED,0,1
79KWH,8,2,FULL,26-10-2025,09:10:40,26-10-2025,09:10:42,26-10-2025,09:14:46,COMPLETED,0,1
79KWH,8,3,FULL,26-10-2025,09:11:15,26-10-2025,09:11:18,26-10-2025,09:13:45,COMPLETED,0,1
79KWH,8,1,FULL,26-10-2025,09:12:49,26-10-2025,09:12:59,26-10-2025,09:15:37,COMPLETED,0,1
79KWH,8,3,FULL,26-10-2025,09:13:53,26-10-2025,09:16:22,26-10-2025,09:19:03,COMPLETED,0,1
79KWH,8,2,FULL,26-10-2025,09:14:54,26-10-2025,09:18:00,26-10-2025,09:22:13,COMPLETED,0,1
79KWH,8,1,FULL,26-10-2025,09:15:43,26-10-2025,09:15:45,26-10-2025,09:18:56,COMPLETED,0,1
79KWH,8,3,FULL,26-10-2025,09:19:09,26-10-2025,09:19:12,26-10-2025,09:21:40,COMPLETED,0,1
79KWH,8,3,FULL,26-10-2025,09:21:48,26-10-2025,09:21:48,26-10-2025,09:24:19,COMPLETED,0,1
79KWH,8,2,FULL,26-10-2025,09:47:18,26-10-2025,09:47:18,26-10-2025,09:51:31,COMPLETED,0,1
79KWH,8,1,FULL,26-10-2025,09:48:46,26-10-2025,09:48:47,26-10-2025,09:51:25,COMPLETED,0,1
79KWH,8,3,FULL,26-10-2025,09:49:57,26-10-2025,09:49:58,26-10-2025,09:52:37,COMPLETED,0,1
79KWH,8,1,FULL,26-10-2025,09:51:37,26-10-2025,09:52:55,26-10-2025,09:55:31,COMPLETED,0,1
79KWH,8,2,FULL,26-10-2025,09:51:39,26-10-2025,09:54:38,26-10-2025,09:58:54,COMPLETED,0,1
79KWH,8,3,FULL,26-10-2025,09:52:45,26-10-2025,09:55:10,26-10-2025,09:57:52,COMPLETED,0,1
79KWH,8,1,FULL,26-10-2025,09:55:39,26-10-2025,09:57:02,26-10-2025,09:59:42,COMPLETED,0,1
79KWH,8,3,FULL,26-10-2025,09:57:57,26-10-2025,09:58:01,26-10-2025,10:00:32,COMPLETED,0,1
79KWH,8,2,FULL,26-10-2025,09:59:00,26-10-2025,09:59:03,26-10-2025,10:03:14,COMPLETED,0,1
79KWH,8,1,FULL,26-10-2025,09:59:49,26-10-2025,09:59:51,26-10-2025,10:02:13,COMPLETED,0,1
79KWH,8,3,FULL,26-10-2025,10:00:40,26-10-2025,10:03:09,26-10-2025,10:05:53,COMPLETED,0,1
79KWH,8,1,FULL,26-10-2025,10:02:22,26-10-2025,10:02:23,26-10-2025,10:04:47,COMPLETED,0,1
79KWH,8,2,FULL,26-10-2025,10:04:06,26-10-2025,10:04:06,26-10-2025,10:08:20,COMPLETED,0,1
79KWH,8,1,FULL,26-10-2025,10:05:36,26-10-2025,10:05:37,26-10-2025,10:08:00,COMPLETED,0,1
79KWH,8,3,FULL,26-10-2025,10:05:58,26-10-2025,10:06:02,26-10-2025,10:08:34,COMPLETED,0,1
79KWH,8,2,FULL,26-10-2025,10:08:26,26-10-2025,10:11:26,26-10-2025,10:15:40,COMPLETED,0,1
79KWH,8,1,FULL,26-10-2025,10:08:39,26-10-2025,10:08:40,26-10-2025,10:11:05,COMPLETED,0,1
79KWH,8,3,FULL,26-10-2025,10:08:42,26-10-2025,10:10:19,26-10-2025,10:13:02,COMPLETED,0,1
79KWH,8,1,FULL,26-10-2025,10:11:27,26-10-2025,10:11:28,26-10-2025,10:13:51,COMPLETED,0,1
79KWH,8,3,FULL,26-10-2025,10:13:08,26-10-2025,10:13:11,26-10-2025,10:15:44,COMPLETED,0,1
79KWH,8,1,FULL,26-10-2025,10:13:59,26-10-2025,10:14:00,26-10-2025,10:16:27,COMPLETED,0,1
79KWH,8,2,FULL,26-10-2025,10:15:48,26-10-2025,10:18:49,26-10-2025,10:21:23,COMPLETED,0,1
79KWH,8,3,FULL,26-10-2025,10:15:52,26-10-2025,10:15:52,26-10-2025,10:18:27,COMPLETED,0,1
79KWH,8,1,FULL,26-10-2025,10:16:32,26-10-2025,10:16:36,26-10-2025,10:19:01,COMPLETED,0,1
79KWH,8,3,FULL,26-10-2025,10:18:34,26-10-2025,10:18:36,26-10-2025,10:21:09,COMPLETED,0,1
79KWH,8,1,FULL,26-10-2025,10:19:11,26-10-2025,10:19:12,26-10-2025,10:21:41,COMPLETED,0,1
79KWH,8,3,FULL,26-10-2025,10:21:17,26-10-2025,10:23:00,26-10-2025,10:25:44,COMPLETED,0,1
79KWH,8,2,FULL,26-10-2025,10:21:33,26-10-2025,10:24:14,26-10-2025,10:26:47,COMPLETED,0,1
79KWH,8,1,FULL,26-10-2025,10:21:46,26-10-2025,10:21:50,26-10-2025,10:24:17,COMPLETED,0,1
79KWH,8,1,FULL,26-10-2025,10:24:28,26-10-2025,10:24:29,26-10-2025,10:27:00,COMPLETED,0,1
79KWH,8,3,FULL,26-10-2025,10:25:50,26-10-2025,10:25:53,26-10-2025,10:28:27,COMPLETED,0,1
79KWH,8,2,FULL,26-10-2025,10:27:00,26-10-2025,10:27:01,26-10-2025,10:27:52,COMPLETED,0,1
79KWH,8,1,FULL,26-10-2025,10:27:06,26-10-2025,10:27:10,26-10-2025,10:29:39,COMPLETED,0,1
79KWH,8,3,FULL,26-10-2025,10:28:34,26-10-2025,10:30:07,26-10-2025,10:32:52,COMPLETED,0,1
79KWH,8,2,FULL,26-10-2025,10:29:32,26-10-2025,10:29:34,26-10-2025,10:30:23,COMPLETED,0,1
79KWH,8,1,FULL,26-10-2025,10:29:47,26-10-2025,10:29:48,26-10-2025,10:32:19,COMPLETED,0,1
79KWH,8,1,FULL,26-10-2025,10:32:25,26-10-2025,10:32:27,26-10-2025,10:34:57,COMPLETED,0,1
79KWH,8,3,FULL,26-10-2025,10:32:58,26-10-2025,10:33:01,26-10-2025,10:35:38,COMPLETED,0,1
79KWH,8,1,FULL,26-10-2025,10:35:06,26-10-2025,10:35:08,26-10-2025,10:37:41,COMPLETED,0,1
79KWH,8,3,FULL,26-10-2025,10:35:45,26-10-2025,10:37:27,26-10-2025,10:40:12,COMPLETED,0,1
79KWH,8,3,FULL,26-10-2025,10:40:19,26-10-2025,10:40:21,26-10-2025,10:42:58,COMPLETED,0,1
79KWH,8,3,FULL,26-10-2025,10:43:06,26-10-2025,10:45:34,26-10-2025,10:48:21,COMPLETED,0,1
79KWH,8,3,FULL,26-10-2025,10:59:20,26-10-2025,10:59:21,26-10-2025,11:01:59,COMPLETED,0,1
79KWH,8,2,FULL,26-10-2025,10:59:27,26-10-2025,10:59:28,26-10-2025,11:00:22,COMPLETED,0,1
79KWH,8,1,FULL,26-10-2025,11:12:14,26-10-2025,11:12:14,26-10-2025,11:14:51,COMPLETED,0,1
79KWH,8,3,FULL,26-10-2025,11:13:21,26-10-2025,11:13:22,26-10-2025,11:16:03,COMPLETED,0,1
79KWH,8,2,FULL,26-10-2025,11:13:34,26-10-2025,11:13:34,26-10-2025,11:14:27,COMPLETED,0,1
79KWH,8,1,FULL,26-10-2025,11:15:00,26-10-2025,11:15:01,26-10-2025,11:17:40,COMPLETED,0,1
79KWH,8,3,FULL,26-10-2025,11:16:11,26-10-2025,11:16:13,26-10-2025,11:18:51,COMPLETED,0,1
79KWH,8,2,FULL,26-10-2025,11:16:20,26-10-2025,11:16:20,26-10-2025,11:17:17,COMPLETED,0,1
79KWH,8,1,FULL,26-10-2025,11:17:49,26-10-2025,11:17:49,26-10-2025,11:20:28,COMPLETED,0,1
79KWH,8,3,FULL,26-10-2025,11:19:00,26-10-2025,11:19:01,26-10-2025,11:21:43,COMPLETED,0,1
79KWH,8,2,FULL,26-10-2025,11:19:10,26-10-2025,11:19:11,26-10-2025,11:20:06,COMPLETED,0,1
79KWH,8,1,FULL,26-10-2025,11:20:36,26-10-2025,11:20:37,26-10-2025,11:23:13,COMPLETED,0,1
79KWH,8,3,FULL,26-10-2025,11:53:34,26-10-2025,11:53:35,26-10-2025,11:56:20,COMPLETED,0,1
79KWH,8,2,FULL,26-10-2025,11:53:43,26-10-2025,11:53:45,26-10-2025,11:54:42,COMPLETED,0,1
79KWH,8,1,FULL,26-10-2025,11:55:12,26-10-2025,11:57:05,26-10-2025,11:59:49,COMPLETED,0,1
79KWH,8,3,FULL,26-10-2025,12:01:22,26-10-2025,12:01:23,26-10-2025,12:04:12,COMPLETED,0,1
79KWH,8,2,FULL,26-10-2025,12:03:00,26-10-2025,12:03:00,26-10-2025,12:05:36,COMPLETED,0,1
79KWH,8,3,FULL,26-10-2025,12:04:17,26-10-2025,12:04:20,26-10-2025,12:07:02,COMPLETED,0,1
79KWH,8,2,FULL,26-10-2025,12:05:44,26-10-2025,12:05:44,26-10-2025,12:06:44,COMPLETED,0,1
79KWH,8,3,FULL,26-10-2025,12:07:10,26-10-2025,12:08:19,26-10-2025,12:11:07,COMPLETED,0,1
79KWH,8,2,FULL,26-10-2025,12:07:17,26-10-2025,12:09:47,26-10-2025,12:12:23,COMPLETED,0,1
79KWH,8,3,FULL,26-10-2025,12:11:13,26-10-2025,12:11:16,26-10-2025,12:13:58,COMPLETED,0,1
79KWH,8,2,FULL,26-10-2025,12:12:47,26-10-2025,12:15:03,26-10-2025,12:17:42,COMPLETED,0,1
79KWH,8,3,FULL,26-10-2025,12:14:05,26-10-2025,12:15:22,26-10-2025,12:18:11,COMPLETED,0,1
79KWH,8,2,FULL,26-10-2025,12:17:48,26-10-2025,12:20:37,26-10-2025,12:23:15,COMPLETED,0,1
79KWH,8,3,FULL,26-10-2025,12:18:18,26-10-2025,12:18:21,26-10-2025,12:21:04,COMPLETED,0,1
79KWH,8,3,FULL,26-10-2025,12:21:12,26-10-2025,12:21:13,26-10-2025,12:23:59,COMPLETED,0,1
79KWH,8,2,FULL,26-10-2025,12:23:22,26-10-2025,12:25:53,26-10-2025,12:28:33,COMPLETED,0,1
79KWH,8,3,FULL,26-10-2025,12:24:05,26-10-2025,12:26:41,26-10-2025,12:29:29,COMPLETED,0,1
79KWH,8,2,FULL,26-10-2025,12:28:39,26-10-2025,12:28:42,26-10-2025,12:29:44,COMPLETED,0,1
79KWH,8,1,FULL,26-10-2025,12:28:41,26-10-2025,12:28:42,26-10-2025,12:31:29,COMPLETED,0,1
79KWH,8,3,FULL,26-10-2025,12:29:38,26-10-2025,12:32:12,26-10-2025,12:35:02,COMPLETED,0,1
79KWH,8,2,FULL,26-10-2025,12:29:52,26-10-2025,12:32:26,26-10-2025,12:35:07,COMPLETED,0,1
79KWH,8,1,FULL,26-10-2025,12:31:35,26-10-2025,12:31:37,26-10-2025,12:34:12,COMPLETED,0,1
79KWH,8,1,FULL,26-10-2025,12:34:20,26-10-2025,12:34:21,26-10-2025,12:36:58,COMPLETED,0,1
79KWH,8,3,FULL,26-10-2025,12:35:09,26-10-2025,12:35:21,26-10-2025,12:38:09,COMPLETED,0,1
79KWH,8,2,FULL,26-10-2025,12:35:13,26-10-2025,12:35:17,26-10-2025,12:36:20,COMPLETED,0,1
79KWH,8,2,FULL,26-10-2025,12:36:28,26-10-2025,12:38:57,26-10-2025,12:41:42,COMPLETED,0,1
79KWH,8,1,FULL,26-10-2025,12:37:04,26-10-2025,12:37:06,26-10-2025,12:39:42,COMPLETED,0,1
79KWH,8,3,FULL,26-10-2025,12:38:17,26-10-2025,12:39:30,26-10-2025,12:42:20,COMPLETED,0,1
79KWH,8,1,FULL,26-10-2025,12:39:51,26-10-2025,12:41:38,26-10-2025,12:44:26,COMPLETED,0,1
79KWH,8,2,FULL,26-10-2025,12:41:48,26-10-2025,12:41:50,26-10-2025,12:42:56,COMPLETED,0,1
79KWH,8,3,FULL,26-10-2025,12:42:26,26-10-2025,12:43:47,26-10-2025,12:46:36,COMPLETED,0,1
79KWH,8,2,FULL,26-10-2025,12:43:04,26-10-2025,12:45:35,26-10-2025,12:48:19,COMPLETED,0,1
79KWH,8,1,FULL,26-10-2025,12:44:32,26-10-2025,12:44:34,26-10-2025,12:47:14,COMPLETED,0,1
79KWH,8,3,FULL,26-10-2025,12:46:45,26-10-2025,12:47:54,26-10-2025,12:49:52,COMPLETED,0,1
79KWH,8,1,FULL,26-10-2025,12:47:22,26-10-2025,12:49:14,26-10-2025,12:52:04,COMPLETED,0,1
79KWH,8,2,FULL,26-10-2025,12:48:26,26-10-2025,12:48:27,26-10-2025,12:49:36,COMPLETED,0,1
79KWH,8,2,FULL,26-10-2025,12:49:44,26-10-2025,12:52:42,26-10-2025,12:55:28,COMPLETED,0,1
79KWH,8,3,FULL,26-10-2025,12:49:58,26-10-2025,12:51:58,26-10-2025,12:53:47,COMPLETED,0,1
79KWH,8,1,FULL,26-10-2025,12:52:10,26-10-2025,12:52:13,26-10-2025,12:54:54,COMPLETED,0,1
79KWH,8,3,FULL,26-10-2025,12:54:02,26-10-2025,12:55:52,26-10-2025,12:57:45,COMPLETED,0,1
79KWH,8,1,FULL,26-10-2025,12:55:02,26-10-2025,12:55:03,26-10-2025,12:57:47,COMPLETED,0,1
79KWH,8,2,FULL,26-10-2025,12:55:35,26-10-2025,12:55:37,26-10-2025,12:56:48,COMPLETED,0,1
79KWH,8,2,FULL,26-10-2025,12:56:56,26-10-2025,12:56:57,26-10-2025,12:58:12,COMPLETED,0,1
79KWH,8,1,FULL,26-10-2025,12:57:54,26-10-2025,12:57:56,26-10-2025,13:00:38,COMPLETED,0,1
79KWH,8,3,FULL,26-10-2025,12:57:54,26-10-2025,12:57:55,26-10-2025,12:58:46,COMPLETED,0,1
79KWH,8,2,FULL,26-10-2025,12:58:18,26-10-2025,13:00:52,26-10-2025,13:03:37,COMPLETED,0,1
79KWH,8,3,FULL,26-10-2025,12:59:00,26-10-2025,13:00:55,26-10-2025,13:02:48,COMPLETED,0,1
79KWH,8,1,FULL,26-10-2025,13:00:47,26-10-2025,13:02:37,26-10-2025,13:05:29,COMPLETED,0,1
79KWH,8,3,FULL,26-10-2025,13:02:57,26-10-2025,13:02:58,26-10-2025,13:03:49,COMPLETED,0,1
79KWH,8,2,FULL,26-10-2025,13:03:44,26-10-2025,13:03:45,26-10-2025,13:05:11,COMPLETED,0,1
79KWH,8,3,FULL,26-10-2025,13:04:03,26-10-2025,13:05:53,26-10-2025,13:35:23,COMPLETED,0,1
79KWH,8,2,FULL,26-10-2025,13:05:18,26-10-2025,13:05:21,26-10-2025,13:06:56,COMPLETED,0,1
79KWH,8,1,FULL,26-10-2025,13:05:35,26-10-2025,13:05:36,26-10-2025,13:08:19,COMPLETED,0,1
79KWH,8,2,FULL,26-10-2025,13:07:04,26-10-2025,13:07:05,26-10-2025,13:08:31,COMPLETED,0,1
79KWH,8,1,FULL,26-10-2025,13:08:28,26-10-2025,13:10:22,26-10-2025,13:13:13,COMPLETED,0,1
79KWH,8,2,FULL,26-10-2025,13:08:37,26-10-2025,13:08:40,26-10-2025,13:09:54,COMPLETED,0,1
79KWH,8,2,FULL,26-10-2025,13:10:03,26-10-2025,13:10:04,26-10-2025,13:11:22,COMPLETED,0,1
79KWH,8,2,FULL,26-10-2025,13:11:28,26-10-2025,13:11:32,26-10-2025,13:12:49,COMPLETED,0,1
79KWH,8,2,FULL,26-10-2025,13:12:58,26-10-2025,13:12:59,26-10-2025,13:14:17,COMPLETED,0,1
79KWH,8,1,FULL,26-10-2025,13:13:20,26-10-2025,13:13:22,26-10-2025,13:16:07,COMPLETED,0,1
79KWH,8,2,FULL,26-10-2025,13:14:23,26-10-2025,13:14:27,26-10-2025,13:15:44,COMPLETED,0,1
79KWH,8,2,FULL,26-10-2025,13:15:52,26-10-2025,13:15:52,26-10-2025,13:17:14,COMPLETED,0,1
79KWH,8,1,FULL,26-10-2025,13:16:15,26-10-2025,13:16:16,26-10-2025,13:19:05,COMPLETED,0,1
79KWH,8,2,FULL,26-10-2025,13:17:21,26-10-2025,13:17:24,26-10-2025,13:18:44,COMPLETED,0,1
79KWH,8,2,FULL,26-10-2025,13:18:52,26-10-2025,13:18:54,26-10-2025,13:20:18,COMPLETED,0,1
79KWH,8,1,FULL,26-10-2025,13:19:11,26-10-2025,13:19:13,26-10-2025,13:21:59,COMPLETED,0,1
79KWH,8,2,FULL,26-10-2025,13:20:23,26-10-2025,13:20:26,26-10-2025,13:21:49,COMPLETED,0,1
79KWH,8,2,FULL,26-10-2025,13:21:56,26-10-2025,13:24:15,26-10-2025,13:27:08,COMPLETED,0,1
79KWH,8,1,FULL,26-10-2025,13:22:09,26-10-2025,13:23:59,26-10-2025,13:26:52,COMPLETED,0,1
79KWH,8,1,FULL,26-10-2025,13:26:58,26-10-2025,13:27:00,26-10-2025,13:29:52,COMPLETED,0,1
79KWH,8,2,FULL,26-10-2025,13:27:15,26-10-2025,13:27:17,26-10-2025,13:28:43,COMPLETED,0,1
79KWH,8,2,FULL,26-10-2025,13:28:51,26-10-2025,13:31:12,26-10-2025,13:34:06,COMPLETED,0,1
79KWH,8,1,FULL,26-10-2025,13:30:02,26-10-2025,13:31:58,26-10-2025,13:34:51,COMPLETED,0,1
79KWH,8,2,FULL,26-10-2025,13:34:12,26-10-2025,13:34:15,26-10-2025,13:35:42,COMPLETED,0,1
79KWH,8,1,FULL,26-10-2025,13:34:57,26-10-2025,13:35:00,26-10-2025,13:37:48,COMPLETED,0,1
79KWH,8,3,FULL,26-10-2025,13:35:29,26-10-2025,13:35:38,26-10-2025,13:36:33,COMPLETED,0,1
79KWH,8,2,FULL,26-10-2025,13:35:51,26-10-2025,13:35:51,26-10-2025,13:37:21,COMPLETED,0,1
79KWH,8,3,FULL,26-10-2025,13:36:46,26-10-2025,13:38:59,26-10-2025,13:40:55,COMPLETED,0,1
79KWH,8,2,FULL,26-10-2025,13:37:27,26-10-2025,13:37:31,26-10-2025,13:38:59,COMPLETED,0,1
79KWH,8,1,FULL,26-10-2025,13:37:58,26-10-2025,13:37:58,26-10-2025,13:40:50,COMPLETED,0,1
79KWH,8,2,FULL,26-10-2025,13:39:07,26-10-2025,13:39:08,26-10-2025,13:40:39,COMPLETED,0,1
79KWH,8,2,FULL,26-10-2025,13:40:45,26-10-2025,13:40:49,26-10-2025,13:42:18,COMPLETED,0,1
79KWH,8,1,FULL,26-10-2025,13:40:56,26-10-2025,13:41:00,26-10-2025,13:43:50,COMPLETED,0,1
79KWH,8,3,FULL,26-10-2025,13:41:02,26-10-2025,13:41:47,26-10-2025,13:42:44,COMPLETED,0,1
79KWH,8,2,FULL,26-10-2025,13:42:27,26-10-2025,13:42:27,26-10-2025,13:44:00,COMPLETED,0,1
79KWH,8,3,FULL,26-10-2025,13:42:53,26-10-2025,13:42:54,26-10-2025,13:43:53,COMPLETED,0,1
79KWH,8,3,FULL,26-10-2025,13:43:58,26-10-2025,13:44:02,26-10-2025,13:45:00,COMPLETED,0,1
79KWH,8,1,FULL,26-10-2025,13:43:59,26-10-2025,13:44:00,26-10-2025,13:47:02,COMPLETED,0,1
79KWH,8,2,FULL,26-10-2025,13:44:06,26-10-2025,13:44:10,26-10-2025,13:45:42,COMPLETED,0,1
79KWH,8,3,FULL,26-10-2025,13:45:12,26-10-2025,13:45:12,26-10-2025,13:46:14,COMPLETED,0,1
79KWH,8,2,FULL,26-10-2025,13:45:50,26-10-2025,13:45:51,26-10-2025,13:47:27,COMPLETED,0,1
79KWH,8,3,FULL,26-10-2025,13:46:21,26-10-2025,13:46:23,26-10-2025,13:47:23,COMPLETED,0,1
79KWH,8,1,FULL,26-10-2025,13:47:07,26-10-2025,13:47:11,26-10-2025,13:50:09,COMPLETED,0,1
79KWH,8,3,FULL,26-10-2025,13:47:32,26-10-2025,13:47:33,26-10-2025,13:48:37,COMPLETED,0,1
79KWH,8,2,FULL,26-10-2025,13:47:33,26-10-2025,13:47:36,26-10-2025,13:49:11,COMPLETED,0,1
79KWH,8,3,FULL,26-10-2025,13:48:43,26-10-2025,13:48:46,26-10-2025,13:49:47,COMPLETED,0,1
79KWH,8,3,FULL,26-10-2025,13:49:55,26-10-2025,13:49:57,26-10-2025,13:51:01,COMPLETED,0,1
79KWH,8,2,FULL,26-10-2025,13:50:14,26-10-2025,13:50:14,26-10-2025,13:51:51,COMPLETED,0,1
79KWH,8,1,FULL,26-10-2025,13:50:18,26-10-2025,13:50:20,26-10-2025,13:52:48,COMPLETED,0,1
79KWH,8,3,FULL,26-10-2025,13:51:06,26-10-2025,13:51:10,26-10-2025,13:52:12,COMPLETED,0,1
79KWH,8,3,FULL,26-10-2025,13:52:52,26-10-2025,13:52:53,26-10-2025,13:53:58,COMPLETED,0,1
79KWH,8,1,FULL,26-10-2025,13:52:54,26-10-2025,13:52:58,26-10-2025,13:54:45,COMPLETED,0,1
79KWH,8,2,FULL,26-10-2025,13:52:54,26-10-2025,13:52:56,26-10-2025,13:54:32,COMPLETED,0,1
79KWH,8,1,FULL,26-10-2025,13:54:55,26-10-2025,13:56:27,26-10-2025,13:58:51,COMPLETED,0,1
79KWH,8,3,FULL,26-10-2025,13:55:32,26-10-2025,13:56:00,26-10-2025,13:57:57,COMPLETED,0,1
79KWH,8,2,FULL,26-10-2025,13:55:49,26-10-2025,13:56:53,26-10-2025,13:59:54,COMPLETED,0,1
79KWH,8,3,FULL,26-10-2025,13:58:28,26-10-2025,14:00:01,26-10-2025,14:02:00,COMPLETED,0,1
79KWH,8,1,FULL,26-10-2025,13:58:57,26-10-2025,13:59:00,26-10-2025,14:00:49,COMPLETED,0,1
79KWH,8,2,FULL,26-10-2025,14:00:00,26-10-2025,14:00:03,26-10-2025,14:01:43,COMPLETED,0,1
79KWH,8,1,FULL,26-10-2025,14:00:58,26-10-2025,14:00:59,26-10-2025,14:02:57,COMPLETED,0,1
79KWH,8,2,FULL,26-10-2025,14:01:51,26-10-2025,14:04:07,26-10-2025,14:07:07,COMPLETED,0,1
79KWH,8,3,FULL,26-10-2025,14:02:06,26-10-2025,14:02:09,26-10-2025,14:03:14,COMPLETED,0,1
79KWH,8,1,FULL,26-10-2025,14:03:03,26-10-2025,14:03:05,26-10-2025,14:04:55,COMPLETED,0,1
79KWH,8,3,FULL,26-10-2025,14:04:02,26-10-2025,14:04:03,26-10-2025,14:05:10,COMPLETED,0,1
79KWH,8,1,FULL,26-10-2025,14:05:04,26-10-2025,14:05:04,26-10-2025,14:06:57,COMPLETED,0,1
79KWH,8,3,FULL,26-10-2025,14:06:46,26-10-2025,14:06:47,26-10-2025,14:07:52,COMPLETED,0,1
79KWH,8,1,FULL,26-10-2025,14:07:02,26-10-2025,14:07:06,26-10-2025,14:08:58,COMPLETED,0,1
79KWH,8,2,FULL,26-10-2025,14:07:13,26-10-2025,14:07:16,26-10-2025,14:08:58,COMPLETED,0,1
79KWH,8,3,FULL,26-10-2025,14:08:41,26-10-2025,14:08:42,26-10-2025,14:09:50,COMPLETED,0,1
79KWH,8,2,FULL,26-10-2025,14:09:06,26-10-2025,14:09:06,26-10-2025,14:10:52,COMPLETED,0,1
79KWH,8,1,FULL,26-10-2025,14:09:07,26-10-2025,14:09:07,26-10-2025,14:11:08,COMPLETED,0,1
79KWH,8,1,FULL,26-10-2025,14:11:14,26-10-2025,14:11:16,26-10-2025,14:13:08,COMPLETED,0,1
79KWH,8,3,FULL,26-10-2025,14:11:29,26-10-2025,14:12:45,26-10-2025,14:14:43,COMPLETED,0,1
79KWH,8,2,FULL,26-10-2025,14:11:33,26-10-2025,14:13:14,26-10-2025,14:16:15,COMPLETED,0,1
79KWH,8,1,FULL,26-10-2025,14:13:17,26-10-2025,14:14:54,26-10-2025,14:17:19,COMPLETED,0,1
79KWH,8,3,FULL,26-10-2025,14:14:51,26-10-2025,14:14:51,26-10-2025,14:16:02,COMPLETED,0,1
79KWH,8,2,FULL,26-10-2025,14:16:23,26-10-2025,14:16:24,26-10-2025,14:18:10,COMPLETED,0,1
79KWH,8,1,FULL,26-10-2025,14:17:25,26-10-2025,14:17:28,26-10-2025,14:19:22,COMPLETED,0,1
79KWH,8,1,FULL,26-10-2025,14:19:31,26-10-2025,14:21:03,26-10-2025,14:23:30,COMPLETED,0,1
79KWH,8,1,FULL,26-10-2025,14:23:35,26-10-2025,14:23:39,26-10-2025,14:25:34,COMPLETED,0,1
79KWH,8,3,FULL,26-10-2025,14:33:23,26-10-2025,14:33:24,26-10-2025,14:35:23,COMPLETED,0,1
79KWH,8,2,FULL,26-10-2025,14:33:29,26-10-2025,14:33:30,26-10-2025,14:35:15,COMPLETED,0,1
79KWH,8,1,FULL,26-10-2025,14:34:59,26-10-2025,14:35:00,26-10-2025,14:37:03,COMPLETED,0,1
79KWH,8,3,FULL,26-10-2025,14:36:09,26-10-2025,14:36:10,26-10-2025,14:37:20,COMPLETED,0,1
79KWH,8,2,FULL,26-10-2025,14:36:22,26-10-2025,14:36:22,26-10-2025,14:38:11,COMPLETED,0,1
79KWH,8,1,FULL,26-10-2025,14:37:44,26-10-2025,14:37:45,26-10-2025,14:39:41,COMPLETED,0,1
79KWH,8,3,FULL,26-10-2025,14:38:56,26-10-2025,14:38:57,26-10-2025,14:40:06,COMPLETED,0,1
79KWH,8,2,FULL,26-10-2025,14:39:02,26-10-2025,14:39:03,26-10-2025,14:40:51,COMPLETED,0,1
79KWH,8,1,FULL,26-10-2025,14:40:35,26-10-2025,14:40:36,26-10-2025,14:42:45,COMPLETED,0,1
79KWH,8,3,FULL,26-10-2025,14:41:44,26-10-2025,14:41:46,26-10-2025,14:42:58,COMPLETED,0,1
79KWH,8,2,FULL,26-10-2025,14:41:57,26-10-2025,14:41:58,26-10-2025,14:43:48,COMPLETED,0,1
79KWH,8,1,FULL,26-10-2025,14:43:20,26-10-2025,14:43:21,26-10-2025,14:45:17,COMPLETED,0,1
79KWH,8,3,FULL,26-10-2025,14:44:32,26-10-2025,14:44:33,26-10-2025,14:45:44,COMPLETED,0,1
79KWH,8,2,FULL,26-10-2025,14:44:40,26-10-2025,14:44:41,26-10-2025,14:46:29,COMPLETED,0,1
79KWH,8,1,FULL,26-10-2025,14:46:13,26-10-2025,14:46:13,26-10-2025,14:48:24,COMPLETED,0,1
79KWH,8,3,FULL,26-10-2025,14:47:23,26-10-2025,14:47:23,26-10-2025,14:48:37,COMPLETED,0,1
79KWH,8,2,FULL,26-10-2025,14:47:33,26-10-2025,14:47:33,26-10-2025,14:49:26,COMPLETED,0,1
79KWH,8,1,FULL,26-10-2025,14:48:55,26-10-2025,14:48:56,26-10-2025,14:50:53,COMPLETED,0,1
79KWH,8,3,FULL,26-10-2025,14:50:10,26-10-2025,14:50:11,26-10-2025,14:51:22,COMPLETED,0,1
79KWH,8,2,FULL,26-10-2025,14:50:16,26-10-2025,14:50:17,26-10-2025,14:52:07,COMPLETED,0,1
79KWH,8,1,FULL,26-10-2025,14:51:50,26-10-2025,14:53:07,26-10-2025,14:55:35,COMPLETED,0,1
79KWH,8,3,FULL,26-10-2025,14:52:56,26-10-2025,16:37:56,26-10-2025,16:39:59,COMPLETED,0,1
79KWH,8,2,FULL,26-10-2025,14:53:07,26-10-2025,14:54:25,26-10-2025,14:57:32,COMPLETED,0,1
79KWH,8,1,FULL,26-10-2025,14:55:41,26-10-2025,14:55:44,26-10-2025,14:57:49,COMPLETED,0,1
79KWH,8,2,FULL,26-10-2025,14:57:38,26-10-2025,14:57:42,26-10-2025,14:59:33,COMPLETED,0,1
79KWH,8,1,FULL,26-10-2025,14:59:00,26-10-2025,14:59:30,26-10-2025,15:02:09,COMPLETED,0,1
79KWH,8,2,FULL,26-10-2025,15:00:20,26-10-2025,15:01:46,26-10-2025,15:04:55,COMPLETED,0,1
79KWH,8,1,FULL,26-10-2025,15:02:15,26-10-2025,15:02:18,26-10-2025,15:04:24,COMPLETED,0,1
79KWH,8,1,FULL,26-10-2025,15:04:36,26-10-2025,15:04:36,26-10-2025,15:06:43,COMPLETED,0,1
79KWH,8,2,FULL,26-10-2025,15:05:01,26-10-2025,15:05:05,26-10-2025,15:07:01,COMPLETED,0,1
79KWH,8,2,FULL,26-10-2025,15:07:09,26-10-2025,15:09:16,26-10-2025,15:12:25,COMPLETED,0,1
79KWH,8,1,FULL,26-10-2025,15:07:18,26-10-2025,15:08:30,26-10-2025,15:11:06,COMPLETED,0,1
79KWH,8,1,FULL,26-10-2025,15:11:15,26-10-2025,15:12:41,26-10-2025,15:15:20,COMPLETED,0,1
79KWH,8,2,FULL,26-10-2025,15:12:31,26-10-2025,15:12:35,26-10-2025,15:14:33,COMPLETED,0,1
79KWH,8,1,FULL,26-10-2025,15:15:26,26-10-2025,15:15:29,26-10-2025,15:17:34,COMPLETED,0,1
79KWH,8,2,FULL,26-10-2025,15:27:40,26-10-2025,15:27:41,26-10-2025,15:30:51,COMPLETED,0,1
79KWH,8,1,FULL,26-10-2025,15:28:51,26-10-2025,15:28:51,26-10-2025,15:31:34,COMPLETED,0,1
79KWH,8,2,FULL,26-10-2025,15:30:58,26-10-2025,15:31:00,26-10-2025,15:33:00,COMPLETED,0,1
79KWH,8,1,FULL,26-10-2025,15:31:39,26-10-2025,15:31:43,26-10-2025,15:33:52,COMPLETED,0,1
79KWH,8,2,FULL,26-10-2025,15:33:08,26-10-2025,15:35:13,26-10-2025,15:38:25,COMPLETED,0,1
79KWH,8,1,FULL,26-10-2025,15:34:02,26-10-2025,15:34:02,26-10-2025,15:36:13,COMPLETED,0,1
79KWH,8,1,FULL,26-10-2025,15:36:19,26-10-2025,15:36:21,26-10-2025,15:38:31,COMPLETED,0,1
79KWH,8,2,FULL,26-10-2025,15:38:31,26-10-2025,15:38:33,26-10-2025,15:40:34,COMPLETED,0,1
79KWH,8,1,FULL,26-10-2025,15:38:40,26-10-2025,15:38:41,26-10-2025,15:40:58,COMPLETED,0,1
79KWH,8,2,FULL,26-10-2025,15:40:42,26-10-2025,15:40:42,26-10-2025,15:42:47,COMPLETED,0,1
79KWH,8,1,FULL,26-10-2025,15:41:04,26-10-2025,15:41:07,26-10-2025,15:43:23,COMPLETED,0,1
79KWH,8,2,FULL,26-10-2025,15:42:53,26-10-2025,15:42:56,26-10-2025,15:44:59,COMPLETED,0,1
79KWH,8,1,FULL,26-10-2025,15:43:32,26-10-2025,15:43:33,26-10-2025,15:45:45,COMPLETED,0,1
79KWH,8,2,FULL,26-10-2025,15:45:07,26-10-2025,15:45:09,26-10-2025,15:47:15,COMPLETED,0,1
79KWH,8,1,FULL,26-10-2025,15:45:50,26-10-2025,15:45:55,26-10-2025,15:48:08,COMPLETED,0,1
79KWH,8,2,FULL,26-10-2025,15:47:21,26-10-2025,15:47:24,26-10-2025,15:49:29,COMPLETED,0,1
79KWH,8,1,FULL,26-10-2025,15:48:17,26-10-2025,15:48:18,26-10-2025,15:50:31,COMPLETED,0,1
79KWH,8,2,FULL,26-10-2025,15:49:37,26-10-2025,15:49:38,26-10-2025,15:51:48,COMPLETED,0,1
79KWH,8,1,FULL,26-10-2025,15:50:38,26-10-2025,15:50:39,26-10-2025,15:52:53,COMPLETED,0,1
79KWH,8,2,FULL,26-10-2025,15:51:54,26-10-2025,15:53:54,26-10-2025,15:57:06,COMPLETED,0,1
79KWH,8,1,FULL,26-10-2025,15:53:02,26-10-2025,15:54:25,26-10-2025,15:56:58,COMPLETED,0,1
79KWH,8,1,FULL,26-10-2025,15:57:04,26-10-2025,15:58:39,26-10-2025,16:01:10,COMPLETED,0,1
79KWH,8,2,FULL,26-10-2025,15:57:14,26-10-2025,15:59:16,26-10-2025,16:02:31,COMPLETED,0,1
79KWH,8,1,FULL,26-10-2025,16:01:18,26-10-2025,16:01:19,26-10-2025,16:03:49,COMPLETED,0,1
79KWH,8,2,FULL,26-10-2025,16:02:37,26-10-2025,16:02:40,26-10-2025,16:04:48,COMPLETED,0,1
79KWH,8,1,FULL,26-10-2025,16:03:56,26-10-2025,16:03:58,26-10-2025,16:06:14,COMPLETED,0,1
79KWH,8,2,FULL,26-10-2025,16:04:57,26-10-2025,16:06:53,26-10-2025,16:10:09,COMPLETED,0,1
79KWH,8,1,FULL,26-10-2025,16:06:23,26-10-2025,16:06:24,26-10-2025,16:09:04,COMPLETED,0,1
79KWH,8,1,FULL,26-10-2025,16:09:10,26-10-2025,16:09:13,26-10-2025,16:11:54,COMPLETED,0,1
79KWH,8,2,FULL,26-10-2025,16:10:16,26-10-2025,16:10:20,26-10-2025,16:12:31,COMPLETED,0,1
79KWH,8,1,FULL,26-10-2025,16:12:02,26-10-2025,16:12:03,26-10-2025,16:14:20,COMPLETED,0,1
79KWH,8,2,FULL,26-10-2025,16:12:40,26-10-2025,16:12:40,26-10-2025,16:14:54,COMPLETED,0,1
79KWH,8,1,FULL,26-10-2025,16:14:26,26-10-2025,16:14:29,26-10-2025,16:16:46,COMPLETED,0,1
79KWH,8,2,FULL,26-10-2025,16:15:00,26-10-2025,16:15:04,26-10-2025,16:17:17,COMPLETED,0,1
79KWH,8,1,FULL,26-10-2025,16:16:55,26-10-2025,16:16:56,26-10-2025,16:19:23,COMPLETED,0,1
79KWH,8,2,FULL,26-10-2025,16:17:25,26-10-2025,16:17:25,26-10-2025,16:20:32,COMPLETED,0,1
79KWH,8,1,FULL,26-10-2025,16:19:28,26-10-2025,16:19:33,26-10-2025,16:22:10,COMPLETED,0,1
79KWH,8,2,FULL,26-10-2025,16:20:39,26-10-2025,16:20:42,26-10-2025,16:24:39,COMPLETED,0,1
79KWH,8,1,FULL,26-10-2025,16:22:19,26-10-2025,16:22:24,26-10-2025,16:25:08,COMPLETED,0,1
79KWH,8,1,FULL,26-10-2025,16:25:14,26-10-2025,16:25:17,26-10-2025,16:28:46,COMPLETED,0,1
79KWH,8,3,FULL,26-10-2025,16:40:05,26-10-2025,16:40:08,26-10-2025,16:41:21,COMPLETED,0,1
79KWH,8,3,FULL,26-10-2025,16:41:29,26-10-2025,16:41:29,26-10-2025,16:42:45,COMPLETED,0,1
79KWH,8,3,FULL,26-10-2025,16:42:51,26-10-2025,16:42:53,26-10-2025,16:44:07,COMPLETED,0,1
79KWH,8,3,FULL,26-10-2025,16:44:15,26-10-2025,16:44:15,26-10-2025,16:45:31,COMPLETED,0,1
79KWH,8,3,FULL,26-10-2025,16:45:36,26-10-2025,16:45:41,26-10-2025,16:46:55,COMPLETED,0,1
79KWH,8,1,FULL,26-10-2025,16:50:15,26-10-2025,17:08:10,26-10-2025,17:10:23,COMPLETED,0,1
79KWH,8,3,FULL,26-10-2025,16:51:21,26-10-2025,16:51:22,26-10-2025,16:52:39,COMPLETED,0,1
79KWH,8,2,FULL,26-10-2025,16:51:35,26-10-2025,16:51:36,26-10-2025,16:55:45,COMPLETED,0,1
79KWH,8,3,FULL,26-10-2025,16:54:09,26-10-2025,16:54:10,26-10-2025,16:55:26,COMPLETED,0,1
79KWH,8,2,FULL,26-10-2025,16:55:51,26-10-2025,16:55:55,26-10-2025,16:59:53,COMPLETED,0,1
79KWH,8,3,FULL,26-10-2025,16:57:00,26-10-2025,16:57:00,26-10-2025,16:58:19,COMPLETED,0,1
79KWH,8,2,FULL,26-10-2025,17:00:00,26-10-2025,17:00:02,26-10-2025,17:04:03,COMPLETED,0,1
79KWH,8,1,FULL,26-10-2025,17:10:29,26-10-2025,17:12:01,26-10-2025,17:14:36,COMPLETED,0,1
79KWH,8,2,FULL,26-10-2025,17:11:56,26-10-2025,17:11:56,26-10-2025,17:16:05,COMPLETED,0,1
79KWH,8,3,FULL,26-10-2025,17:12:04,26-10-2025,17:12:04,26-10-2025,17:14:08,COMPLETED,0,1
79KWH,8,3,FULL,26-10-2025,17:14:19,26-10-2025,17:16:01,26-10-2025,17:18:44,COMPLETED,0,1
79KWH,8,1,FULL,26-10-2025,17:14:44,26-10-2025,17:16:16,26-10-2025,17:18:54,COMPLETED,0,1
79KWH,8,2,FULL,26-10-2025,17:16:14,26-10-2025,17:17:46,26-10-2025,17:21:57,COMPLETED,0,1
79KWH,8,3,FULL,26-10-2025,17:18:51,26-10-2025,17:20:41,26-10-2025,17:23:22,COMPLETED,0,1
79KWH,8,1,FULL,26-10-2025,17:19:00,26-10-2025,17:20:32,26-10-2025,17:23:07,COMPLETED,0,1
79KWH,8,2,FULL,26-10-2025,17:22:04,26-10-2025,17:22:06,26-10-2025,17:26:08,COMPLETED,0,1
79KWH,8,1,FULL,26-10-2025,17:23:17,26-10-2025,17:24:46,26-10-2025,17:27:23,COMPLETED,0,1
79KWH,8,3,FULL,26-10-2025,17:24:40,26-10-2025,17:26:03,26-10-2025,17:28:46,COMPLETED,0,1
79KWH,8,2,FULL,26-10-2025,17:27:22,26-10-2025,17:27:41,26-10-2025,17:31:55,COMPLETED,0,1
79KWH,8,1,FULL,26-10-2025,17:27:29,26-10-2025,17:27:32,26-10-2025,17:29:49,COMPLETED,0,1
79KWH,8,1,FULL,26-10-2025,17:29:59,26-10-2025,17:29:59,26-10-2025,17:32:19,COMPLETED,0,1
79KWH,8,3,FULL,26-10-2025,17:30:40,26-10-2025,17:31:57,26-10-2025,17:34:38,COMPLETED,0,1
79KWH,8,2,FULL,26-10-2025,17:32:00,26-10-2025,17:32:03,26-10-2025,17:36:07,COMPLETED,0,1
79KWH,8,1,FULL,26-10-2025,17:32:26,26-10-2025,17:32:28,26-10-2025,17:34:47,COMPLETED,0,1
79KWH,8,3,FULL,26-10-2025,17:34:45,26-10-2025,17:35:53,26-10-2025,17:38:38,COMPLETED,0,1
79KWH,8,1,FULL,26-10-2025,17:34:55,26-10-2025,17:34:56,26-10-2025,17:37:18,COMPLETED,0,1
79KWH,8,2,FULL,26-10-2025,17:36:15,26-10-2025,17:37:47,26-10-2025,17:42:00,COMPLETED,0,1
79KWH,8,1,FULL,26-10-2025,17:37:23,26-10-2025,17:37:27,26-10-2025,17:39:46,COMPLETED,0,1
79KWH,8,3,FULL,26-10-2025,17:38:44,26-10-2025,17:39:56,26-10-2025,17:42:38,COMPLETED,0,1
79KWH,8,2,FULL,26-10-2025,17:42:06,26-10-2025,17:42:09,26-10-2025,17:46:15,COMPLETED,0,1
79KWH,8,1,FULL,26-10-2025,18:08:56,26-10-2025,18:08:57,26-10-2025,18:11:36,COMPLETED,0,1
79KWH,8,3,FULL,26-10-2025,18:10:04,26-10-2025,18:10:05,26-10-2025,18:12:50,COMPLETED,0,1
79KWH,8,2,FULL,26-10-2025,18:10:16,26-10-2025,18:10:16,26-10-2025,18:14:31,COMPLETED,0,1
79KWH,8,1,FULL,26-10-2025,18:11:42,26-10-2025,18:11:45,26-10-2025,18:14:05,COMPLETED,0,1
79KWH,8,3,FULL,26-10-2025,18:29:41,26-10-2025,18:29:42,26-10-2025,18:32:25,COMPLETED,0,1
79KWH,8,2,FULL,26-10-2025,18:29:48,26-10-2025,18:29:49,26-10-2025,18:34:01,COMPLETED,0,1
79KWH,8,1,FULL,26-10-2025,18:31:21,26-10-2025,18:31:22,26-10-2025,18:34:02,COMPLETED,0,1
79KWH,8,3,FULL,26-10-2025,18:32:33,26-10-2025,18:32:34,26-10-2025,18:35:13,COMPLETED,0,1
79KWH,8,1,FULL,26-10-2025,18:34:08,26-10-2025,18:34:10,26-10-2025,18:36:33,COMPLETED,0,1
79KWH,8,2,FULL,26-10-2025,18:34:09,26-10-2025,18:34:11,26-10-2025,18:38:22,COMPLETED,0,1
79KWH,8,3,FULL,26-10-2025,18:35:19,26-10-2025,18:35:22,26-10-2025,18:37:59,COMPLETED,0,1
79KWH,8,1,FULL,26-10-2025,18:36:58,26-10-2025,18:36:58,26-10-2025,18:39:23,COMPLETED,0,1
79KWH,8,3,FULL,26-10-2025,18:38:07,26-10-2025,18:38:08,26-10-2025,18:40:47,COMPLETED,0,1
79KWH,8,2,FULL,26-10-2025,18:38:27,26-10-2025,18:38:31,26-10-2025,18:42:42,COMPLETED,0,1
79KWH,8,1,FULL,26-10-2025,18:39:39,26-10-2025,18:39:40,26-10-2025,18:42:03,COMPLETED,0,1
79KWH,8,3,FULL,26-10-2025,18:40:53,26-10-2025,18:40:57,26-10-2025,18:43:35,COMPLETED,0,1
79KWH,8,1,FULL,26-10-2025,18:42:13,26-10-2025,18:42:14,26-10-2025,18:44:40,COMPLETED,0,1
79KWH,8,2,FULL,26-10-2025,18:42:51,26-10-2025,18:42:51,26-10-2025,18:47:05,COMPLETED,0,1
79KWH,8,3,FULL,26-10-2025,18:43:43,26-10-2025,18:43:43,26-10-2025,18:46:24,COMPLETED,0,1
79KWH,8,1,FULL,26-10-2025,18:44:45,26-10-2025,18:44:48,26-10-2025,18:47:13,COMPLETED,0,1
79KWH,8,3,FULL,26-10-2025,18:46:31,26-10-2025,18:46:34,26-10-2025,18:49:14,COMPLETED,0,1
79KWH,8,2,FULL,26-10-2025,18:47:11,26-10-2025,18:47:14,26-10-2025,18:51:26,COMPLETED,0,1
79KWH,8,1,FULL,26-10-2025,18:47:21,26-10-2025,18:48:51,26-10-2025,18:51:33,COMPLETED,0,1
79KWH,8,3,FULL,26-10-2025,18:49:22,26-10-2025,18:50:28,26-10-2025,18:53:15,COMPLETED,0,1
79KWH,8,2,FULL,26-10-2025,18:51:35,26-10-2025,18:53:01,26-10-2025,18:57:18,COMPLETED,0,1
79KWH,8,1,FULL,26-10-2025,18:51:38,26-10-2025,18:51:42,26-10-2025,18:54:08,COMPLETED,0,1
79KWH,8,3,FULL,26-10-2025,18:53:21,26-10-2025,18:53:24,26-10-2025,18:56:04,COMPLETED,0,1
79KWH,8,1,FULL,26-10-2025,18:54:18,26-10-2025,18:54:18,26-10-2025,18:56:53,COMPLETED,0,1
79KWH,8,3,FULL,26-10-2025,18:56:13,26-10-2025,18:58:49,26-10-2025,19:01:38,COMPLETED,0,1
79KWH,8,1,FULL,26-10-2025,18:56:59,26-10-2025,18:57:01,26-10-2025,18:59:28,COMPLETED,0,1
79KWH,8,2,FULL,26-10-2025,18:57:24,26-10-2025,18:57:27,26-10-2025,19:01:41,COMPLETED,0,1
79KWH,8,1,FULL,26-10-2025,18:59:37,26-10-2025,18:59:38,26-10-2025,19:02:07,COMPLETED,0,1
79KWH,8,3,FULL,26-10-2025,19:01:43,26-10-2025,19:01:47,26-10-2025,19:04:28,COMPLETED,0,1
79KWH,8,2,FULL,26-10-2025,19:01:49,26-10-2025,19:03:20,26-10-2025,19:07:13,COMPLETED,0,1
79KWH,8,1,FULL,26-10-2025,19:02:12,26-10-2025,19:02:16,26-10-2025,19:04:44,COMPLETED,0,1
79KWH,8,3,FULL,26-10-2025,19:04:36,26-10-2025,19:04:37,26-10-2025,19:07:24,COMPLETED,0,1
79KWH,8,1,FULL,26-10-2025,19:04:52,26-10-2025,19:06:28,26-10-2025,19:09:11,COMPLETED,0,1
79KWH,8,2,FULL,26-10-2025,19:07:20,26-10-2025,19:08:40,26-10-2025,19:12:33,COMPLETED,0,1
79KWH,8,3,FULL,26-10-2025,19:07:29,26-10-2025,19:07:32,26-10-2025,19:10:16,COMPLETED,0,1
79KWH,8,1,FULL,26-10-2025,19:09:17,26-10-2025,19:09:20,26-10-2025,19:11:49,COMPLETED,0,1
79KWH,8,3,FULL,26-10-2025,19:10:25,26-10-2025,19:13:08,26-10-2025,19:15:58,COMPLETED,0,1
79KWH,8,1,FULL,26-10-2025,19:11:58,26-10-2025,19:13:28,26-10-2025,19:16:19,COMPLETED,0,1
79KWH,8,2,FULL,26-10-2025,19:12:40,26-10-2025,19:12:40,26-10-2025,19:16:12,COMPLETED,0,1
79KWH,8,3,FULL,26-10-2025,19:16:04,26-10-2025,19:16:07,26-10-2025,19:18:53,COMPLETED,0,1
79KWH,8,2,FULL,26-10-2025,19:16:17,26-10-2025,19:16:20,26-10-2025,19:19:51,COMPLETED,0,1
79KWH,8,1,FULL,26-10-2025,19:16:24,26-10-2025,19:16:27,26-10-2025,19:18:57,COMPLETED,0,1
79KWH,8,3,FULL,26-10-2025,19:19:02,26-10-2025,19:21:44,26-10-2025,19:24:34,COMPLETED,0,1
79KWH,8,1,FULL,26-10-2025,19:19:06,26-10-2025,19:19:07,26-10-2025,19:21:40,COMPLETED,0,1
79KWH,8,2,FULL,26-10-2025,19:19:58,26-10-2025,19:19:59,26-10-2025,19:23:33,COMPLETED,0,1
79KWH,8,1,FULL,26-10-2025,19:21:46,26-10-2025,19:21:49,26-10-2025,19:24:20,COMPLETED,0,1
79KWH,8,2,FULL,26-10-2025,19:23:38,26-10-2025,19:23:42,26-10-2025,19:27:15,COMPLETED,0,1
79KWH,8,1,FULL,26-10-2025,19:24:28,26-10-2025,19:24:30,26-10-2025,19:27:04,COMPLETED,0,1
79KWH,8,3,FULL,26-10-2025,19:24:40,26-10-2025,19:24:43,26-10-2025,19:27:29,COMPLETED,0,1
79KWH,8,1,FULL,26-10-2025,19:27:10,26-10-2025,19:28:51,26-10-2025,19:31:34,COMPLETED,0,1
79KWH,8,2,FULL,26-10-2025,19:27:22,26-10-2025,19:28:42,26-10-2025,19:32:39,COMPLETED,0,1
79KWH,8,3,FULL,26-10-2025,19:27:38,26-10-2025,19:27:39,26-10-2025,19:30:30,COMPLETED,0,1
79KWH,8,3,FULL,26-10-2025,19:30:36,26-10-2025,19:33:37,26-10-2025,20:37:28,COMPLETED,0,1
79KWH,8,1,FULL,26-10-2025,19:31:43,26-10-2025,19:33:14,26-10-2025,19:36:00,COMPLETED,0,1
79KWH,8,2,FULL,26-10-2025,19:32:46,26-10-2025,19:32:49,26-10-2025,19:36:24,COMPLETED,0,1
79KWH,8,1,FULL,26-10-2025,19:36:07,26-10-2025,19:36:10,26-10-2025,19:38:43,COMPLETED,0,1
79KWH,8,1,FULL,26-10-2025,19:38:53,26-10-2025,19:38:53,26-10-2025,19:41:29,COMPLETED,0,1
79KWH,8,2,FULL,26-10-2025,19:40:09,26-10-2025,19:40:10,26-10-2025,19:44:08,COMPLETED,0,1
79KWH,8,1,FULL,26-10-2025,19:41:36,26-10-2025,19:41:38,26-10-2025,19:44:13,COMPLETED,0,1
79KWH,8,2,FULL,26-10-2025,19:44:14,26-10-2025,19:44:17,26-10-2025,19:47:53,COMPLETED,0,1
79KWH,8,1,FULL,26-10-2025,19:44:23,26-10-2025,19:44:24,26-10-2025,19:47:01,COMPLETED,0,1
79KWH,8,1,FULL,26-10-2025,19:47:08,26-10-2025,19:47:11,26-10-2025,19:49:47,COMPLETED,0,1
79KWH,8,2,FULL,26-10-2025,19:48:02,26-10-2025,19:48:03,26-10-2025,19:51:43,COMPLETED,0,1
79KWH,8,1,FULL,26-10-2025,19:49:56,26-10-2025,19:49:57,26-10-2025,19:52:36,COMPLETED,0,1
79KWH,8,2,FULL,26-10-2025,19:51:49,26-10-2025,19:51:51,26-10-2025,19:55:30,COMPLETED,0,1
79KWH,8,1,FULL,26-10-2025,19:52:41,26-10-2025,19:52:45,26-10-2025,19:55:28,COMPLETED,0,1
79KWH,8,2,FULL,26-10-2025,19:55:38,26-10-2025,20:07:00,26-10-2025,20:11:00,COMPLETED,0,1
79KWH,8,2,FULL,26-10-2025,20:11:07,26-10-2025,20:11:10,26-10-2025,20:14:50,COMPLETED,0,1
79KWH,8,2,FULL,26-10-2025,20:14:59,26-10-2025,20:19:01,26-10-2025,20:23:03,COMPLETED,0,1
79KWH,8,2,FULL,26-10-2025,20:23:09,26-10-2025,20:23:11,26-10-2025,20:26:54,COMPLETED,0,1
79KWH,8,2,FULL,26-10-2025,20:27:03,26-10-2025,20:27:04,26-10-2025,20:30:50,COMPLETED,0,1
79KWH,8,2,FULL,26-10-2025,20:30:56,26-10-2025,20:30:59,26-10-2025,20:34:43,COMPLETED,0,1
79KWH,8,2,FULL,26-10-2025,20:34:52,26-10-2025,20:38:59,26-10-2025,20:43:03,COMPLETED,0,1
79KWH,8,2,FULL,26-10-2025,20:57:22,26-10-2025,20:59:39,26-10-2025,21:03:40,COMPLETED,0,1
79KWH,8,2,FULL,26-10-2025,21:03:49,26-10-2025,21:06:57,26-10-2025,21:09:36,COMPLETED,0,1
79KWH,8,2,FULL,26-10-2025,21:09:43,26-10-2025,21:12:26,26-10-2025,21:15:03,COMPLETED,0,1
79KWH,8,2,FULL,26-10-2025,21:15:13,26-10-2025,21:15:13,26-10-2025,21:16:11,COMPLETED,0,1
79KWH,8,2,FULL,26-10-2025,21:16:17,26-10-2025,21:16:21,26-10-2025,21:17:17,COMPLETED,0,1
79KWH,8,2,FULL,26-10-2025,21:17:27,26-10-2025,21:17:28,26-10-2025,21:18:26,COMPLETED,0,1
79KWH,8,2,FULL,26-10-2025,21:18:34,26-10-2025,21:18:35,26-10-2025,21:19:31,COMPLETED,0,1
79KWH,8,2,FULL,26-10-2025,21:19:40,26-10-2025,21:19:41,26-10-2025,21:20:42,COMPLETED,0,1
79KWH,8,2,FULL,26-10-2025,21:20:47,26-10-2025,21:20:50,26-10-2025,21:21:49,COMPLETED,0,1
79KWH,8,2,FULL,26-10-2025,21:21:59,26-10-2025,21:24:30,26-10-2025,21:27:12,COMPLETED,0,1
79KWH,8,2,FULL,26-10-2025,21:27:18,26-10-2025,21:27:21,26-10-2025,21:53:00,COMPLETED,0,1
79KWH,8,2,FULL,26-10-2025,21:53:08,26-10-2025,21:53:14,26-10-2025,21:54:12,COMPLETED,0,1
79KWH,8,2,FULL,26-10-2025,21:54:18,26-10-2025,21:54:21,26-10-2025,21:55:26,COMPLETED,0,1
79KWH,8,2,FULL,26-10-2025,21:55:35,26-10-2025,21:58:08,26-10-2025,22:00:52,COMPLETED,0,1
79KWH,8,2,FULL,26-10-2025,22:00:59,26-10-2025,22:01:01,26-10-2025,22:02:06,COMPLETED,0,1
79KWH,8,2,FULL,26-10-2025,22:02:14,26-10-2025,22:04:43,26-10-2025,22:07:28,COMPLETED,0,1
79KWH,8,2,FULL,26-10-2025,22:07:34,26-10-2025,22:07:37,26-10-2025,22:08:47,COMPLETED,0,1
79KWH,8,2,FULL,26-10-2025,22:08:55,26-10-2025,22:13:49,26-10-2025,22:16:35,COMPLETED,0,1
79KWH,8,2,FULL,26-10-2025,22:16:41,26-10-2025,22:16:44,26-10-2025,22:17:53,COMPLETED,0,1
79KWH,8,2,FULL,26-10-2025,22:18:01,26-10-2025,22:20:27,26-10-2025,22:23:15,COMPLETED,0,1
79KWH,8,2,FULL,26-10-2025,22:23:21,26-10-2025,22:23:23,26-10-2025,22:24:36,COMPLETED,0,1
79KWH,8,2,FULL,26-10-2025,22:24:44,26-10-2025,22:24:44,26-10-2025,22:26:01,COMPLETED,0,1
79KWH,8,2,FULL,26-10-2025,22:26:06,26-10-2025,22:26:10,26-10-2025,22:27:23,COMPLETED,0,1
79KWH,8,2,FULL,26-10-2025,22:27:30,26-10-2025,22:27:31,26-10-2025,22:28:50,COMPLETED,0,1
79KWH,8,2,FULL,26-10-2025,22:28:55,26-10-2025,22:28:59,26-10-2025,22:30:15,COMPLETED,0,1
79KWH,8,2,FULL,26-10-2025,22:30:25,26-10-2025,22:30:26,26-10-2025,22:31:47,COMPLETED,0,1
79KWH,8,2,FULL,26-10-2025,22:31:54,26-10-2025,22:31:57,26-10-2025,22:33:15,COMPLETED,0,1
79KWH,8,2,FULL,26-10-2025,22:33:24,26-10-2025,22:33:24,26-10-2025,22:34:48,COMPLETED,0,1
79KWH,8,2,FULL,26-10-2025,22:34:54,26-10-2025,22:34:57,26-10-2025,22:36:21,COMPLETED,0,1
79KWH,8,2,FULL,26-10-2025,22:36:29,26-10-2025,22:36:31,26-10-2025,22:38:00,COMPLETED,0,1
79KWH,8,2,FULL,27-10-2025,07:00:39,27-10-2025,07:28:03,27-10-2025,07:30:58,COMPLETED,0,1
79KWH,8,2,FULL,27-10-2025,07:31:04,27-10-2025,07:33:27,27-10-2025,07:36:20,COMPLETED,0,1
79KWH,8,2,FULL,27-10-2025,07:36:29,27-10-2025,07:38:43,27-10-2025,07:41:40,COMPLETED,0,1
79KWH,8,2,FULL,27-10-2025,07:41:46,27-10-2025,07:41:49,27-10-2025,07:43:23,COMPLETED,0,1
79KWH,8,2,FULL,27-10-2025,07:43:32,27-10-2025,07:43:33,27-10-2025,07:45:09,COMPLETED,0,1
79KWH,8,2,FULL,27-10-2025,07:45:15,27-10-2025,07:45:18,27-10-2025,07:46:52,COMPLETED,0,1
79KWH,8,2,FULL,27-10-2025,07:47:00,27-10-2025,07:47:02,27-10-2025,07:48:40,COMPLETED,0,1
79KWH,8,2,FULL,27-10-2025,07:48:48,27-10-2025,07:48:49,27-10-2025,07:50:26,COMPLETED,0,1
79KWH,8,2,FULL,27-10-2025,07:50:34,27-10-2025,07:50:35,27-10-2025,07:52:15,COMPLETED,0,1
79KWH,8,2,FULL,27-10-2025,07:52:20,27-10-2025,07:52:24,27-10-2025,07:54:02,COMPLETED,0,1
79KWH,8,2,FULL,27-10-2025,07:54:10,27-10-2025,07:56:26,27-10-2025,07:59:26,COMPLETED,0,1
79KWH,8,2,FULL,27-10-2025,07:59:32,27-10-2025,08:01:46,27-10-2025,08:04:44,COMPLETED,0,1
79KWH,8,2,FULL,27-10-2025,08:04:54,27-10-2025,08:07:08,27-10-2025,08:10:12,COMPLETED,0,1
79KWH,8,2,FULL,27-10-2025,08:10:18,27-10-2025,08:10:22,27-10-2025,08:12:07,COMPLETED,0,1
79KWH,8,2,FULL,27-10-2025,08:12:15,27-10-2025,08:14:23,27-10-2025,08:17:27,COMPLETED,0,1
79KWH,8,2,FULL,27-10-2025,08:17:33,27-10-2025,08:17:37,27-10-2025,08:19:24,COMPLETED,0,1
79KWH,8,2,FULL,27-10-2025,08:19:31,27-10-2025,08:21:45,27-10-2025,08:24:49,COMPLETED,0,1
79KWH,8,2,FULL,27-10-2025,08:24:56,27-10-2025,08:24:59,27-10-2025,08:26:48,COMPLETED,0,1
79KWH,8,2,FULL,27-10-2025,08:26:55,27-10-2025,08:26:57,27-10-2025,08:28:48,COMPLETED,0,1
79KWH,8,2,FULL,27-10-2025,08:28:54,27-10-2025,08:28:57,27-10-2025,08:30:47,COMPLETED,0,1
79KWH,8,2,FULL,27-10-2025,08:30:55,27-10-2025,08:30:56,27-10-2025,08:32:50,COMPLETED,0,1
79KWH,8,2,FULL,27-10-2025,08:32:56,27-10-2025,08:32:59,27-10-2025,08:34:52,COMPLETED,0,1
79KWH,8,2,FULL,27-10-2025,08:35:00,27-10-2025,08:37:04,27-10-2025,08:40:12,COMPLETED,0,1
79KWH,8,2,FULL,27-10-2025,08:40:19,27-10-2025,08:40:22,27-10-2025,08:42:17,COMPLETED,0,1
79KWH,8,2,FULL,27-10-2025,08:42:25,27-10-2025,08:44:32,27-10-2025,08:47:41,COMPLETED,0,1
79KWH,8,2,FULL,27-10-2025,08:47:48,27-10-2025,08:47:51,27-10-2025,08:49:47,COMPLETED,0,1
79KWH,8,2,FULL,27-10-2025,08:49:56,27-10-2025,08:49:57,27-10-2025,08:51:57,COMPLETED,0,1
79KWH,8,2,FULL,27-10-2025,08:52:03,27-10-2025,08:52:07,27-10-2025,08:54:07,COMPLETED,0,1
79KWH,8,2,FULL,27-10-2025,08:54:16,27-10-2025,08:54:17,27-10-2025,08:56:18,COMPLETED,0,1
79KWH,8,2,FULL,27-10-2025,08:56:24,27-10-2025,08:56:27,27-10-2025,08:58:28,COMPLETED,0,1
79KWH,8,2,FULL,27-10-2025,08:58:36,27-10-2025,08:58:37,27-10-2025,09:00:40,COMPLETED,0,1
79KWH,8,2,FULL,27-10-2025,09:00:47,27-10-2025,09:00:50,27-10-2025,09:02:53,COMPLETED,0,1
79KWH,8,2,FULL,27-10-2025,09:03:01,27-10-2025,09:03:02,27-10-2025,09:05:07,COMPLETED,0,1
79KWH,8,2,FULL,27-10-2025,09:05:13,27-10-2025,09:05:16,27-10-2025,09:07:20,COMPLETED,0,1
79KWH,8,2,FULL,27-10-2025,09:07:28,27-10-2025,09:07:29,27-10-2025,09:09:56,COMPLETED,0,1
79KWH,8,2,FULL,27-10-2025,09:10:02,27-10-2025,09:10:05,27-10-2025,09:12:49,COMPLETED,0,1
79KWH,8,2,FULL,27-10-2025,09:12:58,27-10-2025,09:15:14,27-10-2025,09:19:00,COMPLETED,0,1
79KWH,8,2,FULL,27-10-2025,09:19:06,27-10-2025,09:19:10,27-10-2025,09:22:22,COMPLETED,0,1
79KWH,8,2,FULL,27-10-2025,09:22:30,27-10-2025,09:22:31,27-10-2025,09:25:52,COMPLETED,0,1
79KWH,8,2,FULL,27-10-2025,09:25:58,27-10-2025,09:26:02,27-10-2025,09:29:31,COMPLETED,0,1
79KWH,8,2,FULL,27-10-2025,09:29:39,27-10-2025,09:29:40,27-10-2025,09:33:20,COMPLETED,0,1
79KWH,8,2,FULL,27-10-2025,09:33:26,27-10-2025,09:36:23,27-10-2025,09:40:25,COMPLETED,0,1
79KWH,8,2,FULL,27-10-2025,09:40:33,27-10-2025,09:40:34,27-10-2025,09:43:34,COMPLETED,0,1
79KWH,8,2,FULL,27-10-2025,09:43:40,27-10-2025,09:43:44,27-10-2025,09:45:50,COMPLETED,0,1
79KWH,8,2,FULL,27-10-2025,09:45:58,27-10-2025,09:45:58,27-10-2025,09:48:58,COMPLETED,0,1
79KWH,8,2,FULL,27-10-2025,09:49:04,27-10-2025,09:49:07,27-10-2025,09:52:56,COMPLETED,0,1
79KWH,8,2,FULL,27-10-2025,09:53:03,27-10-2025,09:55:50,27-10-2025,09:59:55,COMPLETED,0,1
79KWH,8,2,FULL,27-10-2025,10:00:00,27-10-2025,10:00:04,27-10-2025,10:03:54,COMPLETED,0,1
79KWH,8,2,FULL,27-10-2025,10:04:05,27-10-2025,10:06:54,27-10-2025,10:11:01,COMPLETED,0,1
79KWH,8,2,FULL,27-10-2025,10:11:07,27-10-2025,10:11:10,27-10-2025,10:15:02,COMPLETED,0,1
79KWH,8,2,FULL,27-10-2025,10:15:10,27-10-2025,10:15:10,27-10-2025,10:18:11,COMPLETED,0,1
79KWH,8,2,FULL,27-10-2025,10:18:17,27-10-2025,10:18:22,27-10-2025,10:20:31,COMPLETED,0,1
79KWH,8,2,FULL,27-10-2025,10:20:39,27-10-2025,10:22:34,27-10-2025,10:26:40,COMPLETED,0,1
79KWH,8,2,FULL,27-10-2025,10:26:46,27-10-2025,10:29:41,27-10-2025,10:33:45,COMPLETED,0,1
79KWH,8,2,FULL,27-10-2025,10:33:54,27-10-2025,10:33:54,27-10-2025,10:37:00,COMPLETED,0,1
79KWH,8,2,FULL,27-10-2025,10:37:06,27-10-2025,10:37:09,27-10-2025,10:39:20,COMPLETED,0,1
79KWH,8,2,FULL,27-10-2025,10:39:29,27-10-2025,10:41:23,27-10-2025,10:45:34,COMPLETED,0,1
79KWH,8,2,FULL,27-10-2025,10:45:39,27-10-2025,10:48:34,27-10-2025,10:52:41,COMPLETED,0,1
79KWH,8,1,FULL,27-10-2025,11:45:32,27-10-2025,11:45:32,27-10-2025,11:47:32,COMPLETED,0,1
79KWH,8,1,FULL,27-10-2025,12:47:11,27-10-2025,12:47:12,27-10-2025,12:49:09,COMPLETED,0,1
79KWH,8,1,FULL,27-10-2025,12:49:16,27-10-2025,12:49:19,27-10-2025,12:50:16,COMPLETED,0,1
79KWH,8,1,FULL,27-10-2025,12:50:25,27-10-2025,12:52:25,27-10-2025,12:54:23,COMPLETED,0,1
79KWH,8,1,FULL,27-10-2025,12:54:31,27-10-2025,12:54:33,27-10-2025,12:55:30,COMPLETED,0,1
79KWH,8,1,FULL,27-10-2025,13:08:08,27-10-2025,13:08:10,27-10-2025,13:09:16,COMPLETED,0,1
79KWH,8,2,FULL,27-10-2025,13:08:45,27-10-2025,13:08:45,27-10-2025,13:12:42,COMPLETED,0,1
79KWH,8,1,FULL,27-10-2025,13:09:56,27-10-2025,13:11:38,27-10-2025,13:14:04,COMPLETED,0,1
79KWH,8,2,FULL,27-10-2025,13:12:48,27-10-2025,13:12:52,27-10-2025,13:16:24,COMPLETED,0,1
79KWH,8,1,FULL,27-10-2025,13:14:11,27-10-2025,13:14:12,27-10-2025,13:15:13,COMPLETED,0,1
79KWH,8,1,FULL,27-10-2025,13:15:19,27-10-2025,13:15:22,27-10-2025,13:16:22,COMPLETED,0,1
79KWH,8,1,FULL,27-10-2025,13:16:29,27-10-2025,13:16:30,27-10-2025,13:17:32,COMPLETED,0,1
79KWH,8,2,FULL,27-10-2025,13:16:32,27-10-2025,13:16:32,27-10-2025,13:19:27,COMPLETED,0,1
79KWH,8,1,FULL,27-10-2025,13:17:38,27-10-2025,13:17:41,27-10-2025,13:18:44,COMPLETED,0,1
79KWH,8,1,FULL,27-10-2025,13:18:53,27-10-2025,13:18:54,27-10-2025,13:20:01,COMPLETED,0,1
79KWH,8,2,FULL,27-10-2025,13:19:33,27-10-2025,13:19:37,27-10-2025,13:21:50,COMPLETED,0,1
79KWH,8,1,FULL,27-10-2025,13:20:06,27-10-2025,13:20:09,27-10-2025,13:21:13,COMPLETED,0,1
79KWH,8,1,FULL,27-10-2025,13:21:23,27-10-2025,13:21:24,27-10-2025,13:22:31,COMPLETED,0,1
79KWH,8,2,FULL,27-10-2025,13:21:58,27-10-2025,13:22:01,27-10-2025,13:24:19,COMPLETED,0,1
79KWH,8,1,FULL,27-10-2025,13:22:38,27-10-2025,13:22:42,27-10-2025,13:23:47,COMPLETED,0,1
79KWH,8,1,FULL,27-10-2025,13:23:57,27-10-2025,13:23:57,27-10-2025,13:25:05,COMPLETED,0,1
79KWH,8,2,FULL,27-10-2025,13:24:29,27-10-2025,13:24:30,27-10-2025,13:26:45,COMPLETED,0,1
79KWH,8,1,FULL,27-10-2025,13:25:13,27-10-2025,13:25:14,27-10-2025,13:26:23,COMPLETED,0,1
79KWH,8,1,FULL,27-10-2025,13:26:31,27-10-2025,13:28:34,27-10-2025,13:30:50,COMPLETED,0,1
79KWH,8,2,FULL,27-10-2025,13:26:54,27-10-2025,13:26:55,27-10-2025,13:29:14,COMPLETED,0,1
79KWH,8,2,FULL,27-10-2025,13:29:21,27-10-2025,13:29:22,27-10-2025,13:31:39,COMPLETED,0,1
79KWH,8,1,FULL,27-10-2025,13:30:56,27-10-2025,13:33:00,27-10-2025,13:35:06,COMPLETED,0,1
79KWH,8,2,FULL,27-10-2025,13:31:48,27-10-2025,13:31:52,27-10-2025,13:34:12,COMPLETED,0,1
79KWH,8,1,FULL,27-10-2025,13:35:15,27-10-2025,13:35:16,27-10-2025,13:36:27,COMPLETED,0,1
79KWH,8,2,FULL,27-10-2025,13:36:16,27-10-2025,13:36:17,27-10-2025,13:38:36,COMPLETED,0,1
79KWH,8,1,FULL,27-10-2025,13:36:34,27-10-2025,13:36:36,27-10-2025,13:37:45,COMPLETED,0,1
79KWH,8,1,FULL,27-10-2025,13:37:54,27-10-2025,13:37:55,27-10-2025,13:39:06,COMPLETED,0,1
79KWH,8,2,FULL,27-10-2025,13:38:45,27-10-2025,13:38:46,27-10-2025,13:41:10,COMPLETED,0,1
79KWH,8,1,FULL,27-10-2025,13:39:14,27-10-2025,13:39:16,27-10-2025,13:40:26,COMPLETED,0,1
79KWH,8,1,FULL,27-10-2025,13:40:36,27-10-2025,13:40:39,27-10-2025,13:41:52,COMPLETED,0,1
79KWH,8,2,FULL,27-10-2025,13:41:16,27-10-2025,13:41:21,27-10-2025,13:43:42,COMPLETED,0,1
79KWH,8,1,FULL,27-10-2025,13:41:59,27-10-2025,13:42:01,27-10-2025,13:43:12,COMPLETED,0,1
79KWH,8,1,FULL,27-10-2025,13:43:21,27-10-2025,13:45:23,27-10-2025,13:47:29,COMPLETED,0,1
79KWH,8,2,FULL,27-10-2025,13:43:52,27-10-2025,13:43:53,27-10-2025,13:46:17,COMPLETED,0,1
79KWH,8,2,FULL,27-10-2025,13:46:27,27-10-2025,13:46:27,27-10-2025,13:48:51,COMPLETED,0,1
79KWH,8,1,FULL,27-10-2025,13:47:35,27-10-2025,13:47:36,27-10-2025,13:48:50,COMPLETED,0,1
79KWH,8,1,FULL,27-10-2025,13:52:16,27-10-2025,13:52:17,27-10-2025,13:54:22,COMPLETED,0,1
79KWH,8,1,FULL,27-10-2025,13:54:29,27-10-2025,13:54:31,27-10-2025,13:55:44,COMPLETED,0,1
79KWH,8,1,FULL,27-10-2025,13:55:53,27-10-2025,13:55:54,27-10-2025,13:57:12,COMPLETED,0,1
79KWH,8,1,FULL,27-10-2025,13:57:19,27-10-2025,13:57:21,27-10-2025,13:58:35,COMPLETED,0,1
79KWH,8,1,FULL,27-10-2025,13:58:49,27-10-2025,13:58:50,27-10-2025,14:00:06,COMPLETED,0,1
79KWH,8,1,FULL,27-10-2025,14:00:13,27-10-2025,14:00:16,27-10-2025,14:01:33,COMPLETED,0,1
79KWH,8,1,FULL,27-10-2025,14:01:41,27-10-2025,14:01:43,27-10-2025,14:03:02,COMPLETED,0,1
79KWH,8,1,FULL,27-10-2025,14:03:08,27-10-2025,14:03:13,27-10-2025,14:04:29,COMPLETED,0,1
79KWH,8,1,FULL,27-10-2025,14:04:38,27-10-2025,14:04:39,27-10-2025,14:05:58,COMPLETED,0,1
79KWH,8,1,FULL,27-10-2025,14:06:07,27-10-2025,14:06:08,27-10-2025,14:07:25,COMPLETED,0,1
79KWH,8,1,FULL,27-10-2025,14:07:33,27-10-2025,14:07:35,27-10-2025,14:08:55,COMPLETED,0,1
79KWH,8,1,FULL,27-10-2025,14:09:01,27-10-2025,14:09:05,27-10-2025,14:10:24,COMPLETED,0,1
79KWH,8,1,FULL,27-10-2025,14:10:32,27-10-2025,14:15:57,27-10-2025,14:18:10,COMPLETED,0,1
79KWH,8,1,FULL,27-10-2025,14:18:41,27-10-2025,14:18:42,27-10-2025,14:20:17,COMPLETED,0,1
79KWH,8,1,FULL,27-10-2025,14:25:57,27-10-2025,14:26:54,27-10-2025,14:28:55,COMPLETED,0,1
79KWH,8,1,FULL,27-10-2025,14:29:02,27-10-2025,14:29:05,27-10-2025,14:31:43,COMPLETED,0,1
79KWH,8,1,FULL,27-10-2025,14:32:03,27-10-2025,14:33:07,27-10-2025,14:35:17,COMPLETED,0,1
79KWH,8,1,FULL,27-10-2025,14:35:23,27-10-2025,14:35:26,27-10-2025,14:36:47,COMPLETED,0,1
79KWH,8,1,FULL,27-10-2025,14:36:55,27-10-2025,14:36:56,27-10-2025,14:38:19,COMPLETED,0,1
79KWH,8,1,FULL,27-10-2025,14:38:27,27-10-2025,14:38:29,27-10-2025,14:39:51,COMPLETED,0,1
79KWH,8,2,FULL,27-10-2025,14:38:34,27-10-2025,14:38:35,27-10-2025,14:42:00,COMPLETED,0,1
79KWH,8,1,FULL,27-10-2025,14:39:59,27-10-2025,14:40:01,27-10-2025,14:41:26,COMPLETED,0,1
79KWH,8,1,FULL,27-10-2025,14:41:32,27-10-2025,14:41:34,27-10-2025,14:42:56,COMPLETED,0,1
79KWH,8,2,FULL,27-10-2025,14:42:09,27-10-2025,14:42:11,27-10-2025,14:44:38,COMPLETED,0,1
79KWH,8,1,FULL,27-10-2025,14:43:05,27-10-2025,14:43:08,27-10-2025,14:44:38,COMPLETED,0,1
79KWH,8,1,FULL,27-10-2025,14:44:46,27-10-2025,14:44:47,27-10-2025,14:46:11,COMPLETED,0,1
79KWH,8,2,FULL,27-10-2025,14:44:48,27-10-2025,14:46:38,27-10-2025,14:50:48,COMPLETED,0,1
79KWH,8,1,FULL,27-10-2025,14:46:21,27-10-2025,14:48:08,27-10-2025,14:50:20,COMPLETED,0,1
79KWH,8,1,FULL,27-10-2025,14:50:29,27-10-2025,14:50:30,27-10-2025,14:51:56,COMPLETED,0,1
79KWH,8,2,FULL,27-10-2025,14:50:54,27-10-2025,14:53:26,27-10-2025,14:57:35,COMPLETED,0,1
79KWH,8,1,FULL,27-10-2025,14:52:05,27-10-2025,14:53:55,27-10-2025,14:56:08,COMPLETED,0,1
79KWH,8,1,FULL,27-10-2025,14:56:15,27-10-2025,14:56:16,27-10-2025,14:57:43,COMPLETED,0,1
79KWH,8,2,FULL,27-10-2025,14:57:43,27-10-2025,14:57:45,27-10-2025,15:01:02,COMPLETED,0,1
79KWH,8,1,FULL,27-10-2025,14:57:51,27-10-2025,14:57:52,27-10-2025,14:59:21,COMPLETED,0,1
79KWH,8,1,FULL,27-10-2025,14:59:28,27-10-2025,14:59:30,27-10-2025,15:00:52,COMPLETED,0,1
79KWH,8,1,FULL,27-10-2025,15:01:02,27-10-2025,15:01:03,27-10-2025,15:02:29,COMPLETED,0,1
79KWH,8,1,FULL,27-10-2025,15:02:35,27-10-2025,15:02:38,27-10-2025,15:04:02,COMPLETED,0,1
79KWH,8,1,FULL,27-10-2025,15:04:12,27-10-2025,15:05:51,27-10-2025,15:07:59,COMPLETED,0,1
79KWH,8,1,FULL,27-10-2025,15:08:06,27-10-2025,15:08:09,27-10-2025,15:09:33,COMPLETED,0,1
79KWH,8,1,FULL,27-10-2025,15:09:41,27-10-2025,15:09:42,27-10-2025,15:11:09,COMPLETED,0,1
79KWH,8,1,FULL,27-10-2025,15:11:14,27-10-2025,15:11:18,27-10-2025,15:12:43,COMPLETED,0,1
79KWH,8,1,FULL,27-10-2025,15:12:51,27-10-2025,15:12:51,27-10-2025,15:14:20,COMPLETED,0,1
79KWH,8,1,FULL,27-10-2025,15:14:27,27-10-2025,15:14:31,27-10-2025,15:15:57,COMPLETED,0,1
79KWH,8,1,FULL,27-10-2025,15:16:05,27-10-2025,15:16:06,27-10-2025,15:17:36,COMPLETED,0,1
79KWH,8,1,FULL,27-10-2025,15:17:41,27-10-2025,15:17:45,27-10-2025,15:19:13,COMPLETED,0,1
79KWH,8,1,FULL,27-10-2025,15:19:21,27-10-2025,15:21:03,27-10-2025,15:23:14,COMPLETED,0,1
79KWH,8,1,FULL,27-10-2025,15:23:21,27-10-2025,15:23:23,27-10-2025,15:32:22,COMPLETED,0,1
79KWH,8,1,FULL,27-10-2025,15:32:30,27-10-2025,15:34:06,27-10-2025,15:36:17,COMPLETED,0,1
79KWH,8,1,FULL,27-10-2025,15:36:24,27-10-2025,15:36:26,27-10-2025,15:37:56,COMPLETED,0,1
79KWH,8,1,FULL,27-10-2025,15:38:03,27-10-2025,15:38:05,27-10-2025,15:39:38,COMPLETED,0,1
79KWH,8,1,FULL,27-10-2025,15:39:44,27-10-2025,15:41:29,27-10-2025,15:43:40,COMPLETED,0,1
79KWH,8,1,FULL,27-10-2025,15:43:48,27-10-2025,15:45:23,27-10-2025,15:47:35,COMPLETED,0,1
79KWH,8,1,FULL,27-10-2025,15:50:21,27-10-2025,15:50:23,27-10-2025,15:51:55,COMPLETED,0,1
79KWH,8,1,FULL,27-10-2025,15:52:04,27-10-2025,15:52:05,27-10-2025,15:53:40,COMPLETED,0,1
79KWH,8,1,FULL,27-10-2025,15:53:45,27-10-2025,15:53:49,27-10-2025,15:55:23,COMPLETED,0,1
79KWH,8,1,FULL,27-10-2025,15:55:31,27-10-2025,15:55:32,27-10-2025,15:57:08,COMPLETED,0,1
79KWH,8,1,FULL,27-10-2025,15:57:14,27-10-2025,15:57:19,27-10-2025,15:58:53,COMPLETED,0,1
79KWH,8,3,FULL,28-10-2025,06:55:18,28-10-2025,06:55:18,28-10-2025,06:58:06,COMPLETED,0,1
79KWH,8,2,FULL,28-10-2025,07:56:34,28-10-2025,07:56:35,28-10-2025,08:00:01,COMPLETED,0,1
79KWH,8,1,FULL,28-10-2025,07:58:07,28-10-2025,07:58:08,28-10-2025,08:00:21,COMPLETED,0,1
79KWH,8,2,FULL,28-10-2025,08:00:08,28-10-2025,08:00:11,28-10-2025,08:02:44,COMPLETED,0,1
79KWH,8,1,FULL,28-10-2025,08:00:49,28-10-2025,08:00:50,28-10-2025,08:03:28,COMPLETED,0,1
79KWH,8,2,FULL,28-10-2025,08:02:52,28-10-2025,08:02:54,28-10-2025,08:05:29,COMPLETED,0,1
79KWH,8,1,FULL,28-10-2025,08:03:43,28-10-2025,08:03:44,28-10-2025,08:05:23,COMPLETED,0,1
79KWH,8,2,FULL,28-10-2025,08:05:35,28-10-2025,08:05:37,28-10-2025,08:08:12,COMPLETED,0,1
79KWH,8,1,FULL,28-10-2025,08:06:26,28-10-2025,08:06:26,28-10-2025,08:08:02,COMPLETED,0,1
79KWH,8,2,FULL,28-10-2025,08:08:20,28-10-2025,08:08:22,28-10-2025,08:10:59,COMPLETED,0,1
79KWH,8,1,FULL,28-10-2025,08:09:19,28-10-2025,08:09:19,28-10-2025,08:10:59,COMPLETED,0,1
79KWH,8,2,FULL,28-10-2025,08:11:05,28-10-2025,08:11:08,28-10-2025,08:13:44,COMPLETED,0,1
79KWH,8,1,FULL,28-10-2025,08:12:03,28-10-2025,08:12:04,28-10-2025,08:13:41,COMPLETED,0,1
79KWH,8,2,FULL,28-10-2025,08:13:53,28-10-2025,08:13:54,28-10-2025,08:16:34,COMPLETED,0,1
79KWH,8,1,FULL,28-10-2025,08:14:57,28-10-2025,08:14:59,28-10-2025,08:16:39,COMPLETED,0,1
79KWH,8,2,FULL,28-10-2025,08:25:52,28-10-2025,08:25:52,28-10-2025,08:28:32,COMPLETED,0,1
79KWH,8,1,FULL,28-10-2025,08:26:51,28-10-2025,08:27:29,28-10-2025,08:29:42,COMPLETED,0,1
79KWH,8,2,FULL,28-10-2025,08:28:40,28-10-2025,08:28:41,28-10-2025,08:31:23,COMPLETED,0,1
79KWH,8,1,FULL,28-10-2025,08:29:50,28-10-2025,08:29:50,28-10-2025,08:31:30,COMPLETED,0,1
79KWH,8,2,FULL,28-10-2025,08:31:29,28-10-2025,08:31:32,28-10-2025,08:34:14,COMPLETED,0,1
79KWH,8,1,FULL,28-10-2025,08:31:36,28-10-2025,08:31:40,28-10-2025,08:33:17,COMPLETED,0,1
79KWH,8,1,FULL,28-10-2025,08:33:25,28-10-2025,08:33:26,28-10-2025,08:35:06,COMPLETED,0,1
79KWH,8,2,FULL,28-10-2025,08:34:21,28-10-2025,08:34:22,28-10-2025,08:37:07,COMPLETED,0,1
79KWH,8,1,FULL,28-10-2025,08:35:12,28-10-2025,08:35:15,28-10-2025,08:37:00,COMPLETED,0,1
79KWH,8,1,FULL,28-10-2025,08:37:07,28-10-2025,08:37:08,28-10-2025,08:38:50,COMPLETED,0,1
79KWH,8,2,FULL,28-10-2025,08:37:12,28-10-2025,08:37:17,28-10-2025,08:40:00,COMPLETED,0,1
79KWH,8,1,FULL,28-10-2025,08:38:57,28-10-2025,08:39:00,28-10-2025,08:40:41,COMPLETED,0,1
79KWH,8,2,FULL,28-10-2025,08:40:09,28-10-2025,08:40:09,28-10-2025,08:42:58,COMPLETED,0,1
79KWH,8,1,FULL,28-10-2025,08:40:49,28-10-2025,08:42:24,28-10-2025,08:44:42,COMPLETED,0,1
79KWH,8,2,FULL,28-10-2025,08:43:04,28-10-2025,08:43:07,28-10-2025,08:45:55,COMPLETED,0,1
79KWH,8,1,FULL,28-10-2025,08:44:48,28-10-2025,08:46:24,28-10-2025,08:48:38,COMPLETED,0,1
79KWH,8,2,FULL,28-10-2025,08:46:03,28-10-2025,08:46:03,28-10-2025,08:48:54,COMPLETED,0,1
79KWH,8,1,FULL,28-10-2025,08:48:50,28-10-2025,08:48:50,28-10-2025,08:50:35,COMPLETED,0,1
79KWH,8,2,FULL,28-10-2025,08:49:00,28-10-2025,08:49:04,28-10-2025,08:51:52,COMPLETED,0,1
79KWH,8,1,FULL,28-10-2025,08:50:41,28-10-2025,08:50:44,28-10-2025,08:52:26,COMPLETED,0,1
79KWH,8,2,FULL,28-10-2025,08:52:01,28-10-2025,08:52:02,28-10-2025,08:54:55,COMPLETED,0,1
79KWH,8,1,FULL,28-10-2025,08:52:36,28-10-2025,08:52:38,28-10-2025,08:54:35,COMPLETED,0,1
79KWH,8,1,FULL,28-10-2025,08:54:40,28-10-2025,08:54:43,28-10-2025,08:56:49,COMPLETED,0,1
79KWH,8,2,FULL,28-10-2025,08:55:01,28-10-2025,08:55:05,28-10-2025,08:57:56,COMPLETED,0,1
79KWH,8,1,FULL,28-10-2025,08:57:01,28-10-2025,08:58:20,28-10-2025,09:00:38,COMPLETED,0,1
79KWH,8,2,FULL,28-10-2025,08:58:03,28-10-2025,08:58:04,28-10-2025,09:00:59,COMPLETED,0,1
79KWH,8,1,FULL,28-10-2025,09:00:44,28-10-2025,09:00:47,28-10-2025,09:02:30,COMPLETED,0,1
79KWH,8,2,FULL,28-10-2025,09:01:05,28-10-2025,09:01:09,28-10-2025,09:04:03,COMPLETED,0,1
79KWH,8,1,FULL,28-10-2025,09:02:38,28-10-2025,09:02:39,28-10-2025,09:04:26,COMPLETED,0,1
79KWH,8,2,FULL,28-10-2025,09:04:11,28-10-2025,09:04:12,28-10-2025,09:07:08,COMPLETED,0,1
79KWH,8,1,FULL,28-10-2025,09:04:34,28-10-2025,09:04:36,28-10-2025,09:06:22,COMPLETED,0,1
79KWH,8,1,FULL,28-10-2025,09:06:31,28-10-2025,09:06:31,28-10-2025,09:08:20,COMPLETED,0,1
79KWH,8,2,FULL,28-10-2025,09:07:17,28-10-2025,09:07:18,28-10-2025,09:10:14,COMPLETED,0,1
79KWH,8,1,FULL,28-10-2025,09:08:29,28-10-2025,09:08:30,28-10-2025,09:10:17,COMPLETED,0,1
79KWH,8,1,FULL,28-10-2025,09:10:30,28-10-2025,09:10:31,28-10-2025,09:12:23,COMPLETED,0,1
79KWH,8,1,FULL,28-10-2025,09:12:30,28-10-2025,09:12:31,28-10-2025,09:14:40,COMPLETED,0,1
79KWH,8,2,FULL,28-10-2025,09:32:35,28-10-2025,09:32:37,28-10-2025,09:35:35,COMPLETED,0,1
79KWH,8,1,FULL,28-10-2025,09:33:51,28-10-2025,09:33:52,28-10-2025,09:35:43,COMPLETED,0,1
79KWH,8,2,FULL,28-10-2025,09:35:42,28-10-2025,09:35:44,28-10-2025,09:38:41,COMPLETED,0,1
79KWH,8,1,FULL,28-10-2025,09:35:49,28-10-2025,09:35:52,28-10-2025,09:38:12,COMPLETED,0,1
79KWH,8,1,FULL,28-10-2025,09:38:19,28-10-2025,09:38:21,28-10-2025,09:40:13,COMPLETED,0,1
79KWH,8,2,FULL,28-10-2025,09:38:50,28-10-2025,09:38:50,28-10-2025,09:41:50,COMPLETED,0,1
79KWH,8,1,FULL,28-10-2025,09:40:22,28-10-2025,09:40:23,28-10-2025,09:42:14,COMPLETED,0,1
79KWH,8,2,FULL,28-10-2025,09:41:56,28-10-2025,09:41:59,28-10-2025,09:44:59,COMPLETED,0,1
79KWH,8,1,FULL,28-10-2025,09:42:21,28-10-2025,09:42:24,28-10-2025,09:44:16,COMPLETED,0,1
79KWH,8,1,FULL,28-10-2025,09:44:23,28-10-2025,09:44:25,28-10-2025,09:46:16,COMPLETED,0,1
79KWH,8,2,FULL,28-10-2025,09:45:08,28-10-2025,09:45:08,28-10-2025,09:48:11,COMPLETED,0,1
79KWH,8,1,FULL,28-10-2025,09:46:24,28-10-2025,09:46:25,28-10-2025,09:48:19,COMPLETED,0,1
79KWH,8,2,FULL,28-10-2025,09:48:17,28-10-2025,09:48:22,28-10-2025,09:51:22,COMPLETED,0,1
79KWH,8,1,FULL,28-10-2025,09:48:30,28-10-2025,09:48:31,28-10-2025,09:50:23,COMPLETED,0,1
79KWH,8,1,FULL,28-10-2025,09:50:32,28-10-2025,09:50:32,28-10-2025,09:52:27,COMPLETED,0,1
79KWH,8,2,FULL,28-10-2025,09:51:31,28-10-2025,09:51:31,28-10-2025,09:54:36,COMPLETED,0,1
79KWH,8,1,FULL,28-10-2025,09:52:33,28-10-2025,09:52:37,28-10-2025,09:54:35,COMPLETED,0,1
79KWH,8,2,FULL,28-10-2025,09:54:42,28-10-2025,09:54:46,28-10-2025,09:57:49,COMPLETED,0,1
79KWH,8,1,FULL,28-10-2025,09:54:49,28-10-2025,09:54:50,28-10-2025,09:56:47,COMPLETED,0,1
79KWH,8,1,FULL,28-10-2025,09:56:55,28-10-2025,09:56:56,28-10-2025,09:58:53,COMPLETED,0,1
79KWH,8,2,FULL,28-10-2025,09:57:59,28-10-2025,09:58:00,28-10-2025,10:01:07,COMPLETED,0,1
79KWH,8,1,FULL,28-10-2025,09:59:05,28-10-2025,09:59:08,28-10-2025,10:01:08,COMPLETED,0,1
79KWH,8,2,FULL,28-10-2025,10:01:13,28-10-2025,10:01:17,28-10-2025,10:04:22,COMPLETED,0,1
79KWH,8,1,FULL,28-10-2025,10:01:14,28-10-2025,10:01:18,28-10-2025,10:03:13,COMPLETED,0,1
79KWH,8,1,FULL,28-10-2025,10:03:21,28-10-2025,10:03:22,28-10-2025,10:05:20,COMPLETED,0,1
79KWH,8,2,FULL,28-10-2025,10:04:30,28-10-2025,10:04:30,28-10-2025,10:07:38,COMPLETED,0,1
79KWH,8,1,FULL,28-10-2025,10:05:26,28-10-2025,10:05:29,28-10-2025,10:07:28,COMPLETED,0,1
79KWH,8,1,FULL,28-10-2025,10:07:39,28-10-2025,10:07:40,28-10-2025,10:09:40,COMPLETED,0,1
79KWH,8,2,FULL,28-10-2025,10:07:44,28-10-2025,10:07:47,28-10-2025,10:10:55,COMPLETED,0,1
79KWH,8,1,FULL,28-10-2025,10:09:46,28-10-2025,10:09:50,28-10-2025,10:11:49,COMPLETED,0,1
79KWH,8,2,FULL,28-10-2025,10:11:04,28-10-2025,10:11:05,28-10-2025,10:14:15,COMPLETED,0,1
79KWH,8,1,FULL,28-10-2025,10:11:57,28-10-2025,10:11:59,28-10-2025,10:14:06,COMPLETED,0,1
79KWH,8,1,FULL,28-10-2025,10:14:12,28-10-2025,10:14:15,28-10-2025,10:16:12,COMPLETED,0,1
79KWH,8,2,FULL,28-10-2025,10:14:21,28-10-2025,10:14:25,28-10-2025,10:17:34,COMPLETED,0,1
79KWH,8,1,FULL,28-10-2025,10:16:20,28-10-2025,10:16:22,28-10-2025,10:18:23,COMPLETED,0,1
79KWH,8,2,FULL,28-10-2025,10:17:42,28-10-2025,10:17:43,28-10-2025,10:20:56,COMPLETED,0,1
79KWH,8,1,FULL,28-10-2025,10:18:29,28-10-2025,10:18:32,28-10-2025,10:20:32,COMPLETED,0,1
79KWH,8,1,FULL,28-10-2025,10:20:46,28-10-2025,10:20:47,28-10-2025,10:22:51,COMPLETED,0,1
79KWH,8,2,FULL,28-10-2025,10:21:02,28-10-2025,10:21:06,28-10-2025,10:24:19,COMPLETED,0,1
79KWH,8,1,FULL,28-10-2025,10:22:57,28-10-2025,10:23:00,28-10-2025,10:25:04,COMPLETED,0,1
79KWH,8,2,FULL,28-10-2025,10:24:28,28-10-2025,10:24:29,28-10-2025,10:27:46,COMPLETED,0,1
79KWH,8,1,FULL,28-10-2025,10:25:12,28-10-2025,10:25:13,28-10-2025,10:27:17,COMPLETED,0,1
79KWH,8,1,FULL,28-10-2025,10:27:27,28-10-2025,10:27:27,28-10-2025,10:29:29,COMPLETED,0,1
79KWH,8,2,FULL,28-10-2025,10:27:52,28-10-2025,10:27:55,28-10-2025,10:31:11,COMPLETED,0,1
79KWH,8,1,FULL,28-10-2025,10:29:37,28-10-2025,10:29:38,28-10-2025,10:31:43,COMPLETED,0,1
79KWH,8,2,FULL,28-10-2025,10:31:19,28-10-2025,10:31:20,28-10-2025,10:34:39,COMPLETED,0,1
79KWH,8,1,FULL,28-10-2025,10:31:50,28-10-2025,10:31:51,28-10-2025,10:33:55,COMPLETED,0,1
79KWH,8,1,FULL,28-10-2025,10:34:04,28-10-2025,10:34:04,28-10-2025,10:36:11,COMPLETED,0,1
79KWH,8,2,FULL,28-10-2025,10:34:45,28-10-2025,10:34:47,28-10-2025,10:38:05,COMPLETED,0,1
79KWH,8,1,FULL,28-10-2025,10:36:20,28-10-2025,10:36:22,28-10-2025,10:38:27,COMPLETED,0,1
79KWH,8,2,FULL,28-10-2025,10:38:13,28-10-2025,10:38:14,28-10-2025,10:41:34,COMPLETED,0,1
79KWH,8,1,FULL,28-10-2025,10:38:35,28-10-2025,10:38:36,28-10-2025,10:40:47,COMPLETED,0,1
79KWH,8,1,FULL,28-10-2025,10:40:53,28-10-2025,10:40:55,28-10-2025,10:43:06,COMPLETED,0,1
79KWH,8,2,FULL,28-10-2025,10:41:40,28-10-2025,10:41:42,28-10-2025,10:45:01,COMPLETED,0,1
79KWH,8,1,FULL,28-10-2025,10:43:15,28-10-2025,10:44:30,28-10-2025,10:47:00,COMPLETED,0,1
79KWH,8,2,FULL,28-10-2025,10:45:09,28-10-2025,10:46:34,28-10-2025,10:50:25,COMPLETED,0,1
79KWH,8,1,FULL,28-10-2025,10:47:06,28-10-2025,10:47:09,28-10-2025,10:49:14,COMPLETED,0,1
79KWH,8,1,FULL,28-10-2025,10:49:24,28-10-2025,10:50:46,28-10-2025,10:53:16,COMPLETED,0,1
79KWH,8,2,FULL,28-10-2025,10:50:31,28-10-2025,10:50:35,28-10-2025,10:53:58,COMPLETED,0,1
79KWH,8,1,FULL,28-10-2025,10:53:24,28-10-2025,10:54:44,28-10-2025,10:57:12,COMPLETED,0,1
79KWH,8,2,FULL,28-10-2025,10:54:07,28-10-2025,11:07:12,28-10-2025,11:11:04,COMPLETED,0,1
79KWH,8,1,FULL,28-10-2025,10:57:20,28-10-2025,10:58:43,28-10-2025,11:01:16,COMPLETED,0,1
79KWH,8,1,FULL,28-10-2025,11:01:23,28-10-2025,11:01:25,28-10-2025,11:03:38,COMPLETED,0,1
79KWH,8,1,FULL,28-10-2025,11:03:46,28-10-2025,11:03:46,28-10-2025,11:05:58,COMPLETED,0,1
79KWH,8,1,FULL,28-10-2025,11:06:04,28-10-2025,11:06:08,28-10-2025,11:08:16,COMPLETED,0,1
79KWH,8,1,FULL,28-10-2025,11:08:25,28-10-2025,11:09:42,28-10-2025,11:12:13,COMPLETED,0,1
79KWH,8,2,FULL,28-10-2025,11:11:10,28-10-2025,11:11:12,28-10-2025,11:14:35,COMPLETED,0,1
79KWH,8,1,FULL,28-10-2025,11:12:19,28-10-2025,11:13:45,28-10-2025,11:44:13,COMPLETED,0,1
79KWH,8,2,FULL,28-10-2025,11:14:43,28-10-2025,11:16:05,28-10-2025,11:19:58,COMPLETED,0,1
79KWH,8,2,FULL,28-10-2025,11:20:05,28-10-2025,11:21:51,28-10-2025,11:25:42,COMPLETED,0,1
79KWH,8,2,FULL,28-10-2025,11:25:51,28-10-2025,11:27:14,28-10-2025,11:31:09,COMPLETED,0,1
79KWH,8,2,FULL,28-10-2025,11:31:15,28-10-2025,11:31:17,28-10-2025,11:34:44,COMPLETED,0,1
79KWH,8,2,FULL,28-10-2025,11:34:53,28-10-2025,11:36:19,28-10-2025,11:40:15,COMPLETED,0,1
79KWH,8,1,FULL,28-10-2025,11:44:26,28-10-2025,11:45:42,28-10-2025,11:48:14,COMPLETED,0,1
79KWH,8,1,FULL,28-10-2025,11:48:27,28-10-2025,11:49:50,28-10-2025,11:52:20,COMPLETED,0,1
79KWH,8,1,FULL,28-10-2025,11:52:33,28-10-2025,11:52:40,28-10-2025,11:54:52,COMPLETED,0,1
79KWH,8,1,FULL,28-10-2025,11:55:02,28-10-2025,11:55:03,28-10-2025,11:57:13,COMPLETED,0,1
79KWH,8,1,FULL,28-10-2025,11:57:24,28-10-2025,11:57:28,28-10-2025,11:59:42,COMPLETED,0,1
79KWH,8,2,FULL,28-10-2025,11:57:40,28-10-2025,12:00:03,28-10-2025,12:03:57,COMPLETED,0,1
79KWH,8,1,FULL,28-10-2025,11:59:49,28-10-2025,11:59:53,28-10-2025,12:02:05,COMPLETED,0,1
79KWH,8,1,FULL,28-10-2025,12:02:14,28-10-2025,12:03:28,28-10-2025,12:06:03,COMPLETED,0,1
79KWH,8,2,FULL,28-10-2025,12:04:05,28-10-2025,12:08:05,28-10-2025,12:12:02,COMPLETED,0,1
79KWH,8,1,FULL,28-10-2025,12:06:10,28-10-2025,12:06:11,28-10-2025,12:08:25,COMPLETED,0,1
79KWH,8,1,FULL,28-10-2025,12:08:34,28-10-2025,12:09:53,28-10-2025,12:12:28,COMPLETED,0,1
79KWH,8,2,FULL,28-10-2025,12:12:10,28-10-2025,12:16:08,28-10-2025,12:20:02,COMPLETED,0,1
79KWH,8,1,FULL,28-10-2025,12:12:36,28-10-2025,12:13:50,28-10-2025,12:16:22,COMPLETED,0,1
79KWH,8,1,FULL,28-10-2025,12:16:34,28-10-2025,12:17:50,28-10-2025,12:20:23,COMPLETED,0,1
79KWH,8,2,FULL,28-10-2025,12:20:11,28-10-2025,12:24:09,28-10-2025,12:28:08,COMPLETED,0,1
79KWH,8,1,FULL,28-10-2025,12:20:29,28-10-2025,12:20:33,28-10-2025,12:22:48,COMPLETED,0,1
79KWH,8,1,FULL,28-10-2025,12:22:56,28-10-2025,12:24:10,28-10-2025,12:26:45,COMPLETED,0,1
79KWH,8,1,FULL,28-10-2025,12:26:51,28-10-2025,12:26:53,28-10-2025,12:29:10,COMPLETED,0,1
79KWH,8,2,FULL,28-10-2025,12:28:14,28-10-2025,12:28:17,28-10-2025,12:31:52,COMPLETED,0,1
79KWH,8,1,FULL,28-10-2025,12:29:20,28-10-2025,12:30:40,28-10-2025,12:33:16,COMPLETED,0,1
79KWH,8,2,FULL,28-10-2025,12:32:00,28-10-2025,12:38:06,28-10-2025,12:42:06,COMPLETED,0,1
79KWH,8,1,FULL,28-10-2025,12:33:22,28-10-2025,12:33:25,28-10-2025,12:35:43,COMPLETED,0,1
79KWH,8,1,FULL,28-10-2025,12:35:52,28-10-2025,12:37:10,28-10-2025,12:39:46,COMPLETED,0,1
79KWH,8,1,FULL,28-10-2025,12:39:51,28-10-2025,12:39:55,28-10-2025,12:42:14,COMPLETED,0,1
79KWH,8,2,FULL,28-10-2025,12:42:11,28-10-2025,12:42:15,28-10-2025,12:45:50,COMPLETED,0,1
79KWH,8,1,FULL,28-10-2025,12:42:21,28-10-2025,12:43:40,28-10-2025,12:46:17,COMPLETED,0,1
79KWH,8,2,FULL,28-10-2025,12:45:59,28-10-2025,12:50:02,28-10-2025,12:54:03,COMPLETED,0,1
79KWH,8,1,FULL,28-10-2025,12:46:24,28-10-2025,12:46:25,28-10-2025,12:54:15,COMPLETED,0,1
79KWH,8,2,FULL,28-10-2025,13:03:38,28-10-2025,13:06:09,28-10-2025,13:10:07,COMPLETED,0,1
79KWH,8,1,FULL,28-10-2025,13:03:39,28-10-2025,13:03:40,28-10-2025,13:06:18,COMPLETED,0,1
79KWH,8,1,FULL,28-10-2025,13:06:25,28-10-2025,13:06:26,28-10-2025,13:08:47,COMPLETED,0,1
79KWH,8,1,FULL,28-10-2025,13:08:55,28-10-2025,13:10:10,28-10-2025,13:12:47,COMPLETED,0,1
79KWH,8,2,FULL,28-10-2025,13:10:17,28-10-2025,13:14:08,28-10-2025,13:18:09,COMPLETED,0,1
79KWH,8,1,FULL,28-10-2025,13:12:55,28-10-2025,13:12:56,28-10-2025,13:15:18,COMPLETED,0,1
79KWH,8,1,FULL,28-10-2025,13:15:26,28-10-2025,13:16:44,28-10-2025,13:19:22,COMPLETED,0,1
79KWH,8,2,FULL,28-10-2025,13:18:15,28-10-2025,13:18:18,28-10-2025,13:21:58,COMPLETED,0,1
79KWH,8,1,FULL,28-10-2025,13:19:28,28-10-2025,13:19:31,28-10-2025,13:21:55,COMPLETED,0,1
79KWH,8,1,FULL,28-10-2025,13:22:03,28-10-2025,13:23:18,28-10-2025,13:25:56,COMPLETED,0,1
79KWH,8,2,FULL,28-10-2025,13:22:07,28-10-2025,13:26:04,28-10-2025,13:30:06,COMPLETED,0,1
79KWH,8,1,FULL,28-10-2025,13:26:03,28-10-2025,13:26:06,28-10-2025,13:28:30,COMPLETED,0,1
79KWH,8,1,FULL,28-10-2025,13:28:38,28-10-2025,13:28:39,28-10-2025,13:31:06,COMPLETED,0,1
79KWH,8,2,FULL,28-10-2025,13:30:13,28-10-2025,13:30:15,28-10-2025,13:33:58,COMPLETED,0,1
79KWH,8,1,FULL,28-10-2025,13:31:12,28-10-2025,13:31:15,28-10-2025,13:33:46,COMPLETED,0,1
79KWH,8,1,FULL,28-10-2025,13:33:54,28-10-2025,13:33:55,28-10-2025,13:36:24,COMPLETED,0,1
79KWH,8,2,FULL,28-10-2025,13:34:06,28-10-2025,13:37:57,28-10-2025,13:42:00,COMPLETED,0,1
79KWH,8,1,FULL,28-10-2025,13:36:30,28-10-2025,13:36:32,28-10-2025,13:38:59,COMPLETED,0,1
79KWH,8,1,FULL,28-10-2025,13:39:08,28-10-2025,13:39:08,28-10-2025,13:41:38,COMPLETED,0,1
79KWH,8,1,FULL,28-10-2025,13:41:44,28-10-2025,13:41:48,28-10-2025,13:44:16,COMPLETED,0,1
79KWH,8,2,FULL,28-10-2025,13:42:06,28-10-2025,13:42:08,28-10-2025,13:45:53,COMPLETED,0,1
79KWH,8,1,FULL,28-10-2025,13:44:25,28-10-2025,13:44:26,28-10-2025,13:46:56,COMPLETED,0,1
79KWH,8,2,FULL,28-10-2025,13:46:01,28-10-2025,13:49:57,28-10-2025,13:54:08,COMPLETED,0,1
79KWH,8,1,FULL,28-10-2025,13:47:02,28-10-2025,13:47:06,28-10-2025,13:49:34,COMPLETED,0,1
79KWH,8,1,FULL,28-10-2025,13:49:43,28-10-2025,13:49:45,28-10-2025,13:52:16,COMPLETED,0,1
79KWH,8,1,FULL,28-10-2025,13:52:24,28-10-2025,13:52:25,28-10-2025,13:54:54,COMPLETED,0,1
79KWH,8,2,FULL,28-10-2025,13:54:14,28-10-2025,13:54:17,28-10-2025,13:58:18,COMPLETED,0,1
79KWH,8,1,FULL,28-10-2025,13:55:03,28-10-2025,13:55:03,28-10-2025,13:57:35,COMPLETED,0,1
79KWH,8,1,FULL,28-10-2025,13:57:41,28-10-2025,13:57:44,28-10-2025,14:00:15,COMPLETED,0,1
79KWH,8,2,FULL,28-10-2025,13:58:26,28-10-2025,14:02:24,28-10-2025,14:06:35,COMPLETED,0,1
79KWH,8,1,FULL,28-10-2025,14:00:24,28-10-2025,14:00:26,28-10-2025,14:02:58,COMPLETED,0,1
79KWH,8,1,FULL,28-10-2025,14:03:05,28-10-2025,14:03:07,28-10-2025,14:05:38,COMPLETED,0,1
79KWH,8,1,FULL,28-10-2025,14:05:48,28-10-2025,14:05:48,28-10-2025,14:08:23,COMPLETED,0,1
79KWH,8,2,FULL,28-10-2025,14:06:42,28-10-2025,14:06:45,28-10-2025,14:10:46,COMPLETED,0,1
79KWH,8,1,FULL,28-10-2025,14:08:29,28-10-2025,14:08:34,28-10-2025,14:11:06,COMPLETED,0,1
79KWH,8,2,FULL,28-10-2025,14:10:54,28-10-2025,14:10:55,28-10-2025,14:15:01,COMPLETED,0,1
79KWH,8,1,FULL,28-10-2025,14:11:14,28-10-2025,14:11:15,28-10-2025,14:13:50,COMPLETED,0,1
79KWH,8,1,FULL,28-10-2025,14:13:57,28-10-2025,14:13:59,28-10-2025,14:16:33,COMPLETED,0,1
79KWH,8,2,FULL,28-10-2025,14:15:07,28-10-2025,14:15:10,28-10-2025,14:19:15,COMPLETED,0,1
79KWH,8,1,FULL,28-10-2025,14:16:42,28-10-2025,14:17:55,28-10-2025,14:20:40,COMPLETED,0,1
79KWH,8,2,FULL,28-10-2025,14:19:23,28-10-2025,14:23:27,28-10-2025,14:27:41,COMPLETED,0,1
79KWH,8,1,FULL,28-10-2025,14:20:46,28-10-2025,14:20:49,28-10-2025,14:23:24,COMPLETED,0,1
79KWH,8,1,FULL,28-10-2025,14:23:32,28-10-2025,14:24:35,28-10-2025,14:27:20,COMPLETED,0,1
79KWH,8,2,FULL,28-10-2025,14:27:49,28-10-2025,14:31:50,28-10-2025,14:36:03,COMPLETED,0,1
79KWH,8,1,FULL,28-10-2025,14:32:45,28-10-2025,14:32:45,28-10-2025,14:35:21,COMPLETED,0,1
79KWH,8,1,FULL,28-10-2025,14:35:29,28-10-2025,14:35:29,28-10-2025,14:38:10,COMPLETED,0,1
79KWH,8,2,FULL,28-10-2025,14:36:13,28-10-2025,14:40:13,28-10-2025,14:44:28,COMPLETED,0,1
79KWH,8,1,FULL,28-10-2025,14:38:16,28-10-2025,14:38:17,28-10-2025,14:40:54,COMPLETED,0,1
79KWH,8,1,FULL,28-10-2025,14:41:04,28-10-2025,14:41:04,28-10-2025,14:43:44,COMPLETED,0,1
79KWH,8,1,FULL,28-10-2025,14:43:51,28-10-2025,14:43:52,28-10-2025,14:46:30,COMPLETED,0,1
79KWH,8,2,FULL,28-10-2025,14:44:35,28-10-2025,14:44:36,28-10-2025,14:48:44,COMPLETED,0,1
79KWH,8,1,FULL,28-10-2025,14:46:39,28-10-2025,14:46:42,28-10-2025,14:49:23,COMPLETED,0,1
79KWH,8,2,FULL,28-10-2025,14:48:52,28-10-2025,14:48:54,28-10-2025,14:53:07,COMPLETED,0,1
79KWH,8,1,FULL,28-10-2025,14:49:31,28-10-2025,14:49:32,28-10-2025,14:52:11,COMPLETED,0,1
79KWH,8,1,FULL,28-10-2025,14:52:19,28-10-2025,14:52:20,28-10-2025,14:55:02,COMPLETED,0,1
79KWH,8,2,FULL,28-10-2025,14:53:12,28-10-2025,14:53:16,28-10-2025,14:57:29,COMPLETED,0,1
79KWH,8,1,FULL,28-10-2025,14:55:08,28-10-2025,14:55:12,28-10-2025,14:57:53,COMPLETED,0,1
79KWH,8,2,FULL,28-10-2025,14:57:37,28-10-2025,15:01:37,28-10-2025,15:05:55,COMPLETED,0,1
79KWH,8,1,FULL,28-10-2025,14:58:01,28-10-2025,14:59:11,28-10-2025,15:01:59,COMPLETED,0,1
79KWH,8,1,FULL,28-10-2025,15:02:11,28-10-2025,15:03:21,28-10-2025,15:06:05,COMPLETED,0,1
79KWH,8,2,FULL,28-10-2025,15:06:01,28-10-2025,15:10:10,28-10-2025,15:14:26,COMPLETED,0,1
79KWH,8,1,FULL,28-10-2025,15:06:12,28-10-2025,15:06:15,28-10-2025,15:08:49,COMPLETED,0,1
79KWH,8,1,FULL,28-10-2025,15:08:56,28-10-2025,15:08:56,28-10-2025,15:11:34,COMPLETED,0,1
79KWH,8,1,FULL,28-10-2025,15:11:43,28-10-2025,15:11:44,28-10-2025,15:14:28,COMPLETED,0,1
79KWH,8,1,FULL,28-10-2025,15:14:34,28-10-2025,15:14:38,28-10-2025,15:17:20,COMPLETED,0,1
79KWH,8,2,FULL,28-10-2025,15:14:35,28-10-2025,15:14:35,28-10-2025,15:17:12,COMPLETED,0,1
79KWH,8,2,FULL,28-10-2025,15:17:18,28-10-2025,15:17:20,28-10-2025,15:18:17,COMPLETED,0,1
79KWH,8,1,FULL,28-10-2025,15:17:30,28-10-2025,15:17:30,28-10-2025,15:20:16,COMPLETED,0,1
79KWH,8,2,FULL,28-10-2025,15:18:28,28-10-2025,15:21:01,28-10-2025,15:23:40,COMPLETED,0,1
79KWH,8,1,FULL,28-10-2025,15:20:23,28-10-2025,15:20:24,28-10-2025,15:23:08,COMPLETED,0,1
79KWH,8,1,FULL,28-10-2025,15:23:16,28-10-2025,15:23:18,28-10-2025,15:26:05,COMPLETED,0,1
79KWH,8,2,FULL,28-10-2025,15:23:46,28-10-2025,15:23:49,28-10-2025,15:24:45,COMPLETED,0,1
79KWH,8,1,FULL,28-10-2025,15:26:12,28-10-2025,15:26:13,28-10-2025,15:29:00,COMPLETED,0,1
79KWH,8,1,FULL,28-10-2025,15:29:08,28-10-2025,15:30:28,28-10-2025,15:33:19,COMPLETED,0,1
79KWH,8,1,FULL,28-10-2025,15:47:34,28-10-2025,15:47:34,28-10-2025,15:50:22,COMPLETED,0,1
79KWH,8,2,FULL,28-10-2025,15:48:11,28-10-2025,15:51:38,28-10-2025,15:54:17,COMPLETED,0,1
79KWH,8,1,FULL,28-10-2025,15:50:31,28-10-2025,15:50:31,28-10-2025,15:52:23,COMPLETED,0,1
79KWH,8,1,FULL,28-10-2025,15:52:33,28-10-2025,15:52:33,28-10-2025,15:53:26,COMPLETED,0,1
79KWH,8,1,FULL,28-10-2025,15:53:39,28-10-2025,15:53:39,28-10-2025,15:54:42,COMPLETED,0,1
79KWH,8,2,FULL,28-10-2025,15:54:25,28-10-2025,15:54:27,28-10-2025,15:55:23,COMPLETED,0,1
79KWH,8,1,FULL,28-10-2025,15:54:49,28-10-2025,15:54:53,28-10-2025,15:55:48,COMPLETED,0,1
79KWH,8,2,FULL,28-10-2025,15:55:34,28-10-2025,15:58:07,28-10-2025,16:00:47,COMPLETED,0,1
79KWH,8,1,FULL,28-10-2025,15:56:01,28-10-2025,15:56:01,28-10-2025,15:56:56,COMPLETED,0,1
79KWH,8,1,FULL,28-10-2025,15:57:02,28-10-2025,15:57:06,28-10-2025,15:57:59,COMPLETED,0,1
79KWH,8,1,FULL,28-10-2025,15:58:11,28-10-2025,15:58:12,28-10-2025,16:21:28,COMPLETED,0,1
79KWH,8,2,FULL,28-10-2025,16:00:54,28-10-2025,16:00:58,28-10-2025,16:01:54,COMPLETED,0,1
79KWH,8,2,FULL,28-10-2025,16:02:03,28-10-2025,16:04:39,28-10-2025,16:07:19,COMPLETED,0,1
79KWH,8,2,FULL,28-10-2025,16:07:24,28-10-2025,16:07:28,28-10-2025,16:08:25,COMPLETED,0,1
79KWH,8,2,FULL,28-10-2025,16:08:36,28-10-2025,16:08:37,28-10-2025,16:09:38,COMPLETED,0,1
79KWH,8,2,FULL,28-10-2025,16:09:44,28-10-2025,16:09:47,28-10-2025,16:10:47,COMPLETED,0,1
79KWH,8,2,FULL,28-10-2025,16:10:55,28-10-2025,16:10:56,28-10-2025,16:11:58,COMPLETED,0,1
79KWH,8,2,FULL,28-10-2025,16:12:05,28-10-2025,16:12:08,28-10-2025,16:13:09,COMPLETED,0,1
79KWH,8,2,FULL,28-10-2025,16:13:20,28-10-2025,16:13:21,28-10-2025,16:14:24,COMPLETED,0,1
79KWH,8,2,FULL,28-10-2025,16:14:32,28-10-2025,16:14:33,28-10-2025,16:15:36,COMPLETED,0,1
79KWH,8,2,FULL,28-10-2025,16:15:43,28-10-2025,16:15:44,28-10-2025,16:16:50,COMPLETED,0,1
79KWH,8,2,FULL,28-10-2025,16:16:57,28-10-2025,16:17:00,28-10-2025,16:18:05,COMPLETED,0,1
79KWH,8,2,FULL,28-10-2025,16:44:34,28-10-2025,16:44:34,28-10-2025,16:45:43,COMPLETED,0,1
79KWH,8,2,FULL,28-10-2025,16:45:51,28-10-2025,16:45:53,28-10-2025,16:47:02,COMPLETED,0,1
79KWH,8,2,FULL,28-10-2025,16:47:11,28-10-2025,16:47:13,28-10-2025,16:48:25,COMPLETED,0,1
79KWH,8,2,FULL,28-10-2025,16:48:31,28-10-2025,16:48:34,28-10-2025,16:49:45,COMPLETED,0,1
79KWH,8,2,FULL,28-10-2025,16:49:53,28-10-2025,16:49:54,28-10-2025,16:51:09,COMPLETED,0,1
79KWH,8,2,FULL,28-10-2025,16:51:16,28-10-2025,16:51:18,28-10-2025,16:52:31,COMPLETED,0,1
79KWH,8,2,FULL,28-10-2025,16:52:39,28-10-2025,16:52:40,28-10-2025,16:53:56,COMPLETED,0,1
79KWH,8,2,FULL,28-10-2025,16:54:02,28-10-2025,16:54:06,28-10-2025,16:55:20,COMPLETED,0,1
79KWH,8,2,FULL,28-10-2025,16:55:29,28-10-2025,16:55:30,28-10-2025,16:56:49,COMPLETED,0,1
79KWH,8,1,FULL,28-10-2025,16:56:18,28-10-2025,16:56:19,28-10-2025,16:57:55,COMPLETED,0,1
79KWH,8,1,FULL,28-10-2025,16:58:01,28-10-2025,16:58:04,28-10-2025,17:00:14,COMPLETED,0,1
79KWH,8,1,FULL,28-10-2025,17:04:59,28-10-2025,17:05:00,28-10-2025,17:06:33,COMPLETED,0,1
79KWH,8,1,FULL,28-10-2025,17:06:43,28-10-2025,17:06:45,28-10-2025,17:07:44,COMPLETED,0,1
79KWH,8,1,FULL,28-10-2025,17:07:51,28-10-2025,17:07:52,28-10-2025,17:08:49,COMPLETED,0,1
79KWH,8,1,FULL,28-10-2025,17:12:13,28-10-2025,17:12:34,28-10-2025,17:14:28,COMPLETED,0,1
79KWH,8,2,FULL,28-10-2025,17:13:23,28-10-2025,17:13:23,28-10-2025,17:14:40,COMPLETED,0,1
79KWH,8,1,FULL,28-10-2025,17:27:17,28-10-2025,17:27:17,28-10-2025,17:29:09,COMPLETED,0,1
79KWH,8,2,FULL,28-10-2025,17:27:40,28-10-2025,17:27:42,28-10-2025,17:29:02,COMPLETED,0,1
79KWH,8,1,FULL,28-10-2025,17:29:25,28-10-2025,17:29:25,28-10-2025,17:30:23,COMPLETED,0,1
79KWH,8,2,FULL,28-10-2025,17:29:27,28-10-2025,17:29:27,28-10-2025,17:30:46,COMPLETED,0,1
79KWH,8,1,FULL,28-10-2025,17:31:01,28-10-2025,17:31:01,28-10-2025,17:31:59,COMPLETED,0,1
79KWH,8,2,FULL,28-10-2025,17:31:23,28-10-2025,17:31:24,28-10-2025,17:32:45,COMPLETED,0,1
79KWH,8,1,FULL,28-10-2025,17:32:54,28-10-2025,17:32:56,28-10-2025,17:33:57,COMPLETED,0,1
79KWH,8,2,FULL,28-10-2025,17:33:14,28-10-2025,17:33:15,28-10-2025,17:34:35,COMPLETED,0,1
79KWH,8,1,FULL,28-10-2025,17:34:43,28-10-2025,17:34:43,28-10-2025,17:35:42,COMPLETED,0,1
79KWH,8,2,FULL,28-10-2025,17:35:07,28-10-2025,17:35:08,28-10-2025,17:36:32,COMPLETED,0,1
79KWH,8,1,FULL,28-10-2025,17:36:38,28-10-2025,17:36:39,28-10-2025,17:37:42,COMPLETED,0,1
79KWH,8,2,FULL,28-10-2025,17:36:58,28-10-2025,17:37:00,28-10-2025,17:38:22,COMPLETED,0,1
79KWH,8,1,FULL,28-10-2025,17:38:27,28-10-2025,17:38:27,28-10-2025,17:39:28,COMPLETED,0,1
79KWH,8,2,FULL,28-10-2025,17:38:48,28-10-2025,17:38:49,28-10-2025,17:40:15,COMPLETED,0,1
79KWH,8,1,FULL,28-10-2025,17:40:21,28-10-2025,17:40:22,28-10-2025,17:41:26,COMPLETED,0,1
79KWH,8,2,FULL,28-10-2025,17:40:46,28-10-2025,17:40:47,28-10-2025,17:42:15,COMPLETED,0,1
79KWH,8,1,FULL,28-10-2025,17:42:10,28-10-2025,17:43:25,28-10-2025,17:45:20,COMPLETED,0,1
79KWH,8,2,FULL,28-10-2025,17:42:33,28-10-2025,17:42:35,28-10-2025,17:44:01,COMPLETED,0,1
79KWH,8,2,FULL,28-10-2025,17:44:28,28-10-2025,17:44:30,28-10-2025,17:45:59,COMPLETED,0,1
79KWH,8,1,FULL,28-10-2025,17:45:30,28-10-2025,17:47:23,28-10-2025,17:49:20,COMPLETED,0,1
79KWH,8,1,FULL,28-10-2025,18:28:10,28-10-2025,18:28:25,28-10-2025,18:30:21,COMPLETED,0,1
79KWH,8,2,FULL,28-10-2025,18:28:31,28-10-2025,18:28:31,28-10-2025,18:30:00,COMPLETED,0,1
79KWH,8,2,FULL,28-10-2025,18:30:25,28-10-2025,18:30:26,28-10-2025,18:31:57,COMPLETED,0,1
79KWH,8,1,FULL,28-10-2025,18:30:30,28-10-2025,18:30:31,28-10-2025,18:31:36,COMPLETED,0,1
79KWH,8,1,FULL,28-10-2025,18:31:53,28-10-2025,18:31:54,28-10-2025,18:32:58,COMPLETED,0,1
79KWH,8,2,FULL,28-10-2025,18:32:15,28-10-2025,18:32:17,28-10-2025,18:33:47,COMPLETED,0,1
79KWH,8,1,FULL,28-10-2025,18:33:48,28-10-2025,18:33:48,28-10-2025,18:34:55,COMPLETED,0,1
79KWH,8,2,FULL,28-10-2025,18:34:09,28-10-2025,18:34:09,28-10-2025,18:35:42,COMPLETED,0,1
79KWH,8,1,FULL,28-10-2025,18:35:38,28-10-2025,18:35:38,28-10-2025,18:36:43,COMPLETED,0,1
79KWH,8,2,FULL,28-10-2025,18:35:57,28-10-2025,18:35:57,28-10-2025,18:37:30,COMPLETED,0,1
79KWH,8,1,FULL,28-10-2025,18:37:31,28-10-2025,18:37:32,28-10-2025,18:38:40,COMPLETED,0,1
79KWH,8,2,FULL,28-10-2025,18:37:52,28-10-2025,18:37:53,28-10-2025,18:39:30,COMPLETED,0,1
79KWH,8,1,FULL,28-10-2025,18:39:23,28-10-2025,18:39:24,28-10-2025,18:40:31,COMPLETED,0,1
79KWH,8,2,FULL,28-10-2025,18:39:41,28-10-2025,18:39:42,28-10-2025,18:41:16,COMPLETED,0,1
79KWH,8,1,FULL,28-10-2025,18:41:20,28-10-2025,18:41:21,28-10-2025,18:42:30,COMPLETED,0,1
79KWH,8,2,FULL,28-10-2025,18:41:37,28-10-2025,18:41:38,28-10-2025,18:43:16,COMPLETED,0,1
79KWH,8,1,FULL,28-10-2025,18:43:05,28-10-2025,18:43:06,28-10-2025,18:44:14,COMPLETED,0,1
79KWH,8,2,FULL,28-10-2025,18:43:24,28-10-2025,18:43:25,28-10-2025,18:45:02,COMPLETED,0,1
79KWH,8,1,FULL,28-10-2025,18:44:59,28-10-2025,18:45:00,28-10-2025,18:46:10,COMPLETED,0,1
79KWH,8,2,FULL,28-10-2025,18:45:19,28-10-2025,18:45:20,28-10-2025,18:47:01,COMPLETED,0,1
79KWH,8,1,FULL,28-10-2025,18:46:48,28-10-2025,18:46:49,28-10-2025,18:47:56,COMPLETED,0,1
79KWH,8,2,FULL,28-10-2025,18:47:09,28-10-2025,18:47:12,28-10-2025,18:48:53,COMPLETED,0,1
79KWH,8,1,FULL,28-10-2025,18:48:44,28-10-2025,18:48:45,28-10-2025,18:49:56,COMPLETED,0,1
79KWH,8,2,FULL,28-10-2025,18:49:02,28-10-2025,18:49:03,28-10-2025,18:50:46,COMPLETED,0,1
79KWH,8,1,FULL,28-10-2025,18:50:33,28-10-2025,18:50:34,28-10-2025,18:51:44,COMPLETED,0,1
79KWH,8,2,FULL,28-10-2025,18:50:53,28-10-2025,18:50:56,28-10-2025,18:52:37,COMPLETED,0,1
79KWH,8,1,FULL,28-10-2025,18:52:27,28-10-2025,18:52:28,28-10-2025,18:53:40,COMPLETED,0,1
79KWH,8,2,FULL,28-10-2025,18:52:47,28-10-2025,18:52:48,28-10-2025,18:54:33,COMPLETED,0,1
79KWH,8,1,FULL,28-10-2025,18:54:16,28-10-2025,18:54:16,28-10-2025,18:55:27,COMPLETED,0,1
79KWH,8,2,FULL,28-10-2025,18:54:39,28-10-2025,18:54:44,28-10-2025,18:56:28,COMPLETED,0,1
79KWH,8,1,FULL,28-10-2025,18:56:11,28-10-2025,18:56:12,28-10-2025,18:57:26,COMPLETED,0,1
79KWH,8,2,FULL,28-10-2025,18:56:36,28-10-2025,18:56:37,28-10-2025,18:58:24,COMPLETED,0,1
79KWH,8,1,FULL,28-10-2025,18:58:01,28-10-2025,18:58:03,28-10-2025,18:59:14,COMPLETED,0,1
79KWH,8,2,FULL,28-10-2025,18:58:29,28-10-2025,18:58:33,28-10-2025,19:00:19,COMPLETED,0,1
79KWH,8,1,FULL,28-10-2025,18:59:55,28-10-2025,18:59:57,28-10-2025,19:01:11,COMPLETED,0,1
79KWH,8,2,FULL,28-10-2025,19:00:28,28-10-2025,19:00:30,28-10-2025,19:02:19,COMPLETED,0,1
79KWH,8,1,FULL,28-10-2025,19:01:47,28-10-2025,19:01:48,28-10-2025,19:03:01,COMPLETED,0,1
79KWH,8,2,FULL,28-10-2025,19:02:25,28-10-2025,19:02:29,28-10-2025,19:04:17,COMPLETED,0,1
79KWH,8,1,FULL,28-10-2025,19:03:58,28-10-2025,19:03:59,28-10-2025,19:05:15,COMPLETED,0,1
79KWH,8,2,FULL,28-10-2025,19:04:26,28-10-2025,19:04:26,28-10-2025,19:06:18,COMPLETED,0,1
79KWH,8,1,FULL,28-10-2025,19:05:50,28-10-2025,19:07:37,28-10-2025,19:09:38,COMPLETED,0,1
79KWH,8,2,FULL,28-10-2025,19:06:26,28-10-2025,19:06:27,28-10-2025,19:08:16,COMPLETED,0,1
79KWH,8,2,FULL,28-10-2025,19:08:26,28-10-2025,19:08:27,28-10-2025,19:10:22,COMPLETED,0,1
79KWH,8,1,FULL,28-10-2025,19:09:46,28-10-2025,19:11:50,28-10-2025,19:13:54,COMPLETED,0,1
79KWH,8,2,FULL,28-10-2025,19:10:27,28-10-2025,19:10:30,28-10-2025,19:12:24,COMPLETED,0,1
79KWH,8,2,FULL,28-10-2025,19:12:32,28-10-2025,19:12:32,28-10-2025,19:14:29,COMPLETED,0,1
79KWH,8,1,FULL,28-10-2025,19:14:00,28-10-2025,19:14:02,28-10-2025,19:15:17,COMPLETED,0,1
79KWH,8,2,FULL,28-10-2025,19:14:36,28-10-2025,19:14:38,28-10-2025,19:16:34,COMPLETED,0,1
79KWH,8,1,FULL,28-10-2025,19:15:25,28-10-2025,19:17:35,28-10-2025,19:19:40,COMPLETED,0,1
79KWH,8,2,FULL,28-10-2025,19:16:44,28-10-2025,19:16:44,28-10-2025,19:18:43,COMPLETED,0,1
79KWH,8,2,FULL,28-10-2025,19:18:50,28-10-2025,19:18:53,28-10-2025,19:20:50,COMPLETED,0,1
79KWH,8,1,FULL,28-10-2025,19:19:47,28-10-2025,19:19:48,28-10-2025,19:21:06,COMPLETED,0,1
79KWH,8,2,FULL,28-10-2025,19:20:58,28-10-2025,19:20:59,28-10-2025,19:23:00,COMPLETED,0,1
79KWH,8,1,FULL,28-10-2025,19:21:15,28-10-2025,19:23:19,28-10-2025,19:25:25,COMPLETED,0,1
79KWH,8,2,FULL,28-10-2025,19:23:06,28-10-2025,19:23:09,28-10-2025,19:25:10,COMPLETED,0,1
79KWH,8,2,FULL,28-10-2025,19:25:19,28-10-2025,19:25:20,28-10-2025,19:27:22,COMPLETED,0,1
79KWH,8,1,FULL,28-10-2025,19:25:32,28-10-2025,19:25:35,28-10-2025,19:26:51,COMPLETED,0,1
79KWH,8,1,FULL,28-10-2025,19:27:03,28-10-2025,19:29:13,28-10-2025,19:31:19,COMPLETED,0,1
79KWH,8,2,FULL,28-10-2025,19:27:28,28-10-2025,19:27:32,28-10-2025,19:29:33,COMPLETED,0,1
79KWH,8,2,FULL,28-10-2025,19:29:41,28-10-2025,19:29:43,28-10-2025,19:31:47,COMPLETED,0,1
79KWH,8,1,FULL,28-10-2025,19:31:25,28-10-2025,19:31:28,28-10-2025,19:32:48,COMPLETED,0,1
79KWH,8,2,FULL,28-10-2025,19:31:53,28-10-2025,19:31:58,28-10-2025,19:34:01,COMPLETED,0,1
79KWH,8,1,FULL,28-10-2025,19:32:56,28-10-2025,19:32:57,28-10-2025,19:34:19,COMPLETED,0,1
79KWH,8,2,FULL,28-10-2025,19:34:10,28-10-2025,19:34:12,28-10-2025,19:36:18,COMPLETED,0,1
79KWH,8,1,FULL,28-10-2025,19:34:26,28-10-2025,19:34:28,28-10-2025,19:35:46,COMPLETED,0,1
79KWH,8,1,FULL,28-10-2025,19:35:55,28-10-2025,19:35:55,28-10-2025,19:37:17,COMPLETED,0,1
79KWH,8,2,FULL,28-10-2025,19:36:25,28-10-2025,19:36:27,28-10-2025,19:38:33,COMPLETED,0,1
79KWH,8,1,FULL,28-10-2025,19:37:22,28-10-2025,19:37:25,28-10-2025,19:38:46,COMPLETED,0,1
79KWH,8,2,FULL,28-10-2025,19:38:41,28-10-2025,19:38:42,28-10-2025,19:40:50,COMPLETED,0,1
79KWH,8,1,FULL,28-10-2025,19:38:56,28-10-2025,19:38:56,28-10-2025,19:40:20,COMPLETED,0,1
79KWH,8,1,FULL,28-10-2025,19:40:26,28-10-2025,19:40:28,28-10-2025,19:41:51,COMPLETED,0,1
79KWH,8,2,FULL,28-10-2025,19:40:56,28-10-2025,19:41:00,28-10-2025,19:43:07,COMPLETED,0,1
79KWH,8,1,FULL,28-10-2025,19:41:59,28-10-2025,19:44:05,28-10-2025,19:46:13,COMPLETED,0,1
79KWH,8,2,FULL,28-10-2025,19:43:17,28-10-2025,19:43:17,28-10-2025,19:45:27,COMPLETED,0,1
79KWH,8,2,FULL,28-10-2025,19:45:34,28-10-2025,19:45:37,28-10-2025,19:47:46,COMPLETED,0,1
79KWH,8,1,FULL,28-10-2025,19:46:19,28-10-2025,19:46:22,28-10-2025,19:47:51,COMPLETED,0,1
79KWH,8,2,FULL,28-10-2025,19:47:55,28-10-2025,19:47:55,28-10-2025,19:50:08,COMPLETED,0,1
79KWH,8,1,FULL,28-10-2025,19:47:59,28-10-2025,19:50:09,28-10-2025,19:52:18,COMPLETED,0,1
79KWH,8,2,FULL,28-10-2025,19:50:15,28-10-2025,19:50:17,28-10-2025,19:52:29,COMPLETED,0,1
79KWH,8,1,FULL,28-10-2025,19:52:24,28-10-2025,19:52:27,28-10-2025,19:53:50,COMPLETED,0,1
79KWH,8,2,FULL,28-10-2025,19:52:37,28-10-2025,19:52:38,28-10-2025,19:54:54,COMPLETED,0,1
79KWH,8,1,FULL,28-10-2025,19:54:01,28-10-2025,19:56:09,28-10-2025,19:58:18,COMPLETED,0,1
79KWH,8,2,FULL,28-10-2025,19:55:01,28-10-2025,19:55:03,28-10-2025,19:57:18,COMPLETED,0,1
79KWH,8,2,FULL,28-10-2025,19:57:27,28-10-2025,19:57:28,28-10-2025,19:59:46,COMPLETED,0,1
79KWH,8,1,FULL,28-10-2025,19:58:24,28-10-2025,20:00:41,28-10-2025,20:02:48,COMPLETED,0,1
79KWH,8,2,FULL,28-10-2025,19:59:53,28-10-2025,19:59:55,28-10-2025,20:02:12,COMPLETED,0,1
79KWH,8,2,FULL,28-10-2025,20:02:21,28-10-2025,20:05:13,28-10-2025,20:08:33,COMPLETED,0,1
79KWH,8,1,FULL,28-10-2025,20:02:57,28-10-2025,20:05:05,28-10-2025,20:07:14,COMPLETED,0,1
79KWH,8,1,FULL,28-10-2025,20:07:21,28-10-2025,20:07:23,28-10-2025,20:08:48,COMPLETED,0,1
79KWH,8,2,FULL,28-10-2025,20:08:39,28-10-2025,20:08:41,28-10-2025,20:11:00,COMPLETED,0,1
79KWH,8,1,FULL,28-10-2025,20:08:57,28-10-2025,20:11:05,28-10-2025,20:13:15,COMPLETED,0,1
79KWH,8,2,FULL,28-10-2025,20:11:08,28-10-2025,20:14:06,28-10-2025,20:17:28,COMPLETED,0,1
79KWH,8,1,FULL,28-10-2025,20:13:21,28-10-2025,20:13:24,28-10-2025,20:14:51,COMPLETED,0,1
79KWH,8,1,FULL,28-10-2025,20:15:00,28-10-2025,20:17:13,28-10-2025,20:19:23,COMPLETED,0,1
79KWH,8,2,FULL,28-10-2025,20:17:34,28-10-2025,20:17:36,28-10-2025,20:19:58,COMPLETED,0,1
79KWH,8,1,FULL,28-10-2025,20:19:29,28-10-2025,20:19:33,28-10-2025,20:21:00,COMPLETED,0,1
79KWH,8,1,FULL,28-10-2025,20:21:10,28-10-2025,20:21:13,28-10-2025,20:22:43,COMPLETED,0,1
79KWH,8,1,FULL,28-10-2025,20:22:49,28-10-2025,20:22:53,28-10-2025,20:24:21,COMPLETED,0,1
79KWH,8,1,FULL,28-10-2025,21:10:34,28-10-2025,21:10:35,28-10-2025,21:12:47,COMPLETED,0,1
79KWH,8,2,FULL,28-10-2025,21:10:53,28-10-2025,21:10:53,28-10-2025,21:14:16,COMPLETED,0,1
79KWH,8,1,FULL,28-10-2025,21:12:53,28-10-2025,21:12:56,28-10-2025,21:14:27,COMPLETED,0,1
79KWH,8,2,FULL,28-10-2025,21:14:22,28-10-2025,21:14:25,28-10-2025,21:16:49,COMPLETED,0,1
79KWH,8,1,FULL,28-10-2025,21:14:36,28-10-2025,21:14:36,28-10-2025,21:16:10,COMPLETED,0,1
79KWH,8,2,FULL,28-10-2025,21:16:59,28-10-2025,21:16:59,28-10-2025,21:19:26,COMPLETED,0,1
79KWH,8,1,FULL,29-10-2025,07:05:50,29-10-2025,07:05:50,29-10-2025,07:08:09,COMPLETED,0,1
79KWH,8,2,FULL,29-10-2025,07:07:33,29-10-2025,07:07:33,29-10-2025,07:10:57,COMPLETED,0,1
79KWH,8,1,FULL,29-10-2025,07:08:52,29-10-2025,07:08:53,29-10-2025,07:10:26,COMPLETED,0,1
79KWH,8,2,FULL,29-10-2025,07:13:08,29-10-2025,07:13:08,29-10-2025,07:15:35,COMPLETED,0,1
79KWH,8,1,FULL,29-10-2025,07:17:46,29-10-2025,07:17:47,29-10-2025,07:19:22,COMPLETED,0,1
79KWH,8,2,FULL,29-10-2025,07:18:25,29-10-2025,07:18:26,29-10-2025,07:20:56,COMPLETED,0,1
79KWH,8,1,FULL,29-10-2025,07:28:10,29-10-2025,07:28:11,29-10-2025,07:32:01,COMPLETED,0,1
79KWH,8,2,FULL,29-10-2025,07:29:04,29-10-2025,07:29:05,29-10-2025,07:32:27,COMPLETED,0,1
79KWH,8,1,FULL,29-10-2025,07:32:09,29-10-2025,07:32:10,29-10-2025,07:33:46,COMPLETED,0,1
79KWH,8,2,FULL,29-10-2025,07:32:35,29-10-2025,07:32:36,29-10-2025,07:35:08,COMPLETED,0,1
79KWH,8,1,FULL,29-10-2025,07:34:18,29-10-2025,07:34:19,29-10-2025,07:35:54,COMPLETED,0,1
79KWH,8,2,FULL,29-10-2025,07:35:14,29-10-2025,07:35:18,29-10-2025,07:37:48,COMPLETED,0,1
79KWH,8,1,FULL,29-10-2025,07:36:13,29-10-2025,07:36:13,29-10-2025,07:37:58,COMPLETED,0,1
79KWH,8,2,FULL,29-10-2025,07:37:56,29-10-2025,07:37:57,29-10-2025,07:40:31,COMPLETED,0,1
79KWH,8,1,FULL,29-10-2025,07:42:49,29-10-2025,07:44:06,29-10-2025,07:46:18,COMPLETED,0,1
79KWH,8,2,FULL,29-10-2025,07:43:25,29-10-2025,07:44:29,29-10-2025,07:47:53,COMPLETED,0,1
79KWH,8,1,FULL,29-10-2025,07:46:27,29-10-2025,07:48:28,29-10-2025,07:50:43,COMPLETED,0,1
79KWH,8,2,FULL,29-10-2025,07:48:01,29-10-2025,07:50:46,29-10-2025,07:54:15,COMPLETED,0,1
79KWH,8,1,FULL,29-10-2025,07:50:49,29-10-2025,07:50:52,29-10-2025,07:52:29,COMPLETED,0,1
79KWH,8,1,FULL,29-10-2025,07:52:37,29-10-2025,07:52:39,29-10-2025,07:54:23,COMPLETED,0,1
79KWH,8,2,FULL,29-10-2025,07:54:21,29-10-2025,07:54:24,29-10-2025,07:56:59,COMPLETED,0,1
79KWH,8,1,FULL,29-10-2025,07:54:28,29-10-2025,07:54:31,29-10-2025,07:56:09,COMPLETED,0,1
79KWH,8,1,FULL,29-10-2025,07:56:17,29-10-2025,07:56:18,29-10-2025,07:57:59,COMPLETED,0,1
79KWH,8,2,FULL,29-10-2025,07:57:07,29-10-2025,07:57:07,29-10-2025,07:59:45,COMPLETED,0,1
79KWH,8,1,FULL,29-10-2025,07:58:05,29-10-2025,07:58:09,29-10-2025,07:59:50,COMPLETED,0,1
79KWH,8,2,FULL,29-10-2025,07:59:51,29-10-2025,07:59:55,29-10-2025,08:02:32,COMPLETED,0,1
79KWH,8,1,FULL,29-10-2025,07:59:58,29-10-2025,07:59:58,29-10-2025,08:01:41,COMPLETED,0,1
79KWH,8,1,FULL,29-10-2025,08:01:47,29-10-2025,08:03:47,29-10-2025,08:06:02,COMPLETED,0,1
79KWH,8,2,FULL,29-10-2025,08:02:41,29-10-2025,08:02:41,29-10-2025,08:05:21,COMPLETED,0,1
79KWH,8,2,FULL,29-10-2025,08:05:27,29-10-2025,08:05:30,29-10-2025,08:08:09,COMPLETED,0,1
79KWH,8,1,FULL,29-10-2025,08:06:09,29-10-2025,08:06:10,29-10-2025,08:07:54,COMPLETED,0,1
79KWH,8,1,FULL,29-10-2025,08:08:00,29-10-2025,08:08:04,29-10-2025,08:24:41,COMPLETED,0,1
79KWH,8,2,FULL,29-10-2025,08:08:17,29-10-2025,08:11:00,29-10-2025,08:14:31,COMPLETED,0,1
79KWH,8,2,FULL,29-10-2025,08:14:37,29-10-2025,08:14:40,29-10-2025,08:17:20,COMPLETED,0,1
79KWH,8,2,FULL,29-10-2025,08:17:28,29-10-2025,08:17:29,29-10-2025,08:20:13,COMPLETED,0,1
79KWH,8,2,FULL,29-10-2025,08:20:19,29-10-2025,08:20:23,29-10-2025,08:23:06,COMPLETED,0,1
79KWH,8,2,FULL,29-10-2025,08:23:14,29-10-2025,08:23:14,29-10-2025,08:26:00,COMPLETED,0,1
79KWH,8,1,FULL,29-10-2025,08:24:50,29-10-2025,08:26:50,29-10-2025,08:29:08,COMPLETED,0,1
79KWH,8,2,FULL,29-10-2025,08:26:05,29-10-2025,08:26:08,29-10-2025,08:28:52,COMPLETED,0,1
79KWH,8,2,FULL,29-10-2025,08:28:59,29-10-2025,08:31:49,29-10-2025,08:35:22,COMPLETED,0,1
79KWH,8,1,FULL,29-10-2025,08:29:13,29-10-2025,08:29:17,29-10-2025,08:31:00,COMPLETED,0,1
79KWH,8,1,FULL,29-10-2025,08:31:07,29-10-2025,08:33:06,29-10-2025,08:35:28,COMPLETED,0,1
79KWH,8,2,FULL,29-10-2025,08:35:29,29-10-2025,08:35:31,29-10-2025,08:38:17,COMPLETED,0,1
79KWH,8,1,FULL,29-10-2025,08:35:34,29-10-2025,08:35:37,29-10-2025,08:37:21,COMPLETED,0,1
79KWH,8,1,FULL,29-10-2025,08:37:29,29-10-2025,08:37:30,29-10-2025,08:39:17,COMPLETED,0,1
79KWH,8,2,FULL,29-10-2025,08:38:25,29-10-2025,08:38:25,29-10-2025,08:41:15,COMPLETED,0,1
79KWH,8,1,FULL,29-10-2025,08:39:24,29-10-2025,08:39:26,29-10-2025,08:41:17,COMPLETED,0,1
79KWH,8,2,FULL,29-10-2025,08:41:20,29-10-2025,08:41:24,29-10-2025,08:44:13,COMPLETED,0,1
79KWH,8,1,FULL,29-10-2025,08:41:25,29-10-2025,08:41:26,29-10-2025,08:43:13,COMPLETED,0,1
79KWH,8,1,FULL,29-10-2025,08:43:19,29-10-2025,08:43:22,29-10-2025,08:45:08,COMPLETED,0,1
79KWH,8,2,FULL,29-10-2025,08:44:21,29-10-2025,08:44:21,29-10-2025,08:47:12,COMPLETED,0,1
79KWH,8,1,FULL,29-10-2025,08:45:15,29-10-2025,08:47:21,29-10-2025,08:49:42,COMPLETED,0,1
79KWH,8,2,FULL,29-10-2025,08:47:18,29-10-2025,08:47:22,29-10-2025,08:50:13,COMPLETED,0,1
79KWH,8,1,FULL,29-10-2025,08:49:48,29-10-2025,08:49:51,29-10-2025,08:51:39,COMPLETED,0,1
79KWH,8,2,FULL,29-10-2025,08:50:23,29-10-2025,08:53:09,29-10-2025,08:56:46,COMPLETED,0,1
79KWH,8,1,FULL,29-10-2025,08:51:47,29-10-2025,08:53:45,29-10-2025,08:56:06,COMPLETED,0,1
79KWH,8,1,FULL,29-10-2025,08:56:12,29-10-2025,08:56:15,29-10-2025,08:58:05,COMPLETED,0,1
79KWH,8,2,FULL,29-10-2025,08:56:52,29-10-2025,08:56:55,29-10-2025,08:59:47,COMPLETED,0,1
79KWH,8,1,FULL,29-10-2025,08:58:13,29-10-2025,09:00:16,29-10-2025,09:02:37,COMPLETED,0,1
79KWH,8,2,FULL,29-10-2025,08:59:55,29-10-2025,09:02:46,29-10-2025,09:06:24,COMPLETED,0,1
79KWH,8,1,FULL,29-10-2025,09:02:43,29-10-2025,09:02:47,29-10-2025,09:11:27,COMPLETED,0,1
79KWH,8,2,FULL,29-10-2025,09:06:30,29-10-2025,09:06:35,29-10-2025,09:09:29,COMPLETED,0,1
79KWH,8,2,FULL,29-10-2025,09:09:37,29-10-2025,09:09:38,29-10-2025,09:12:36,COMPLETED,0,1
79KWH,8,1,FULL,29-10-2025,09:11:35,29-10-2025,09:13:36,29-10-2025,09:15:58,COMPLETED,0,1
79KWH,8,2,FULL,29-10-2025,09:12:45,29-10-2025,09:12:46,29-10-2025,09:15:42,COMPLETED,0,1
79KWH,8,2,FULL,29-10-2025,09:15:49,29-10-2025,09:15:50,29-10-2025,09:18:48,COMPLETED,0,1
79KWH,8,1,FULL,29-10-2025,09:16:04,29-10-2025,09:16:06,29-10-2025,09:17:57,COMPLETED,0,1
79KWH,8,1,FULL,29-10-2025,09:18:05,29-10-2025,09:18:06,29-10-2025,09:20:00,COMPLETED,0,1
79KWH,8,2,FULL,29-10-2025,09:18:54,29-10-2025,09:18:58,29-10-2025,09:21:55,COMPLETED,0,1
79KWH,8,1,FULL,29-10-2025,09:20:06,29-10-2025,09:20:09,29-10-2025,09:22:02,COMPLETED,0,1
79KWH,8,1,FULL,29-10-2025,09:22:10,29-10-2025,09:22:12,29-10-2025,09:24:07,COMPLETED,0,1
79KWH,8,1,FULL,29-10-2025,09:24:13,29-10-2025,09:26:24,29-10-2025,09:28:46,COMPLETED,0,1
79KWH,8,2,FULL,29-10-2025,09:51:10,29-10-2025,09:51:11,29-10-2025,09:54:52,COMPLETED,0,1
79KWH,8,1,FULL,29-10-2025,09:52:09,29-10-2025,09:52:10,29-10-2025,09:54:35,COMPLETED,0,1
79KWH,8,1,FULL,29-10-2025,09:54:40,29-10-2025,09:54:43,29-10-2025,09:56:38,COMPLETED,0,1
79KWH,8,2,FULL,29-10-2025,09:54:59,29-10-2025,09:55:01,29-10-2025,09:58:02,COMPLETED,0,1
79KWH,8,1,FULL,29-10-2025,09:56:47,29-10-2025,09:56:48,29-10-2025,09:58:46,COMPLETED,0,1
79KWH,8,2,FULL,29-10-2025,09:58:10,29-10-2025,10:01:00,29-10-2025,10:04:43,COMPLETED,0,1
79KWH,8,1,FULL,29-10-2025,09:58:52,29-10-2025,09:58:54,29-10-2025,10:00:51,COMPLETED,0,1
79KWH,8,1,FULL,29-10-2025,10:00:58,29-10-2025,10:03:02,29-10-2025,10:05:27,COMPLETED,0,1
79KWH,8,2,FULL,29-10-2025,10:04:49,29-10-2025,10:04:51,29-10-2025,10:07:55,COMPLETED,0,1
79KWH,8,1,FULL,29-10-2025,10:05:34,29-10-2025,10:07:44,29-10-2025,10:10:08,COMPLETED,0,1
79KWH,8,2,FULL,29-10-2025,10:08:03,29-10-2025,10:10:56,29-10-2025,10:14:42,COMPLETED,0,1
79KWH,8,1,FULL,29-10-2025,10:10:16,29-10-2025,10:10:17,29-10-2025,10:12:16,COMPLETED,0,1
79KWH,8,1,FULL,29-10-2025,10:12:23,29-10-2025,10:12:26,29-10-2025,10:14:29,COMPLETED,0,1
79KWH,8,1,FULL,29-10-2025,10:14:36,29-10-2025,10:16:35,29-10-2025,10:19:01,COMPLETED,0,1
79KWH,8,2,FULL,29-10-2025,10:14:49,29-10-2025,10:14:50,29-10-2025,10:17:55,COMPLETED,0,1
79KWH,8,2,FULL,29-10-2025,10:18:03,29-10-2025,10:18:04,29-10-2025,10:21:14,COMPLETED,0,1
79KWH,8,1,FULL,29-10-2025,10:19:08,29-10-2025,10:21:15,29-10-2025,10:23:38,COMPLETED,0,1
79KWH,8,2,FULL,29-10-2025,10:21:20,29-10-2025,10:21:22,29-10-2025,10:24:30,COMPLETED,0,1
79KWH,8,1,FULL,29-10-2025,10:23:46,29-10-2025,10:23:47,29-10-2025,10:25:49,COMPLETED,0,1
79KWH,8,2,FULL,29-10-2025,10:24:38,29-10-2025,10:24:38,29-10-2025,10:27:48,COMPLETED,0,1
79KWH,8,1,FULL,29-10-2025,10:25:56,29-10-2025,10:25:59,29-10-2025,10:28:00,COMPLETED,0,1
79KWH,8,2,FULL,29-10-2025,10:27:54,29-10-2025,10:27:57,29-10-2025,10:31:06,COMPLETED,0,1
79KWH,8,1,FULL,29-10-2025,10:28:07,29-10-2025,10:28:08,29-10-2025,10:30:11,COMPLETED,0,1
79KWH,8,1,FULL,29-10-2025,10:30:17,29-10-2025,10:30:20,29-10-2025,10:32:22,COMPLETED,0,1
79KWH,8,2,FULL,29-10-2025,10:31:14,29-10-2025,10:34:03,29-10-2025,10:37:50,COMPLETED,0,1
79KWH,8,1,FULL,29-10-2025,10:32:31,29-10-2025,10:32:32,29-10-2025,10:34:37,COMPLETED,0,1
79KWH,8,1,FULL,29-10-2025,10:34:42,29-10-2025,10:34:45,29-10-2025,10:36:48,COMPLETED,0,1
79KWH,8,1,FULL,29-10-2025,10:36:56,29-10-2025,10:38:59,29-10-2025,10:41:27,COMPLETED,0,1
79KWH,8,2,FULL,29-10-2025,10:37:56,29-10-2025,10:37:59,29-10-2025,10:41:10,COMPLETED,0,1
79KWH,8,2,FULL,29-10-2025,10:41:18,29-10-2025,10:44:54,29-10-2025,10:48:41,COMPLETED,0,1
79KWH,8,1,FULL,29-10-2025,10:41:33,29-10-2025,10:41:37,29-10-2025,10:43:41,COMPLETED,0,1
79KWH,8,1,FULL,29-10-2025,10:43:51,29-10-2025,10:43:52,29-10-2025,10:45:59,COMPLETED,0,1
79KWH,8,1,FULL,29-10-2025,10:46:05,29-10-2025,10:46:07,29-10-2025,10:48:12,COMPLETED,0,1
79KWH,8,1,FULL,29-10-2025,10:48:20,29-10-2025,10:48:23,29-10-2025,10:50:31,COMPLETED,0,1
79KWH,8,2,FULL,29-10-2025,10:48:47,29-10-2025,10:48:49,29-10-2025,10:52:03,COMPLETED,0,1
79KWH,8,1,FULL,29-10-2025,10:50:38,29-10-2025,10:50:39,29-10-2025,10:52:44,COMPLETED,0,1
79KWH,8,2,FULL,29-10-2025,10:52:11,29-10-2025,10:52:12,29-10-2025,10:55:28,COMPLETED,0,1
79KWH,8,1,FULL,29-10-2025,10:52:52,29-10-2025,10:52:53,29-10-2025,10:55:02,COMPLETED,0,1
79KWH,8,1,FULL,29-10-2025,10:55:07,29-10-2025,10:55:11,29-10-2025,10:57:18,COMPLETED,0,1
79KWH,8,2,FULL,29-10-2025,10:55:35,29-10-2025,10:55:38,29-10-2025,10:58:53,COMPLETED,0,1
79KWH,8,1,FULL,29-10-2025,10:57:26,29-10-2025,10:57:27,29-10-2025,10:59:36,COMPLETED,0,1
79KWH,8,2,FULL,29-10-2025,10:59:03,29-10-2025,10:59:04,29-10-2025,11:02:23,COMPLETED,0,1
79KWH,8,1,FULL,29-10-2025,10:59:42,29-10-2025,10:59:45,29-10-2025,11:01:54,COMPLETED,0,1
79KWH,8,1,FULL,29-10-2025,11:02:03,29-10-2025,11:02:03,29-10-2025,11:04:14,COMPLETED,0,1
79KWH,8,2,FULL,29-10-2025,11:02:29,29-10-2025,11:02:32,29-10-2025,11:05:49,COMPLETED,0,1
79KWH,8,1,FULL,29-10-2025,11:04:21,29-10-2025,11:04:23,29-10-2025,11:06:32,COMPLETED,0,1
79KWH,8,2,FULL,29-10-2025,11:05:58,29-10-2025,11:05:58,29-10-2025,11:09:20,COMPLETED,0,1
79KWH,8,1,FULL,29-10-2025,11:06:41,29-10-2025,11:06:41,29-10-2025,11:08:53,COMPLETED,0,1
79KWH,8,1,FULL,29-10-2025,11:08:59,29-10-2025,11:09:02,29-10-2025,11:11:12,COMPLETED,0,1
79KWH,8,2,FULL,29-10-2025,11:09:26,29-10-2025,11:09:30,29-10-2025,11:12:50,COMPLETED,0,1
79KWH,8,1,FULL,29-10-2025,11:11:20,29-10-2025,11:11:21,29-10-2025,11:13:34,COMPLETED,0,1
79KWH,8,2,FULL,29-10-2025,11:13:00,29-10-2025,11:13:01,29-10-2025,11:16:26,COMPLETED,0,1
79KWH,8,1,FULL,29-10-2025,11:13:40,29-10-2025,11:13:44,29-10-2025,11:15:55,COMPLETED,0,1
79KWH,8,1,FULL,29-10-2025,11:16:04,29-10-2025,11:16:05,29-10-2025,11:18:19,COMPLETED,0,1
79KWH,8,2,FULL,29-10-2025,11:16:31,29-10-2025,11:16:36,29-10-2025,11:19:59,COMPLETED,0,1
79KWH,8,1,FULL,29-10-2025,11:18:26,29-10-2025,11:18:28,29-10-2025,11:20:40,COMPLETED,0,1
79KWH,8,2,FULL,29-10-2025,11:20:09,29-10-2025,11:23:02,29-10-2025,11:26:56,COMPLETED,0,1
79KWH,8,1,FULL,29-10-2025,11:20:48,29-10-2025,11:22:58,29-10-2025,11:25:31,COMPLETED,0,1
79KWH,8,1,FULL,29-10-2025,11:25:37,29-10-2025,11:25:40,29-10-2025,11:27:54,COMPLETED,0,1
79KWH,8,2,FULL,29-10-2025,11:27:02,29-10-2025,11:27:05,29-10-2025,11:30:30,COMPLETED,0,1
79KWH,8,1,FULL,29-10-2025,11:28:02,29-10-2025,11:30:05,29-10-2025,11:32:38,COMPLETED,0,1
79KWH,8,2,FULL,29-10-2025,11:30:38,29-10-2025,11:30:39,29-10-2025,11:34:09,COMPLETED,0,1
79KWH,8,1,FULL,29-10-2025,11:32:45,29-10-2025,11:34:57,29-10-2025,11:37:33,COMPLETED,0,1
79KWH,8,2,FULL,29-10-2025,11:34:17,29-10-2025,11:34:18,29-10-2025,11:37:45,COMPLETED,0,1
79KWH,8,1,FULL,29-10-2025,11:37:40,29-10-2025,11:37:42,29-10-2025,11:39:59,COMPLETED,0,1
79KWH,8,2,FULL,29-10-2025,11:37:53,29-10-2025,11:40:54,29-10-2025,11:44:50,COMPLETED,0,1
79KWH,8,1,FULL,29-10-2025,11:40:06,29-10-2025,11:40:08,29-10-2025,11:46:10,COMPLETED,0,1
79KWH,8,2,FULL,29-10-2025,11:44:56,29-10-2025,11:45:00,29-10-2025,11:48:30,COMPLETED,0,1
79KWH,8,1,FULL,29-10-2025,11:46:19,29-10-2025,11:48:24,29-10-2025,11:50:59,COMPLETED,0,1
79KWH,8,2,FULL,29-10-2025,11:48:37,29-10-2025,11:51:34,29-10-2025,11:55:29,COMPLETED,0,1
79KWH,8,1,FULL,29-10-2025,11:51:05,29-10-2025,11:51:09,29-10-2025,11:53:25,COMPLETED,0,1
79KWH,8,1,FULL,29-10-2025,11:53:33,29-10-2025,11:55:44,29-10-2025,11:58:20,COMPLETED,0,1
79KWH,8,2,FULL,29-10-2025,11:55:35,29-10-2025,11:55:39,29-10-2025,11:59:10,COMPLETED,0,1
79KWH,8,1,FULL,29-10-2025,11:58:27,29-10-2025,12:00:32,29-10-2025,12:03:05,COMPLETED,0,1
79KWH,8,2,FULL,29-10-2025,11:59:19,29-10-2025,12:02:19,29-10-2025,12:06:17,COMPLETED,0,1
79KWH,8,1,FULL,29-10-2025,12:03:13,29-10-2025,12:03:15,29-10-2025,12:05:35,COMPLETED,0,1
79KWH,8,1,FULL,29-10-2025,12:05:42,29-10-2025,12:05:44,29-10-2025,12:08:03,COMPLETED,0,1
79KWH,8,2,FULL,29-10-2025,12:06:24,29-10-2025,12:06:26,29-10-2025,12:09:59,COMPLETED,0,1
79KWH,8,1,FULL,29-10-2025,12:08:11,29-10-2025,12:08:12,29-10-2025,12:10:33,COMPLETED,0,1
79KWH,8,1,FULL,29-10-2025,12:10:41,29-10-2025,12:10:43,29-10-2025,12:13:02,COMPLETED,0,1
79KWH,8,2,FULL,29-10-2025,12:32:27,29-10-2025,12:32:28,29-10-2025,12:36:26,COMPLETED,0,1
79KWH,8,1,FULL,29-10-2025,12:34:03,29-10-2025,12:34:04,29-10-2025,12:36:42,COMPLETED,0,1
79KWH,8,2,FULL,29-10-2025,12:36:33,29-10-2025,12:36:36,29-10-2025,12:40:11,COMPLETED,0,1
79KWH,8,1,FULL,29-10-2025,12:36:47,29-10-2025,12:36:52,29-10-2025,12:39:13,COMPLETED,0,1
79KWH,8,1,FULL,29-10-2025,12:39:21,29-10-2025,12:39:22,29-10-2025,12:41:46,COMPLETED,0,1
79KWH,8,2,FULL,29-10-2025,12:40:20,29-10-2025,12:40:20,29-10-2025,12:43:58,COMPLETED,0,1
79KWH,8,1,FULL,29-10-2025,12:41:52,29-10-2025,12:44:08,29-10-2025,12:46:43,COMPLETED,0,1
79KWH,8,2,FULL,29-10-2025,12:44:03,29-10-2025,12:44:07,29-10-2025,12:47:44,COMPLETED,0,1
79KWH,8,1,FULL,29-10-2025,12:46:52,29-10-2025,12:48:56,29-10-2025,12:51:34,COMPLETED,0,1
79KWH,8,2,FULL,29-10-2025,12:47:52,29-10-2025,12:50:48,29-10-2025,12:55:00,COMPLETED,0,1
79KWH,8,1,FULL,29-10-2025,12:51:40,29-10-2025,12:51:43,29-10-2025,12:54:13,COMPLETED,0,1
79KWH,8,1,FULL,29-10-2025,12:54:21,29-10-2025,12:54:22,29-10-2025,12:56:47,COMPLETED,0,1
79KWH,8,2,FULL,29-10-2025,12:55:07,29-10-2025,12:55:09,29-10-2025,12:58:47,COMPLETED,0,1
79KWH,8,1,FULL,29-10-2025,12:56:53,29-10-2025,12:56:57,29-10-2025,12:59:21,COMPLETED,0,1
79KWH,8,1,FULL,29-10-2025,16:02:56,29-10-2025,16:04:20,29-10-2025,16:06:58,COMPLETED,0,1
79KWH,8,2,FULL,29-10-2025,16:03:31,29-10-2025,16:03:32,29-10-2025,16:05:40,COMPLETED,0,1
79KWH,8,2,FULL,29-10-2025,16:05:46,29-10-2025,16:05:48,29-10-2025,16:09:29,COMPLETED,0,1
79KWH,8,1,FULL,29-10-2025,16:07:04,29-10-2025,16:07:08,29-10-2025,16:09:33,COMPLETED,0,1
79KWH,8,2,FULL,29-10-2025,16:09:36,29-10-2025,16:09:37,29-10-2025,16:13:22,COMPLETED,0,1
79KWH,8,1,FULL,29-10-2025,16:09:41,29-10-2025,16:09:42,29-10-2025,16:12:11,COMPLETED,0,1
79KWH,8,1,FULL,29-10-2025,16:12:17,29-10-2025,16:12:19,29-10-2025,16:14:45,COMPLETED,0,1
79KWH,8,2,FULL,29-10-2025,16:13:28,29-10-2025,16:13:30,29-10-2025,16:17:13,COMPLETED,0,1
79KWH,8,1,FULL,29-10-2025,16:14:53,29-10-2025,16:14:53,29-10-2025,16:17:23,COMPLETED,0,1
79KWH,8,2,FULL,29-10-2025,16:17:21,29-10-2025,16:20:18,29-10-2025,16:24:21,COMPLETED,0,1
79KWH,8,1,FULL,29-10-2025,16:17:29,29-10-2025,16:17:31,29-10-2025,16:19:59,COMPLETED,0,1
79KWH,8,1,FULL,29-10-2025,16:20:07,29-10-2025,16:20:07,29-10-2025,16:22:38,COMPLETED,0,1
79KWH,8,1,FULL,29-10-2025,16:22:44,29-10-2025,16:22:47,29-10-2025,16:25:16,COMPLETED,0,1
79KWH,8,2,FULL,29-10-2025,16:24:28,29-10-2025,16:24:30,29-10-2025,16:28:15,COMPLETED,0,1
79KWH,8,1,FULL,29-10-2025,16:25:24,29-10-2025,16:25:26,29-10-2025,16:28:02,COMPLETED,0,1
79KWH,8,1,FULL,29-10-2025,16:28:08,29-10-2025,16:30:16,29-10-2025,16:32:56,COMPLETED,0,1
79KWH,8,2,FULL,29-10-2025,16:28:23,29-10-2025,16:28:26,29-10-2025,16:32:14,COMPLETED,0,1
79KWH,8,2,FULL,29-10-2025,16:32:20,29-10-2025,16:32:23,29-10-2025,16:36:10,COMPLETED,0,1
79KWH,8,1,FULL,29-10-2025,16:33:04,29-10-2025,16:35:12,29-10-2025,16:37:53,COMPLETED,0,1
79KWH,8,2,FULL,29-10-2025,16:36:19,29-10-2025,16:39:10,29-10-2025,16:43:15,COMPLETED,0,1
79KWH,8,1,FULL,29-10-2025,16:38:00,29-10-2025,16:38:02,29-10-2025,16:40:33,COMPLETED,0,1
79KWH,8,1,FULL,29-10-2025,16:40:40,29-10-2025,16:40:42,29-10-2025,16:43:16,COMPLETED,0,1
79KWH,8,2,FULL,29-10-2025,16:43:21,29-10-2025,16:43:23,29-10-2025,16:47:13,COMPLETED,0,1
79KWH,8,1,FULL,29-10-2025,16:43:22,29-10-2025,16:43:25,29-10-2025,16:45:59,COMPLETED,0,1
79KWH,8,1,FULL,29-10-2025,16:46:06,29-10-2025,16:46:08,29-10-2025,16:48:43,COMPLETED,0,1
79KWH,8,2,FULL,29-10-2025,16:47:20,29-10-2025,16:47:21,29-10-2025,16:51:12,COMPLETED,0,1
79KWH,8,1,FULL,29-10-2025,16:48:49,29-10-2025,16:48:53,29-10-2025,16:56:24,COMPLETED,0,1
79KWH,8,2,FULL,29-10-2025,16:51:18,29-10-2025,16:51:22,29-10-2025,16:55:12,COMPLETED,0,1
79KWH,8,2,FULL,29-10-2025,16:55:20,29-10-2025,16:55:20,29-10-2025,16:59:14,COMPLETED,0,1
79KWH,8,1,FULL,29-10-2025,16:56:32,29-10-2025,16:56:33,29-10-2025,16:59:11,COMPLETED,0,1
79KWH,8,1,FULL,29-10-2025,16:59:17,29-10-2025,17:01:24,29-10-2025,17:04:07,COMPLETED,0,1
79KWH,8,2,FULL,29-10-2025,16:59:20,29-10-2025,17:02:23,29-10-2025,17:06:28,COMPLETED,0,1
79KWH,8,1,FULL,29-10-2025,17:04:15,29-10-2025,17:04:16,29-10-2025,17:06:55,COMPLETED,0,1
79KWH,8,2,FULL,29-10-2025,17:06:36,29-10-2025,17:06:36,29-10-2025,17:10:31,COMPLETED,0,1
79KWH,8,1,FULL,29-10-2025,17:07:02,29-10-2025,17:07:04,29-10-2025,17:09:40,COMPLETED,0,1
79KWH,8,1,FULL,29-10-2025,17:09:48,29-10-2025,17:09:50,29-10-2025,17:12:30,COMPLETED,0,1
79KWH,8,2,FULL,29-10-2025,17:10:37,29-10-2025,17:13:18,29-10-2025,17:17:23,COMPLETED,0,1
79KWH,8,1,FULL,29-10-2025,17:12:37,29-10-2025,17:12:39,29-10-2025,17:15:17,COMPLETED,0,1
79KWH,8,1,FULL,29-10-2025,17:15:25,29-10-2025,17:15:26,29-10-2025,17:18:07,COMPLETED,0,1
79KWH,8,2,FULL,29-10-2025,17:17:30,29-10-2025,17:20:13,29-10-2025,17:24:23,COMPLETED,0,1
79KWH,8,1,FULL,29-10-2025,17:18:12,29-10-2025,17:18:16,29-10-2025,17:20:55,COMPLETED,0,1
79KWH,8,1,FULL,29-10-2025,17:21:03,29-10-2025,17:23:11,29-10-2025,17:25:57,COMPLETED,0,1
79KWH,8,2,FULL,29-10-2025,17:24:30,29-10-2025,17:24:32,29-10-2025,17:28:29,COMPLETED,0,1
79KWH,8,1,FULL,29-10-2025,17:26:10,29-10-2025,17:28:15,29-10-2025,17:31:03,COMPLETED,0,1
79KWH,8,2,FULL,29-10-2025,17:28:38,29-10-2025,17:31:36,29-10-2025,17:35:45,COMPLETED,0,1
79KWH,8,1,FULL,29-10-2025,17:31:09,29-10-2025,17:31:11,29-10-2025,17:33:53,COMPLETED,0,1
79KWH,8,1,FULL,29-10-2025,17:33:59,29-10-2025,17:34:01,29-10-2025,17:36:41,COMPLETED,0,1
79KWH,8,2,FULL,29-10-2025,17:35:52,29-10-2025,17:35:55,29-10-2025,17:39:53,COMPLETED,0,1
79KWH,8,1,FULL,29-10-2025,17:36:49,29-10-2025,17:36:50,29-10-2025,17:39:33,COMPLETED,0,1
79KWH,8,1,FULL,29-10-2025,17:39:39,29-10-2025,17:39:43,29-10-2025,17:42:25,COMPLETED,0,1
79KWH,8,2,FULL,29-10-2025,17:40:01,29-10-2025,17:43:04,29-10-2025,17:47:15,COMPLETED,0,1
79KWH,8,1,FULL,29-10-2025,17:42:34,29-10-2025,17:44:45,29-10-2025,17:47:33,COMPLETED,0,1
79KWH,8,2,FULL,29-10-2025,17:47:21,29-10-2025,17:47:25,29-10-2025,17:51:26,COMPLETED,0,1
79KWH,8,1,FULL,29-10-2025,17:47:40,29-10-2025,17:49:47,29-10-2025,17:52:34,COMPLETED,0,1
79KWH,8,2,FULL,29-10-2025,17:51:33,29-10-2025,17:54:28,29-10-2025,17:58:40,COMPLETED,0,1
79KWH,8,1,FULL,29-10-2025,17:52:43,29-10-2025,17:52:43,29-10-2025,17:55:30,COMPLETED,0,1
79KWH,8,1,FULL,29-10-2025,17:55:36,29-10-2025,17:55:39,29-10-2025,17:58:27,COMPLETED,0,1
79KWH,8,1,FULL,29-10-2025,17:58:35,29-10-2025,17:58:36,29-10-2025,18:01:25,COMPLETED,0,1
79KWH,8,2,FULL,29-10-2025,17:58:46,29-10-2025,17:58:48,29-10-2025,18:02:50,COMPLETED,0,1
79KWH,8,1,FULL,29-10-2025,18:01:31,29-10-2025,18:01:34,29-10-2025,18:04:21,COMPLETED,0,1
79KWH,8,2,FULL,29-10-2025,18:02:58,29-10-2025,18:03:00,29-10-2025,18:07:05,COMPLETED,0,1
79KWH,8,2,FULL,29-10-2025,18:07:12,29-10-2025,18:07:16,29-10-2025,18:11:20,COMPLETED,0,1
79KWH,8,2,FULL,29-10-2025,18:11:28,29-10-2025,18:14:30,29-10-2025,18:18:44,COMPLETED,0,1
79KWH,8,2,FULL,29-10-2025,18:18:51,29-10-2025,18:18:53,29-10-2025,18:23:00,COMPLETED,0,1
79KWH,8,2,FULL,29-10-2025,18:23:08,29-10-2025,18:23:09,29-10-2025,18:27:18,COMPLETED,0,1
79KWH,8,2,FULL,29-10-2025,18:33:50,29-10-2025,18:33:51,29-10-2025,18:38:04,COMPLETED,0,1
79KWH,8,2,FULL,29-10-2025,18:38:12,29-10-2025,18:38:13,29-10-2025,18:42:24,COMPLETED,0,1
79KWH,8,2,FULL,29-10-2025,18:42:30,29-10-2025,18:42:34,29-10-2025,18:46:45,COMPLETED,0,1
79KWH,8,2,FULL,29-10-2025,18:46:53,29-10-2025,18:49:55,29-10-2025,18:54:13,COMPLETED,0,1
79KWH,8,2,FULL,29-10-2025,18:54:20,29-10-2025,18:54:22,29-10-2025,18:58:35,COMPLETED,0,1
79KWH,8,2,FULL,29-10-2025,18:58:43,29-10-2025,18:58:43,29-10-2025,19:02:59,COMPLETED,0,1
79KWH,8,2,FULL,29-10-2025,19:03:04,29-10-2025,19:06:08,29-10-2025,19:10:23,COMPLETED,0,1
79KWH,8,2,FULL,30-10-2025,10:05:37,30-10-2025,10:05:38,30-10-2025,10:08:31,COMPLETED,0,1
79KWH,8,2,FULL,30-10-2025,16:00:18,30-10-2025,16:00:20,30-10-2025,16:03:01,COMPLETED,0,1
79KWH,8,2,FULL,30-10-2025,16:03:07,30-10-2025,16:03:11,30-10-2025,16:04:10,COMPLETED,0,1
79KWH,8,2,FULL,30-10-2025,16:04:18,30-10-2025,16:04:19,30-10-2025,16:05:20,COMPLETED,0,1
79KWH,8,2,FULL,30-10-2025,16:05:26,30-10-2025,16:05:30,30-10-2025,16:06:29,COMPLETED,0,1
79KWH,8,2,FULL,30-10-2025,16:06:37,30-10-2025,16:06:39,30-10-2025,16:07:40,COMPLETED,0,1
79KWH,8,2,FULL,30-10-2025,16:07:47,30-10-2025,16:07:50,30-10-2025,16:08:49,COMPLETED,0,1
79KWH,8,2,FULL,30-10-2025,16:08:57,30-10-2025,16:08:58,30-10-2025,16:09:58,COMPLETED,0,1
79KWH,8,2,FULL,30-10-2025,16:10:04,30-10-2025,16:10:08,30-10-2025,16:11:07,COMPLETED,0,1
79KWH,8,2,FULL,30-10-2025,16:11:15,30-10-2025,16:11:16,30-10-2025,16:12:17,COMPLETED,0,1
79KWH,8,2,FULL,30-10-2025,16:12:25,30-10-2025,16:12:27,30-10-2025,16:13:25,COMPLETED,0,1
79KWH,8,2,FULL,30-10-2025,16:13:33,30-10-2025,16:13:35,30-10-2025,16:14:36,COMPLETED,0,1
79KWH,8,2,FULL,30-10-2025,16:14:42,30-10-2025,16:14:45,30-10-2025,16:15:44,COMPLETED,0,1
79KWH,8,2,FULL,30-10-2025,16:15:52,30-10-2025,16:15:53,30-10-2025,16:16:56,COMPLETED,0,1
79KWH,8,2,FULL,30-10-2025,16:17:01,30-10-2025,16:17:05,30-10-2025,16:18:06,COMPLETED,0,1
79KWH,8,2,FULL,30-10-2025,16:18:15,30-10-2025,16:18:16,30-10-2025,16:19:19,COMPLETED,0,1
79KWH,8,2,FULL,30-10-2025,16:19:25,30-10-2025,16:19:30,30-10-2025,16:20:32,COMPLETED,0,1
79KWH,8,2,FULL,30-10-2025,16:20:40,30-10-2025,16:20:41,30-10-2025,16:21:46,COMPLETED,0,1
79KWH,8,2,FULL,30-10-2025,16:21:53,30-10-2025,16:21:56,30-10-2025,16:23:00,COMPLETED,0,1
79KWH,8,2,FULL,30-10-2025,16:23:08,30-10-2025,16:23:09,30-10-2025,16:24:17,COMPLETED,0,1
79KWH,8,2,FULL,30-10-2025,16:24:24,30-10-2025,16:24:25,30-10-2025,16:25:32,COMPLETED,0,1
79KWH,8,2,FULL,30-10-2025,16:25:39,30-10-2025,16:25:41,30-10-2025,16:26:52,COMPLETED,0,1
79KWH,8,2,FULL,30-10-2025,16:26:57,30-10-2025,16:27:01,30-10-2025,16:28:11,COMPLETED,0,1
79KWH,8,2,FULL,30-10-2025,16:28:18,30-10-2025,16:30:52,30-10-2025,16:33:38,COMPLETED,0,1
79KWH,8,2,FULL,30-10-2025,16:33:45,30-10-2025,16:33:47,30-10-2025,16:34:57,COMPLETED,0,1
79KWH,8,2,FULL,30-10-2025,17:23:01,30-10-2025,17:23:02,30-10-2025,17:25:49,COMPLETED,0,1
79KWH,8,2,FULL,30-10-2025,17:25:57,30-10-2025,17:25:59,30-10-2025,17:27:12,COMPLETED,0,1
79KWH,8,2,FULL,30-10-2025,17:27:19,30-10-2025,17:27:20,30-10-2025,17:28:36,COMPLETED,0,1
79KWH,8,2,FULL,30-10-2025,17:28:43,30-10-2025,17:28:44,30-10-2025,17:29:58,COMPLETED,0,1
79KWH,8,2,FULL,30-10-2025,17:30:06,30-10-2025,17:32:29,30-10-2025,17:35:19,COMPLETED,0,1
79KWH,8,2,FULL,30-10-2025,17:35:26,30-10-2025,17:37:57,30-10-2025,17:40:45,COMPLETED,0,1
79KWH,8,2,FULL,30-10-2025,17:40:52,30-10-2025,17:40:54,30-10-2025,17:42:13,COMPLETED,0,1
79KWH,8,2,FULL,30-10-2025,17:42:19,30-10-2025,17:42:24,30-10-2025,17:43:42,COMPLETED,0,1
79KWH,8,2,FULL,30-10-2025,17:43:50,30-10-2025,17:43:51,30-10-2025,17:45:12,COMPLETED,0,1
79KWH,8,2,FULL,30-10-2025,17:45:19,30-10-2025,17:45:21,30-10-2025,17:46:41,COMPLETED,0,1
79KWH,8,2,FULL,30-10-2025,17:46:49,30-10-2025,17:46:50,30-10-2025,17:48:14,COMPLETED,0,1
79KWH,8,2,FULL,30-10-2025,17:48:20,30-10-2025,17:48:25,30-10-2025,17:49:47,COMPLETED,0,1
79KWH,8,2,FULL,30-10-2025,17:49:55,30-10-2025,17:52:14,30-10-2025,17:55:08,COMPLETED,0,1
79KWH,8,2,FULL,30-10-2025,17:55:14,30-10-2025,17:55:16,30-10-2025,17:56:41,COMPLETED,0,1
79KWH,8,2,FULL,30-10-2025,17:56:50,30-10-2025,17:56:51,30-10-2025,17:58:18,COMPLETED,0,1
79KWH,8,2,FULL,30-10-2025,17:58:24,30-10-2025,17:58:27,30-10-2025,17:59:54,COMPLETED,0,1
79KWH,8,2,FULL,30-10-2025,18:00:02,30-10-2025,18:00:03,30-10-2025,18:01:32,COMPLETED,0,1
79KWH,8,2,FULL,30-10-2025,18:01:38,30-10-2025,18:01:42,30-10-2025,18:03:11,COMPLETED,0,1
79KWH,8,2,FULL,30-10-2025,18:03:18,30-10-2025,18:03:18,30-10-2025,18:04:49,COMPLETED,0,1
79KWH,8,2,FULL,30-10-2025,18:04:55,30-10-2025,18:04:59,30-10-2025,18:06:29,COMPLETED,0,1
79KWH,8,2,FULL,30-10-2025,18:06:37,30-10-2025,18:08:58,30-10-2025,18:11:55,COMPLETED,0,1
79KWH,8,2,FULL,30-10-2025,18:12:01,30-10-2025,18:12:05,30-10-2025,18:13:36,COMPLETED,0,1
79KWH,8,2,FULL,30-10-2025,18:13:44,30-10-2025,18:13:45,30-10-2025,18:15:21,COMPLETED,0,1
79KWH,8,2,FULL,30-10-2025,18:15:27,30-10-2025,18:15:31,30-10-2025,18:17:05,COMPLETED,0,1
79KWH,8,2,FULL,30-10-2025,18:32:17,30-10-2025,18:32:18,30-10-2025,18:33:55,COMPLETED,0,1
79KWH,8,2,FULL,30-10-2025,18:34:01,30-10-2025,18:34:05,30-10-2025,18:35:41,COMPLETED,0,1
79KWH,8,2,FULL,30-10-2025,18:35:50,30-10-2025,18:35:51,30-10-2025,18:37:32,COMPLETED,0,1
79KWH,8,2,FULL,30-10-2025,18:37:38,30-10-2025,18:37:40,30-10-2025,18:39:21,COMPLETED,0,1
79KWH,8,2,FULL,30-10-2025,18:39:29,30-10-2025,18:41:39,30-10-2025,18:44:40,COMPLETED,0,1
79KWH,8,2,FULL,30-10-2025,18:44:46,30-10-2025,18:44:50,30-10-2025,18:46:31,COMPLETED,0,1
79KWH,8,2,FULL,30-10-2025,18:46:40,30-10-2025,18:46:41,30-10-2025,18:48:27,COMPLETED,0,1
79KWH,8,2,FULL,30-10-2025,18:48:33,30-10-2025,18:48:36,30-10-2025,18:50:20,COMPLETED,0,1
79KWH,8,2,FULL,30-10-2025,18:50:30,30-10-2025,18:50:31,30-10-2025,18:52:18,COMPLETED,0,1
79KWH,8,2,FULL,30-10-2025,18:52:25,30-10-2025,18:52:28,30-10-2025,18:54:14,COMPLETED,0,1
79KWH,8,2,FULL,30-10-2025,18:54:23,30-10-2025,18:54:24,30-10-2025,18:56:14,COMPLETED,0,1
79KWH,8,2,FULL,30-10-2025,18:56:21,30-10-2025,18:56:25,30-10-2025,18:58:13,COMPLETED,0,1
79KWH,8,2,FULL,30-10-2025,18:58:21,30-10-2025,18:58:21,30-10-2025,19:00:13,COMPLETED,0,1
79KWH,8,2,FULL,30-10-2025,19:00:18,30-10-2025,19:00:22,30-10-2025,19:02:11,COMPLETED,0,1
79KWH,8,2,FULL,30-10-2025,19:02:19,30-10-2025,19:04:30,30-10-2025,19:07:36,COMPLETED,0,1
79KWH,8,2,FULL,30-10-2025,19:07:42,30-10-2025,19:07:45,30-10-2025,19:09:35,COMPLETED,0,1
79KWH,8,2,FULL,30-10-2025,19:09:44,30-10-2025,19:09:45,30-10-2025,19:11:41,COMPLETED,0,1
79KWH,8,2,FULL,30-10-2025,19:11:47,30-10-2025,19:11:50,30-10-2025,19:13:43,COMPLETED,0,1
79KWH,8,2,FULL,30-10-2025,19:13:51,30-10-2025,19:13:52,30-10-2025,19:15:49,COMPLETED,0,1
79KWH,8,2,FULL,30-10-2025,19:15:56,30-10-2025,19:15:58,30-10-2025,19:17:53,COMPLETED,0,1
79KWH,8,2,FULL,30-10-2025,19:18:01,30-10-2025,19:18:02,30-10-2025,19:20:01,COMPLETED,0,1
79KWH,8,2,FULL,30-10-2025,19:20:07,30-10-2025,19:20:10,30-10-2025,19:22:07,COMPLETED,0,1
79KWH,8,2,FULL,30-10-2025,19:22:16,30-10-2025,19:22:18,30-10-2025,19:24:19,COMPLETED,0,1
79KWH,8,2,FULL,30-10-2025,19:24:26,30-10-2025,19:24:28,30-10-2025,19:26:29,COMPLETED,0,1
79KWH,8,2,FULL,30-10-2025,19:26:36,30-10-2025,19:26:38,30-10-2025,19:28:41,COMPLETED,0,1
79KWH,8,2,FULL,30-10-2025,19:28:47,30-10-2025,19:28:50,30-10-2025,19:30:51,COMPLETED,0,1
79KWH,8,2,FULL,30-10-2025,19:31:00,30-10-2025,19:32:59,30-10-2025,19:36:11,COMPLETED,0,1
79KWH,8,2,FULL,30-10-2025,19:36:18,30-10-2025,19:36:20,30-10-2025,19:38:24,COMPLETED,0,1
79KWH,8,2,FULL,30-10-2025,19:38:33,30-10-2025,19:38:35,30-10-2025,19:40:41,COMPLETED,0,1
79KWH,8,2,FULL,30-10-2025,19:40:48,30-10-2025,19:40:50,30-10-2025,19:42:56,COMPLETED,0,1
79KWH,8,2,FULL,30-10-2025,19:43:04,30-10-2025,19:43:05,30-10-2025,19:45:14,COMPLETED,0,1
79KWH,8,2,FULL,30-10-2025,19:45:19,30-10-2025,19:45:23,30-10-2025,19:47:31,COMPLETED,0,1
79KWH,8,2,FULL,30-10-2025,19:47:39,30-10-2025,19:47:39,30-10-2025,19:49:50,COMPLETED,0,1
79KWH,8,2,FULL,30-10-2025,19:49:56,30-10-2025,19:49:59,30-10-2025,19:52:07,COMPLETED,0,1
79KWH,8,2,FULL,30-10-2025,19:52:15,30-10-2025,19:52:16,30-10-2025,19:54:29,COMPLETED,0,1
79KWH,8,2,FULL,30-10-2025,19:54:36,30-10-2025,19:54:39,30-10-2025,19:56:50,COMPLETED,0,1
79KWH,8,2,FULL,30-10-2025,19:56:59,30-10-2025,19:59:00,30-10-2025,20:02:17,COMPLETED,0,1
79KWH,8,2,FULL,30-10-2025,20:02:23,30-10-2025,20:02:27,30-10-2025,20:04:40,COMPLETED,0,1
79KWH,8,2,FULL,30-10-2025,20:04:54,30-10-2025,20:04:54,30-10-2025,20:07:12,COMPLETED,0,1
79KWH,8,2,FULL,30-10-2025,20:07:18,30-10-2025,20:07:21,30-10-2025,20:09:39,COMPLETED,0,1
79KWH,8,2,FULL,30-10-2025,20:09:52,30-10-2025,20:09:52,30-10-2025,20:12:12,COMPLETED,0,1
79KWH,8,2,FULL,30-10-2025,20:12:18,30-10-2025,20:12:21,30-10-2025,20:14:39,COMPLETED,0,1
79KWH,8,2,FULL,30-10-2025,20:14:52,30-10-2025,20:14:53,30-10-2025,20:17:16,COMPLETED,0,1
79KWH,8,2,FULL,30-10-2025,20:17:22,30-10-2025,20:17:25,30-10-2025,20:19:46,COMPLETED,0,1
79KWH,8,2,FULL,30-10-2025,20:19:59,30-10-2025,20:20:00,30-10-2025,20:22:24,COMPLETED,0,1
79KWH,8,2,FULL,30-10-2025,20:22:30,30-10-2025,20:24:26,30-10-2025,20:27:46,COMPLETED,0,1
79KWH,8,2,FULL,30-10-2025,20:49:56,30-10-2025,20:49:57,30-10-2025,20:53:20,COMPLETED,0,1
79KWH,8,2,FULL,30-10-2025,20:53:27,30-10-2025,20:53:29,30-10-2025,20:55:54,COMPLETED,0,1
79KWH,8,2,FULL,30-10-2025,20:56:09,30-10-2025,20:57:49,30-10-2025,21:01:13,COMPLETED,0,1
79KWH,8,2,FULL,30-10-2025,21:01:20,30-10-2025,21:01:23,30-10-2025,21:03:50,COMPLETED,0,1
79KWH,8,2,FULL,30-10-2025,21:04:04,30-10-2025,21:04:05,30-10-2025,21:06:36,COMPLETED,0,1
79KWH,8,2,FULL,30-10-2025,21:06:42,30-10-2025,21:06:45,30-10-2025,21:09:16,COMPLETED,0,1
79KWH,8,2,FULL,30-10-2025,21:09:29,30-10-2025,21:09:29,30-10-2025,21:12:04,COMPLETED,0,1
79KWH,8,2,FULL,30-10-2025,21:12:11,30-10-2025,21:12:13,30-10-2025,21:14:47,COMPLETED,0,1
79KWH,8,2,FULL,30-10-2025,21:15:01,30-10-2025,21:15:02,30-10-2025,21:17:38,COMPLETED,0,1
79KWH,8,2,FULL,30-10-2025,21:17:45,30-10-2025,21:17:47,30-10-2025,21:20:22,COMPLETED,0,1
79KWH,8,2,FULL,30-10-2025,21:20:43,30-10-2025,21:20:44,30-10-2025,21:23:22,COMPLETED,0,1
79KWH,8,2,FULL,30-10-2025,21:23:29,30-10-2025,21:23:32,30-10-2025,21:26:08,COMPLETED,0,1
79KWH,8,2,FULL,30-10-2025,21:26:21,30-10-2025,21:26:22,30-10-2025,21:29:02,COMPLETED,0,1
79KWH,8,2,FULL,30-10-2025,21:29:08,30-10-2025,21:29:11,30-10-2025,21:31:50,COMPLETED,0,1
79KWH,8,2,FULL,30-10-2025,21:32:04,30-10-2025,21:32:04,30-10-2025,21:34:45,COMPLETED,0,1
79KWH,8,2,FULL,30-10-2025,21:34:52,30-10-2025,21:34:55,30-10-2025,21:37:35,COMPLETED,0,1
79KWH,8,2,FULL,30-10-2025,21:37:49,30-10-2025,21:37:50,30-10-2025,21:40:34,COMPLETED,0,1
79KWH,8,2,FULL,30-10-2025,21:40:41,30-10-2025,21:40:43,30-10-2025,21:43:25,COMPLETED,0,1
79KWH,8,2,FULL,30-10-2025,21:43:39,30-10-2025,21:43:39,30-10-2025,21:46:26,COMPLETED,0,1
79KWH,8,2,FULL,30-10-2025,21:46:34,30-10-2025,21:46:35,30-10-2025,21:49:19,COMPLETED,0,1
79KWH,8,2,FULL,30-10-2025,21:49:36,30-10-2025,21:51:11,30-10-2025,21:54:46,COMPLETED,0,1
79KWH,8,2,FULL,30-10-2025,21:54:52,30-10-2025,21:54:54,30-10-2025,21:57:41,COMPLETED,0,1
79KWH,8,2,FULL,30-10-2025,21:57:54,30-10-2025,21:59:27,30-10-2025,22:03:02,COMPLETED,0,1
79KWH,8,2,FULL,30-10-2025,22:03:07,30-10-2025,22:03:11,30-10-2025,22:06:00,COMPLETED,0,1
79KWH,8,2,FULL,30-10-2025,22:06:13,30-10-2025,22:07:51,30-10-2025,22:11:27,COMPLETED,0,1
79KWH,8,2,FULL,30-10-2025,22:11:33,30-10-2025,22:11:36,30-10-2025,22:14:27,COMPLETED,0,1
79KWH,8,2,FULL,30-10-2025,22:14:42,30-10-2025,22:14:42,30-10-2025,22:17:36,COMPLETED,0,1
79KWH,8,2,FULL,30-10-2025,22:17:42,30-10-2025,22:17:45,30-10-2025,22:20:36,COMPLETED,0,1
79KWH,8,2,FULL,30-10-2025,22:20:51,30-10-2025,22:22:20,30-10-2025,22:25:58,COMPLETED,0,1
79KWH,8,2,FULL,30-10-2025,22:26:04,30-10-2025,22:26:07,30-10-2025,22:29:00,COMPLETED,0,1
79KWH,8,2,FULL,30-10-2025,22:29:15,30-10-2025,22:29:15,30-10-2025,22:32:12,COMPLETED,0,1
79KWH,8,2,FULL,30-10-2025,22:32:17,30-10-2025,22:32:21,30-10-2025,22:35:17,COMPLETED,0,1
79KWH,8,2,FULL,30-10-2025,22:35:32,30-10-2025,22:35:32,30-10-2025,22:38:32,COMPLETED,0,1
79KWH,8,2,FULL,30-10-2025,22:38:38,30-10-2025,22:38:40,30-10-2025,22:41:38,COMPLETED,0,1
79KWH,8,2,FULL,30-10-2025,22:41:51,30-10-2025,22:43:22,30-10-2025,22:47:02,COMPLETED,0,1
79KWH,8,2,FULL,30-10-2025,22:47:08,30-10-2025,22:47:12,30-10-2025,22:50:12,COMPLETED,0,1
79KWH,8,2,FULL,30-10-2025,22:50:27,30-10-2025,22:51:54,30-10-2025,22:55:35,COMPLETED,0,1
79KWH,8,2,FULL,30-10-2025,22:55:41,30-10-2025,22:55:44,30-10-2025,22:58:46,COMPLETED,0,1
79KWH,8,2,FULL,30-10-2025,23:07:25,30-10-2025,23:08:30,30-10-2025,23:12:13,COMPLETED,0,1
79KWH,8,2,FULL,30-10-2025,23:12:18,30-10-2025,23:13:56,30-10-2025,23:17:37,COMPLETED,0,1
79KWH,8,2,FULL,30-10-2025,23:17:50,30-10-2025,23:19:21,30-10-2025,23:23:04,COMPLETED,0,1
79KWH,8,2,FULL,30-10-2025,23:23:10,30-10-2025,23:23:13,30-10-2025,23:26:18,COMPLETED,0,1
79KWH,8,2,FULL,30-10-2025,23:26:31,30-10-2025,23:26:32,30-10-2025,23:29:42,COMPLETED,0,1
79KWH,8,2,FULL,30-10-2025,23:29:48,30-10-2025,23:29:51,30-10-2025,23:32:59,COMPLETED,0,1
79KWH,8,2,FULL,30-10-2025,23:33:13,30-10-2025,23:33:14,30-10-2025,23:36:25,COMPLETED,0,1
79KWH,8,2,FULL,30-10-2025,23:36:30,30-10-2025,23:36:33,30-10-2025,23:39:42,COMPLETED,0,1
79KWH,8,2,FULL,30-10-2025,23:39:55,30-10-2025,23:39:56,30-10-2025,23:43:09,COMPLETED,0,1
79KWH,8,2,FULL,30-10-2025,23:43:15,30-10-2025,23:43:18,30-10-2025,23:46:30,COMPLETED,0,1
79KWH,8,2,FULL,30-10-2025,23:46:43,30-10-2025,23:48:06,30-10-2025,23:51:54,COMPLETED,0,1
79KWH,8,2,FULL,30-10-2025,23:52:00,30-10-2025,23:52:03,30-10-2025,23:55:16,COMPLETED,0,1
79KWH,8,2,FULL,30-10-2025,23:55:29,30-10-2025,23:56:56,31-10-2025,00:00:45,COMPLETED,0,1
79KWH,8,2,FULL,31-10-2025,00:00:58,31-10-2025,00:00:59,31-10-2025,00:04:17,COMPLETED,0,1
79KWH,8,2,FULL,31-10-2025,07:42:05,31-10-2025,07:42:06,31-10-2025,07:45:56,COMPLETED,0,1
79KWH,8,2,FULL,31-10-2025,08:33:15,31-10-2025,08:33:15,31-10-2025,08:36:34,COMPLETED,0,1
79KWH,8,2,FULL,31-10-2025,08:36:47,31-10-2025,08:36:47,31-10-2025,08:40:10,COMPLETED,0,1
79KWH,8,2,FULL,31-10-2025,08:40:17,31-10-2025,08:40:20,31-10-2025,08:43:41,COMPLETED,0,1
79KWH,8,2,FULL,31-10-2025,08:43:54,31-10-2025,08:43:55,31-10-2025,08:47:19,COMPLETED,0,1
79KWH,8,2,FULL,31-10-2025,08:47:25,31-10-2025,08:47:27,31-10-2025,08:50:50,COMPLETED,0,1
79KWH,8,2,FULL,31-10-2025,08:51:04,31-10-2025,08:51:05,31-10-2025,08:54:31,COMPLETED,0,1
79KWH,8,2,FULL,31-10-2025,08:54:37,31-10-2025,08:54:40,31-10-2025,08:58:05,COMPLETED,0,1
79KWH,8,2,FULL,31-10-2025,08:58:19,31-10-2025,08:58:19,31-10-2025,09:01:48,COMPLETED,0,1
79KWH,8,2,FULL,31-10-2025,09:01:54,31-10-2025,09:01:57,31-10-2025,09:05:25,COMPLETED,0,1
79KWH,8,2,FULL,31-10-2025,09:05:38,31-10-2025,09:05:39,31-10-2025,09:09:09,COMPLETED,0,1
79KWH,8,2,FULL,31-10-2025,09:09:14,31-10-2025,09:09:17,31-10-2025,09:12:46,COMPLETED,0,1
79KWH,8,2,FULL,31-10-2025,09:12:59,31-10-2025,09:12:59,31-10-2025,09:16:31,COMPLETED,0,1
79KWH,8,2,FULL,31-10-2025,09:16:37,31-10-2025,09:16:40,31-10-2025,09:20:11,COMPLETED,0,1
79KWH,8,3,FULL,31-10-2025,09:16:44,31-10-2025,09:16:44,31-10-2025,09:18:38,COMPLETED,0,1
79KWH,8,3,FULL,31-10-2025,09:18:48,31-10-2025,09:18:49,31-10-2025,09:19:48,COMPLETED,0,1
79KWH,8,3,FULL,31-10-2025,09:19:56,31-10-2025,09:19:58,31-10-2025,09:20:57,COMPLETED,0,1
79KWH,8,2,FULL,31-10-2025,09:20:27,31-10-2025,09:20:29,31-10-2025,09:24:08,COMPLETED,0,1
79KWH,8,3,FULL,31-10-2025,09:21:08,31-10-2025,09:21:09,31-10-2025,09:22:12,COMPLETED,0,1
79KWH,8,3,FULL,31-10-2025,09:22:18,31-10-2025,09:22:21,31-10-2025,09:23:23,COMPLETED,0,1
79KWH,8,3,FULL,31-10-2025,09:23:35,31-10-2025,09:23:38,31-10-2025,09:24:42,COMPLETED,0,1
79KWH,8,2,FULL,31-10-2025,09:24:14,31-10-2025,09:24:18,31-10-2025,09:27:51,COMPLETED,0,1
79KWH,8,3,FULL,31-10-2025,09:24:50,31-10-2025,09:24:52,31-10-2025,09:25:54,COMPLETED,0,1
79KWH,8,3,FULL,31-10-2025,09:26:07,31-10-2025,09:26:09,31-10-2025,09:27:14,COMPLETED,0,1
79KWH,8,3,FULL,31-10-2025,09:27:20,31-10-2025,09:27:25,31-10-2025,09:28:30,COMPLETED,0,1
79KWH,8,2,FULL,31-10-2025,09:28:07,31-10-2025,09:28:09,31-10-2025,09:31:46,COMPLETED,0,1
79KWH,8,3,FULL,31-10-2025,09:28:41,31-10-2025,09:28:42,31-10-2025,09:29:50,COMPLETED,0,1
79KWH,8,3,FULL,31-10-2025,09:29:55,31-10-2025,09:29:59,31-10-2025,09:31:05,COMPLETED,0,1
79KWH,8,3,FULL,31-10-2025,09:31:13,31-10-2025,09:31:13,31-10-2025,09:32:20,COMPLETED,0,1
79KWH,8,2,FULL,31-10-2025,09:31:53,31-10-2025,09:31:55,31-10-2025,09:35:31,COMPLETED,0,1
79KWH,8,3,FULL,31-10-2025,09:38:40,31-10-2025,09:39:07,31-10-2025,09:41:04,COMPLETED,0,1
79KWH,8,2,FULL,31-10-2025,09:38:53,31-10-2025,09:38:54,31-10-2025,09:42:33,COMPLETED,0,1
79KWH,8,3,FULL,31-10-2025,09:41:11,31-10-2025,09:44:44,31-10-2025,09:46:32,COMPLETED,0,1
79KWH,8,2,FULL,31-10-2025,09:42:38,31-10-2025,09:42:40,31-10-2025,09:46:16,COMPLETED,0,1
79KWH,8,2,FULL,31-10-2025,09:46:32,31-10-2025,09:46:34,31-10-2025,09:50:14,COMPLETED,0,1
79KWH,8,3,FULL,31-10-2025,09:46:38,31-10-2025,09:46:40,31-10-2025,09:47:46,COMPLETED,0,1
79KWH,8,3,FULL,31-10-2025,09:47:54,31-10-2025,09:49:48,31-10-2025,09:51:49,COMPLETED,0,1
79KWH,8,2,FULL,31-10-2025,09:50:20,31-10-2025,09:50:23,31-10-2025,09:54:02,COMPLETED,0,1
79KWH,8,3,FULL,31-10-2025,09:51:55,31-10-2025,09:51:58,31-10-2025,09:53:07,COMPLETED,0,1
79KWH,8,3,FULL,31-10-2025,09:53:14,31-10-2025,09:55:13,31-10-2025,09:57:09,COMPLETED,0,1
79KWH,8,2,FULL,31-10-2025,09:54:15,31-10-2025,09:54:16,31-10-2025,09:57:57,COMPLETED,0,1
79KWH,8,3,FULL,31-10-2025,09:57:16,31-10-2025,09:57:19,31-10-2025,09:58:28,COMPLETED,0,1
79KWH,8,2,FULL,31-10-2025,09:58:02,31-10-2025,09:58:06,31-10-2025,10:01:47,COMPLETED,0,1
79KWH,8,3,FULL,31-10-2025,09:58:37,31-10-2025,09:58:39,31-10-2025,09:59:52,COMPLETED,0,1
79KWH,8,3,FULL,31-10-2025,09:59:57,31-10-2025,10:00:01,31-10-2025,10:01:14,COMPLETED,0,1
79KWH,8,3,FULL,31-10-2025,10:01:22,31-10-2025,10:01:22,31-10-2025,10:02:36,COMPLETED,0,1
79KWH,8,2,FULL,31-10-2025,10:02:00,31-10-2025,10:02:00,31-10-2025,10:05:44,COMPLETED,0,1
79KWH,8,3,FULL,31-10-2025,10:02:43,31-10-2025,10:02:46,31-10-2025,10:03:59,COMPLETED,0,1
79KWH,8,3,FULL,31-10-2025,10:04:07,31-10-2025,10:04:09,31-10-2025,10:05:24,COMPLETED,0,1
79KWH,8,3,FULL,31-10-2025,10:05:30,31-10-2025,10:05:33,31-10-2025,10:06:47,COMPLETED,0,1
79KWH,8,2,FULL,31-10-2025,10:05:50,31-10-2025,10:05:53,31-10-2025,10:09:36,COMPLETED,0,1
79KWH,8,3,FULL,31-10-2025,10:06:54,31-10-2025,10:06:56,31-10-2025,10:08:11,COMPLETED,0,1
79KWH,8,3,FULL,31-10-2025,10:08:18,31-10-2025,10:08:21,31-10-2025,10:09:35,COMPLETED,0,1
79KWH,8,3,FULL,31-10-2025,10:09:43,31-10-2025,10:09:45,31-10-2025,10:11:02,COMPLETED,0,1
79KWH,8,2,FULL,31-10-2025,10:09:49,31-10-2025,10:09:50,31-10-2025,10:13:36,COMPLETED,0,1
79KWH,8,3,FULL,31-10-2025,10:11:08,31-10-2025,10:11:11,31-10-2025,10:12:26,COMPLETED,0,1
79KWH,8,3,FULL,31-10-2025,10:12:35,31-10-2025,10:12:37,31-10-2025,10:13:56,COMPLETED,0,1
79KWH,8,2,FULL,31-10-2025,10:13:43,31-10-2025,10:13:45,31-10-2025,10:17:31,COMPLETED,0,1
79KWH,8,3,FULL,31-10-2025,10:14:02,31-10-2025,10:14:06,31-10-2025,10:15:24,COMPLETED,0,1
79KWH,8,3,FULL,31-10-2025,10:15:33,31-10-2025,10:15:34,31-10-2025,10:16:55,COMPLETED,0,1
79KWH,8,3,FULL,31-10-2025,10:17:01,31-10-2025,10:17:05,31-10-2025,10:18:23,COMPLETED,0,1
79KWH,8,2,FULL,31-10-2025,10:17:51,31-10-2025,10:17:52,31-10-2025,10:21:40,COMPLETED,0,1
79KWH,8,3,FULL,31-10-2025,10:18:35,31-10-2025,10:18:36,31-10-2025,10:19:58,COMPLETED,0,1
79KWH,8,3,FULL,31-10-2025,10:20:05,31-10-2025,10:20:07,31-10-2025,10:21:27,COMPLETED,0,1
79KWH,8,3,FULL,31-10-2025,10:21:36,31-10-2025,10:21:36,31-10-2025,10:23:00,COMPLETED,0,1
79KWH,8,2,FULL,31-10-2025,10:21:49,31-10-2025,10:21:50,31-10-2025,10:25:37,COMPLETED,0,1
79KWH,8,3,FULL,31-10-2025,10:23:06,31-10-2025,10:23:09,31-10-2025,10:24:33,COMPLETED,0,1
79KWH,8,3,FULL,31-10-2025,10:24:43,31-10-2025,10:24:44,31-10-2025,10:26:10,COMPLETED,0,1
79KWH,8,2,FULL,31-10-2025,10:25:50,31-10-2025,10:25:51,31-10-2025,10:29:41,COMPLETED,0,1
79KWH,8,3,FULL,31-10-2025,10:26:15,31-10-2025,10:26:19,31-10-2025,10:27:44,COMPLETED,0,1
79KWH,8,3,FULL,31-10-2025,10:27:52,31-10-2025,10:27:53,31-10-2025,10:29:20,COMPLETED,0,1
79KWH,8,3,FULL,31-10-2025,10:29:29,31-10-2025,10:29:30,31-10-2025,10:30:56,COMPLETED,0,1
79KWH,8,2,FULL,31-10-2025,10:29:48,31-10-2025,10:29:50,31-10-2025,10:33:39,COMPLETED,0,1
79KWH,8,3,FULL,31-10-2025,10:31:04,31-10-2025,10:31:05,31-10-2025,10:32:33,COMPLETED,0,1
79KWH,8,3,FULL,31-10-2025,10:32:39,31-10-2025,10:32:43,31-10-2025,10:34:09,COMPLETED,0,1
79KWH,8,2,FULL,31-10-2025,10:33:52,31-10-2025,10:34:54,31-10-2025,10:38:48,COMPLETED,0,1
79KWH,8,3,FULL,31-10-2025,10:34:18,31-10-2025,10:34:19,31-10-2025,10:35:49,COMPLETED,0,1
79KWH,8,3,FULL,31-10-2025,10:35:55,31-10-2025,10:35:58,31-10-2025,10:37:26,COMPLETED,0,1
79KWH,8,3,FULL,31-10-2025,10:37:33,31-10-2025,10:37:35,31-10-2025,10:39:06,COMPLETED,0,1
79KWH,8,2,FULL,31-10-2025,10:38:53,31-10-2025,10:41:09,31-10-2025,10:45:02,COMPLETED,0,1
79KWH,8,3,FULL,31-10-2025,10:39:11,31-10-2025,10:39:15,31-10-2025,10:40:44,COMPLETED,0,1
79KWH,8,3,FULL,31-10-2025,10:40:51,31-10-2025,10:40:53,31-10-2025,10:42:24,COMPLETED,0,1
79KWH,8,3,FULL,31-10-2025,10:42:30,31-10-2025,10:42:34,31-10-2025,10:44:03,COMPLETED,0,1
79KWH,8,3,FULL,31-10-2025,10:44:10,31-10-2025,10:46:00,31-10-2025,10:48:04,COMPLETED,0,1
79KWH,8,2,FULL,31-10-2025,10:45:16,31-10-2025,10:46:18,31-10-2025,10:50:15,COMPLETED,0,1
79KWH,8,3,FULL,31-10-2025,10:48:10,31-10-2025,10:48:14,31-10-2025,10:49:44,COMPLETED,0,1
79KWH,8,3,FULL,31-10-2025,10:49:54,31-10-2025,10:49:54,31-10-2025,10:51:28,COMPLETED,0,1
79KWH,8,2,FULL,31-10-2025,10:50:23,31-10-2025,10:50:25,31-10-2025,10:54:18,COMPLETED,0,1
79KWH,8,3,FULL,31-10-2025,10:51:35,31-10-2025,10:51:39,31-10-2025,10:53:12,COMPLETED,0,1
79KWH,8,3,FULL,31-10-2025,10:53:20,31-10-2025,10:53:21,31-10-2025,10:54:56,COMPLETED,0,1
79KWH,8,2,FULL,31-10-2025,10:54:31,31-10-2025,10:54:31,31-10-2025,10:58:28,COMPLETED,0,1
79KWH,8,3,FULL,31-10-2025,10:55:03,31-10-2025,10:55:06,31-10-2025,10:56:40,COMPLETED,0,1
79KWH,8,3,FULL,31-10-2025,10:56:48,31-10-2025,10:56:49,31-10-2025,10:58:25,COMPLETED,0,1
79KWH,8,3,FULL,31-10-2025,10:58:33,31-10-2025,10:58:34,31-10-2025,11:00:09,COMPLETED,0,1
79KWH,8,2,FULL,31-10-2025,10:58:34,31-10-2025,10:58:40,31-10-2025,11:02:34,COMPLETED,0,1
79KWH,8,3,FULL,31-10-2025,11:00:18,31-10-2025,11:00:18,31-10-2025,11:01:55,COMPLETED,0,1
79KWH,8,3,FULL,31-10-2025,11:02:01,31-10-2025,11:02:05,31-10-2025,11:03:40,COMPLETED,0,1
79KWH,8,2,FULL,31-10-2025,11:02:50,31-10-2025,11:02:51,31-10-2025,11:06:50,COMPLETED,0,1
79KWH,8,3,FULL,31-10-2025,11:03:49,31-10-2025,11:03:50,31-10-2025,11:05:29,COMPLETED,0,1
79KWH,8,3,FULL,31-10-2025,11:05:35,31-10-2025,11:05:37,31-10-2025,11:07:14,COMPLETED,0,1
79KWH,8,2,FULL,31-10-2025,11:06:55,31-10-2025,11:06:58,31-10-2025,11:10:54,COMPLETED,0,1
79KWH,8,3,FULL,31-10-2025,11:07:22,31-10-2025,11:08:34,31-10-2025,11:10:11,COMPLETED,0,1
79KWH,8,3,FULL,31-10-2025,11:10:20,31-10-2025,11:10:21,31-10-2025,11:11:58,COMPLETED,0,1
79KWH,8,2,FULL,31-10-2025,11:11:07,31-10-2025,11:11:08,31-10-2025,11:15:07,COMPLETED,0,1
79KWH,8,3,FULL,31-10-2025,11:12:06,31-10-2025,11:13:18,31-10-2025,11:14:57,COMPLETED,0,1
79KWH,8,3,FULL,31-10-2025,11:15:03,31-10-2025,11:15:06,31-10-2025,11:16:44,COMPLETED,0,1
79KWH,8,2,FULL,31-10-2025,11:15:14,31-10-2025,11:15:17,31-10-2025,11:19:15,COMPLETED,0,1
79KWH,8,3,FULL,31-10-2025,11:16:52,31-10-2025,11:16:53,31-10-2025,11:18:35,COMPLETED,0,1
79KWH,8,3,FULL,31-10-2025,11:18:41,31-10-2025,11:18:44,31-10-2025,11:20:25,COMPLETED,0,1
79KWH,8,2,FULL,31-10-2025,11:19:28,31-10-2025,11:19:30,31-10-2025,11:23:32,COMPLETED,0,1
79KWH,8,3,FULL,31-10-2025,11:20:34,31-10-2025,11:20:34,31-10-2025,11:22:18,COMPLETED,0,1
79KWH,8,3,FULL,31-10-2025,11:22:25,31-10-2025,11:22:26,31-10-2025,11:24:06,COMPLETED,0,1
79KWH,8,3,FULL,31-10-2025,11:24:15,31-10-2025,11:24:17,31-10-2025,11:26:00,COMPLETED,0,1
79KWH,8,3,FULL,31-10-2025,11:26:06,31-10-2025,11:26:10,31-10-2025,11:27:52,COMPLETED,0,1
79KWH,8,2,FULL,31-10-2025,11:27:59,31-10-2025,11:27:59,31-10-2025,11:32:00,COMPLETED,0,1
79KWH,8,2,FULL,31-10-2025,11:32:14,31-10-2025,11:32:15,31-10-2025,11:36:18,COMPLETED,0,1
79KWH,8,2,FULL,31-10-2025,11:36:26,31-10-2025,11:36:29,31-10-2025,11:40:31,COMPLETED,0,1
79KWH,8,2,FULL,31-10-2025,11:40:45,31-10-2025,11:40:45,31-10-2025,11:44:51,COMPLETED,0,1
79KWH,8,2,FULL,31-10-2025,12:20:46,31-10-2025,12:20:47,31-10-2025,12:24:52,COMPLETED,0,1
79KWH,8,2,FULL,31-10-2025,12:25:05,31-10-2025,12:25:05,31-10-2025,12:29:12,COMPLETED,0,1
79KWH,8,2,FULL,31-10-2025,12:29:18,31-10-2025,12:29:22,31-10-2025,12:33:28,COMPLETED,0,1
79KWH,8,2,FULL,31-10-2025,12:33:41,31-10-2025,12:33:42,31-10-2025,12:37:51,COMPLETED,0,1
79KWH,8,2,FULL,31-10-2025,12:37:57,31-10-2025,12:38:01,31-10-2025,12:42:09,COMPLETED,0,1
79KWH,8,2,FULL,31-10-2025,12:42:24,31-10-2025,12:42:27,31-10-2025,12:46:40,COMPLETED,0,1
79KWH,8,2,FULL,31-10-2025,12:46:45,31-10-2025,12:46:50,31-10-2025,12:51:02,COMPLETED,0,1
79KWH,8,2,FULL,31-10-2025,12:51:15,31-10-2025,12:51:15,31-10-2025,12:55:31,COMPLETED,0,1
79KWH,8,2,FULL,31-10-2025,12:55:37,31-10-2025,12:55:41,31-10-2025,12:59:55,COMPLETED,0,1
79KWH,8,3,FULL,31-10-2025,14:13:51,31-10-2025,14:16:38,31-10-2025,14:18:57,COMPLETED,0,1
79KWH,8,3,FULL,31-10-2025,14:19:03,31-10-2025,14:19:06,31-10-2025,14:20:49,COMPLETED,0,1
79KWH,8,3,FULL,31-10-2025,14:20:57,31-10-2025,14:22:36,31-10-2025,14:24:55,COMPLETED,0,1
79KWH,8,3,FULL,31-10-2025,14:25:00,31-10-2025,14:25:04,31-10-2025,14:26:48,COMPLETED,0,1
79KWH,8,1,FULL,31-10-2025,14:25:54,31-10-2025,14:25:55,31-10-2025,14:27:52,COMPLETED,0,1
79KWH,8,3,FULL,31-10-2025,14:26:56,31-10-2025,14:26:56,31-10-2025,14:28:43,COMPLETED,0,1
79KWH,8,1,FULL,31-10-2025,14:28:00,31-10-2025,14:28:01,31-10-2025,14:29:04,COMPLETED,0,1
79KWH,8,3,FULL,31-10-2025,14:28:49,31-10-2025,14:28:53,31-10-2025,14:30:38,COMPLETED,0,1
79KWH,8,1,FULL,31-10-2025,14:29:10,31-10-2025,14:29:13,31-10-2025,14:30:14,COMPLETED,0,1
79KWH,8,1,FULL,31-10-2025,14:30:22,31-10-2025,14:30:22,31-10-2025,14:31:25,COMPLETED,0,1
79KWH,8,3,FULL,31-10-2025,14:30:46,31-10-2025,14:30:46,31-10-2025,14:32:34,COMPLETED,0,1
79KWH,8,1,FULL,31-10-2025,14:31:32,31-10-2025,14:31:35,31-10-2025,14:32:35,COMPLETED,0,1
79KWH,8,3,FULL,31-10-2025,14:32:40,31-10-2025,14:32:43,31-10-2025,14:34:29,COMPLETED,0,1
79KWH,8,1,FULL,31-10-2025,14:32:43,31-10-2025,14:32:45,31-10-2025,14:33:48,COMPLETED,0,1
79KWH,8,1,FULL,31-10-2025,14:33:54,31-10-2025,14:33:57,31-10-2025,14:34:57,COMPLETED,0,1
79KWH,8,3,FULL,31-10-2025,14:34:37,31-10-2025,14:34:37,31-10-2025,14:36:26,COMPLETED,0,1
79KWH,8,1,FULL,31-10-2025,14:35:05,31-10-2025,14:35:06,31-10-2025,14:36:09,COMPLETED,0,1
79KWH,8,1,FULL,31-10-2025,14:36:16,31-10-2025,14:36:18,31-10-2025,14:37:18,COMPLETED,0,1
79KWH,8,3,FULL,31-10-2025,14:36:32,31-10-2025,14:36:34,31-10-2025,14:38:21,COMPLETED,0,1
79KWH,8,3,FULL,31-10-2025,14:38:30,31-10-2025,14:38:30,31-10-2025,14:40:21,COMPLETED,0,1
79KWH,8,3,FULL,31-10-2025,14:40:27,31-10-2025,14:40:30,31-10-2025,14:42:18,COMPLETED,0,1
79KWH,8,3,FULL,31-10-2025,14:42:26,31-10-2025,14:42:30,31-10-2025,14:44:21,COMPLETED,0,1
79KWH,8,1,FULL,31-10-2025,14:44:36,31-10-2025,14:44:38,31-10-2025,14:45:41,COMPLETED,0,1
79KWH,8,3,FULL,31-10-2025,14:45:41,31-10-2025,14:45:42,31-10-2025,14:47:31,COMPLETED,0,1
79KWH,8,1,FULL,31-10-2025,14:46:26,31-10-2025,14:46:27,31-10-2025,14:47:27,COMPLETED,0,1
79KWH,8,3,FULL,31-10-2025,14:47:39,31-10-2025,14:47:40,31-10-2025,14:49:32,COMPLETED,0,1
79KWH,8,1,FULL,31-10-2025,14:48:19,31-10-2025,14:48:21,31-10-2025,14:49:24,COMPLETED,0,1
79KWH,8,3,FULL,31-10-2025,14:49:38,31-10-2025,14:49:41,31-10-2025,14:51:31,COMPLETED,0,1
79KWH,8,1,FULL,31-10-2025,14:50:10,31-10-2025,14:50:11,31-10-2025,14:51:12,COMPLETED,0,1
79KWH,8,3,FULL,31-10-2025,14:51:40,31-10-2025,14:51:41,31-10-2025,14:53:35,COMPLETED,0,1
79KWH,8,1,FULL,31-10-2025,14:52:03,31-10-2025,14:52:04,31-10-2025,14:53:07,COMPLETED,0,1
79KWH,8,3,FULL,31-10-2025,14:53:41,31-10-2025,14:53:44,31-10-2025,14:55:35,COMPLETED,0,1
79KWH,8,1,FULL,31-10-2025,14:53:53,31-10-2025,14:53:54,31-10-2025,14:54:55,COMPLETED,0,1
79KWH,8,3,FULL,31-10-2025,14:55:43,31-10-2025,14:55:44,31-10-2025,14:57:38,COMPLETED,0,1
79KWH,8,1,FULL,31-10-2025,14:55:48,31-10-2025,14:55:49,31-10-2025,14:56:52,COMPLETED,0,1
79KWH,8,1,FULL,31-10-2025,14:57:38,31-10-2025,14:57:38,31-10-2025,14:58:39,COMPLETED,0,1
79KWH,8,3,FULL,31-10-2025,14:57:44,31-10-2025,14:57:47,31-10-2025,14:59:39,COMPLETED,0,1
79KWH,8,1,FULL,31-10-2025,14:59:34,31-10-2025,14:59:35,31-10-2025,15:00:40,COMPLETED,0,1
79KWH,8,3,FULL,31-10-2025,14:59:47,31-10-2025,14:59:49,31-10-2025,15:01:44,COMPLETED,0,1
79KWH,8,3,FULL,31-10-2025,15:01:50,31-10-2025,15:01:54,31-10-2025,15:03:47,COMPLETED,0,1
79KWH,8,1,FULL,31-10-2025,15:22:42,31-10-2025,15:22:42,31-10-2025,15:23:45,COMPLETED,0,1
79KWH,8,3,FULL,31-10-2025,15:23:51,31-10-2025,15:23:52,31-10-2025,15:25:48,COMPLETED,0,1
79KWH,8,1,FULL,31-10-2025,15:24:36,31-10-2025,15:24:37,31-10-2025,15:25:43,COMPLETED,0,1
79KWH,8,3,FULL,31-10-2025,15:25:54,31-10-2025,15:25:57,31-10-2025,15:27:52,COMPLETED,0,1
79KWH,8,1,FULL,31-10-2025,15:26:26,31-10-2025,15:26:26,31-10-2025,15:27:31,COMPLETED,0,1
79KWH,8,3,FULL,31-10-2025,15:27:59,31-10-2025,15:28:00,31-10-2025,15:29:57,COMPLETED,0,1
79KWH,8,1,FULL,31-10-2025,15:28:20,31-10-2025,15:28:21,31-10-2025,15:29:28,COMPLETED,0,1
79KWH,8,3,FULL,31-10-2025,15:30:04,31-10-2025,15:30:08,31-10-2025,15:32:03,COMPLETED,0,1
79KWH,8,1,FULL,31-10-2025,15:30:12,31-10-2025,15:30:12,31-10-2025,15:31:16,COMPLETED,0,1
79KWH,8,1,FULL,31-10-2025,15:32:05,31-10-2025,15:32:07,31-10-2025,15:33:15,COMPLETED,0,1
79KWH,8,3,FULL,31-10-2025,15:32:11,31-10-2025,15:32:11,31-10-2025,15:34:10,COMPLETED,0,1
79KWH,8,1,FULL,31-10-2025,15:33:55,31-10-2025,15:33:55,31-10-2025,15:35:01,COMPLETED,0,1
79KWH,8,3,FULL,31-10-2025,15:34:16,31-10-2025,15:34:20,31-10-2025,15:36:17,COMPLETED,0,1
79KWH,8,1,FULL,31-10-2025,15:35:48,31-10-2025,15:35:49,31-10-2025,15:36:57,COMPLETED,0,1
79KWH,8,3,FULL,31-10-2025,15:36:25,31-10-2025,15:36:26,31-10-2025,15:38:26,COMPLETED,0,1
79KWH,8,1,FULL,31-10-2025,15:37:48,31-10-2025,15:37:48,31-10-2025,15:38:55,COMPLETED,0,1
79KWH,8,3,FULL,31-10-2025,15:38:32,31-10-2025,15:38:36,31-10-2025,15:40:34,COMPLETED,0,1
79KWH,8,1,FULL,31-10-2025,15:39:42,31-10-2025,15:39:42,31-10-2025,15:40:52,COMPLETED,0,1
79KWH,8,3,FULL,31-10-2025,15:40:44,31-10-2025,15:40:45,31-10-2025,15:42:46,COMPLETED,0,1
79KWH,8,1,FULL,31-10-2025,15:41:32,31-10-2025,15:41:32,31-10-2025,15:42:40,COMPLETED,0,1
79KWH,8,3,FULL,31-10-2025,15:42:51,31-10-2025,15:42:56,31-10-2025,15:44:55,COMPLETED,0,1
79KWH,8,1,FULL,31-10-2025,15:43:25,31-10-2025,15:43:25,31-10-2025,15:44:37,COMPLETED,0,1
79KWH,8,3,FULL,31-10-2025,15:45:04,31-10-2025,15:45:05,31-10-2025,15:47:07,COMPLETED,0,1
79KWH,8,1,FULL,31-10-2025,15:45:17,31-10-2025,15:45:19,31-10-2025,15:46:28,COMPLETED,0,1
79KWH,8,1,FULL,31-10-2025,15:47:12,31-10-2025,15:47:12,31-10-2025,15:48:25,COMPLETED,0,1
79KWH,8,3,FULL,31-10-2025,15:47:14,31-10-2025,15:47:16,31-10-2025,15:49:15,COMPLETED,0,1
79KWH,8,1,FULL,31-10-2025,15:49:00,31-10-2025,15:49:00,31-10-2025,15:50:11,COMPLETED,0,1
79KWH,8,3,FULL,31-10-2025,15:49:23,31-10-2025,15:49:24,31-10-2025,15:51:27,COMPLETED,0,1
79KWH,8,1,FULL,31-10-2025,15:50:52,31-10-2025,15:50:53,31-10-2025,15:52:07,COMPLETED,0,1
79KWH,8,3,FULL,31-10-2025,15:51:33,31-10-2025,15:51:37,31-10-2025,15:53:38,COMPLETED,0,1
79KWH,8,1,FULL,31-10-2025,15:52:45,31-10-2025,15:52:46,31-10-2025,15:53:57,COMPLETED,0,1
79KWH,8,3,FULL,31-10-2025,15:53:46,31-10-2025,15:53:47,31-10-2025,15:55:51,COMPLETED,0,1
79KWH,8,1,FULL,31-10-2025,15:54:40,31-10-2025,15:54:41,31-10-2025,15:55:55,COMPLETED,0,1
79KWH,8,3,FULL,31-10-2025,15:55:57,31-10-2025,15:56:01,31-10-2025,15:58:03,COMPLETED,0,1
79KWH,8,1,FULL,31-10-2025,15:56:29,31-10-2025,15:56:30,31-10-2025,15:57:43,COMPLETED,0,1
79KWH,8,3,FULL,31-10-2025,15:58:13,31-10-2025,15:58:13,31-10-2025,16:00:19,COMPLETED,0,1
79KWH,8,1,FULL,31-10-2025,15:58:21,31-10-2025,15:58:23,31-10-2025,15:59:38,COMPLETED,0,1
79KWH,8,1,FULL,31-10-2025,16:00:11,31-10-2025,16:00:11,31-10-2025,16:01:25,COMPLETED,0,1
79KWH,8,3,FULL,31-10-2025,16:00:25,31-10-2025,16:00:28,31-10-2025,16:02:31,COMPLETED,0,1
79KWH,8,3,FULL,31-10-2025,16:02:41,31-10-2025,16:02:43,31-10-2025,16:04:49,COMPLETED,0,1
79KWH,8,3,FULL,31-10-2025,16:04:55,31-10-2025,16:04:58,31-10-2025,16:07:02,COMPLETED,0,1
79KWH,8,3,FULL,31-10-2025,16:07:12,31-10-2025,16:07:12,31-10-2025,16:09:20,COMPLETED,0,1
79KWH,8,1,FULL,31-10-2025,16:16:24,31-10-2025,16:16:25,31-10-2025,16:17:41,COMPLETED,0,1
79KWH,8,3,FULL,31-10-2025,16:17:27,31-10-2025,16:17:29,31-10-2025,16:19:35,COMPLETED,0,1
79KWH,8,1,FULL,31-10-2025,16:18:15,31-10-2025,16:18:16,31-10-2025,16:19:30,COMPLETED,0,1
79KWH,8,3,FULL,31-10-2025,16:19:43,31-10-2025,16:19:45,31-10-2025,16:21:54,COMPLETED,0,1
79KWH,8,1,FULL,31-10-2025,16:20:08,31-10-2025,16:20:09,31-10-2025,16:21:27,COMPLETED,0,1
79KWH,8,1,FULL,31-10-2025,16:21:58,31-10-2025,16:21:59,31-10-2025,16:23:15,COMPLETED,0,1
79KWH,8,3,FULL,31-10-2025,16:21:59,31-10-2025,16:22:03,31-10-2025,16:24:10,COMPLETED,0,1
79KWH,8,1,FULL,31-10-2025,16:23:52,31-10-2025,16:23:53,31-10-2025,16:25:11,COMPLETED,0,1
79KWH,8,3,FULL,31-10-2025,16:24:18,31-10-2025,16:24:20,31-10-2025,16:26:36,COMPLETED,0,1
79KWH,8,1,FULL,31-10-2025,16:25:43,31-10-2025,16:25:45,31-10-2025,16:27:02,COMPLETED,0,1
79KWH,8,3,FULL,31-10-2025,16:26:42,31-10-2025,16:26:43,31-10-2025,16:28:51,COMPLETED,0,1
79KWH,8,1,FULL,31-10-2025,16:27:38,31-10-2025,16:27:39,31-10-2025,16:28:59,COMPLETED,0,1
79KWH,8,3,FULL,31-10-2025,16:29:00,31-10-2025,16:29:00,31-10-2025,16:31:11,COMPLETED,0,1
79KWH,8,1,FULL,31-10-2025,16:29:29,31-10-2025,16:29:30,31-10-2025,16:30:48,COMPLETED,0,1
79KWH,8,3,FULL,31-10-2025,16:31:17,31-10-2025,16:31:20,31-10-2025,16:33:30,COMPLETED,0,1
79KWH,8,1,FULL,31-10-2025,16:31:20,31-10-2025,16:31:20,31-10-2025,16:32:41,COMPLETED,0,1
79KWH,8,1,FULL,31-10-2025,16:33:14,31-10-2025,16:33:15,31-10-2025,16:34:34,COMPLETED,0,1
79KWH,8,3,FULL,31-10-2025,16:33:38,31-10-2025,16:35:04,31-10-2025,16:37:36,COMPLETED,0,1
79KWH,8,1,FULL,31-10-2025,16:35:07,31-10-2025,16:35:07,31-10-2025,16:36:29,COMPLETED,0,1
79KWH,8,1,FULL,31-10-2025,16:36:54,31-10-2025,16:36:55,31-10-2025,16:38:15,COMPLETED,0,1
79KWH,8,3,FULL,31-10-2025,16:37:42,31-10-2025,16:40:23,31-10-2025,16:42:53,COMPLETED,0,1
79KWH,8,1,FULL,31-10-2025,16:38:47,31-10-2025,16:38:49,31-10-2025,16:40:11,COMPLETED,0,1
79KWH,8,1,FULL,31-10-2025,16:40:43,31-10-2025,16:40:44,31-10-2025,16:42:06,COMPLETED,0,1
79KWH,8,1,FULL,31-10-2025,16:42:51,31-10-2025,16:42:52,31-10-2025,16:44:16,COMPLETED,0,1
79KWH,8,3,FULL,31-10-2025,16:43:00,31-10-2025,16:43:01,31-10-2025,16:45:14,COMPLETED,0,1
79KWH,8,1,FULL,31-10-2025,16:44:22,31-10-2025,16:44:25,31-10-2025,16:45:47,COMPLETED,0,1
79KWH,8,3,FULL,31-10-2025,16:45:21,31-10-2025,16:45:24,31-10-2025,16:47:35,COMPLETED,0,1
79KWH,8,1,FULL,31-10-2025,16:45:56,31-10-2025,16:45:56,31-10-2025,16:47:21,COMPLETED,0,1
79KWH,8,1,FULL,31-10-2025,16:47:28,31-10-2025,16:47:31,31-10-2025,16:48:54,COMPLETED,0,1
79KWH,8,3,FULL,31-10-2025,16:47:43,31-10-2025,16:47:43,31-10-2025,16:49:57,COMPLETED,0,1
79KWH,8,1,FULL,31-10-2025,16:49:03,31-10-2025,16:49:05,31-10-2025,16:50:34,COMPLETED,0,1
79KWH,8,3,FULL,31-10-2025,16:50:03,31-10-2025,16:50:07,31-10-2025,16:52:20,COMPLETED,0,1
79KWH,8,1,FULL,31-10-2025,16:50:42,31-10-2025,16:50:44,31-10-2025,16:52:08,COMPLETED,0,1
79KWH,8,1,FULL,31-10-2025,16:52:17,31-10-2025,16:52:18,31-10-2025,16:53:45,COMPLETED,0,1
79KWH,8,3,FULL,31-10-2025,16:52:29,31-10-2025,16:52:30,31-10-2025,16:54:45,COMPLETED,0,1
79KWH,8,1,FULL,31-10-2025,16:53:52,31-10-2025,16:53:54,31-10-2025,16:55:19,COMPLETED,0,1
79KWH,8,3,FULL,31-10-2025,16:54:52,31-10-2025,16:54:55,31-10-2025,16:57:08,COMPLETED,0,1
79KWH,8,1,FULL,31-10-2025,16:55:27,31-10-2025,16:55:28,31-10-2025,16:56:56,COMPLETED,0,1
79KWH,8,1,FULL,31-10-2025,16:57:03,31-10-2025,16:57:06,31-10-2025,16:58:33,COMPLETED,0,1
79KWH,8,3,FULL,31-10-2025,16:57:17,31-10-2025,16:57:17,31-10-2025,16:59:33,COMPLETED,0,1
79KWH,8,1,FULL,31-10-2025,16:58:41,31-10-2025,16:58:41,31-10-2025,17:00:10,COMPLETED,0,1
79KWH,8,3,FULL,31-10-2025,16:59:40,31-10-2025,16:59:43,31-10-2025,17:01:57,COMPLETED,0,1
79KWH,8,1,FULL,31-10-2025,17:00:16,31-10-2025,17:00:19,31-10-2025,17:01:47,COMPLETED,0,1
79KWH,8,1,FULL,31-10-2025,17:01:54,31-10-2025,17:01:55,31-10-2025,17:03:25,COMPLETED,0,1
79KWH,8,3,FULL,31-10-2025,17:02:05,31-10-2025,17:02:06,31-10-2025,17:04:24,COMPLETED,0,1
79KWH,8,1,FULL,31-10-2025,17:03:32,31-10-2025,17:03:35,31-10-2025,17:05:04,COMPLETED,0,1
79KWH,8,3,FULL,31-10-2025,17:04:31,31-10-2025,17:04:33,31-10-2025,17:06:49,COMPLETED,0,1
79KWH,8,1,FULL,31-10-2025,17:05:12,31-10-2025,17:05:13,31-10-2025,17:06:45,COMPLETED,0,1
79KWH,8,1,FULL,31-10-2025,17:06:51,31-10-2025,17:06:54,31-10-2025,17:08:25,COMPLETED,0,1
79KWH,8,3,FULL,31-10-2025,17:06:57,31-10-2025,17:06:58,31-10-2025,17:09:16,COMPLETED,0,1
79KWH,8,1,FULL,31-10-2025,17:08:34,31-10-2025,17:08:36,31-10-2025,17:10:09,COMPLETED,0,1
79KWH,8,3,FULL,31-10-2025,17:09:22,31-10-2025,17:09:26,31-10-2025,17:11:42,COMPLETED,0,1
79KWH,8,1,FULL,31-10-2025,17:10:15,31-10-2025,17:10:18,31-10-2025,17:11:50,COMPLETED,0,1
79KWH,8,3,FULL,31-10-2025,17:11:50,31-10-2025,17:11:51,31-10-2025,17:14:11,COMPLETED,0,1
79KWH,8,3,FULL,31-10-2025,17:14:17,31-10-2025,17:14:20,31-10-2025,17:16:39,COMPLETED,0,1
79KWH,8,1,FULL,31-10-2025,17:16:01,31-10-2025,17:16:02,31-10-2025,17:17:36,COMPLETED,0,1
79KWH,8,3,FULL,31-10-2025,17:16:46,31-10-2025,17:16:47,31-10-2025,17:19:08,COMPLETED,0,1
79KWH,8,1,FULL,31-10-2025,17:17:50,31-10-2025,17:17:52,31-10-2025,17:19:24,COMPLETED,0,1
79KWH,8,3,FULL,31-10-2025,17:19:14,31-10-2025,17:19:17,31-10-2025,17:21:37,COMPLETED,0,1
79KWH,8,1,FULL,31-10-2025,17:19:45,31-10-2025,17:19:45,31-10-2025,17:21:20,COMPLETED,0,1
79KWH,8,1,FULL,31-10-2025,17:21:34,31-10-2025,17:21:34,31-10-2025,17:23:07,COMPLETED,0,1
79KWH,8,3,FULL,31-10-2025,17:21:44,31-10-2025,17:21:45,31-10-2025,17:24:07,COMPLETED,0,1
79KWH,8,1,FULL,31-10-2025,17:23:28,31-10-2025,17:23:28,31-10-2025,17:25:04,COMPLETED,0,1
79KWH,8,3,FULL,31-10-2025,17:24:13,31-10-2025,17:24:16,31-10-2025,17:26:37,COMPLETED,0,1
79KWH,8,1,FULL,31-10-2025,17:25:19,31-10-2025,17:25:20,31-10-2025,17:26:54,COMPLETED,0,1
79KWH,8,3,FULL,31-10-2025,17:26:45,31-10-2025,17:26:45,31-10-2025,17:29:09,COMPLETED,0,1
79KWH,8,1,FULL,31-10-2025,17:27:11,31-10-2025,17:27:12,31-10-2025,17:28:50,COMPLETED,0,1
79KWH,8,3,FULL,31-10-2025,17:29:15,31-10-2025,17:29:18,31-10-2025,17:31:40,COMPLETED,0,1
79KWH,8,1,FULL,31-10-2025,17:30:04,31-10-2025,17:30:06,31-10-2025,17:31:40,COMPLETED,0,1
79KWH,8,3,FULL,31-10-2025,17:31:49,31-10-2025,17:31:50,31-10-2025,17:34:15,COMPLETED,0,1
79KWH,8,1,FULL,31-10-2025,17:32:00,31-10-2025,17:32:01,31-10-2025,17:33:39,COMPLETED,0,1
79KWH,8,1,FULL,31-10-2025,17:33:48,31-10-2025,17:33:49,31-10-2025,17:35:25,COMPLETED,0,1
79KWH,8,3,FULL,31-10-2025,17:34:21,31-10-2025,17:34:24,31-10-2025,17:36:47,COMPLETED,0,1
79KWH,8,1,FULL,31-10-2025,17:35:43,31-10-2025,17:35:44,31-10-2025,17:37:23,COMPLETED,0,1
79KWH,8,3,FULL,31-10-2025,17:36:55,31-10-2025,17:36:55,31-10-2025,17:39:22,COMPLETED,0,1
79KWH,8,1,FULL,31-10-2025,17:37:33,31-10-2025,17:37:35,31-10-2025,17:39:12,COMPLETED,0,1
79KWH,8,1,FULL,31-10-2025,17:39:28,31-10-2025,17:39:29,31-10-2025,17:41:09,COMPLETED,0,1
79KWH,8,3,FULL,31-10-2025,17:39:29,31-10-2025,17:39:33,31-10-2025,17:41:57,COMPLETED,0,1
79KWH,8,3,FULL,31-10-2025,17:42:05,31-10-2025,17:42:06,31-10-2025,17:44:32,COMPLETED,0,1
79KWH,8,1,FULL,31-10-2025,17:42:35,31-10-2025,17:42:36,31-10-2025,17:44:15,COMPLETED,0,1
79KWH,8,1,FULL,31-10-2025,17:44:27,31-10-2025,17:44:28,31-10-2025,17:46:10,COMPLETED,0,1
79KWH,8,3,FULL,31-10-2025,17:44:39,31-10-2025,17:44:41,31-10-2025,17:47:06,COMPLETED,0,1
79KWH,8,1,FULL,31-10-2025,17:46:16,31-10-2025,17:46:18,31-10-2025,17:47:58,COMPLETED,0,1
79KWH,8,3,FULL,31-10-2025,17:47:14,31-10-2025,17:47:15,31-10-2025,17:49:43,COMPLETED,0,1
79KWH,8,1,FULL,31-10-2025,17:48:12,31-10-2025,17:48:13,31-10-2025,17:49:56,COMPLETED,0,1
79KWH,8,3,FULL,31-10-2025,17:49:49,31-10-2025,17:49:52,31-10-2025,17:52:19,COMPLETED,0,1
79KWH,8,1,FULL,31-10-2025,17:50:02,31-10-2025,17:50:05,31-10-2025,17:51:47,COMPLETED,0,1
79KWH,8,1,FULL,31-10-2025,17:51:54,31-10-2025,17:51:55,31-10-2025,17:53:39,COMPLETED,0,1
79KWH,8,3,FULL,31-10-2025,17:52:28,31-10-2025,17:52:29,31-10-2025,17:54:58,COMPLETED,0,1
79KWH,8,1,FULL,31-10-2025,17:53:45,31-10-2025,17:53:48,31-10-2025,17:55:30,COMPLETED,0,1
79KWH,8,3,FULL,31-10-2025,17:55:03,31-10-2025,17:55:07,31-10-2025,17:57:35,COMPLETED,0,1
79KWH,8,1,FULL,31-10-2025,17:55:38,31-10-2025,17:55:39,31-10-2025,17:57:23,COMPLETED,0,1
79KWH,8,3,FULL,31-10-2025,17:57:43,31-10-2025,17:57:43,31-10-2025,18:00:14,COMPLETED,0,1
79KWH,8,3,FULL,31-10-2025,18:00:19,31-10-2025,18:00:24,31-10-2025,18:02:52,COMPLETED,0,1
79KWH,8,3,FULL,31-10-2025,18:03:00,31-10-2025,18:03:02,31-10-2025,18:05:33,COMPLETED,0,1
79KWH,8,3,FULL,31-10-2025,18:05:39,31-10-2025,18:05:43,31-10-2025,18:08:13,COMPLETED,0,1
79KWH,8,1,FULL,31-10-2025,18:30:53,31-10-2025,18:30:54,31-10-2025,18:32:37,COMPLETED,0,1
79KWH,8,3,FULL,31-10-2025,18:35:57,31-10-2025,18:35:57,31-10-2025,18:38:30,COMPLETED,0,1
79KWH,8,1,FULL,31-10-2025,18:36:43,31-10-2025,18:36:44,31-10-2025,18:38:29,COMPLETED,0,1
79KWH,8,1,FULL,31-10-2025,18:38:36,31-10-2025,18:38:39,31-10-2025,18:40:24,COMPLETED,0,1
79KWH,8,3,FULL,31-10-2025,18:38:37,31-10-2025,18:38:40,31-10-2025,18:41:11,COMPLETED,0,1
79KWH,8,1,FULL,31-10-2025,18:40:33,31-10-2025,18:40:36,31-10-2025,18:42:23,COMPLETED,0,1
79KWH,8,3,FULL,31-10-2025,18:41:19,31-10-2025,18:41:20,31-10-2025,18:43:53,COMPLETED,0,1
79KWH,8,1,FULL,31-10-2025,18:42:30,31-10-2025,18:42:32,31-10-2025,18:44:17,COMPLETED,0,1
79KWH,8,3,FULL,31-10-2025,18:44:00,31-10-2025,18:44:03,31-10-2025,18:46:35,COMPLETED,0,1
79KWH,8,1,FULL,31-10-2025,18:44:26,31-10-2025,18:44:27,31-10-2025,19:32:08,COMPLETED,0,1
79KWH,8,3,FULL,31-10-2025,18:46:44,31-10-2025,18:46:45,31-10-2025,18:49:20,COMPLETED,0,1
79KWH,8,3,FULL,31-10-2025,18:49:26,31-10-2025,18:49:30,31-10-2025,18:52:02,COMPLETED,0,1
79KWH,8,3,FULL,31-10-2025,18:52:10,31-10-2025,18:52:11,31-10-2025,18:54:47,COMPLETED,0,1
79KWH,8,3,FULL,31-10-2025,18:54:54,31-10-2025,18:54:57,31-10-2025,18:57:30,COMPLETED,0,1
79KWH,8,3,FULL,31-10-2025,18:57:38,31-10-2025,18:57:39,31-10-2025,19:00:16,COMPLETED,0,1
79KWH,8,3,FULL,31-10-2025,19:00:22,31-10-2025,19:00:25,31-10-2025,19:02:59,COMPLETED,0,1
79KWH,8,3,FULL,31-10-2025,19:03:08,31-10-2025,19:03:09,31-10-2025,19:05:47,COMPLETED,0,1
79KWH,8,3,FULL,31-10-2025,19:05:54,31-10-2025,19:05:57,31-10-2025,19:08:33,COMPLETED,0,1
79KWH,8,3,FULL,31-10-2025,19:08:42,31-10-2025,19:08:43,31-10-2025,19:11:22,COMPLETED,0,1
79KWH,8,3,FULL,31-10-2025,19:11:28,31-10-2025,19:11:31,31-10-2025,19:14:08,COMPLETED,0,1
79KWH,8,3,FULL,31-10-2025,19:14:17,31-10-2025,19:14:18,31-10-2025,19:16:58,COMPLETED,0,1
79KWH,8,3,FULL,31-10-2025,19:17:04,31-10-2025,19:17:07,31-10-2025,19:19:45,COMPLETED,0,1
79KWH,8,3,FULL,31-10-2025,19:19:53,31-10-2025,19:19:54,31-10-2025,19:22:36,COMPLETED,0,1
79KWH,8,3,FULL,31-10-2025,19:22:43,31-10-2025,19:22:44,31-10-2025,19:25:24,COMPLETED,0,1
79KWH,8,3,FULL,31-10-2025,19:25:32,31-10-2025,19:25:34,31-10-2025,19:28:16,COMPLETED,0,1
79KWH,8,3,FULL,31-10-2025,19:28:22,31-10-2025,19:28:25,31-10-2025,19:31:05,COMPLETED,0,1
79KWH,8,3,FULL,31-10-2025,19:31:13,31-10-2025,19:31:14,31-10-2025,19:33:57,COMPLETED,0,1
79KWH,8,1,FULL,31-10-2025,19:32:14,31-10-2025,19:32:18,31-10-2025,19:34:04,COMPLETED,0,1
79KWH,8,3,FULL,31-10-2025,19:34:03,31-10-2025,19:34:06,31-10-2025,19:36:46,COMPLETED,0,1
79KWH,8,1,FULL,31-10-2025,19:34:12,31-10-2025,19:34:12,31-10-2025,19:36:01,COMPLETED,0,1
79KWH,8,1,FULL,31-10-2025,19:36:08,31-10-2025,19:36:11,31-10-2025,19:37:59,COMPLETED,0,1
79KWH,8,3,FULL,31-10-2025,19:36:54,31-10-2025,19:36:55,31-10-2025,19:39:39,COMPLETED,0,1
79KWH,8,1,FULL,31-10-2025,19:38:06,31-10-2025,19:38:07,31-10-2025,19:39:58,COMPLETED,0,1
79KWH,8,3,FULL,31-10-2025,19:39:45,31-10-2025,19:39:49,31-10-2025,19:42:31,COMPLETED,0,1
79KWH,8,1,FULL,31-10-2025,19:40:04,31-10-2025,19:40:07,31-10-2025,19:41:56,COMPLETED,0,1
79KWH,8,1,FULL,31-10-2025,19:42:04,31-10-2025,19:42:04,31-10-2025,19:43:57,COMPLETED,0,1
79KWH,8,3,FULL,31-10-2025,19:42:39,31-10-2025,19:42:40,31-10-2025,19:45:26,COMPLETED,0,1
79KWH,8,1,FULL,31-10-2025,19:44:02,31-10-2025,19:44:06,31-10-2025,19:45:56,COMPLETED,0,1
79KWH,8,3,FULL,31-10-2025,19:45:32,31-10-2025,19:45:35,31-10-2025,19:48:19,COMPLETED,0,1
79KWH,8,1,FULL,31-10-2025,19:46:04,31-10-2025,19:46:05,31-10-2025,19:47:57,COMPLETED,0,1
79KWH,8,1,FULL,31-10-2025,19:48:04,31-10-2025,19:48:07,31-10-2025,19:49:58,COMPLETED,0,1
79KWH,8,3,FULL,31-10-2025,19:48:27,31-10-2025,19:48:27,31-10-2025,19:51:14,COMPLETED,0,1
79KWH,8,1,FULL,31-10-2025,19:50:05,31-10-2025,19:50:06,31-10-2025,19:52:01,COMPLETED,0,1
79KWH,8,3,FULL,31-10-2025,19:51:20,31-10-2025,19:51:24,31-10-2025,19:54:09,COMPLETED,0,1
79KWH,8,1,FULL,31-10-2025,19:52:07,31-10-2025,19:52:09,31-10-2025,19:54:02,COMPLETED,0,1
79KWH,8,1,FULL,31-10-2025,19:54:11,31-10-2025,19:54:12,31-10-2025,19:56:08,COMPLETED,0,1
79KWH,8,3,FULL,31-10-2025,19:54:17,31-10-2025,19:54:17,31-10-2025,19:57:05,COMPLETED,0,1
79KWH,8,1,FULL,31-10-2025,19:56:14,31-10-2025,19:56:16,31-10-2025,19:58:10,COMPLETED,0,1
79KWH,8,3,FULL,31-10-2025,19:57:12,31-10-2025,19:57:14,31-10-2025,20:00:00,COMPLETED,0,1
79KWH,8,3,FULL,31-10-2025,20:00:07,31-10-2025,20:00:09,31-10-2025,20:02:58,COMPLETED,0,1
79KWH,8,3,FULL,31-10-2025,20:40:22,31-10-2025,20:40:24,31-10-2025,20:43:10,COMPLETED,0,1
79KWH,8,1,FULL,31-10-2025,20:41:03,31-10-2025,20:41:04,31-10-2025,20:43:01,COMPLETED,0,1
79KWH,8,1,FULL,31-10-2025,20:43:08,31-10-2025,20:43:10,31-10-2025,20:45:05,COMPLETED,0,1
79KWH,8,3,FULL,31-10-2025,20:43:18,31-10-2025,20:43:19,31-10-2025,20:46:08,COMPLETED,0,1
79KWH,8,1,FULL,31-10-2025,20:45:14,31-10-2025,20:45:14,31-10-2025,20:47:11,COMPLETED,0,1
79KWH,8,3,FULL,31-10-2025,20:46:14,31-10-2025,20:46:17,31-10-2025,20:49:04,COMPLETED,0,1
79KWH,8,1,FULL,31-10-2025,20:47:17,31-10-2025,20:47:22,31-10-2025,20:49:18,COMPLETED,0,1
79KWH,8,1,FULL,31-10-2025,20:49:34,31-10-2025,20:49:36,31-10-2025,20:51:34,COMPLETED,0,1
79KWH,8,1,FULL,31-10-2025,20:51:40,31-10-2025,20:51:43,31-10-2025,20:53:39,COMPLETED,0,1
79KWH,8,1,FULL,31-10-2025,20:53:47,31-10-2025,20:53:48,31-10-2025,20:55:47,COMPLETED,0,1
79KWH,8,1,FULL,31-10-2025,20:55:52,31-10-2025,20:55:55,31-10-2025,20:57:52,COMPLETED,0,1
79KWH,8,1,FULL,31-10-2025,20:58:00,31-10-2025,20:58:01,31-10-2025,21:00:02,COMPLETED,0,1
79KWH,8,1,FULL,31-10-2025,21:00:08,31-10-2025,21:00:11,31-10-2025,21:02:10,COMPLETED,0,1
79KWH,8,1,FULL,31-10-2025,21:02:18,31-10-2025,21:02:19,31-10-2025,21:04:21,COMPLETED,0,1
79KWH,8,1,FULL,31-10-2025,21:04:29,31-10-2025,21:04:31,31-10-2025,21:06:31,COMPLETED,0,1
79KWH,8,1,FULL,31-10-2025,21:06:41,31-10-2025,21:06:41,31-10-2025,21:08:44,COMPLETED,0,1
79KWH,8,1,FULL,31-10-2025,21:08:50,31-10-2025,21:08:54,31-10-2025,21:10:54,COMPLETED,0,1
79KWH,8,1,FULL,31-10-2025,21:11:02,31-10-2025,21:11:05,31-10-2025,21:13:09,COMPLETED,0,1
79KWH,8,1,FULL,31-10-2025,21:13:15,31-10-2025,21:13:18,31-10-2025,21:15:21,COMPLETED,0,1
79KWH,8,1,FULL,31-10-2025,21:15:31,31-10-2025,21:15:32,31-10-2025,21:17:38,COMPLETED,0,1
79KWH,8,1,FULL,31-10-2025,21:17:44,31-10-2025,21:17:46,31-10-2025,21:19:49,COMPLETED,0,1
79KWH,8,1,FULL,31-10-2025,21:19:58,31-10-2025,21:19:59,31-10-2025,21:22:05,COMPLETED,0,1
79KWH,8,1,FULL,31-10-2025,21:22:11,31-10-2025,21:22:15,31-10-2025,21:24:20,COMPLETED,0,1
79KWH,8,1,FULL,31-10-2025,21:24:28,31-10-2025,21:24:29,31-10-2025,21:26:37,COMPLETED,0,1
79KWH,8,1,FULL,31-10-2025,21:26:44,31-10-2025,21:26:46,31-10-2025,21:28:52,COMPLETED,0,1
79KWH,8,1,FULL,31-10-2025,21:29:01,31-10-2025,21:29:02,31-10-2025,21:31:11,COMPLETED,0,1
79KWH,8,1,FULL,31-10-2025,21:31:17,31-10-2025,21:31:21,31-10-2025,21:33:28,COMPLETED,0,1
79KWH,8,1,FULL,31-10-2025,21:33:36,31-10-2025,21:33:37,31-10-2025,21:35:46,COMPLETED,0,1
79KWH,8,1,FULL,31-10-2025,21:35:51,31-10-2025,21:35:55,31-10-2025,21:38:03,COMPLETED,0,1
79KWH,8,1,FULL,31-10-2025,21:38:10,31-10-2025,21:38:11,31-10-2025,21:40:22,COMPLETED,0,1
79KWH,8,1,FULL,31-10-2025,21:40:28,31-10-2025,21:40:31,31-10-2025,21:42:40,COMPLETED,0,1
79KWH,8,1,FULL,31-10-2025,21:42:48,31-10-2025,21:42:49,31-10-2025,21:45:02,COMPLETED,0,1
79KWH,8,1,FULL,31-10-2025,21:45:09,31-10-2025,21:45:10,31-10-2025,21:47:21,COMPLETED,0,1
79KWH,8,1,FULL,31-10-2025,21:47:29,31-10-2025,21:47:30,31-10-2025,21:49:44,COMPLETED,0,1
79KWH,8,1,FULL,31-10-2025,21:49:50,31-10-2025,21:49:52,31-10-2025,21:52:03,COMPLETED,0,1
79KWH,8,1,FULL,31-10-2025,21:52:11,31-10-2025,21:52:12,31-10-2025,21:54:26,COMPLETED,0,1
79KWH,8,1,FULL,31-10-2025,21:54:32,31-10-2025,21:54:35,31-10-2025,21:56:47,COMPLETED,0,1
79KWH,8,1,FULL,31-10-2025,21:56:55,31-10-2025,21:56:56,31-10-2025,21:59:12,COMPLETED,0,1
79KWH,8,1,FULL,31-10-2025,21:59:18,31-10-2025,21:59:21,31-10-2025,22:01:35,COMPLETED,0,1
79KWH,8,1,FULL,31-10-2025,22:01:42,31-10-2025,22:01:43,31-10-2025,22:03:59,COMPLETED,0,1
79KWH,8,1,FULL,31-10-2025,22:04:05,31-10-2025,22:04:08,31-10-2025,22:06:23,COMPLETED,0,1
79KWH,8,1,FULL,31-10-2025,22:06:31,31-10-2025,22:06:31,31-10-2025,22:08:49,COMPLETED,0,1
79KWH,8,2,FULL,03-11-2025,15:34:38,03-11-2025,15:42:44,03-11-2025,15:45:22,COMPLETED,0,1
79KWH,8,2,FULL,03-11-2025,15:45:29,03-11-2025,15:45:31,03-11-2025,15:46:31,COMPLETED,0,1
79KWH,8,2,FULL,03-11-2025,15:46:45,03-11-2025,15:46:46,03-11-2025,15:47:47,COMPLETED,0,1
79KWH,8,2,FULL,03-11-2025,15:47:53,03-11-2025,15:47:56,03-11-2025,15:48:55,COMPLETED,0,1
79KWH,8,2,FULL,03-11-2025,15:49:08,03-11-2025,15:49:08,03-11-2025,15:50:09,COMPLETED,0,1
79KWH,8,2,FULL,03-11-2025,15:50:15,03-11-2025,15:50:18,03-11-2025,15:51:17,COMPLETED,0,1
79KWH,8,2,FULL,03-11-2025,15:51:31,03-11-2025,15:51:31,03-11-2025,15:52:32,COMPLETED,0,1
79KWH,8,2,FULL,03-11-2025,15:52:38,03-11-2025,15:52:42,03-11-2025,15:53:41,COMPLETED,0,1
79KWH,8,2,FULL,03-11-2025,15:53:55,03-11-2025,15:53:55,03-11-2025,15:54:56,COMPLETED,0,1
79KWH,8,2,FULL,03-11-2025,15:55:03,03-11-2025,15:55:06,03-11-2025,15:56:05,COMPLETED,0,1
79KWH,8,2,FULL,03-11-2025,15:56:25,03-11-2025,15:56:25,03-11-2025,15:57:26,COMPLETED,0,1
79KWH,8,2,FULL,03-11-2025,15:57:34,03-11-2025,15:57:36,03-11-2025,15:58:36,COMPLETED,0,1
79KWH,8,2,FULL,03-11-2025,15:58:50,03-11-2025,15:58:52,03-11-2025,15:59:54,COMPLETED,0,1
79KWH,8,2,FULL,03-11-2025,16:00:00,03-11-2025,16:00:04,03-11-2025,16:01:05,COMPLETED,0,1
79KWH,8,2,FULL,03-11-2025,16:01:19,03-11-2025,16:01:20,03-11-2025,16:02:23,COMPLETED,0,1
79KWH,8,2,FULL,03-11-2025,16:02:30,03-11-2025,16:02:32,03-11-2025,16:03:33,COMPLETED,0,1
79KWH,8,2,FULL,03-11-2025,16:29:56,03-11-2025,16:29:57,03-11-2025,16:31:01,COMPLETED,0,1
79KWH,8,2,FULL,03-11-2025,16:31:07,03-11-2025,16:31:10,03-11-2025,16:32:15,COMPLETED,0,1
79KWH,8,2,FULL,03-11-2025,16:32:29,03-11-2025,16:32:29,03-11-2025,16:33:38,COMPLETED,0,1
79KWH,8,2,FULL,03-11-2025,16:33:44,03-11-2025,16:33:48,03-11-2025,16:34:54,COMPLETED,0,1
79KWH,8,2,FULL,03-11-2025,16:35:07,03-11-2025,16:35:08,03-11-2025,16:36:18,COMPLETED,0,1
79KWH,8,2,FULL,03-11-2025,16:36:24,03-11-2025,16:36:29,03-11-2025,16:37:37,COMPLETED,0,1
79KWH,8,2,FULL,03-11-2025,16:37:51,03-11-2025,16:37:53,03-11-2025,16:39:05,COMPLETED,0,1
79KWH,8,2,FULL,03-11-2025,16:39:11,03-11-2025,16:39:14,03-11-2025,16:40:24,COMPLETED,0,1
79KWH,8,2,FULL,03-11-2025,16:40:38,03-11-2025,16:40:39,03-11-2025,16:41:53,COMPLETED,0,1
79KWH,8,2,FULL,03-11-2025,16:42:00,03-11-2025,16:42:03,03-11-2025,16:43:16,COMPLETED,0,1
79KWH,8,2,FULL,03-11-2025,16:43:30,03-11-2025,16:43:30,03-11-2025,16:44:46,COMPLETED,0,1
79KWH,8,2,FULL,03-11-2025,16:44:52,03-11-2025,16:44:55,03-11-2025,16:46:09,COMPLETED,0,1
79KWH,8,2,FULL,03-11-2025,16:46:22,03-11-2025,16:46:23,03-11-2025,16:47:40,COMPLETED,0,1
79KWH,8,2,FULL,03-11-2025,16:47:46,03-11-2025,16:47:50,03-11-2025,16:49:07,COMPLETED,0,1
79KWH,8,2,FULL,03-11-2025,16:49:21,03-11-2025,16:49:22,03-11-2025,16:50:42,COMPLETED,0,1
79KWH,8,2,FULL,03-11-2025,16:50:48,03-11-2025,16:50:51,03-11-2025,16:52:10,COMPLETED,0,1
79KWH,8,2,FULL,03-11-2025,16:52:23,03-11-2025,16:52:23,03-11-2025,16:53:45,COMPLETED,0,1
79KWH,8,2,FULL,03-11-2025,16:53:50,03-11-2025,16:53:54,03-11-2025,16:55:14,COMPLETED,0,1
79KWH,8,2,FULL,03-11-2025,16:55:27,03-11-2025,16:55:27,03-11-2025,16:56:51,COMPLETED,0,1
79KWH,8,2,FULL,03-11-2025,16:56:57,03-11-2025,16:57:00,03-11-2025,16:58:22,COMPLETED,0,1
79KWH,8,2,FULL,03-11-2025,16:58:39,03-11-2025,16:58:40,03-11-2025,17:00:07,COMPLETED,0,1
79KWH,8,2,FULL,03-11-2025,17:00:13,03-11-2025,17:00:16,03-11-2025,17:01:40,COMPLETED,0,1
79KWH,8,2,FULL,03-11-2025,17:01:54,03-11-2025,17:01:55,03-11-2025,17:03:23,COMPLETED,0,1
79KWH,8,2,FULL,03-11-2025,17:03:29,03-11-2025,17:03:31,03-11-2025,17:04:58,COMPLETED,0,1
79KWH,8,2,FULL,03-11-2025,17:05:12,03-11-2025,17:05:13,03-11-2025,17:06:44,COMPLETED,0,1
79KWH,8,2,FULL,03-11-2025,17:06:50,03-11-2025,17:06:53,03-11-2025,17:08:23,COMPLETED,0,1
79KWH,8,2,FULL,03-11-2025,17:08:38,03-11-2025,17:08:39,03-11-2025,17:10:13,COMPLETED,0,1
79KWH,8,2,FULL,03-11-2025,17:10:20,03-11-2025,17:10:22,03-11-2025,17:11:54,COMPLETED,0,1
79KWH,8,2,FULL,03-11-2025,17:12:08,03-11-2025,17:12:09,03-11-2025,17:13:45,COMPLETED,0,1
79KWH,8,2,FULL,03-11-2025,17:13:51,03-11-2025,17:13:53,03-11-2025,17:15:28,COMPLETED,0,1
79KWH,8,2,FULL,03-11-2025,17:15:42,03-11-2025,17:15:43,03-11-2025,17:17:20,COMPLETED,0,1
79KWH,8,2,FULL,03-11-2025,17:17:27,03-11-2025,17:17:30,03-11-2025,17:19:07,COMPLETED,0,1
79KWH,8,2,FULL,03-11-2025,17:19:20,03-11-2025,17:19:20,03-11-2025,17:20:59,COMPLETED,0,1
79KWH,8,2,FULL,03-11-2025,17:21:06,03-11-2025,17:21:10,03-11-2025,17:22:49,COMPLETED,0,1
79KWH,8,2,FULL,03-11-2025,17:23:04,03-11-2025,17:23:05,03-11-2025,17:24:46,COMPLETED,0,1
79KWH,8,2,FULL,03-11-2025,17:24:53,03-11-2025,17:24:55,03-11-2025,17:26:35,COMPLETED,0,1
79KWH,8,2,FULL,03-11-2025,17:26:48,03-11-2025,17:26:50,03-11-2025,17:28:32,COMPLETED,0,1
79KWH,8,2,FULL,03-11-2025,17:28:38,03-11-2025,17:28:42,03-11-2025,17:30:23,COMPLETED,0,1
79KWH,8,2,FULL,03-11-2025,17:30:37,03-11-2025,17:30:38,03-11-2025,17:32:24,COMPLETED,0,1
79KWH,8,2,FULL,03-11-2025,17:32:30,03-11-2025,17:32:32,03-11-2025,17:34:17,COMPLETED,0,1
79KWH,8,2,FULL,03-11-2025,17:34:31,03-11-2025,17:34:33,03-11-2025,17:36:20,COMPLETED,0,1
79KWH,8,2,FULL,03-11-2025,17:36:26,03-11-2025,17:36:30,03-11-2025,17:38:15,COMPLETED,0,1
79KWH,8,2,FULL,03-11-2025,17:38:28,03-11-2025,17:38:30,03-11-2025,17:40:19,COMPLETED,0,1
79KWH,8,2,FULL,03-11-2025,17:40:26,03-11-2025,17:40:28,03-11-2025,17:42:17,COMPLETED,0,1
79KWH,8,1,FULL,03-11-2025,17:41:48,03-11-2025,17:42:00,03-11-2025,17:44:35,COMPLETED,0,1
79KWH,8,2,FULL,03-11-2025,17:42:31,03-11-2025,17:42:32,03-11-2025,17:44:23,COMPLETED,0,1
79KWH,8,2,FULL,03-11-2025,17:44:30,03-11-2025,17:44:32,03-11-2025,17:46:22,COMPLETED,0,1
79KWH,8,1,FULL,03-11-2025,17:44:42,03-11-2025,17:44:44,03-11-2025,17:47:02,COMPLETED,0,1
79KWH,8,2,FULL,03-11-2025,17:46:36,03-11-2025,17:46:37,03-11-2025,17:48:29,COMPLETED,0,1
79KWH,8,1,FULL,03-11-2025,17:47:10,03-11-2025,17:47:10,03-11-2025,17:49:30,COMPLETED,0,1
79KWH,8,2,FULL,03-11-2025,17:48:36,03-11-2025,17:48:39,03-11-2025,17:50:30,COMPLETED,0,1
79KWH,8,1,FULL,03-11-2025,17:49:36,03-11-2025,17:49:38,03-11-2025,17:51:55,COMPLETED,0,1
79KWH,8,2,FULL,03-11-2025,17:50:44,03-11-2025,17:50:45,03-11-2025,17:52:40,COMPLETED,0,1
79KWH,8,1,FULL,03-11-2025,17:52:03,03-11-2025,17:52:04,03-11-2025,17:54:24,COMPLETED,0,1
79KWH,8,2,FULL,03-11-2025,17:52:47,03-11-2025,17:52:49,03-11-2025,17:54:42,COMPLETED,0,1
79KWH,8,1,FULL,03-11-2025,17:54:30,03-11-2025,17:54:32,03-11-2025,17:56:51,COMPLETED,0,1
79KWH,8,2,FULL,03-11-2025,17:54:55,03-11-2025,17:54:56,03-11-2025,17:56:52,COMPLETED,0,1
79KWH,8,2,FULL,03-11-2025,17:56:58,03-11-2025,17:57:02,03-11-2025,17:58:57,COMPLETED,0,1
79KWH,8,1,FULL,03-11-2025,17:56:58,03-11-2025,17:56:58,03-11-2025,17:59:19,COMPLETED,0,1
79KWH,8,1,FULL,03-11-2025,17:59:26,03-11-2025,17:59:28,03-11-2025,18:07:52,COMPLETED,0,1
79KWH,8,2,FULL,03-11-2025,17:59:43,03-11-2025,17:59:43,03-11-2025,18:01:42,COMPLETED,0,1
79KWH,8,2,FULL,03-11-2025,18:01:49,03-11-2025,18:01:52,03-11-2025,18:03:49,COMPLETED,0,1
79KWH,8,2,FULL,03-11-2025,18:04:03,03-11-2025,18:04:04,03-11-2025,18:06:04,COMPLETED,0,1
79KWH,8,2,FULL,03-11-2025,18:06:11,03-11-2025,18:06:14,03-11-2025,18:08:13,COMPLETED,0,1
79KWH,8,1,FULL,03-11-2025,18:08:00,03-11-2025,18:08:02,03-11-2025,18:10:24,COMPLETED,0,1
79KWH,8,2,FULL,03-11-2025,18:08:27,03-11-2025,18:08:29,03-11-2025,18:10:33,COMPLETED,0,1
79KWH,8,1,FULL,03-11-2025,18:10:32,03-11-2025,18:10:33,03-11-2025,18:12:54,COMPLETED,0,1
79KWH,8,2,FULL,03-11-2025,18:10:40,03-11-2025,18:10:41,03-11-2025,18:12:46,COMPLETED,0,1
79KWH,8,2,FULL,03-11-2025,18:12:59,03-11-2025,18:13:00,03-11-2025,18:15:07,COMPLETED,0,1
79KWH,8,1,FULL,03-11-2025,18:13:01,03-11-2025,18:13:03,03-11-2025,18:15:26,COMPLETED,0,1
79KWH,8,2,FULL,03-11-2025,18:15:12,03-11-2025,18:15:17,03-11-2025,18:17:22,COMPLETED,0,1
79KWH,8,1,FULL,03-11-2025,18:15:33,03-11-2025,18:15:34,03-11-2025,18:17:56,COMPLETED,0,1
79KWH,8,1,FULL,03-11-2025,18:18:04,03-11-2025,18:18:05,03-11-2025,18:20:30,COMPLETED,0,1
79KWH,8,1,FULL,03-11-2025,18:20:36,03-11-2025,18:20:39,03-11-2025,18:23:01,COMPLETED,0,1
79KWH,8,1,FULL,03-11-2025,18:43:44,03-11-2025,18:43:46,03-11-2025,18:46:11,COMPLETED,0,1
79KWH,8,2,FULL,03-11-2025,18:44:11,03-11-2025,18:44:11,03-11-2025,18:46:19,COMPLETED,0,1
79KWH,8,1,FULL,03-11-2025,18:51:00,03-11-2025,18:51:01,03-11-2025,18:53:24,COMPLETED,0,1
79KWH,8,2,FULL,03-11-2025,18:51:05,03-11-2025,18:51:05,03-11-2025,18:53:12,COMPLETED,0,1
79KWH,8,2,FULL,03-11-2025,18:53:26,03-11-2025,18:53:26,03-11-2025,18:55:37,COMPLETED,0,1
79KWH,8,1,FULL,03-11-2025,18:53:32,03-11-2025,18:53:33,03-11-2025,18:56:00,COMPLETED,0,1
79KWH,8,2,FULL,03-11-2025,18:55:43,03-11-2025,18:55:47,03-11-2025,18:57:55,COMPLETED,0,1
79KWH,8,1,FULL,03-11-2025,18:56:05,03-11-2025,18:56:08,03-11-2025,18:58:39,COMPLETED,0,1
79KWH,8,2,FULL,03-11-2025,18:58:09,03-11-2025,18:58:10,03-11-2025,19:00:22,COMPLETED,0,1
79KWH,8,1,FULL,03-11-2025,18:58:47,03-11-2025,18:58:47,03-11-2025,19:01:15,COMPLETED,0,1
79KWH,8,2,FULL,03-11-2025,19:00:29,03-11-2025,19:00:32,03-11-2025,19:02:43,COMPLETED,0,1
79KWH,8,1,FULL,03-11-2025,19:01:21,03-11-2025,19:01:23,03-11-2025,19:03:50,COMPLETED,0,1
79KWH,8,2,FULL,03-11-2025,19:02:57,03-11-2025,19:02:58,03-11-2025,19:05:12,COMPLETED,0,1
79KWH,8,1,FULL,03-11-2025,19:03:58,03-11-2025,19:03:58,03-11-2025,19:06:27,COMPLETED,0,1
79KWH,8,2,FULL,03-11-2025,19:05:18,03-11-2025,19:05:22,03-11-2025,19:07:35,COMPLETED,0,1
79KWH,8,1,FULL,03-11-2025,19:06:34,03-11-2025,19:06:36,03-11-2025,19:09:04,COMPLETED,0,1
79KWH,8,2,FULL,03-11-2025,19:07:48,03-11-2025,19:07:50,03-11-2025,19:10:06,COMPLETED,0,1
79KWH,8,1,FULL,03-11-2025,19:09:11,03-11-2025,19:09:13,03-11-2025,19:11:44,COMPLETED,0,1
79KWH,8,2,FULL,03-11-2025,19:10:12,03-11-2025,19:10:15,03-11-2025,19:12:30,COMPLETED,0,1
79KWH,8,1,FULL,03-11-2025,19:11:50,03-11-2025,19:11:52,03-11-2025,19:14:20,COMPLETED,0,1
79KWH,8,2,FULL,03-11-2025,19:12:43,03-11-2025,19:12:43,03-11-2025,19:15:01,COMPLETED,0,1
79KWH,8,1,FULL,03-11-2025,19:14:28,03-11-2025,19:14:29,03-11-2025,19:17:00,COMPLETED,0,1
79KWH,8,2,FULL,03-11-2025,19:15:07,03-11-2025,19:15:10,03-11-2025,19:17:27,COMPLETED,0,1
79KWH,8,1,FULL,03-11-2025,19:17:06,03-11-2025,19:17:11,03-11-2025,19:19:40,COMPLETED,0,1
79KWH,8,2,FULL,03-11-2025,19:17:40,03-11-2025,19:17:42,03-11-2025,19:20:01,COMPLETED,0,1
79KWH,8,1,FULL,03-11-2025,19:19:48,03-11-2025,19:19:49,03-11-2025,19:22:21,COMPLETED,0,1
79KWH,8,2,FULL,03-11-2025,19:20:07,03-11-2025,19:20:11,03-11-2025,19:22:30,COMPLETED,0,1
79KWH,8,1,FULL,03-11-2025,19:22:28,03-11-2025,19:22:30,03-11-2025,19:25:02,COMPLETED,0,1
79KWH,8,2,FULL,03-11-2025,19:22:45,03-11-2025,19:22:45,03-11-2025,19:25:08,COMPLETED,0,1
79KWH,8,1,FULL,03-11-2025,19:25:10,03-11-2025,19:25:11,03-11-2025,19:27:45,COMPLETED,0,1
79KWH,8,2,FULL,03-11-2025,19:25:15,03-11-2025,19:25:17,03-11-2025,19:27:38,COMPLETED,0,1
79KWH,8,1,FULL,03-11-2025,19:27:52,03-11-2025,19:27:54,03-11-2025,19:30:26,COMPLETED,0,1
79KWH,8,2,FULL,03-11-2025,19:27:52,03-11-2025,19:27:53,03-11-2025,19:30:17,COMPLETED,0,1
79KWH,8,2,FULL,03-11-2025,19:30:23,03-11-2025,19:30:26,03-11-2025,19:32:50,COMPLETED,0,1
79KWH,8,1,FULL,03-11-2025,19:30:35,03-11-2025,19:30:36,03-11-2025,19:33:11,COMPLETED,0,1
79KWH,8,2,FULL,03-11-2025,19:33:04,03-11-2025,19:33:05,03-11-2025,19:35:31,COMPLETED,0,1
79KWH,8,1,FULL,03-11-2025,19:33:17,03-11-2025,19:33:20,03-11-2025,19:36:00,COMPLETED,0,1
79KWH,8,2,FULL,03-11-2025,19:35:37,03-11-2025,19:35:40,03-11-2025,19:38:05,COMPLETED,0,1
79KWH,8,1,FULL,03-11-2025,19:36:08,03-11-2025,19:36:10,03-11-2025,19:38:49,COMPLETED,0,1
79KWH,8,2,FULL,03-11-2025,19:38:19,03-11-2025,19:38:20,03-11-2025,19:40:48,COMPLETED,0,1
79KWH,8,1,FULL,03-11-2025,19:38:55,03-11-2025,19:38:58,03-11-2025,19:41:32,COMPLETED,0,1
79KWH,8,2,FULL,03-11-2025,19:40:54,03-11-2025,19:40:57,03-11-2025,19:43:24,COMPLETED,0,1
79KWH,8,1,FULL,03-11-2025,19:41:40,03-11-2025,19:41:41,03-11-2025,19:44:19,COMPLETED,0,1
79KWH,8,2,FULL,03-11-2025,19:43:40,03-11-2025,19:43:41,03-11-2025,19:46:11,COMPLETED,0,1
79KWH,8,1,FULL,03-11-2025,19:44:26,03-11-2025,19:44:29,03-11-2025,19:47:05,COMPLETED,0,1
79KWH,8,2,FULL,03-11-2025,19:46:18,03-11-2025,19:46:21,03-11-2025,19:48:49,COMPLETED,0,1
79KWH,8,1,FULL,03-11-2025,19:47:12,03-11-2025,19:47:13,03-11-2025,19:49:51,COMPLETED,0,1
79KWH,8,2,FULL,03-11-2025,19:49:04,03-11-2025,19:49:04,03-11-2025,19:51:36,COMPLETED,0,1
79KWH,8,1,FULL,03-11-2025,19:49:57,03-11-2025,19:50:00,03-11-2025,19:52:38,COMPLETED,0,1
79KWH,8,2,FULL,03-11-2025,19:51:43,03-11-2025,19:51:46,03-11-2025,19:54:16,COMPLETED,0,1
79KWH,8,1,FULL,03-11-2025,19:52:46,03-11-2025,19:52:47,03-11-2025,19:55:27,COMPLETED,0,1
79KWH,8,2,FULL,03-11-2025,19:54:30,03-11-2025,19:54:30,03-11-2025,19:57:04,COMPLETED,0,1
79KWH,8,1,FULL,03-11-2025,19:55:33,03-11-2025,19:55:36,03-11-2025,19:58:13,COMPLETED,0,1
79KWH,8,2,FULL,03-11-2025,19:57:58,03-11-2025,19:57:58,03-11-2025,20:00:31,COMPLETED,0,1
79KWH,8,1,FULL,03-11-2025,19:58:22,03-11-2025,19:58:23,03-11-2025,20:01:10,COMPLETED,0,1
79KWH,8,2,FULL,03-11-2025,20:00:44,03-11-2025,20:00:46,03-11-2025,20:03:22,COMPLETED,0,1
79KWH,8,1,FULL,03-11-2025,20:01:16,03-11-2025,20:01:19,03-11-2025,20:03:58,COMPLETED,0,1
79KWH,8,2,FULL,03-11-2025,20:03:28,03-11-2025,20:03:31,03-11-2025,20:06:06,COMPLETED,0,1
79KWH,8,1,FULL,03-11-2025,20:04:07,03-11-2025,20:04:08,03-11-2025,20:06:50,COMPLETED,0,1
79KWH,8,2,FULL,03-11-2025,20:06:19,03-11-2025,20:06:20,03-11-2025,20:08:58,COMPLETED,0,1
79KWH,8,1,FULL,03-11-2025,20:06:59,03-11-2025,20:07:00,03-11-2025,20:08:49,COMPLETED,0,1
79KWH,8,1,FULL,03-11-2025,20:08:56,03-11-2025,20:08:58,03-11-2025,20:09:51,COMPLETED,0,1
79KWH,8,2,FULL,03-11-2025,20:09:04,03-11-2025,20:09:07,03-11-2025,20:11:44,COMPLETED,0,1
79KWH,8,1,FULL,03-11-2025,20:10:03,03-11-2025,20:10:03,03-11-2025,20:10:59,COMPLETED,0,1
79KWH,8,1,FULL,03-11-2025,20:11:04,03-11-2025,20:11:08,03-11-2025,20:12:01,COMPLETED,0,1
79KWH,8,2,FULL,03-11-2025,20:11:58,03-11-2025,20:11:59,03-11-2025,20:14:38,COMPLETED,0,1
79KWH,8,1,FULL,03-11-2025,20:12:13,03-11-2025,20:12:14,03-11-2025,20:13:10,COMPLETED,0,1
79KWH,8,1,FULL,03-11-2025,20:13:16,03-11-2025,20:13:19,03-11-2025,20:14:19,COMPLETED,0,1
79KWH,8,1,FULL,03-11-2025,20:14:32,03-11-2025,20:14:33,03-11-2025,20:15:30,COMPLETED,0,1
79KWH,8,2,FULL,03-11-2025,20:14:45,03-11-2025,20:14:48,03-11-2025,20:17:25,COMPLETED,0,1
79KWH,8,1,FULL,03-11-2025,20:59:30,03-11-2025,20:59:31,03-11-2025,21:00:25,COMPLETED,0,1
79KWH,8,2,FULL,03-11-2025,21:00:00,03-11-2025,21:00:01,03-11-2025,21:02:41,COMPLETED,0,1
79KWH,8,1,FULL,03-11-2025,21:01:26,03-11-2025,21:01:27,03-11-2025,21:02:31,COMPLETED,0,1
79KWH,8,2,FULL,03-11-2025,21:02:47,03-11-2025,21:02:51,03-11-2025,21:05:30,COMPLETED,0,1
79KWH,8,1,FULL,03-11-2025,21:03:16,03-11-2025,21:03:16,03-11-2025,21:04:14,COMPLETED,0,1
79KWH,8,1,FULL,03-11-2025,21:05:09,03-11-2025,21:05:10,03-11-2025,21:06:11,COMPLETED,0,1
79KWH,8,2,FULL,03-11-2025,21:05:44,03-11-2025,21:05:45,03-11-2025,21:08:29,COMPLETED,0,1
79KWH,8,1,FULL,03-11-2025,21:06:20,03-11-2025,21:06:21,03-11-2025,21:07:20,COMPLETED,0,1
79KWH,8,1,FULL,03-11-2025,21:07:54,03-11-2025,21:07:55,03-11-2025,21:08:59,COMPLETED,0,1
79KWH,8,2,FULL,03-11-2025,21:08:35,03-11-2025,21:08:38,03-11-2025,21:11:20,COMPLETED,0,1
79KWH,8,1,FULL,03-11-2025,21:09:05,03-11-2025,21:09:07,03-11-2025,21:10:07,COMPLETED,0,1
79KWH,8,1,FULL,03-11-2025,21:10:45,03-11-2025,21:10:45,03-11-2025,21:11:49,COMPLETED,0,1
79KWH,8,2,FULL,03-11-2025,21:11:33,03-11-2025,21:11:34,03-11-2025,21:14:20,COMPLETED,0,1
79KWH,8,1,FULL,03-11-2025,21:11:55,03-11-2025,21:11:58,03-11-2025,21:13:00,COMPLETED,0,1
79KWH,8,1,FULL,03-11-2025,21:13:27,03-11-2025,21:13:27,03-11-2025,21:14:31,COMPLETED,0,1
79KWH,8,2,FULL,03-11-2025,21:14:25,03-11-2025,21:14:30,03-11-2025,21:17:14,COMPLETED,0,1
79KWH,8,1,FULL,03-11-2025,21:14:37,03-11-2025,21:14:39,03-11-2025,21:15:42,COMPLETED,0,1
79KWH,8,1,FULL,03-11-2025,21:16:21,03-11-2025,21:16:22,03-11-2025,21:17:28,COMPLETED,0,1
79KWH,8,2,FULL,03-11-2025,21:17:28,03-11-2025,21:17:29,03-11-2025,21:20:16,COMPLETED,0,1
79KWH,8,1,FULL,03-11-2025,21:17:33,03-11-2025,21:17:36,03-11-2025,21:18:40,COMPLETED,0,1
79KWH,8,1,FULL,03-11-2025,21:19:43,03-11-2025,21:19:43,03-11-2025,21:20:51,COMPLETED,0,1
79KWH,8,2,FULL,03-11-2025,21:20:23,03-11-2025,21:20:24,03-11-2025,21:23:10,COMPLETED,0,1
79KWH,8,1,FULL,03-11-2025,21:20:57,03-11-2025,21:21:00,03-11-2025,21:22:06,COMPLETED,0,1
79KWH,8,1,FULL,03-11-2025,21:22:37,03-11-2025,21:22:37,03-11-2025,21:23:46,COMPLETED,0,1
79KWH,8,2,FULL,03-11-2025,21:23:23,03-11-2025,21:23:24,03-11-2025,21:26:13,COMPLETED,0,1
79KWH,8,1,FULL,03-11-2025,21:23:52,03-11-2025,21:23:56,03-11-2025,21:25:03,COMPLETED,0,1
79KWH,8,1,FULL,03-11-2025,21:25:20,03-11-2025,21:25:21,03-11-2025,21:26:31,COMPLETED,0,1
79KWH,8,2,FULL,03-11-2025,21:26:19,03-11-2025,21:26:23,03-11-2025,21:29:11,COMPLETED,0,1
79KWH,8,1,FULL,03-11-2025,21:26:38,03-11-2025,21:26:41,03-11-2025,21:27:49,COMPLETED,0,1
79KWH,8,1,FULL,03-11-2025,21:28:18,03-11-2025,21:28:19,03-11-2025,21:29:30,COMPLETED,0,1
79KWH,8,2,FULL,03-11-2025,21:29:24,03-11-2025,21:29:26,03-11-2025,21:32:18,COMPLETED,0,1
79KWH,8,1,FULL,03-11-2025,21:29:36,03-11-2025,21:29:38,03-11-2025,21:30:48,COMPLETED,0,1
79KWH,8,1,FULL,03-11-2025,21:31:02,03-11-2025,21:31:03,03-11-2025,21:32:15,COMPLETED,0,1
79KWH,8,2,FULL,03-11-2025,21:32:24,03-11-2025,21:32:26,03-11-2025,21:35:17,COMPLETED,0,1
79KWH,8,1,FULL,03-11-2025,21:33:01,03-11-2025,21:33:03,03-11-2025,21:34:13,COMPLETED,0,1
79KWH,8,1,FULL,03-11-2025,21:34:31,03-11-2025,21:34:31,03-11-2025,21:35:45,COMPLETED,0,1
79KWH,8,2,FULL,03-11-2025,21:35:30,03-11-2025,21:35:31,03-11-2025,21:38:24,COMPLETED,0,1
79KWH,8,1,FULL,03-11-2025,21:35:51,03-11-2025,21:35:54,03-11-2025,21:37:06,COMPLETED,0,1
79KWH,8,1,FULL,03-11-2025,21:37:15,03-11-2025,21:37:15,03-11-2025,21:38:30,COMPLETED,0,1
79KWH,8,2,FULL,03-11-2025,21:38:33,03-11-2025,21:38:34,03-11-2025,21:41:28,COMPLETED,0,1
79KWH,8,1,FULL,03-11-2025,21:38:36,03-11-2025,21:38:39,03-11-2025,21:39:52,COMPLETED,0,1
79KWH,8,1,FULL,03-11-2025,21:40:01,03-11-2025,21:40:01,03-11-2025,21:41:16,COMPLETED,0,1
79KWH,8,1,FULL,03-11-2025,21:41:22,03-11-2025,21:41:26,03-11-2025,21:42:39,COMPLETED,0,1
79KWH,8,2,FULL,03-11-2025,21:41:45,03-11-2025,21:41:45,03-11-2025,21:44:43,COMPLETED,0,1
79KWH,8,1,FULL,03-11-2025,21:42:48,03-11-2025,21:42:48,03-11-2025,21:44:04,COMPLETED,0,1
79KWH,8,1,FULL,03-11-2025,21:44:10,03-11-2025,21:44:14,03-11-2025,21:45:28,COMPLETED,0,1
79KWH,8,2,FULL,03-11-2025,21:44:50,03-11-2025,21:44:53,03-11-2025,21:47:50,COMPLETED,0,1
79KWH,8,1,FULL,03-11-2025,21:45:36,03-11-2025,21:45:37,03-11-2025,21:46:55,COMPLETED,0,1
79KWH,8,1,FULL,03-11-2025,21:47:01,03-11-2025,21:47:04,03-11-2025,21:48:20,COMPLETED,0,1
79KWH,8,2,FULL,03-11-2025,21:48:02,03-11-2025,21:48:04,03-11-2025,21:51:03,COMPLETED,0,1
79KWH,8,1,FULL,03-11-2025,21:48:28,03-11-2025,21:48:30,03-11-2025,21:49:49,COMPLETED,0,1
79KWH,8,1,FULL,03-11-2025,21:49:55,03-11-2025,21:49:57,03-11-2025,21:51:15,COMPLETED,0,1
79KWH,8,2,FULL,03-11-2025,21:51:09,03-11-2025,21:51:12,03-11-2025,21:54:10,COMPLETED,0,1
79KWH,8,1,FULL,03-11-2025,21:51:23,03-11-2025,21:51:24,03-11-2025,21:52:44,COMPLETED,0,1
79KWH,8,1,FULL,03-11-2025,21:52:51,03-11-2025,21:52:52,03-11-2025,21:54:10,COMPLETED,0,1
79KWH,8,1,FULL,03-11-2025,21:54:18,03-11-2025,21:54:19,03-11-2025,21:55:40,COMPLETED,0,1
79KWH,8,2,FULL,03-11-2025,21:54:24,03-11-2025,21:54:25,03-11-2025,21:57:27,COMPLETED,0,1
79KWH,8,1,FULL,03-11-2025,21:55:45,03-11-2025,21:55:48,03-11-2025,21:57:10,COMPLETED,0,1
79KWH,8,1,FULL,03-11-2025,21:57:18,03-11-2025,21:57:18,03-11-2025,21:58:40,COMPLETED,0,1
79KWH,8,2,FULL,03-11-2025,21:57:34,03-11-2025,21:57:36,03-11-2025,22:00:36,COMPLETED,0,1
79KWH,8,1,FULL,03-11-2025,21:58:46,03-11-2025,21:58:50,03-11-2025,22:00:13,COMPLETED,0,1
79KWH,8,1,FULL,03-11-2025,22:00:22,03-11-2025,22:00:23,03-11-2025,22:01:47,COMPLETED,0,1
79KWH,8,2,FULL,03-11-2025,22:00:51,03-11-2025,22:00:53,03-11-2025,22:03:55,COMPLETED,0,1
79KWH,8,1,FULL,03-11-2025,22:01:52,03-11-2025,22:01:55,03-11-2025,22:03:16,COMPLETED,0,1
79KWH,8,1,FULL,03-11-2025,22:03:24,03-11-2025,22:03:24,03-11-2025,22:04:48,COMPLETED,0,1
79KWH,8,2,FULL,03-11-2025,22:04:01,03-11-2025,22:04:05,03-11-2025,22:07:06,COMPLETED,0,1
79KWH,8,1,FULL,03-11-2025,22:04:55,03-11-2025,22:04:57,03-11-2025,22:06:19,COMPLETED,0,1
79KWH,8,1,FULL,03-11-2025,22:06:28,03-11-2025,22:06:30,03-11-2025,22:07:55,COMPLETED,0,1
79KWH,8,2,FULL,03-11-2025,22:07:19,03-11-2025,22:07:20,03-11-2025,22:10:25,COMPLETED,0,1
79KWH,8,1,FULL,03-11-2025,22:08:01,03-11-2025,22:08:04,03-11-2025,22:09:27,COMPLETED,0,1
79KWH,8,1,FULL,03-11-2025,22:09:37,03-11-2025,22:09:37,03-11-2025,22:11:04,COMPLETED,0,1
79KWH,8,2,FULL,03-11-2025,22:10:32,03-11-2025,22:10:35,03-11-2025,22:13:39,COMPLETED,0,1
79KWH,8,1,FULL,03-11-2025,22:11:10,03-11-2025,22:11:12,03-11-2025,22:12:36,COMPLETED,0,1
79KWH,8,1,FULL,03-11-2025,22:12:47,03-11-2025,22:12:48,03-11-2025,22:14:15,COMPLETED,0,1
79KWH,8,2,FULL,03-11-2025,22:13:53,03-11-2025,22:13:53,03-11-2025,22:16:59,COMPLETED,0,1
79KWH,8,1,FULL,03-11-2025,22:14:21,03-11-2025,22:14:24,03-11-2025,22:15:51,COMPLETED,0,1
79KWH,8,1,FULL,03-11-2025,22:28:16,03-11-2025,22:28:16,03-11-2025,22:29:45,COMPLETED,0,1
79KWH,8,1,FULL,03-11-2025,22:29:51,03-11-2025,22:29:53,03-11-2025,22:31:20,COMPLETED,0,1
79KWH,8,1,FULL,03-11-2025,22:31:29,03-11-2025,22:31:29,03-11-2025,22:33:00,COMPLETED,0,1
79KWH,8,1,FULL,03-11-2025,22:33:06,03-11-2025,22:33:08,03-11-2025,22:34:36,COMPLETED,0,1
79KWH,8,1,FULL,03-11-2025,22:34:45,03-11-2025,22:34:45,03-11-2025,22:36:16,COMPLETED,0,1
79KWH,8,1,FULL,03-11-2025,23:08:39,03-11-2025,23:08:40,03-11-2025,23:10:08,COMPLETED,0,1
79KWH,8,2,FULL,04-11-2025,07:49:52,04-11-2025,07:49:52,04-11-2025,07:53:37,COMPLETED,0,1
79KWH,8,1,FULL,04-11-2025,07:50:42,04-11-2025,07:51:53,04-11-2025,07:54:04,COMPLETED,0,1
79KWH,8,2,FULL,04-11-2025,07:53:44,04-11-2025,07:53:47,04-11-2025,07:56:54,COMPLETED,0,1
79KWH,8,1,FULL,04-11-2025,07:54:10,04-11-2025,07:54:13,04-11-2025,07:55:44,COMPLETED,0,1
79KWH,8,1,FULL,04-11-2025,07:55:52,04-11-2025,07:55:53,04-11-2025,07:57:26,COMPLETED,0,1
79KWH,8,2,FULL,04-11-2025,07:57:07,04-11-2025,07:57:08,04-11-2025,08:00:18,COMPLETED,0,1
79KWH,8,1,FULL,04-11-2025,07:57:32,04-11-2025,07:57:36,04-11-2025,07:59:07,COMPLETED,0,1
79KWH,8,1,FULL,04-11-2025,07:59:16,04-11-2025,07:59:16,04-11-2025,08:00:49,COMPLETED,0,1
79KWH,8,2,FULL,04-11-2025,08:00:24,04-11-2025,08:00:28,04-11-2025,08:03:38,COMPLETED,0,1
79KWH,8,1,FULL,04-11-2025,08:00:56,04-11-2025,08:00:59,04-11-2025,08:02:30,COMPLETED,0,1
79KWH,8,1,FULL,04-11-2025,08:02:40,04-11-2025,08:02:41,04-11-2025,08:04:17,COMPLETED,0,1
79KWH,8,2,FULL,04-11-2025,08:03:51,04-11-2025,08:03:52,04-11-2025,08:07:05,COMPLETED,0,1
79KWH,8,1,FULL,04-11-2025,08:04:23,04-11-2025,08:04:26,04-11-2025,08:05:59,COMPLETED,0,1
79KWH,8,1,FULL,04-11-2025,08:06:08,04-11-2025,08:06:10,04-11-2025,08:07:45,COMPLETED,0,1
79KWH,8,2,FULL,04-11-2025,08:07:12,04-11-2025,08:07:15,04-11-2025,08:10:27,COMPLETED,0,1
79KWH,8,1,FULL,04-11-2025,08:07:52,04-11-2025,08:09:39,04-11-2025,08:11:50,COMPLETED,0,1
79KWH,8,2,FULL,04-11-2025,08:10:40,04-11-2025,08:12:51,04-11-2025,08:16:39,COMPLETED,0,1
79KWH,8,1,FULL,04-11-2025,08:11:59,04-11-2025,08:12:00,04-11-2025,08:13:37,COMPLETED,0,1
79KWH,8,1,FULL,04-11-2025,08:13:44,04-11-2025,08:15:26,04-11-2025,08:17:38,COMPLETED,0,1
79KWH,8,2,FULL,04-11-2025,08:16:45,04-11-2025,08:16:48,04-11-2025,08:20:01,COMPLETED,0,1
79KWH,8,1,FULL,04-11-2025,08:17:46,04-11-2025,08:17:48,04-11-2025,08:19:26,COMPLETED,0,1
79KWH,8,1,FULL,04-11-2025,08:19:32,04-11-2025,08:19:35,04-11-2025,08:21:12,COMPLETED,0,1
79KWH,8,2,FULL,04-11-2025,08:20:14,04-11-2025,08:20:15,04-11-2025,08:23:31,COMPLETED,0,1
79KWH,8,1,FULL,04-11-2025,08:21:20,04-11-2025,08:21:20,04-11-2025,08:23:00,COMPLETED,0,1
79KWH,8,1,FULL,04-11-2025,08:23:05,04-11-2025,08:23:09,04-11-2025,08:24:46,COMPLETED,0,1
79KWH,8,2,FULL,04-11-2025,08:23:37,04-11-2025,08:23:41,04-11-2025,08:26:55,COMPLETED,0,1
79KWH,8,1,FULL,04-11-2025,08:24:55,04-11-2025,08:24:57,04-11-2025,08:26:42,COMPLETED,0,1
79KWH,8,1,FULL,04-11-2025,08:26:47,04-11-2025,08:26:51,04-11-2025,08:28:30,COMPLETED,0,1
79KWH,8,2,FULL,04-11-2025,08:27:09,04-11-2025,08:29:15,04-11-2025,08:33:04,COMPLETED,0,1
79KWH,8,1,FULL,04-11-2025,08:28:39,04-11-2025,08:30:24,04-11-2025,08:32:43,COMPLETED,0,1
79KWH,8,1,FULL,04-11-2025,08:32:49,04-11-2025,08:34:36,04-11-2025,08:36:51,COMPLETED,0,1
79KWH,8,2,FULL,04-11-2025,08:33:10,04-11-2025,08:35:31,04-11-2025,08:39:18,COMPLETED,0,1
79KWH,8,1,FULL,04-11-2025,08:37:00,04-11-2025,08:37:01,04-11-2025,08:38:45,COMPLETED,0,1
79KWH,8,1,FULL,04-11-2025,08:38:51,04-11-2025,08:38:53,04-11-2025,08:40:35,COMPLETED,0,1
79KWH,8,2,FULL,04-11-2025,08:39:31,04-11-2025,08:39:33,04-11-2025,08:42:52,COMPLETED,0,1
79KWH,8,1,FULL,04-11-2025,08:40:44,04-11-2025,08:40:45,04-11-2025,08:42:31,COMPLETED,0,1
79KWH,8,1,FULL,04-11-2025,08:42:37,04-11-2025,08:42:40,04-11-2025,08:44:23,COMPLETED,0,1
79KWH,8,2,FULL,04-11-2025,08:42:59,04-11-2025,08:43:02,04-11-2025,08:46:21,COMPLETED,0,1
79KWH,8,1,FULL,04-11-2025,08:44:32,04-11-2025,08:44:33,04-11-2025,08:46:19,COMPLETED,0,1
79KWH,8,1,FULL,04-11-2025,08:46:25,04-11-2025,08:46:27,04-11-2025,08:48:10,COMPLETED,0,1
79KWH,8,2,FULL,04-11-2025,08:46:35,04-11-2025,08:46:36,04-11-2025,08:49:59,COMPLETED,0,1
79KWH,8,1,FULL,04-11-2025,08:48:19,04-11-2025,08:48:20,04-11-2025,08:50:06,COMPLETED,0,1
79KWH,8,2,FULL,04-11-2025,08:50:05,04-11-2025,08:50:10,04-11-2025,08:53:32,COMPLETED,0,1
79KWH,8,1,FULL,04-11-2025,08:50:13,04-11-2025,08:50:15,04-11-2025,08:52:00,COMPLETED,0,1
79KWH,8,1,FULL,04-11-2025,08:52:09,04-11-2025,08:53:58,04-11-2025,08:56:18,COMPLETED,0,1
79KWH,8,2,FULL,04-11-2025,08:53:45,04-11-2025,08:53:46,04-11-2025,08:57:10,COMPLETED,0,1
79KWH,8,1,FULL,04-11-2025,08:56:24,04-11-2025,08:56:28,04-11-2025,08:58:13,COMPLETED,0,1
79KWH,8,2,FULL,04-11-2025,08:57:17,04-11-2025,08:57:20,04-11-2025,09:00:42,COMPLETED,0,1
79KWH,8,1,FULL,04-11-2025,08:58:21,04-11-2025,09:00:04,04-11-2025,09:02:25,COMPLETED,0,1
79KWH,8,2,FULL,04-11-2025,09:00:56,04-11-2025,09:03:03,04-11-2025,09:06:57,COMPLETED,0,1
79KWH,8,1,FULL,04-11-2025,09:02:32,04-11-2025,09:02:33,04-11-2025,09:04:20,COMPLETED,0,1
79KWH,8,1,FULL,04-11-2025,09:04:29,04-11-2025,09:06:16,04-11-2025,09:08:37,COMPLETED,0,1
79KWH,8,2,FULL,04-11-2025,09:07:03,04-11-2025,09:09:29,04-11-2025,09:13:20,COMPLETED,0,1
79KWH,8,1,FULL,04-11-2025,09:08:44,04-11-2025,09:08:47,04-11-2025,09:10:37,COMPLETED,0,1
79KWH,8,1,FULL,04-11-2025,09:10:45,04-11-2025,09:10:46,04-11-2025,09:12:38,COMPLETED,0,1
79KWH,8,1,FULL,04-11-2025,09:12:44,04-11-2025,09:12:47,04-11-2025,09:14:39,COMPLETED,0,1
79KWH,8,2,FULL,04-11-2025,09:13:33,04-11-2025,09:13:34,04-11-2025,09:17:03,COMPLETED,0,1
79KWH,8,1,FULL,04-11-2025,09:14:47,04-11-2025,09:14:47,04-11-2025,09:16:42,COMPLETED,0,1
79KWH,8,1,FULL,04-11-2025,09:28:40,04-11-2025,09:30:23,04-11-2025,09:32:52,COMPLETED,0,1
79KWH,8,2,FULL,04-11-2025,09:29:01,04-11-2025,09:29:02,04-11-2025,09:32:54,COMPLETED,0,1
79KWH,8,1,FULL,04-11-2025,09:33:00,04-11-2025,09:33:00,04-11-2025,09:34:57,COMPLETED,0,1
79KWH,8,2,FULL,04-11-2025,09:33:08,04-11-2025,09:35:21,04-11-2025,09:39:17,COMPLETED,0,1
79KWH,8,1,FULL,04-11-2025,09:35:03,04-11-2025,09:35:06,04-11-2025,09:37:01,COMPLETED,0,1
79KWH,8,2,FULL,04-11-2025,09:39:23,04-11-2025,09:39:26,04-11-2025,09:42:55,COMPLETED,0,1
79KWH,8,1,FULL,04-11-2025,09:39:39,04-11-2025,09:39:39,04-11-2025,09:41:37,COMPLETED,0,1
79KWH,8,2,FULL,04-11-2025,09:43:07,04-11-2025,09:45:15,04-11-2025,09:49:11,COMPLETED,0,1
79KWH,8,2,FULL,04-11-2025,09:49:18,04-11-2025,09:49:20,04-11-2025,09:52:51,COMPLETED,0,1
79KWH,8,2,FULL,04-11-2025,09:53:04,04-11-2025,09:53:05,04-11-2025,09:56:39,COMPLETED,0,1
79KWH,8,2,FULL,04-11-2025,09:56:45,04-11-2025,09:59:07,04-11-2025,10:03:02,COMPLETED,0,1
79KWH,8,2,FULL,04-11-2025,10:03:15,04-11-2025,10:03:16,04-11-2025,10:06:53,COMPLETED,0,1
79KWH,8,2,FULL,04-11-2025,10:06:59,04-11-2025,10:07:01,04-11-2025,10:10:37,COMPLETED,0,1
79KWH,8,2,FULL,04-11-2025,10:10:50,04-11-2025,10:13:00,04-11-2025,10:16:59,COMPLETED,0,1
79KWH,8,2,FULL,04-11-2025,10:17:07,04-11-2025,10:17:09,04-11-2025,10:20:47,COMPLETED,0,1
79KWH,8,2,FULL,04-11-2025,10:20:55,04-11-2025,10:23:13,04-11-2025,10:27:14,COMPLETED,0,1
79KWH,8,2,FULL,04-11-2025,10:27:20,04-11-2025,10:27:22,04-11-2025,10:31:02,COMPLETED,0,1
79KWH,8,2,FULL,04-11-2025,10:31:10,04-11-2025,10:33:22,04-11-2025,10:37:25,COMPLETED,0,1
79KWH,8,2,FULL,04-11-2025,10:37:30,04-11-2025,10:39:54,04-11-2025,10:43:54,COMPLETED,0,1
79KWH,8,2,FULL,04-11-2025,10:44:02,04-11-2025,10:46:17,04-11-2025,10:50:23,COMPLETED,0,1
79KWH,8,2,FULL,04-11-2025,10:50:32,04-11-2025,10:52:55,04-11-2025,10:56:57,COMPLETED,0,1
79KWH,8,2,FULL,04-11-2025,10:57:11,04-11-2025,10:59:21,04-11-2025,11:03:31,COMPLETED,0,1
79KWH,8,2,FULL,04-11-2025,11:03:37,04-11-2025,11:03:40,04-11-2025,11:07:38,COMPLETED,0,1
79KWH,8,2,FULL,04-11-2025,11:07:56,04-11-2025,11:10:15,04-11-2025,11:14:15,COMPLETED,0,1
79KWH,8,2,FULL,04-11-2025,11:14:21,04-11-2025,11:14:24,04-11-2025,11:18:04,COMPLETED,0,1
79KWH,8,2,FULL,04-11-2025,11:18:22,04-11-2025,11:38:47,04-11-2025,11:42:48,COMPLETED,0,1
79KWH,8,2,FULL,04-11-2025,11:42:55,04-11-2025,11:45:13,04-11-2025,11:49:12,COMPLETED,0,1
79KWH,8,2,FULL,04-11-2025,11:49:30,04-11-2025,11:51:31,04-11-2025,11:55:32,COMPLETED,0,1
79KWH,8,1,FULL,04-11-2025,12:39:03,04-11-2025,12:39:20,04-11-2025,12:40:44,COMPLETED,0,1
79KWH,8,2,FULL,04-11-2025,12:39:06,04-11-2025,12:39:19,04-11-2025,12:43:19,COMPLETED,0,1
79KWH,8,1,FULL,04-11-2025,12:40:53,04-11-2025,12:42:39,04-11-2025,12:45:03,COMPLETED,0,1
79KWH,8,2,FULL,04-11-2025,12:43:37,04-11-2025,12:45:27,04-11-2025,12:49:30,COMPLETED,0,1
79KWH,8,1,FULL,04-11-2025,12:45:09,04-11-2025,12:46:53,04-11-2025,12:49:17,COMPLETED,0,1
79KWH,8,1,FULL,04-11-2025,12:49:26,04-11-2025,12:51:09,04-11-2025,12:53:33,COMPLETED,0,1
79KWH,8,2,FULL,04-11-2025,12:49:37,04-11-2025,12:49:40,04-11-2025,12:53:25,COMPLETED,0,1
79KWH,8,1,FULL,04-11-2025,12:53:38,04-11-2025,12:53:42,04-11-2025,12:55:39,COMPLETED,0,1
79KWH,8,2,FULL,04-11-2025,12:53:44,04-11-2025,12:55:23,04-11-2025,12:59:27,COMPLETED,0,1
79KWH,8,1,FULL,04-11-2025,12:55:49,04-11-2025,12:57:28,04-11-2025,12:59:56,COMPLETED,0,1
79KWH,8,2,FULL,04-11-2025,12:59:33,04-11-2025,12:59:36,04-11-2025,13:03:23,COMPLETED,0,1
79KWH,8,1,FULL,04-11-2025,13:00:01,04-11-2025,13:01:51,04-11-2025,13:04:16,COMPLETED,0,1
79KWH,8,2,FULL,04-11-2025,13:03:41,04-11-2025,13:05:31,04-11-2025,13:09:37,COMPLETED,0,1
79KWH,8,1,FULL,04-11-2025,13:04:25,04-11-2025,13:04:27,04-11-2025,13:06:30,COMPLETED,0,1
79KWH,8,1,FULL,04-11-2025,13:06:37,04-11-2025,13:06:39,04-11-2025,13:08:41,COMPLETED,0,1
79KWH,8,1,FULL,04-11-2025,13:08:50,04-11-2025,13:08:51,04-11-2025,13:10:55,COMPLETED,0,1
79KWH,8,2,FULL,04-11-2025,13:09:43,04-11-2025,13:09:51,04-11-2025,13:13:39,COMPLETED,0,1
79KWH,8,1,FULL,04-11-2025,13:11:01,04-11-2025,13:11:05,04-11-2025,13:13:13,COMPLETED,0,1
79KWH,8,1,FULL,04-11-2025,13:13:22,04-11-2025,13:15:04,04-11-2025,13:17:32,COMPLETED,0,1
79KWH,8,2,FULL,04-11-2025,13:13:59,04-11-2025,13:15:42,04-11-2025,13:19:47,COMPLETED,0,1
79KWH,8,1,FULL,04-11-2025,13:17:38,04-11-2025,13:17:42,04-11-2025,13:19:45,COMPLETED,0,1
79KWH,8,1,FULL,04-11-2025,13:19:54,04-11-2025,13:21:41,04-11-2025,13:24:11,COMPLETED,0,1
79KWH,8,2,FULL,04-11-2025,13:19:54,04-11-2025,13:19:56,04-11-2025,13:23:50,COMPLETED,0,1
79KWH,8,2,FULL,04-11-2025,13:24:09,04-11-2025,13:25:54,04-11-2025,13:30:01,COMPLETED,0,1
79KWH,8,1,FULL,04-11-2025,13:24:17,04-11-2025,13:26:02,04-11-2025,13:28:29,COMPLETED,0,1
79KWH,8,1,FULL,04-11-2025,13:28:37,04-11-2025,13:28:38,04-11-2025,13:30:46,COMPLETED,0,1
79KWH,8,2,FULL,04-11-2025,13:30:08,04-11-2025,13:30:11,04-11-2025,13:34:03,COMPLETED,0,1
79KWH,8,1,FULL,04-11-2025,13:30:51,04-11-2025,13:30:54,04-11-2025,13:33:00,COMPLETED,0,1
79KWH,8,1,FULL,04-11-2025,13:33:09,04-11-2025,13:33:10,04-11-2025,13:35:18,COMPLETED,0,1
79KWH,8,2,FULL,04-11-2025,13:34:22,04-11-2025,13:36:05,04-11-2025,13:40:12,COMPLETED,0,1
79KWH,8,1,FULL,04-11-2025,13:35:24,04-11-2025,13:35:27,04-11-2025,13:37:34,COMPLETED,0,1
79KWH,8,1,FULL,04-11-2025,13:37:42,04-11-2025,13:39:28,04-11-2025,13:41:59,COMPLETED,0,1
79KWH,8,2,FULL,04-11-2025,13:40:18,04-11-2025,13:40:22,04-11-2025,13:44:16,COMPLETED,0,1
79KWH,8,1,FULL,04-11-2025,13:42:05,04-11-2025,13:42:07,04-11-2025,13:44:16,COMPLETED,0,1
79KWH,8,1,FULL,04-11-2025,13:44:25,04-11-2025,13:46:05,04-11-2025,13:48:36,COMPLETED,0,1
79KWH,8,2,FULL,04-11-2025,13:44:36,04-11-2025,13:46:22,04-11-2025,13:50:31,COMPLETED,0,1
79KWH,8,1,FULL,04-11-2025,13:48:42,04-11-2025,13:48:45,04-11-2025,13:50:55,COMPLETED,0,1
79KWH,8,2,FULL,04-11-2025,13:50:37,04-11-2025,13:50:40,04-11-2025,13:54:37,COMPLETED,0,1
79KWH,8,1,FULL,04-11-2025,13:51:03,04-11-2025,13:51:04,04-11-2025,13:53:16,COMPLETED,0,1
79KWH,8,1,FULL,04-11-2025,13:53:23,04-11-2025,13:53:25,04-11-2025,13:55:35,COMPLETED,0,1
79KWH,8,2,FULL,04-11-2025,13:54:55,04-11-2025,13:56:38,04-11-2025,14:00:50,COMPLETED,0,1
79KWH,8,1,FULL,04-11-2025,13:55:44,04-11-2025,13:57:02,04-11-2025,13:58:56,COMPLETED,0,1
79KWH,8,1,FULL,04-11-2025,13:59:02,04-11-2025,13:59:06,04-11-2025,14:01:17,COMPLETED,0,1
79KWH,8,2,FULL,04-11-2025,14:00:56,04-11-2025,14:02:59,04-11-2025,14:07:08,COMPLETED,0,1
79KWH,8,1,FULL,04-11-2025,14:01:26,04-11-2025,14:02:45,04-11-2025,14:04:40,COMPLETED,0,1
79KWH,8,1,FULL,04-11-2025,14:04:47,04-11-2025,14:04:49,04-11-2025,14:07:01,COMPLETED,0,1
79KWH,8,1,FULL,04-11-2025,14:07:09,04-11-2025,14:10:08,04-11-2025,14:12:41,COMPLETED,0,1
79KWH,8,2,FULL,04-11-2025,14:07:27,04-11-2025,14:08:19,04-11-2025,14:12:30,COMPLETED,0,1
79KWH,8,2,FULL,04-11-2025,14:12:37,04-11-2025,14:12:39,04-11-2025,14:16:41,COMPLETED,0,1
79KWH,8,1,FULL,04-11-2025,14:12:47,04-11-2025,14:12:50,04-11-2025,14:15:04,COMPLETED,0,1
79KWH,8,1,FULL,04-11-2025,14:15:13,04-11-2025,14:16:56,04-11-2025,14:19:30,COMPLETED,0,1
79KWH,8,2,FULL,04-11-2025,14:17:00,04-11-2025,14:17:59,04-11-2025,14:22:12,COMPLETED,0,1
79KWH,8,1,FULL,04-11-2025,14:19:36,04-11-2025,14:19:39,04-11-2025,14:21:54,COMPLETED,0,1
79KWH,8,1,FULL,04-11-2025,14:22:02,04-11-2025,14:23:23,04-11-2025,14:25:21,COMPLETED,0,1
79KWH,8,2,FULL,04-11-2025,14:22:18,04-11-2025,14:22:21,04-11-2025,14:26:26,COMPLETED,0,1
79KWH,8,1,FULL,04-11-2025,14:25:26,04-11-2025,14:25:29,04-11-2025,14:27:45,COMPLETED,0,1
79KWH,8,2,FULL,04-11-2025,14:26:45,04-11-2025,14:28:27,04-11-2025,14:32:40,COMPLETED,0,1
79KWH,8,1,FULL,04-11-2025,14:27:53,04-11-2025,14:29:14,04-11-2025,14:31:12,COMPLETED,0,1
79KWH,8,1,FULL,04-11-2025,14:31:17,04-11-2025,14:31:20,04-11-2025,14:33:37,COMPLETED,0,1
79KWH,8,2,FULL,04-11-2025,14:32:46,04-11-2025,14:32:49,04-11-2025,14:36:55,COMPLETED,0,1
79KWH,8,1,FULL,04-11-2025,14:33:46,04-11-2025,14:37:00,04-11-2025,14:39:35,COMPLETED,0,1
79KWH,8,2,FULL,04-11-2025,14:37:15,04-11-2025,14:39:03,04-11-2025,14:43:18,COMPLETED,0,1
79KWH,8,1,FULL,04-11-2025,14:39:41,04-11-2025,14:41:42,04-11-2025,14:44:15,COMPLETED,0,1
79KWH,8,2,FULL,04-11-2025,14:43:24,04-11-2025,14:45:21,04-11-2025,14:49:34,COMPLETED,0,1
79KWH,8,1,FULL,04-11-2025,14:44:23,04-11-2025,14:45:59,04-11-2025,14:47:58,COMPLETED,0,1
79KWH,8,1,FULL,04-11-2025,14:48:04,04-11-2025,14:48:07,04-11-2025,14:50:26,COMPLETED,0,1
79KWH,8,2,FULL,04-11-2025,14:49:54,04-11-2025,14:51:45,04-11-2025,14:55:56,COMPLETED,0,1
79KWH,8,1,FULL,04-11-2025,14:50:35,04-11-2025,15:08:17,04-11-2025,15:10:21,COMPLETED,0,1
79KWH,8,1,FULL,04-11-2025,15:10:27,04-11-2025,15:10:30,04-11-2025,15:12:51,COMPLETED,0,1
79KWH,8,1,FULL,04-11-2025,15:13:00,04-11-2025,15:13:01,04-11-2025,15:15:24,COMPLETED,0,1
79KWH,8,1,FULL,05-11-2025,06:59:57,05-11-2025,06:59:57,05-11-2025,07:02:35,COMPLETED,0,1
79KWH,8,2,FULL,05-11-2025,07:00:52,05-11-2025,07:00:53,05-11-2025,07:05:10,COMPLETED,0,1
79KWH,8,3,FULL,05-11-2025,07:02:40,05-11-2025,07:02:41,05-11-2025,07:04:34,COMPLETED,0,1
79KWH,8,1,FULL,05-11-2025,07:02:41,05-11-2025,07:02:44,05-11-2025,07:05:06,COMPLETED,0,1
79KWH,8,3,FULL,05-11-2025,07:04:42,05-11-2025,07:04:44,05-11-2025,07:05:37,COMPLETED,0,1
79KWH,8,1,FULL,05-11-2025,07:05:13,05-11-2025,07:05:14,05-11-2025,07:07:38,COMPLETED,0,1
79KWH,8,2,FULL,05-11-2025,07:05:16,05-11-2025,07:05:19,05-11-2025,07:09:31,COMPLETED,0,1
79KWH,8,3,FULL,05-11-2025,07:05:50,05-11-2025,07:05:52,05-11-2025,07:06:48,COMPLETED,0,1
79KWH,8,1,FULL,05-11-2025,07:07:44,05-11-2025,07:07:47,05-11-2025,07:10:09,COMPLETED,0,1
79KWH,8,3,FULL,05-11-2025,07:08:20,05-11-2025,07:08:21,05-11-2025,07:09:15,COMPLETED,0,1
79KWH,8,2,FULL,05-11-2025,07:09:49,05-11-2025,07:09:50,05-11-2025,07:14:04,COMPLETED,0,1
79KWH,8,3,FULL,05-11-2025,07:10:14,05-11-2025,07:10:14,05-11-2025,07:11:12,COMPLETED,0,1
79KWH,8,1,FULL,05-11-2025,07:10:17,05-11-2025,07:10:17,05-11-2025,07:12:43,COMPLETED,0,1
79KWH,8,1,FULL,05-11-2025,07:12:49,05-11-2025,07:12:52,05-11-2025,07:15:16,COMPLETED,0,1
79KWH,8,3,FULL,05-11-2025,07:12:57,05-11-2025,07:12:58,05-11-2025,07:13:54,COMPLETED,0,1
79KWH,8,2,FULL,05-11-2025,07:14:10,05-11-2025,07:14:13,05-11-2025,07:18:25,COMPLETED,0,1
79KWH,8,1,FULL,05-11-2025,07:15:53,05-11-2025,07:15:53,05-11-2025,07:18:25,COMPLETED,0,1
79KWH,8,3,FULL,05-11-2025,07:17:00,05-11-2025,07:17:00,05-11-2025,07:18:00,COMPLETED,0,1
79KWH,8,1,FULL,05-11-2025,07:18:36,05-11-2025,07:18:37,05-11-2025,07:21:02,COMPLETED,0,1
79KWH,8,3,FULL,05-11-2025,07:19:49,05-11-2025,07:19:50,05-11-2025,07:20:47,COMPLETED,0,1
79KWH,8,1,FULL,05-11-2025,07:21:28,05-11-2025,07:21:29,05-11-2025,07:23:57,COMPLETED,0,1
79KWH,8,3,FULL,05-11-2025,07:22:35,05-11-2025,07:22:36,05-11-2025,07:23:37,COMPLETED,0,1
79KWH,8,1,FULL,05-11-2025,07:24:02,05-11-2025,07:24:06,05-11-2025,07:26:32,COMPLETED,0,1
79KWH,8,3,FULL,05-11-2025,07:24:30,05-11-2025,07:24:31,05-11-2025,07:25:31,COMPLETED,0,1
79KWH,8,3,FULL,05-11-2025,07:26:22,05-11-2025,07:26:23,05-11-2025,07:27:26,COMPLETED,0,1
79KWH,8,1,FULL,05-11-2025,07:26:40,05-11-2025,07:26:41,05-11-2025,07:29:11,COMPLETED,0,1
79KWH,8,3,FULL,05-11-2025,07:28:10,05-11-2025,07:28:11,05-11-2025,07:29:13,COMPLETED,0,1
79KWH,8,1,FULL,05-11-2025,07:29:17,05-11-2025,07:29:20,05-11-2025,07:31:48,COMPLETED,0,1
79KWH,8,3,FULL,05-11-2025,07:30:04,05-11-2025,07:30:05,05-11-2025,07:31:08,COMPLETED,0,1
79KWH,8,3,FULL,05-11-2025,07:31:52,05-11-2025,07:31:53,05-11-2025,07:32:55,COMPLETED,0,1
79KWH,8,1,FULL,05-11-2025,07:31:55,05-11-2025,07:31:57,05-11-2025,07:34:27,COMPLETED,0,1
79KWH,8,3,FULL,05-11-2025,07:33:48,05-11-2025,07:33:49,05-11-2025,07:34:55,COMPLETED,0,1
79KWH,8,1,FULL,05-11-2025,07:34:34,05-11-2025,07:34:36,05-11-2025,07:37:04,COMPLETED,0,1
79KWH,8,3,FULL,05-11-2025,07:35:36,05-11-2025,07:35:36,05-11-2025,07:36:40,COMPLETED,0,1
79KWH,8,1,FULL,05-11-2025,07:37:12,05-11-2025,07:37:13,05-11-2025,07:39:44,COMPLETED,0,1
79KWH,8,3,FULL,05-11-2025,07:37:31,05-11-2025,07:37:33,05-11-2025,07:38:38,COMPLETED,0,1
79KWH,8,3,FULL,05-11-2025,07:39:19,05-11-2025,07:39:19,05-11-2025,07:40:23,COMPLETED,0,1
79KWH,8,1,FULL,05-11-2025,07:39:51,05-11-2025,07:39:53,05-11-2025,07:42:22,COMPLETED,0,1
79KWH,8,3,FULL,05-11-2025,07:42:16,05-11-2025,07:42:16,05-11-2025,07:43:25,COMPLETED,0,1
79KWH,8,1,FULL,05-11-2025,07:42:30,05-11-2025,07:42:33,05-11-2025,07:45:05,COMPLETED,0,1
79KWH,8,3,FULL,05-11-2025,07:44:05,05-11-2025,07:44:06,05-11-2025,07:45:12,COMPLETED,0,1
79KWH,8,1,FULL,05-11-2025,07:45:12,05-11-2025,07:45:15,05-11-2025,07:47:46,COMPLETED,0,1
79KWH,8,3,FULL,05-11-2025,07:46:00,05-11-2025,07:46:00,05-11-2025,07:47:11,COMPLETED,0,1
79KWH,8,3,FULL,05-11-2025,07:47:48,05-11-2025,07:47:49,05-11-2025,07:48:58,COMPLETED,0,1
79KWH,8,1,FULL,05-11-2025,07:47:53,05-11-2025,07:47:54,05-11-2025,07:50:28,COMPLETED,0,1
79KWH,8,3,FULL,05-11-2025,07:49:06,05-11-2025,07:49:07,05-11-2025,07:50:20,COMPLETED,0,1
79KWH,8,1,FULL,05-11-2025,07:50:35,05-11-2025,07:50:36,05-11-2025,07:53:08,COMPLETED,0,1
79KWH,8,3,FULL,05-11-2025,07:50:40,05-11-2025,07:50:41,05-11-2025,07:51:52,COMPLETED,0,1
79KWH,8,3,FULL,05-11-2025,07:52:00,05-11-2025,07:52:01,05-11-2025,07:53:14,COMPLETED,0,1
79KWH,8,1,FULL,05-11-2025,07:53:16,05-11-2025,07:53:17,05-11-2025,07:55:51,COMPLETED,0,1
79KWH,8,3,FULL,05-11-2025,07:53:25,05-11-2025,07:53:25,05-11-2025,07:54:37,COMPLETED,0,1
79KWH,8,1,FULL,05-11-2025,07:55:57,05-11-2025,07:56:01,05-11-2025,07:58:34,COMPLETED,0,1
79KWH,8,3,FULL,05-11-2025,07:56:47,05-11-2025,07:56:48,05-11-2025,07:58:02,COMPLETED,0,1
79KWH,8,3,FULL,05-11-2025,07:58:38,05-11-2025,07:58:38,05-11-2025,07:59:51,COMPLETED,0,1
79KWH,8,1,FULL,05-11-2025,07:58:42,05-11-2025,07:58:43,05-11-2025,08:01:19,COMPLETED,0,1
79KWH,8,3,FULL,05-11-2025,08:00:31,05-11-2025,08:00:32,05-11-2025,08:01:47,COMPLETED,0,1
79KWH,8,1,FULL,05-11-2025,08:01:25,05-11-2025,08:01:28,05-11-2025,08:04:02,COMPLETED,0,1
79KWH,8,3,FULL,05-11-2025,08:02:22,05-11-2025,08:02:22,05-11-2025,08:03:35,COMPLETED,0,1
79KWH,8,1,FULL,05-11-2025,08:04:10,05-11-2025,08:04:11,05-11-2025,08:06:48,COMPLETED,0,1
79KWH,8,3,FULL,05-11-2025,08:04:17,05-11-2025,08:04:18,05-11-2025,08:05:34,COMPLETED,0,1
79KWH,8,3,FULL,05-11-2025,08:05:40,05-11-2025,08:05:43,05-11-2025,08:06:57,COMPLETED,0,1
79KWH,8,1,FULL,05-11-2025,08:06:54,05-11-2025,08:06:58,05-11-2025,08:09:34,COMPLETED,0,1
79KWH,8,3,FULL,05-11-2025,08:07:06,05-11-2025,08:07:07,05-11-2025,08:08:25,COMPLETED,0,1
79KWH,8,3,FULL,05-11-2025,08:08:32,05-11-2025,08:08:35,05-11-2025,08:09:50,COMPLETED,0,1
79KWH,8,1,FULL,05-11-2025,08:09:41,05-11-2025,08:09:42,05-11-2025,08:12:20,COMPLETED,0,1
79KWH,8,3,FULL,05-11-2025,08:11:01,05-11-2025,08:11:01,05-11-2025,08:12:20,COMPLETED,0,1
79KWH,8,3,FULL,05-11-2025,08:12:26,05-11-2025,08:12:29,05-11-2025,08:13:51,COMPLETED,0,1
79KWH,8,1,FULL,05-11-2025,08:12:27,05-11-2025,08:12:29,05-11-2025,08:15:04,COMPLETED,0,1
79KWH,8,3,FULL,05-11-2025,08:13:59,05-11-2025,08:13:59,05-11-2025,08:15:18,COMPLETED,0,1
79KWH,8,1,FULL,05-11-2025,08:15:12,05-11-2025,08:15:13,05-11-2025,08:17:52,COMPLETED,0,1
79KWH,8,3,FULL,05-11-2025,08:15:24,05-11-2025,08:15:28,05-11-2025,08:16:46,COMPLETED,0,1
79KWH,8,3,FULL,05-11-2025,08:16:55,05-11-2025,08:16:56,05-11-2025,08:18:15,COMPLETED,0,1
79KWH,8,1,FULL,05-11-2025,08:17:59,05-11-2025,08:18:01,05-11-2025,08:20:38,COMPLETED,0,1
79KWH,8,3,FULL,05-11-2025,08:18:21,05-11-2025,08:18:25,05-11-2025,08:19:43,COMPLETED,0,1
79KWH,8,3,FULL,05-11-2025,08:19:52,05-11-2025,08:19:53,05-11-2025,08:21:15,COMPLETED,0,1
79KWH,8,1,FULL,05-11-2025,08:20:45,05-11-2025,08:20:46,05-11-2025,08:23:26,COMPLETED,0,1
79KWH,8,3,FULL,05-11-2025,08:21:21,05-11-2025,08:21:25,05-11-2025,08:22:45,COMPLETED,0,1
79KWH,8,3,FULL,05-11-2025,08:22:54,05-11-2025,08:22:55,05-11-2025,08:24:19,COMPLETED,0,1
79KWH,8,1,FULL,05-11-2025,08:23:32,05-11-2025,08:23:36,05-11-2025,08:26:14,COMPLETED,0,1
79KWH,8,3,FULL,05-11-2025,08:24:25,05-11-2025,08:24:28,05-11-2025,08:25:50,COMPLETED,0,1
79KWH,8,3,FULL,05-11-2025,08:25:58,05-11-2025,08:25:58,05-11-2025,08:27:22,COMPLETED,0,1
79KWH,8,1,FULL,05-11-2025,08:26:22,05-11-2025,08:26:23,05-11-2025,08:29:04,COMPLETED,0,1
79KWH,8,3,FULL,05-11-2025,08:27:28,05-11-2025,08:27:31,05-11-2025,08:28:53,COMPLETED,0,1
79KWH,8,3,FULL,05-11-2025,08:29:04,05-11-2025,08:29:05,05-11-2025,08:30:31,COMPLETED,0,1
79KWH,8,1,FULL,05-11-2025,08:29:10,05-11-2025,08:29:13,05-11-2025,08:31:52,COMPLETED,0,1
79KWH,8,3,FULL,05-11-2025,08:30:42,05-11-2025,08:30:43,05-11-2025,08:32:06,COMPLETED,0,1
79KWH,8,1,FULL,05-11-2025,08:32:00,05-11-2025,08:32:00,05-11-2025,08:34:42,COMPLETED,0,1
79KWH,8,3,FULL,05-11-2025,08:32:15,05-11-2025,08:32:15,05-11-2025,08:33:41,COMPLETED,0,1
79KWH,8,3,FULL,05-11-2025,08:33:48,05-11-2025,08:33:51,05-11-2025,08:35:15,COMPLETED,0,1
79KWH,8,1,FULL,05-11-2025,08:34:48,05-11-2025,08:34:51,05-11-2025,08:37:31,COMPLETED,0,1
79KWH,8,3,FULL,05-11-2025,08:35:23,05-11-2025,08:35:24,05-11-2025,08:36:51,COMPLETED,0,1
79KWH,8,3,FULL,05-11-2025,08:36:58,05-11-2025,08:37:02,05-11-2025,08:38:27,COMPLETED,0,1
79KWH,8,1,FULL,05-11-2025,08:37:39,05-11-2025,08:37:40,05-11-2025,08:40:23,COMPLETED,0,1
79KWH,8,3,FULL,05-11-2025,08:38:37,05-11-2025,08:38:37,05-11-2025,08:40:06,COMPLETED,0,1
79KWH,8,3,FULL,05-11-2025,08:40:12,05-11-2025,08:40:14,05-11-2025,08:41:40,COMPLETED,0,1
79KWH,8,1,FULL,05-11-2025,08:40:30,05-11-2025,08:40:34,05-11-2025,08:43:16,COMPLETED,0,1
79KWH,8,3,FULL,05-11-2025,08:41:49,05-11-2025,08:41:50,05-11-2025,08:43:20,COMPLETED,0,1
79KWH,8,1,FULL,05-11-2025,08:43:23,05-11-2025,08:43:24,05-11-2025,08:46:09,COMPLETED,0,1
79KWH,8,3,FULL,05-11-2025,08:43:26,05-11-2025,08:43:29,05-11-2025,08:44:57,COMPLETED,0,1
79KWH,8,3,FULL,05-11-2025,08:45:06,05-11-2025,08:45:08,05-11-2025,08:46:39,COMPLETED,0,1
79KWH,8,1,FULL,05-11-2025,08:46:16,05-11-2025,08:46:19,05-11-2025,08:49:01,COMPLETED,0,1
79KWH,8,3,FULL,05-11-2025,08:46:45,05-11-2025,08:46:48,05-11-2025,08:48:17,COMPLETED,0,1
79KWH,8,3,FULL,05-11-2025,08:48:25,05-11-2025,08:48:26,05-11-2025,08:49:57,COMPLETED,0,1
79KWH,8,1,FULL,05-11-2025,08:49:13,05-11-2025,08:49:14,05-11-2025,08:51:59,COMPLETED,0,1
79KWH,8,3,FULL,05-11-2025,08:50:03,05-11-2025,08:50:07,05-11-2025,08:51:35,COMPLETED,0,1
79KWH,8,3,FULL,05-11-2025,08:51:45,05-11-2025,08:51:46,05-11-2025,08:53:18,COMPLETED,0,1
79KWH,8,1,FULL,05-11-2025,08:52:06,05-11-2025,08:52:09,05-11-2025,08:54:55,COMPLETED,0,1
79KWH,8,3,FULL,05-11-2025,08:53:24,05-11-2025,08:53:28,05-11-2025,08:54:59,COMPLETED,0,1
79KWH,8,1,FULL,05-11-2025,08:55:03,05-11-2025,08:55:06,05-11-2025,08:57:53,COMPLETED,0,1
79KWH,8,3,FULL,05-11-2025,08:55:09,05-11-2025,08:55:09,05-11-2025,08:56:43,COMPLETED,0,1
79KWH,8,3,FULL,05-11-2025,08:56:50,05-11-2025,08:56:53,05-11-2025,08:58:25,COMPLETED,0,1
79KWH,8,1,FULL,05-11-2025,08:57:58,05-11-2025,08:58:03,05-11-2025,09:00:47,COMPLETED,0,1
79KWH,8,3,FULL,05-11-2025,08:58:35,05-11-2025,08:58:35,05-11-2025,09:00:10,COMPLETED,0,1
79KWH,8,3,FULL,05-11-2025,09:00:16,05-11-2025,09:00:20,05-11-2025,09:01:54,COMPLETED,0,1
79KWH,8,1,FULL,05-11-2025,09:00:55,05-11-2025,09:00:55,05-11-2025,09:03:43,COMPLETED,0,1
79KWH,8,3,FULL,05-11-2025,09:02:02,05-11-2025,09:02:02,05-11-2025,09:03:39,COMPLETED,0,1
79KWH,8,1,FULL,05-11-2025,09:03:49,05-11-2025,09:03:51,05-11-2025,09:06:37,COMPLETED,0,1
79KWH,8,1,FULL,05-11-2025,09:06:45,05-11-2025,09:06:47,05-11-2025,09:09:35,COMPLETED,0,1
79KWH,8,2,FULL,05-11-2025,12:14:17,05-11-2025,12:46:07,05-11-2025,12:47:13,COMPLETED,0,1
79KWH,8,2,FULL,05-11-2025,12:47:19,05-11-2025,12:47:23,05-11-2025,12:48:25,COMPLETED,0,1
79KWH,8,2,FULL,05-11-2025,12:48:43,05-11-2025,12:48:44,05-11-2025,12:49:49,COMPLETED,0,1
79KWH,8,2,FULL,05-11-2025,12:49:55,05-11-2025,12:49:58,05-11-2025,12:51:00,COMPLETED,0,1
79KWH,8,2,FULL,05-11-2025,12:51:18,05-11-2025,12:51:19,05-11-2025,12:52:23,COMPLETED,0,1
79KWH,8,2,FULL,05-11-2025,12:52:29,05-11-2025,12:52:32,05-11-2025,12:53:34,COMPLETED,0,1
79KWH,8,2,FULL,05-11-2025,12:53:53,05-11-2025,12:53:54,05-11-2025,12:54:57,COMPLETED,0,1
79KWH,8,2,FULL,05-11-2025,12:55:03,05-11-2025,12:55:07,05-11-2025,12:56:10,COMPLETED,0,1
79KWH,8,2,FULL,05-11-2025,12:56:28,05-11-2025,12:56:28,05-11-2025,12:57:33,COMPLETED,0,1
79KWH,8,2,FULL,05-11-2025,12:57:39,05-11-2025,12:57:42,05-11-2025,12:58:44,COMPLETED,0,1
79KWH,8,2,FULL,05-11-2025,12:59:03,05-11-2025,12:59:05,05-11-2025,13:00:10,COMPLETED,0,1
79KWH,8,2,FULL,05-11-2025,13:00:16,05-11-2025,13:00:19,05-11-2025,13:01:21,COMPLETED,0,1
79KWH,8,2,FULL,05-11-2025,13:01:39,05-11-2025,13:01:40,05-11-2025,13:02:44,COMPLETED,0,1
79KWH,8,2,FULL,05-11-2025,13:02:50,05-11-2025,13:02:53,05-11-2025,13:03:58,COMPLETED,0,1
79KWH,8,2,FULL,05-11-2025,13:04:16,05-11-2025,13:04:16,05-11-2025,13:05:23,COMPLETED,0,1
79KWH,8,2,FULL,05-11-2025,13:05:29,05-11-2025,13:05:31,05-11-2025,13:06:37,COMPLETED,0,1
79KWH,8,2,FULL,05-11-2025,13:07:09,05-11-2025,13:07:10,05-11-2025,13:08:17,COMPLETED,0,1
79KWH,8,2,FULL,05-11-2025,13:08:24,05-11-2025,13:08:27,05-11-2025,13:09:33,COMPLETED,0,1
79KWH,8,2,FULL,05-11-2025,13:09:52,05-11-2025,13:09:53,05-11-2025,13:11:03,COMPLETED,0,1
79KWH,8,2,FULL,05-11-2025,13:11:10,05-11-2025,13:11:13,05-11-2025,13:12:22,COMPLETED,0,1
79KWH,8,2,FULL,05-11-2025,13:12:40,05-11-2025,13:12:40,05-11-2025,13:13:52,COMPLETED,0,1
79KWH,8,2,FULL,05-11-2025,13:13:59,05-11-2025,13:14:02,05-11-2025,13:15:13,COMPLETED,0,1
79KWH,8,2,FULL,05-11-2025,13:15:32,05-11-2025,13:15:33,05-11-2025,13:16:48,COMPLETED,0,1
79KWH,8,2,FULL,05-11-2025,13:16:54,05-11-2025,13:16:57,05-11-2025,13:18:11,COMPLETED,0,1
79KWH,8,2,FULL,05-11-2025,13:18:29,05-11-2025,13:18:32,05-11-2025,13:19:48,COMPLETED,0,1
79KWH,8,2,FULL,05-11-2025,13:19:54,05-11-2025,13:20:01,05-11-2025,13:21:14,COMPLETED,0,1
79KWH,8,2,FULL,05-11-2025,13:21:33,05-11-2025,13:21:33,05-11-2025,13:22:50,COMPLETED,0,1
79KWH,8,2,FULL,05-11-2025,13:22:56,05-11-2025,13:23:00,05-11-2025,13:24:18,COMPLETED,0,1
79KWH,8,2,FULL,05-11-2025,13:24:38,05-11-2025,13:24:39,05-11-2025,13:25:59,COMPLETED,0,1
79KWH,8,2,FULL,05-11-2025,13:26:06,05-11-2025,13:26:09,05-11-2025,13:27:27,COMPLETED,0,1
79KWH,8,2,FULL,05-11-2025,13:27:46,05-11-2025,13:27:47,05-11-2025,13:29:08,COMPLETED,0,1
79KWH,8,2,FULL,05-11-2025,13:29:14,05-11-2025,13:29:19,05-11-2025,13:30:40,COMPLETED,0,1
79KWH,8,2,FULL,05-11-2025,13:30:58,05-11-2025,13:30:59,05-11-2025,13:32:24,COMPLETED,0,1
79KWH,8,2,FULL,05-11-2025,13:32:30,05-11-2025,13:32:32,05-11-2025,13:33:55,COMPLETED,0,1
79KWH,8,2,FULL,05-11-2025,13:34:14,05-11-2025,13:34:15,05-11-2025,13:35:40,COMPLETED,0,1
79KWH,8,2,FULL,05-11-2025,13:35:46,05-11-2025,13:35:50,05-11-2025,13:37:15,COMPLETED,0,1
79KWH,8,2,FULL,05-11-2025,13:37:33,05-11-2025,13:37:34,05-11-2025,13:39:02,COMPLETED,0,1
79KWH,8,2,FULL,05-11-2025,13:39:09,05-11-2025,13:39:10,05-11-2025,13:40:37,COMPLETED,0,1
79KWH,8,2,FULL,05-11-2025,13:40:57,05-11-2025,13:40:57,05-11-2025,13:42:27,COMPLETED,0,1
79KWH,8,2,FULL,05-11-2025,13:42:34,05-11-2025,13:42:36,05-11-2025,13:44:05,COMPLETED,0,1
79KWH,8,2,FULL,05-11-2025,13:44:25,05-11-2025,13:44:26,05-11-2025,13:45:57,COMPLETED,0,1
79KWH,8,2,FULL,05-11-2025,13:46:04,05-11-2025,13:46:05,05-11-2025,13:47:35,COMPLETED,0,1
79KWH,8,2,FULL,05-11-2025,13:47:54,05-11-2025,13:47:54,05-11-2025,13:49:27,COMPLETED,0,1
79KWH,8,2,FULL,05-11-2025,13:49:35,05-11-2025,13:49:38,05-11-2025,13:51:10,COMPLETED,0,1
79KWH,8,2,FULL,05-11-2025,13:51:28,05-11-2025,13:51:28,05-11-2025,13:53:04,COMPLETED,0,1
79KWH,8,2,FULL,05-11-2025,13:53:12,05-11-2025,13:53:14,05-11-2025,13:54:48,COMPLETED,0,1
79KWH,8,2,FULL,05-11-2025,13:55:08,05-11-2025,13:55:08,05-11-2025,13:56:45,COMPLETED,0,1
79KWH,8,2,FULL,05-11-2025,13:56:52,05-11-2025,13:56:56,05-11-2025,13:58:32,COMPLETED,0,1
79KWH,8,2,FULL,05-11-2025,13:58:51,05-11-2025,13:58:51,05-11-2025,14:00:36,COMPLETED,0,1
79KWH,8,2,FULL,05-11-2025,14:00:42,05-11-2025,14:00:42,05-11-2025,14:02:20,COMPLETED,0,1
79KWH,8,2,FULL,05-11-2025,14:02:42,05-11-2025,14:02:43,05-11-2025,14:04:24,COMPLETED,0,1
79KWH,8,2,FULL,05-11-2025,14:04:31,05-11-2025,14:04:33,05-11-2025,14:06:14,COMPLETED,0,1
79KWH,8,2,FULL,05-11-2025,14:06:35,05-11-2025,14:06:36,05-11-2025,14:08:19,COMPLETED,0,1
79KWH,8,2,FULL,05-11-2025,14:08:27,05-11-2025,14:08:28,05-11-2025,14:10:10,COMPLETED,0,1
79KWH,8,2,FULL,05-11-2025,14:28:02,05-11-2025,14:28:04,05-11-2025,14:29:49,COMPLETED,0,1
79KWH,8,2,FULL,05-11-2025,14:29:55,05-11-2025,14:29:58,05-11-2025,14:31:42,COMPLETED,0,1
79KWH,8,2,FULL,05-11-2025,14:32:01,05-11-2025,14:32:02,05-11-2025,14:33:49,COMPLETED,0,1
79KWH,8,2,FULL,05-11-2025,14:33:55,05-11-2025,14:33:58,05-11-2025,14:35:44,COMPLETED,0,1
79KWH,8,2,FULL,05-11-2025,14:36:02,05-11-2025,14:36:04,05-11-2025,14:37:51,COMPLETED,0,1
79KWH,8,2,FULL,05-11-2025,14:37:57,05-11-2025,14:38:02,05-11-2025,14:39:49,COMPLETED,0,1
79KWH,8,2,FULL,05-11-2025,14:40:08,05-11-2025,14:40:13,05-11-2025,14:42:05,COMPLETED,0,1
79KWH,8,2,FULL,05-11-2025,14:42:16,05-11-2025,14:42:17,05-11-2025,14:44:07,COMPLETED,0,1
79KWH,8,2,FULL,05-11-2025,14:44:27,05-11-2025,14:44:27,05-11-2025,14:46:19,COMPLETED,0,1
79KWH,8,2,FULL,05-11-2025,14:46:25,05-11-2025,14:46:28,05-11-2025,14:48:20,COMPLETED,0,1
79KWH,8,2,FULL,05-11-2025,14:48:39,05-11-2025,14:48:39,05-11-2025,14:50:34,COMPLETED,0,1
79KWH,8,2,FULL,05-11-2025,14:50:40,05-11-2025,14:50:43,05-11-2025,14:52:36,COMPLETED,0,1
79KWH,8,2,FULL,05-11-2025,14:52:54,05-11-2025,14:52:56,05-11-2025,14:54:52,COMPLETED,0,1
79KWH,8,2,FULL,05-11-2025,14:54:58,05-11-2025,14:55:01,05-11-2025,14:56:57,COMPLETED,0,1
79KWH,8,2,FULL,05-11-2025,14:57:16,05-11-2025,14:57:16,05-11-2025,14:59:16,COMPLETED,0,1
79KWH,8,2,FULL,05-11-2025,14:59:22,05-11-2025,14:59:24,05-11-2025,15:01:22,COMPLETED,0,1
79KWH,8,2,FULL,05-11-2025,15:01:40,05-11-2025,15:01:41,05-11-2025,15:03:42,COMPLETED,0,1
79KWH,8,2,FULL,05-11-2025,15:03:49,05-11-2025,15:03:52,05-11-2025,15:05:52,COMPLETED,0,1
79KWH,8,2,FULL,05-11-2025,15:06:11,05-11-2025,15:06:12,05-11-2025,15:08:15,COMPLETED,0,1
79KWH,8,2,FULL,05-11-2025,15:08:21,05-11-2025,15:08:24,05-11-2025,15:10:25,COMPLETED,0,1
79KWH,8,2,FULL,05-11-2025,15:10:46,05-11-2025,15:10:48,05-11-2025,15:12:52,COMPLETED,0,1
79KWH,8,2,FULL,05-11-2025,15:12:59,05-11-2025,15:13:02,05-11-2025,15:15:05,COMPLETED,0,1
79KWH,8,2,FULL,05-11-2025,15:15:23,05-11-2025,15:15:23,05-11-2025,15:17:29,COMPLETED,0,1
79KWH,8,2,FULL,05-11-2025,15:17:36,05-11-2025,15:17:39,05-11-2025,15:19:44,COMPLETED,0,1
79KWH,8,2,FULL,05-11-2025,15:20:03,05-11-2025,15:20:03,05-11-2025,15:22:12,COMPLETED,0,1
79KWH,8,2,FULL,05-11-2025,15:22:18,05-11-2025,15:22:21,05-11-2025,15:24:29,COMPLETED,0,1
79KWH,8,2,FULL,05-11-2025,15:24:48,05-11-2025,15:24:49,05-11-2025,15:26:59,COMPLETED,0,1
79KWH,8,2,FULL,05-11-2025,15:27:07,05-11-2025,15:27:09,05-11-2025,15:29:17,COMPLETED,0,1
79KWH,8,2,FULL,05-11-2025,15:29:36,05-11-2025,15:29:37,05-11-2025,15:31:50,COMPLETED,0,1
79KWH,8,2,FULL,05-11-2025,15:31:56,05-11-2025,15:32:00,05-11-2025,15:34:12,COMPLETED,0,1
79KWH,8,2,FULL,05-11-2025,15:59:45,05-11-2025,15:59:46,05-11-2025,16:02:01,COMPLETED,0,1
79KWH,8,2,FULL,05-11-2025,16:02:06,05-11-2025,16:02:09,05-11-2025,16:04:22,COMPLETED,0,1
79KWH,8,2,FULL,05-11-2025,16:04:42,05-11-2025,16:04:42,05-11-2025,16:06:58,COMPLETED,0,1
79KWH,8,2,FULL,05-11-2025,16:07:05,05-11-2025,16:07:09,05-11-2025,16:09:24,COMPLETED,0,1
79KWH,8,2,FULL,05-11-2025,16:09:46,05-11-2025,16:09:49,05-11-2025,16:12:07,COMPLETED,0,1
79KWH,8,2,FULL,05-11-2025,16:12:13,05-11-2025,16:12:18,05-11-2025,16:14:34,COMPLETED,0,1
79KWH,8,2,FULL,05-11-2025,16:14:55,05-11-2025,16:14:55,05-11-2025,16:17:15,COMPLETED,0,1
79KWH,8,2,FULL,05-11-2025,16:17:21,05-11-2025,16:17:23,05-11-2025,16:19:42,COMPLETED,0,1
79KWH,8,2,FULL,05-11-2025,16:20:00,05-11-2025,16:20:01,05-11-2025,16:22:23,COMPLETED,0,1
79KWH,8,2,FULL,05-11-2025,16:22:29,05-11-2025,16:22:32,05-11-2025,16:24:54,COMPLETED,0,1
79KWH,8,2,FULL,05-11-2025,16:25:15,05-11-2025,16:25:16,05-11-2025,16:27:41,COMPLETED,0,1
79KWH,8,2,FULL,05-11-2025,16:27:46,05-11-2025,16:27:50,05-11-2025,16:30:14,COMPLETED,0,1
79KWH,8,2,FULL,05-11-2025,16:30:34,05-11-2025,16:30:35,05-11-2025,16:33:01,COMPLETED,0,1
79KWH,8,2,FULL,05-11-2025,16:33:07,05-11-2025,16:33:11,05-11-2025,16:35:36,COMPLETED,0,1
79KWH,8,2,FULL,05-11-2025,16:35:54,05-11-2025,16:35:55,05-11-2025,16:38:23,COMPLETED,0,1
79KWH,8,2,FULL,05-11-2025,16:38:30,05-11-2025,16:38:33,05-11-2025,16:41:00,COMPLETED,0,1
79KWH,8,2,FULL,05-11-2025,16:41:21,05-11-2025,16:41:22,05-11-2025,16:43:53,COMPLETED,0,1
79KWH,8,2,FULL,05-11-2025,16:44:00,05-11-2025,16:44:02,05-11-2025,16:46:33,COMPLETED,0,1
79KWH,8,2,FULL,05-11-2025,16:46:52,05-11-2025,16:46:52,05-11-2025,16:49:26,COMPLETED,0,1
79KWH,8,2,FULL,05-11-2025,16:49:33,05-11-2025,16:49:35,05-11-2025,16:52:07,COMPLETED,0,1
79KWH,8,2,FULL,05-11-2025,16:52:26,05-11-2025,16:52:28,05-11-2025,16:55:03,COMPLETED,0,1
79KWH,8,2,FULL,05-11-2025,16:55:13,05-11-2025,16:55:14,05-11-2025,16:57:49,COMPLETED,0,1
79KWH,8,2,FULL,05-11-2025,16:58:08,05-11-2025,16:58:09,05-11-2025,17:00:46,COMPLETED,0,1
79KWH,8,2,FULL,05-11-2025,17:00:53,05-11-2025,17:00:56,05-11-2025,17:03:33,COMPLETED,0,1
79KWH,8,3,FULL,05-11-2025,17:01:37,05-11-2025,17:01:39,05-11-2025,17:03:21,COMPLETED,0,1
79KWH,8,3,FULL,05-11-2025,17:03:30,05-11-2025,17:03:31,05-11-2025,17:04:49,COMPLETED,0,1
79KWH,8,2,FULL,05-11-2025,17:03:52,05-11-2025,17:03:53,05-11-2025,17:06:32,COMPLETED,0,1
79KWH,8,3,FULL,05-11-2025,17:04:55,05-11-2025,17:04:58,05-11-2025,17:05:53,COMPLETED,0,1
79KWH,8,3,FULL,05-11-2025,17:06:04,05-11-2025,17:06:04,05-11-2025,17:07:02,COMPLETED,0,1
79KWH,8,2,FULL,05-11-2025,17:06:39,05-11-2025,17:06:42,05-11-2025,17:09:20,COMPLETED,0,1
79KWH,8,3,FULL,05-11-2025,17:07:10,05-11-2025,17:07:11,05-11-2025,17:08:08,COMPLETED,0,1
79KWH,8,3,FULL,05-11-2025,17:08:20,05-11-2025,17:08:21,05-11-2025,17:10:03,COMPLETED,0,1
79KWH,8,2,FULL,05-11-2025,17:09:38,05-11-2025,17:09:39,05-11-2025,17:12:21,COMPLETED,0,1
79KWH,8,3,FULL,05-11-2025,17:10:09,05-11-2025,17:10:12,05-11-2025,17:12:34,COMPLETED,0,1
79KWH,8,2,FULL,05-11-2025,17:12:27,05-11-2025,17:12:30,05-11-2025,17:15:10,COMPLETED,0,1
79KWH,8,3,FULL,05-11-2025,17:12:42,05-11-2025,17:12:43,05-11-2025,17:15:07,COMPLETED,0,1
79KWH,8,3,FULL,05-11-2025,17:15:14,05-11-2025,17:15:18,05-11-2025,17:17:41,COMPLETED,0,1
79KWH,8,2,FULL,05-11-2025,17:15:29,05-11-2025,17:15:30,05-11-2025,17:18:13,COMPLETED,0,1
79KWH,8,3,FULL,05-11-2025,17:17:49,05-11-2025,17:17:50,05-11-2025,17:20:16,COMPLETED,0,1
79KWH,8,2,FULL,05-11-2025,17:18:20,05-11-2025,17:18:23,05-11-2025,17:21:05,COMPLETED,0,1
79KWH,8,3,FULL,05-11-2025,17:20:22,05-11-2025,17:20:25,05-11-2025,17:22:49,COMPLETED,0,1
79KWH,8,2,FULL,05-11-2025,17:21:24,05-11-2025,17:21:26,05-11-2025,17:24:12,COMPLETED,0,1
79KWH,8,3,FULL,05-11-2025,17:22:58,05-11-2025,17:22:58,05-11-2025,17:25:24,COMPLETED,0,1
79KWH,8,2,FULL,05-11-2025,17:24:18,05-11-2025,17:24:21,05-11-2025,17:27:06,COMPLETED,0,1
79KWH,8,3,FULL,05-11-2025,17:25:30,05-11-2025,17:25:34,05-11-2025,17:27:59,COMPLETED,0,1
79KWH,8,3,FULL,05-11-2025,17:28:06,05-11-2025,17:28:07,05-11-2025,17:30:35,COMPLETED,0,1
79KWH,8,3,FULL,05-11-2025,17:53:41,05-11-2025,17:53:42,05-11-2025,17:56:08,COMPLETED,0,1
79KWH,8,2,FULL,05-11-2025,17:54:01,05-11-2025,17:54:02,05-11-2025,17:56:49,COMPLETED,0,1
79KWH,8,3,FULL,05-11-2025,17:56:17,05-11-2025,17:56:18,05-11-2025,17:58:48,COMPLETED,0,1
79KWH,8,2,FULL,05-11-2025,17:56:55,05-11-2025,17:56:58,05-11-2025,17:59:45,COMPLETED,0,1
79KWH,8,3,FULL,05-11-2025,17:58:53,05-11-2025,17:58:57,05-11-2025,18:01:27,COMPLETED,0,1
79KWH,8,2,FULL,05-11-2025,18:00:04,05-11-2025,18:00:04,05-11-2025,18:02:55,COMPLETED,0,1
79KWH,8,3,FULL,05-11-2025,18:01:36,05-11-2025,18:01:37,05-11-2025,18:04:10,COMPLETED,0,1
79KWH,8,3,FULL,05-11-2025,18:04:17,05-11-2025,18:04:19,05-11-2025,18:06:50,COMPLETED,0,1
79KWH,8,2,FULL,05-11-2025,18:05:59,05-11-2025,18:06:00,05-11-2025,18:08:51,COMPLETED,0,1
79KWH,8,3,FULL,05-11-2025,18:07:40,05-11-2025,18:07:42,05-11-2025,18:10:16,COMPLETED,0,1
79KWH,8,2,FULL,05-11-2025,18:09:12,05-11-2025,18:09:12,05-11-2025,18:12:05,COMPLETED,0,1
79KWH,8,3,FULL,05-11-2025,18:10:22,05-11-2025,18:10:25,05-11-2025,18:12:57,COMPLETED,0,1
79KWH,8,2,FULL,05-11-2025,18:12:12,05-11-2025,18:12:15,05-11-2025,18:15:07,COMPLETED,0,1
79KWH,8,3,FULL,05-11-2025,18:13:05,05-11-2025,18:13:06,05-11-2025,18:15:41,COMPLETED,0,1
79KWH,8,2,FULL,05-11-2025,18:15:25,05-11-2025,18:15:26,05-11-2025,18:18:21,COMPLETED,0,1
79KWH,8,3,FULL,05-11-2025,18:15:47,05-11-2025,18:15:49,05-11-2025,18:18:23,COMPLETED,0,1
79KWH,8,2,FULL,05-11-2025,18:18:27,05-11-2025,18:18:32,05-11-2025,18:21:25,COMPLETED,0,1
79KWH,8,3,FULL,05-11-2025,18:18:32,05-11-2025,18:18:33,05-11-2025,18:21:09,COMPLETED,0,1
79KWH,8,3,FULL,05-11-2025,18:21:14,05-11-2025,18:21:17,05-11-2025,18:23:51,COMPLETED,0,1
79KWH,8,3,FULL,05-11-2025,18:23:59,05-11-2025,18:24:00,05-11-2025,18:26:36,COMPLETED,0,1
79KWH,8,3,FULL,05-11-2025,18:26:42,05-11-2025,18:26:45,05-11-2025,18:29:19,COMPLETED,0,1
79KWH,8,3,FULL,05-11-2025,18:29:28,05-11-2025,18:29:29,05-11-2025,18:32:07,COMPLETED,0,1
79KWH,8,2,FULL,05-11-2025,18:51:48,05-11-2025,18:51:48,05-11-2025,18:54:45,COMPLETED,0,1
79KWH,8,3,FULL,05-11-2025,18:53:16,05-11-2025,18:53:17,05-11-2025,18:55:53,COMPLETED,0,1
79KWH,8,2,FULL,05-11-2025,18:54:52,05-11-2025,18:54:55,05-11-2025,18:57:51,COMPLETED,0,1
79KWH,8,3,FULL,05-11-2025,18:56:01,05-11-2025,18:56:03,05-11-2025,18:58:41,COMPLETED,0,1
79KWH,8,2,FULL,05-11-2025,18:58:09,05-11-2025,18:58:10,05-11-2025,19:01:09,COMPLETED,0,1
79KWH,8,3,FULL,05-11-2025,18:58:47,05-11-2025,18:58:50,05-11-2025,19:01:28,COMPLETED,0,1
79KWH,8,2,FULL,05-11-2025,19:01:15,05-11-2025,19:01:18,05-11-2025,19:04:16,COMPLETED,0,1
79KWH,8,3,FULL,05-11-2025,19:01:36,05-11-2025,19:01:37,05-11-2025,19:04:17,COMPLETED,0,1
79KWH,8,3,FULL,05-11-2025,19:04:23,05-11-2025,19:04:26,05-11-2025,19:07:06,COMPLETED,0,1
79KWH,8,2,FULL,05-11-2025,19:04:35,05-11-2025,19:04:37,05-11-2025,19:07:38,COMPLETED,0,1
79KWH,8,3,FULL,05-11-2025,19:07:15,05-11-2025,19:07:15,05-11-2025,19:09:56,COMPLETED,0,1
79KWH,8,2,FULL,05-11-2025,19:07:44,05-11-2025,19:07:48,05-11-2025,19:10:50,COMPLETED,0,1
79KWH,8,3,FULL,05-11-2025,19:10:01,05-11-2025,19:10:05,05-11-2025,19:12:44,COMPLETED,0,1
79KWH,8,2,FULL,05-11-2025,19:11:09,05-11-2025,19:11:10,05-11-2025,19:14:16,COMPLETED,0,1
79KWH,8,3,FULL,05-11-2025,19:12:53,05-11-2025,19:12:54,05-11-2025,19:15:37,COMPLETED,0,1
79KWH,8,2,FULL,05-11-2025,19:14:22,05-11-2025,19:14:24,05-11-2025,19:17:30,COMPLETED,0,1
79KWH,8,3,FULL,05-11-2025,19:15:43,05-11-2025,19:15:46,05-11-2025,19:18:26,COMPLETED,0,1
79KWH,8,3,FULL,05-11-2025,19:18:35,05-11-2025,19:18:35,05-11-2025,19:21:19,COMPLETED,0,1
79KWH,8,3,FULL,05-11-2025,19:21:25,05-11-2025,19:21:28,05-11-2025,19:24:09,COMPLETED,0,1
79KWH,8,2,FULL,05-11-2025,19:22:47,05-11-2025,19:22:48,05-11-2025,19:25:59,COMPLETED,0,1
79KWH,8,3,FULL,05-11-2025,19:24:17,05-11-2025,19:24:19,05-11-2025,19:27:02,COMPLETED,0,1
79KWH,8,2,FULL,05-11-2025,19:26:06,05-11-2025,19:26:09,05-11-2025,19:29:21,COMPLETED,0,1
79KWH,8,3,FULL,05-11-2025,19:27:09,05-11-2025,19:27:11,05-11-2025,19:29:54,COMPLETED,0,1
79KWH,8,2,FULL,05-11-2025,19:29:40,05-11-2025,19:29:40,05-11-2025,19:32:54,COMPLETED,0,1
79KWH,8,3,FULL,05-11-2025,19:30:03,05-11-2025,19:30:04,05-11-2025,19:32:50,COMPLETED,0,1
79KWH,8,3,FULL,05-11-2025,19:32:56,05-11-2025,19:33:00,05-11-2025,19:35:43,COMPLETED,0,1
79KWH,8,2,FULL,05-11-2025,19:33:01,05-11-2025,19:33:05,05-11-2025,19:36:18,COMPLETED,0,1
79KWH,8,3,FULL,05-11-2025,19:35:52,05-11-2025,19:35:54,05-11-2025,19:38:41,COMPLETED,0,1
79KWH,8,2,FULL,05-11-2025,19:36:37,05-11-2025,19:36:38,05-11-2025,19:39:54,COMPLETED,0,1
79KWH,8,3,FULL,05-11-2025,19:38:47,05-11-2025,19:38:50,05-11-2025,19:41:35,COMPLETED,0,1
79KWH,8,2,FULL,05-11-2025,19:40:01,05-11-2025,19:40:04,05-11-2025,19:43:18,COMPLETED,0,1
79KWH,8,3,FULL,05-11-2025,19:41:44,05-11-2025,19:41:45,05-11-2025,19:44:33,COMPLETED,0,1
79KWH,8,2,FULL,05-11-2025,19:43:37,05-11-2025,19:43:37,05-11-2025,19:46:56,COMPLETED,0,1
79KWH,8,3,FULL,05-11-2025,19:44:39,05-11-2025,19:44:44,05-11-2025,19:47:32,COMPLETED,0,1
79KWH,8,2,FULL,05-11-2025,19:47:03,05-11-2025,19:47:05,05-11-2025,19:50:23,COMPLETED,0,1
79KWH,8,3,FULL,05-11-2025,19:47:40,05-11-2025,19:47:41,05-11-2025,19:49:56,COMPLETED,0,1
79KWH,8,3,FULL,05-11-2025,19:50:02,05-11-2025,19:50:05,05-11-2025,19:51:43,COMPLETED,0,1
79KWH,8,2,FULL,05-11-2025,19:50:43,05-11-2025,19:50:44,05-11-2025,19:54:06,COMPLETED,0,1
79KWH,8,3,FULL,05-11-2025,19:51:51,05-11-2025,19:51:52,05-11-2025,19:53:33,COMPLETED,0,1
79KWH,8,3,FULL,05-11-2025,19:53:38,05-11-2025,19:53:42,05-11-2025,19:55:21,COMPLETED,0,1
79KWH,8,2,FULL,05-11-2025,19:54:12,05-11-2025,19:54:15,05-11-2025,19:57:37,COMPLETED,0,1
79KWH,8,3,FULL,05-11-2025,19:55:30,05-11-2025,19:55:31,05-11-2025,19:57:12,COMPLETED,0,1
79KWH,8,3,FULL,05-11-2025,19:57:18,05-11-2025,19:57:22,05-11-2025,19:59:02,COMPLETED,0,1
79KWH,8,2,FULL,05-11-2025,19:57:58,05-11-2025,19:57:59,05-11-2025,20:01:23,COMPLETED,0,1
79KWH,8,3,FULL,05-11-2025,19:59:12,05-11-2025,19:59:12,05-11-2025,20:00:55,COMPLETED,0,1
79KWH,8,3,FULL,05-11-2025,20:01:01,05-11-2025,20:01:05,05-11-2025,20:02:46,COMPLETED,0,1
79KWH,8,2,FULL,05-11-2025,20:01:29,05-11-2025,20:01:31,05-11-2025,20:04:55,COMPLETED,0,1
79KWH,8,3,FULL,05-11-2025,20:02:55,05-11-2025,20:02:55,05-11-2025,20:04:39,COMPLETED,0,1
79KWH,8,3,FULL,05-11-2025,20:04:44,05-11-2025,20:04:48,05-11-2025,20:06:31,COMPLETED,0,1
79KWH,8,2,FULL,05-11-2025,20:05:15,05-11-2025,20:05:16,05-11-2025,20:08:43,COMPLETED,0,1
79KWH,8,3,FULL,05-11-2025,20:06:40,05-11-2025,20:06:40,05-11-2025,20:08:25,COMPLETED,0,1
79KWH,8,3,FULL,05-11-2025,20:08:34,05-11-2025,20:08:35,05-11-2025,20:10:18,COMPLETED,0,1
79KWH,8,2,FULL,05-11-2025,20:08:49,05-11-2025,20:08:53,05-11-2025,20:12:18,COMPLETED,0,1
79KWH,8,3,FULL,05-11-2025,20:10:27,05-11-2025,20:10:28,05-11-2025,20:12:14,COMPLETED,0,1
79KWH,8,3,FULL,05-11-2025,20:12:20,05-11-2025,20:12:24,05-11-2025,20:14:09,COMPLETED,0,1
79KWH,8,2,FULL,05-11-2025,20:12:37,05-11-2025,20:12:39,05-11-2025,20:16:07,COMPLETED,0,1
79KWH,8,3,FULL,05-11-2025,20:14:18,05-11-2025,20:14:18,05-11-2025,20:16:06,COMPLETED,0,1
79KWH,8,3,FULL,05-11-2025,20:16:12,05-11-2025,20:16:15,05-11-2025,20:18:00,COMPLETED,0,1
79KWH,8,2,FULL,05-11-2025,20:16:14,05-11-2025,20:16:17,05-11-2025,20:19:44,COMPLETED,0,1
79KWH,8,3,FULL,05-11-2025,20:18:09,05-11-2025,20:18:10,05-11-2025,20:19:58,COMPLETED,0,1
79KWH,8,3,FULL,05-11-2025,20:20:05,05-11-2025,20:20:08,05-11-2025,20:21:55,COMPLETED,0,1
79KWH,8,3,FULL,05-11-2025,20:22:03,05-11-2025,20:22:04,05-11-2025,20:23:53,COMPLETED,0,1
79KWH,8,3,FULL,05-11-2025,20:57:48,05-11-2025,20:57:49,05-11-2025,20:59:36,COMPLETED,0,1
79KWH,8,2,FULL,05-11-2025,20:58:07,05-11-2025,20:58:09,05-11-2025,21:01:40,COMPLETED,0,1
79KWH,8,3,FULL,05-11-2025,20:59:45,05-11-2025,20:59:46,05-11-2025,21:01:36,COMPLETED,0,1
79KWH,8,3,FULL,05-11-2025,21:01:43,05-11-2025,21:01:46,05-11-2025,21:03:34,COMPLETED,0,1
79KWH,8,2,FULL,05-11-2025,21:01:46,05-11-2025,21:01:49,05-11-2025,21:05:18,COMPLETED,0,1
79KWH,8,3,FULL,05-11-2025,21:03:42,05-11-2025,21:03:43,05-11-2025,21:05:34,COMPLETED,0,1
79KWH,8,2,FULL,05-11-2025,21:05:37,05-11-2025,21:05:38,05-11-2025,21:09:10,COMPLETED,0,1
79KWH,8,3,FULL,05-11-2025,21:05:40,05-11-2025,21:05:43,05-11-2025,21:07:32,COMPLETED,0,1
79KWH,8,3,FULL,05-11-2025,21:07:41,05-11-2025,21:07:42,05-11-2025,21:09:35,COMPLETED,0,1
79KWH,8,2,FULL,05-11-2025,21:09:16,05-11-2025,21:09:19,05-11-2025,21:12:50,COMPLETED,0,1
79KWH,8,3,FULL,05-11-2025,21:09:41,05-11-2025,21:09:44,05-11-2025,21:11:35,COMPLETED,0,1
79KWH,8,3,FULL,05-11-2025,21:11:43,05-11-2025,21:11:44,05-11-2025,21:13:38,COMPLETED,0,1
79KWH,8,2,FULL,05-11-2025,21:13:10,05-11-2025,21:13:11,05-11-2025,21:16:45,COMPLETED,0,1
79KWH,8,3,FULL,05-11-2025,21:13:44,05-11-2025,21:13:48,05-11-2025,21:15:39,COMPLETED,0,1
79KWH,8,3,FULL,05-11-2025,21:15:48,05-11-2025,21:15:50,05-11-2025,21:17:44,COMPLETED,0,1
79KWH,8,2,FULL,05-11-2025,21:16:51,05-11-2025,21:16:54,05-11-2025,21:20:27,COMPLETED,0,1
79KWH,8,3,FULL,05-11-2025,21:17:50,05-11-2025,21:17:53,05-11-2025,21:19:46,COMPLETED,0,1
79KWH,8,3,FULL,05-11-2025,21:19:55,05-11-2025,21:19:56,05-11-2025,21:21:52,COMPLETED,0,1
79KWH,8,2,FULL,05-11-2025,21:20:48,05-11-2025,21:20:49,05-11-2025,21:24:26,COMPLETED,0,1
79KWH,8,3,FULL,05-11-2025,21:21:58,05-11-2025,21:22:02,05-11-2025,21:23:56,COMPLETED,0,1
79KWH,8,3,FULL,05-11-2025,21:24:04,05-11-2025,21:24:04,05-11-2025,21:26:01,COMPLETED,0,1
79KWH,8,2,FULL,05-11-2025,21:24:33,05-11-2025,21:24:35,05-11-2025,21:28:10,COMPLETED,0,1
79KWH,8,3,FULL,05-11-2025,21:26:07,05-11-2025,21:26:11,05-11-2025,21:28:05,COMPLETED,0,1
79KWH,8,3,FULL,05-11-2025,21:28:14,05-11-2025,21:28:14,05-11-2025,21:30:14,COMPLETED,0,1
79KWH,8,2,FULL,05-11-2025,21:28:30,05-11-2025,21:28:32,05-11-2025,21:32:10,COMPLETED,0,1
79KWH,8,3,FULL,05-11-2025,21:30:20,05-11-2025,21:30:21,05-11-2025,21:32:19,COMPLETED,0,1
79KWH,8,2,FULL,05-11-2025,21:32:17,05-11-2025,21:32:19,05-11-2025,21:35:55,COMPLETED,0,1
79KWH,8,3,FULL,05-11-2025,21:32:27,05-11-2025,21:32:28,05-11-2025,21:34:28,COMPLETED,0,1
79KWH,8,3,FULL,05-11-2025,21:34:35,05-11-2025,21:34:40,05-11-2025,21:36:44,COMPLETED,0,1
79KWH,8,2,FULL,05-11-2025,21:36:14,05-11-2025,21:36:15,05-11-2025,21:39:55,COMPLETED,0,1
79KWH,8,3,FULL,05-11-2025,21:36:53,05-11-2025,21:36:53,05-11-2025,21:38:57,COMPLETED,0,1
79KWH,8,3,FULL,05-11-2025,21:39:04,05-11-2025,21:39:07,05-11-2025,21:41:08,COMPLETED,0,1
79KWH,8,2,FULL,05-11-2025,21:40:01,05-11-2025,21:40:04,05-11-2025,21:43:43,COMPLETED,0,1
79KWH,8,3,FULL,05-11-2025,21:41:17,05-11-2025,21:41:17,05-11-2025,21:43:21,COMPLETED,0,1
79KWH,8,3,FULL,05-11-2025,21:43:27,05-11-2025,21:43:31,05-11-2025,21:45:34,COMPLETED,0,1
79KWH,8,2,FULL,05-11-2025,21:44:03,05-11-2025,21:44:04,05-11-2025,21:47:46,COMPLETED,0,1
79KWH,8,3,FULL,05-11-2025,21:45:42,05-11-2025,21:45:42,05-11-2025,21:47:48,COMPLETED,0,1
79KWH,8,2,FULL,05-11-2025,21:47:53,05-11-2025,21:47:55,05-11-2025,21:51:36,COMPLETED,0,1
79KWH,8,3,FULL,05-11-2025,21:47:55,05-11-2025,21:47:57,05-11-2025,21:50:01,COMPLETED,0,1
79KWH,8,3,FULL,05-11-2025,21:50:10,05-11-2025,21:50:11,05-11-2025,21:52:17,COMPLETED,0,1
79KWH,8,2,FULL,05-11-2025,21:51:55,05-11-2025,21:51:57,05-11-2025,21:55:42,COMPLETED,0,1
79KWH,8,3,FULL,05-11-2025,21:52:23,05-11-2025,21:52:26,05-11-2025,21:54:32,COMPLETED,0,1
79KWH,8,3,FULL,05-11-2025,21:54:40,05-11-2025,21:54:41,05-11-2025,21:56:50,COMPLETED,0,1
79KWH,8,2,FULL,05-11-2025,21:55:47,05-11-2025,21:55:51,05-11-2025,21:59:36,COMPLETED,0,1
79KWH,8,3,FULL,05-11-2025,21:56:57,05-11-2025,21:57:00,05-11-2025,21:59:06,COMPLETED,0,1
79KWH,8,3,FULL,05-11-2025,21:59:15,05-11-2025,21:59:16,05-11-2025,22:01:26,COMPLETED,0,1
79KWH,8,2,FULL,05-11-2025,21:59:55,05-11-2025,21:59:55,05-11-2025,22:03:43,COMPLETED,0,1
79KWH,8,3,FULL,05-11-2025,22:01:32,05-11-2025,22:01:35,05-11-2025,22:03:43,COMPLETED,0,1
79KWH,8,2,FULL,05-11-2025,22:03:49,05-11-2025,22:03:51,05-11-2025,22:07:38,COMPLETED,0,1
79KWH,8,3,FULL,05-11-2025,22:03:51,05-11-2025,22:03:53,05-11-2025,22:06:04,COMPLETED,0,1
79KWH,8,3,FULL,05-11-2025,22:06:11,05-11-2025,22:06:13,05-11-2025,22:08:22,COMPLETED,0,1
79KWH,8,2,FULL,05-11-2025,22:07:56,05-11-2025,22:07:58,05-11-2025,22:11:47,COMPLETED,0,1
79KWH,8,3,FULL,05-11-2025,22:08:33,05-11-2025,22:08:33,05-11-2025,22:10:45,COMPLETED,0,1
79KWH,8,3,FULL,05-11-2025,22:10:52,05-11-2025,22:10:55,05-11-2025,22:13:05,COMPLETED,0,1
79KWH,8,2,FULL,05-11-2025,22:11:53,05-11-2025,22:11:57,05-11-2025,22:15:46,COMPLETED,0,1
79KWH,8,3,FULL,05-11-2025,22:13:13,05-11-2025,22:13:14,05-11-2025,22:15:27,COMPLETED,0,1
79KWH,8,3,FULL,05-11-2025,22:15:33,05-11-2025,22:15:36,05-11-2025,22:17:47,COMPLETED,0,1
79KWH,8,2,FULL,05-11-2025,22:16:05,05-11-2025,22:16:05,05-11-2025,22:19:57,COMPLETED,0,1
79KWH,8,3,FULL,05-11-2025,22:17:55,05-11-2025,22:17:55,05-11-2025,22:20:09,COMPLETED,0,1
79KWH,8,2,FULL,05-11-2025,22:20:03,05-11-2025,22:20:06,05-11-2025,22:23:56,COMPLETED,0,1
79KWH,8,3,FULL,05-11-2025,22:20:15,05-11-2025,22:20:18,05-11-2025,22:22:31,COMPLETED,0,1
79KWH,8,3,FULL,05-11-2025,22:22:40,05-11-2025,22:22:41,05-11-2025,22:24:56,COMPLETED,0,1
79KWH,8,2,FULL,05-11-2025,22:24:14,05-11-2025,22:24:15,05-11-2025,22:28:11,COMPLETED,0,1
79KWH,8,3,FULL,05-11-2025,22:25:03,05-11-2025,22:25:06,05-11-2025,22:27:19,COMPLETED,0,1
79KWH,8,3,FULL,05-11-2025,22:27:28,05-11-2025,22:27:29,05-11-2025,22:29:46,COMPLETED,0,1
79KWH,8,3,FULL,05-11-2025,22:29:52,05-11-2025,22:29:54,05-11-2025,22:32:09,COMPLETED,0,1
79KWH,8,3,FULL,05-11-2025,22:40:58,05-11-2025,22:40:59,05-11-2025,22:43:16,COMPLETED,0,1
79KWH,8,2,FULL,05-11-2025,22:41:04,05-11-2025,22:41:06,05-11-2025,22:45:01,COMPLETED,0,1
79KWH,8,3,FULL,05-11-2025,22:43:21,05-11-2025,22:43:26,05-11-2025,22:45:41,COMPLETED,0,1
79KWH,8,2,FULL,05-11-2025,22:45:20,05-11-2025,22:45:21,05-11-2025,22:49:17,COMPLETED,0,1
79KWH,8,3,FULL,05-11-2025,22:45:50,05-11-2025,22:45:51,05-11-2025,22:48:10,COMPLETED,0,1
79KWH,8,3,FULL,05-11-2025,22:48:16,05-11-2025,22:48:18,05-11-2025,22:50:34,COMPLETED,0,1
79KWH,8,2,FULL,05-11-2025,22:49:24,05-11-2025,22:49:27,05-11-2025,22:53:23,COMPLETED,0,1
79KWH,8,3,FULL,05-11-2025,22:50:43,05-11-2025,22:50:44,05-11-2025,22:53:04,COMPLETED,0,1
79KWH,8,3,FULL,05-11-2025,22:53:11,05-11-2025,22:53:13,05-11-2025,22:55:30,COMPLETED,0,1
79KWH,8,2,FULL,05-11-2025,22:53:43,05-11-2025,22:53:44,05-11-2025,22:57:43,COMPLETED,0,1
79KWH,8,3,FULL,05-11-2025,22:55:39,05-11-2025,22:55:39,05-11-2025,22:58:00,COMPLETED,0,1
79KWH,8,2,FULL,05-11-2025,22:57:50,05-11-2025,22:57:53,05-11-2025,23:01:51,COMPLETED,0,1
79KWH,8,3,FULL,05-11-2025,22:58:07,05-11-2025,22:58:09,05-11-2025,23:00:29,COMPLETED,0,1
79KWH,8,3,FULL,05-11-2025,23:00:38,05-11-2025,23:00:40,05-11-2025,23:03:01,COMPLETED,0,1
79KWH,8,2,FULL,05-11-2025,23:02:09,05-11-2025,23:02:10,05-11-2025,23:06:14,COMPLETED,0,1
79KWH,8,3,FULL,05-11-2025,23:03:09,05-11-2025,23:03:11,05-11-2025,23:05:30,COMPLETED,0,1
79KWH,8,3,FULL,05-11-2025,23:05:39,05-11-2025,23:05:39,05-11-2025,23:08:02,COMPLETED,0,1
79KWH,8,2,FULL,05-11-2025,23:06:20,05-11-2025,23:06:23,05-11-2025,23:10:27,COMPLETED,0,1
79KWH,8,3,FULL,05-11-2025,23:08:08,05-11-2025,23:08:11,05-11-2025,23:10:33,COMPLETED,0,1
79KWH,8,2,FULL,05-11-2025,23:10:49,05-11-2025,23:10:49,05-11-2025,23:14:56,COMPLETED,0,1
79KWH,8,2,FULL,05-11-2025,23:15:02,05-11-2025,23:15:06,05-11-2025,23:19:12,COMPLETED,0,1
79KWH,8,2,FULL,05-11-2025,23:19:31,05-11-2025,23:19:33,05-11-2025,23:23:41,COMPLETED,0,1
79KWH,8,2,FULL,05-11-2025,23:23:48,05-11-2025,23:23:51,05-11-2025,23:27:58,COMPLETED,0,1
79KWH,8,2,FULL,05-11-2025,23:28:17,05-11-2025,23:28:17,05-11-2025,23:32:31,COMPLETED,0,1
79KWH,8,2,FULL,05-11-2025,23:32:38,05-11-2025,23:32:39,05-11-2025,23:36:52,COMPLETED,0,1
79KWH,8,2,FULL,05-11-2025,23:37:12,05-11-2025,23:37:12,05-11-2025,23:41:27,COMPLETED,0,1
79KWH,8,2,FULL,05-11-2025,23:41:34,05-11-2025,23:41:37,05-11-2025,23:45:51,COMPLETED,0,1
79KWH,8,2,FULL,05-11-2025,23:46:09,05-11-2025,23:46:10,05-11-2025,23:48:50,COMPLETED,0,1
79KWH,8,2,FULL,05-11-2025,23:48:56,05-11-2025,23:49:00,05-11-2025,23:50:02,COMPLETED,0,1
79KWH,8,2,FULL,05-11-2025,23:50:21,05-11-2025,23:50:22,05-11-2025,23:51:26,COMPLETED,0,1
79KWH,8,2,FULL,05-11-2025,23:51:33,05-11-2025,23:51:35,05-11-2025,23:52:37,COMPLETED,0,1
79KWH,8,2,FULL,05-11-2025,23:52:57,05-11-2025,23:52:58,05-11-2025,23:54:02,COMPLETED,0,1
79KWH,8,2,FULL,05-11-2025,23:54:09,05-11-2025,23:54:11,05-11-2025,23:55:14,COMPLETED,0,1
79KWH,8,2,FULL,05-11-2025,23:55:32,05-11-2025,23:55:33,05-11-2025,23:56:37,COMPLETED,0,1
79KWH,8,2,FULL,05-11-2025,23:56:43,05-11-2025,23:56:46,05-11-2025,23:57:48,COMPLETED,0,1
79KWH,8,2,FULL,05-11-2025,23:58:07,05-11-2025,23:58:08,05-11-2025,23:59:12,COMPLETED,0,1
79KWH,8,2,FULL,06-11-2025,07:24:47,06-11-2025,07:24:48,06-11-2025,07:25:53,COMPLETED,0,1
79KWH,8,2,FULL,06-11-2025,07:26:00,06-11-2025,07:26:02,06-11-2025,07:27:04,COMPLETED,0,1
79KWH,8,2,FULL,06-11-2025,07:27:22,06-11-2025,07:27:24,06-11-2025,07:28:29,COMPLETED,0,1
79KWH,8,2,FULL,06-11-2025,07:28:35,06-11-2025,07:28:38,06-11-2025,07:29:40,COMPLETED,0,1
79KWH,8,2,FULL,06-11-2025,07:29:58,06-11-2025,07:29:59,06-11-2025,07:31:05,COMPLETED,0,1
79KWH,8,2,FULL,06-11-2025,07:31:11,06-11-2025,07:31:14,06-11-2025,07:32:19,COMPLETED,0,1
79KWH,8,2,FULL,06-11-2025,07:32:39,06-11-2025,07:32:40,06-11-2025,07:33:48,COMPLETED,0,1
79KWH,8,2,FULL,06-11-2025,07:33:54,06-11-2025,07:33:56,06-11-2025,07:35:02,COMPLETED,0,1
79KWH,8,2,FULL,06-11-2025,07:35:21,06-11-2025,07:35:22,06-11-2025,07:36:32,COMPLETED,0,1
79KWH,8,2,FULL,06-11-2025,07:36:38,06-11-2025,07:36:42,06-11-2025,07:37:51,COMPLETED,0,1
79KWH,8,2,FULL,06-11-2025,07:38:10,06-11-2025,07:38:12,06-11-2025,07:39:23,COMPLETED,0,1
79KWH,8,2,FULL,06-11-2025,07:39:29,06-11-2025,07:39:32,06-11-2025,07:40:43,COMPLETED,0,1
79KWH,8,2,FULL,06-11-2025,07:41:01,06-11-2025,07:41:02,06-11-2025,07:42:16,COMPLETED,0,1
79KWH,8,2,FULL,06-11-2025,07:42:22,06-11-2025,07:42:26,06-11-2025,07:43:39,COMPLETED,0,1
79KWH,8,2,FULL,06-11-2025,07:43:57,06-11-2025,07:43:58,06-11-2025,07:45:14,COMPLETED,0,1
79KWH,8,2,FULL,06-11-2025,07:45:20,06-11-2025,07:45:23,06-11-2025,07:46:37,COMPLETED,0,1
79KWH,8,2,FULL,06-11-2025,07:46:55,06-11-2025,07:46:56,06-11-2025,07:48:14,COMPLETED,0,1
79KWH,8,2,FULL,06-11-2025,07:48:20,06-11-2025,07:48:23,06-11-2025,07:49:40,COMPLETED,0,1
79KWH,8,2,FULL,06-11-2025,07:49:58,06-11-2025,07:49:58,06-11-2025,07:51:18,COMPLETED,0,1
79KWH,8,2,FULL,06-11-2025,07:51:24,06-11-2025,07:51:28,06-11-2025,07:52:46,COMPLETED,0,1
79KWH,8,2,FULL,06-11-2025,07:53:04,06-11-2025,07:53:06,06-11-2025,07:54:27,COMPLETED,0,1
79KWH,8,2,FULL,06-11-2025,07:54:34,06-11-2025,07:54:35,06-11-2025,07:55:56,COMPLETED,0,1
79KWH,8,2,FULL,06-11-2025,07:56:15,06-11-2025,07:56:16,06-11-2025,07:57:39,COMPLETED,0,1
79KWH,8,2,FULL,06-11-2025,07:57:46,06-11-2025,07:57:49,06-11-2025,07:59:12,COMPLETED,0,1
79KWH,8,2,FULL,06-11-2025,07:59:31,06-11-2025,07:59:31,06-11-2025,08:00:57,COMPLETED,0,1
79KWH,8,2,FULL,06-11-2025,08:01:04,06-11-2025,08:01:06,06-11-2025,08:02:31,COMPLETED,0,1
79KWH,8,2,FULL,06-11-2025,08:02:50,06-11-2025,08:02:51,06-11-2025,08:04:19,COMPLETED,0,1
79KWH,8,2,FULL,06-11-2025,08:04:26,06-11-2025,08:04:28,06-11-2025,08:05:55,COMPLETED,0,1
79KWH,8,2,FULL,06-11-2025,08:06:13,06-11-2025,08:06:13,06-11-2025,08:07:43,COMPLETED,0,1
79KWH,8,2,FULL,06-11-2025,08:07:48,06-11-2025,08:07:51,06-11-2025,08:09:21,COMPLETED,0,1
79KWH,8,2,FULL,06-11-2025,08:09:39,06-11-2025,08:09:39,06-11-2025,08:11:10,COMPLETED,0,1
79KWH,8,2,FULL,06-11-2025,08:11:17,06-11-2025,08:11:20,06-11-2025,08:12:49,COMPLETED,0,1
79KWH,8,2,FULL,06-11-2025,08:13:08,06-11-2025,08:13:08,06-11-2025,08:14:42,COMPLETED,0,1
79KWH,8,2,FULL,06-11-2025,08:14:48,06-11-2025,08:14:51,06-11-2025,08:16:23,COMPLETED,0,1
79KWH,8,2,FULL,06-11-2025,08:16:43,06-11-2025,08:16:44,06-11-2025,08:18:20,COMPLETED,0,1
79KWH,8,2,FULL,06-11-2025,08:18:26,06-11-2025,08:18:29,06-11-2025,08:20:03,COMPLETED,0,1
79KWH,8,2,FULL,06-11-2025,08:20:21,06-11-2025,08:20:22,06-11-2025,08:21:59,COMPLETED,0,1
79KWH,8,2,FULL,06-11-2025,08:22:05,06-11-2025,08:22:08,06-11-2025,08:23:44,COMPLETED,0,1
79KWH,8,2,FULL,06-11-2025,08:24:02,06-11-2025,08:24:02,06-11-2025,08:25:43,COMPLETED,0,1
79KWH,8,2,FULL,06-11-2025,08:38:58,06-11-2025,08:39:01,06-11-2025,08:40:41,COMPLETED,0,1
79KWH,8,2,FULL,06-11-2025,08:40:59,06-11-2025,08:41:00,06-11-2025,08:42:43,COMPLETED,0,1
79KWH,8,2,FULL,06-11-2025,08:42:48,06-11-2025,08:42:53,06-11-2025,08:44:35,COMPLETED,0,1
79KWH,8,2,FULL,06-11-2025,08:44:56,06-11-2025,08:44:57,06-11-2025,08:46:43,COMPLETED,0,1
79KWH,8,2,FULL,06-11-2025,08:46:51,06-11-2025,08:46:52,06-11-2025,08:48:36,COMPLETED,0,1
79KWH,8,2,FULL,06-11-2025,08:48:55,06-11-2025,08:48:56,06-11-2025,08:50:43,COMPLETED,0,1
79KWH,8,2,FULL,06-11-2025,08:50:50,06-11-2025,08:50:52,06-11-2025,08:52:37,COMPLETED,0,1
79KWH,8,2,FULL,06-11-2025,08:52:56,06-11-2025,08:52:58,06-11-2025,08:54:46,COMPLETED,0,1
79KWH,8,2,FULL,06-11-2025,08:54:52,06-11-2025,08:54:55,06-11-2025,08:56:42,COMPLETED,0,1
79KWH,8,2,FULL,06-11-2025,08:57:01,06-11-2025,08:57:01,06-11-2025,08:58:52,COMPLETED,0,1
79KWH,8,2,FULL,06-11-2025,08:58:58,06-11-2025,08:59:02,06-11-2025,09:00:52,COMPLETED,0,1
79KWH,8,2,FULL,06-11-2025,14:28:51,06-11-2025,14:28:51,06-11-2025,14:30:13,COMPLETED,0,1
79KWH,8,2,FULL,06-11-2025,14:30:19,06-11-2025,14:30:23,06-11-2025,14:32:14,COMPLETED,0,1
79KWH,8,2,FULL,06-11-2025,14:32:34,06-11-2025,14:32:35,06-11-2025,14:34:31,COMPLETED,0,1
79KWH,8,2,FULL,06-11-2025,14:35:56,06-11-2025,14:35:56,06-11-2025,14:37:50,COMPLETED,0,1
79KWH,8,2,FULL,06-11-2025,14:38:09,06-11-2025,14:38:10,06-11-2025,14:40:06,COMPLETED,0,1
79KWH,8,2,FULL,06-11-2025,14:40:12,06-11-2025,14:40:16,06-11-2025,14:42:11,COMPLETED,0,1
79KWH,8,2,FULL,06-11-2025,14:42:30,06-11-2025,14:42:32,06-11-2025,14:44:31,COMPLETED,0,1
79KWH,8,2,FULL,06-11-2025,14:44:38,06-11-2025,14:44:40,06-11-2025,14:46:38,COMPLETED,0,1
79KWH,8,2,FULL,06-11-2025,14:46:57,06-11-2025,14:46:58,06-11-2025,14:48:59,COMPLETED,0,1
79KWH,8,2,FULL,06-11-2025,14:49:05,06-11-2025,14:49:11,06-11-2025,14:51:11,COMPLETED,0,1
79KWH,8,2,FULL,06-11-2025,15:39:13,06-11-2025,15:39:13,06-11-2025,15:41:16,COMPLETED,0,1
79KWH,8,2,FULL,06-11-2025,15:51:18,06-11-2025,15:51:19,06-11-2025,15:53:21,COMPLETED,0,1
79KWH,8,2,FULL,06-11-2025,15:53:39,06-11-2025,15:53:40,06-11-2025,15:55:45,COMPLETED,0,1
79KWH,8,2,FULL,06-11-2025,15:55:52,06-11-2025,15:55:55,06-11-2025,15:57:58,COMPLETED,0,1
79KWH,8,2,FULL,06-11-2025,15:58:17,06-11-2025,15:58:19,06-11-2025,16:00:25,COMPLETED,0,1
79KWH,8,2,FULL,06-11-2025,16:00:31,06-11-2025,16:00:34,06-11-2025,16:02:39,COMPLETED,0,1
79KWH,8,2,FULL,06-11-2025,16:02:59,06-11-2025,16:02:59,06-11-2025,16:05:07,COMPLETED,0,1
79KWH,8,2,FULL,06-11-2025,16:05:13,06-11-2025,16:05:17,06-11-2025,16:07:23,COMPLETED,0,1
79KWH,8,2,FULL,06-11-2025,17:40:39,06-11-2025,17:42:16,06-11-2025,17:45:32,COMPLETED,0,1
79KWH,8,2,FULL,06-11-2025,17:45:38,06-11-2025,17:45:42,06-11-2025,17:47:51,COMPLETED,0,1
79KWH,8,2,FULL,06-11-2025,17:47:59,06-11-2025,17:47:59,06-11-2025,17:50:11,COMPLETED,0,1
79KWH,8,2,FULL,06-11-2025,17:50:18,06-11-2025,17:50:21,06-11-2025,17:52:33,COMPLETED,0,1
79KWH,8,2,FULL,06-11-2025,17:52:41,06-11-2025,17:52:42,06-11-2025,17:54:56,COMPLETED,0,1
79KWH,8,2,FULL,06-11-2025,17:55:02,06-11-2025,17:55:05,06-11-2025,17:57:18,COMPLETED,0,1
79KWH,8,2,FULL,06-11-2025,17:57:27,06-11-2025,17:57:27,06-11-2025,17:59:44,COMPLETED,0,1
79KWH,8,1,FULL,06-11-2025,17:59:18,06-11-2025,17:59:20,06-11-2025,18:00:54,COMPLETED,0,1
79KWH,8,2,FULL,06-11-2025,17:59:49,06-11-2025,17:59:54,06-11-2025,18:02:10,COMPLETED,0,1
79KWH,8,1,FULL,06-11-2025,18:01:00,06-11-2025,18:01:02,06-11-2025,18:02:05,COMPLETED,0,1
79KWH,8,1,FULL,06-11-2025,18:02:14,06-11-2025,18:02:16,06-11-2025,18:03:15,COMPLETED,0,1
79KWH,8,2,FULL,06-11-2025,18:02:19,06-11-2025,18:02:19,06-11-2025,18:04:37,COMPLETED,0,1
79KWH,8,1,FULL,06-11-2025,18:03:28,06-11-2025,18:03:28,06-11-2025,18:04:34,COMPLETED,0,1
79KWH,8,1,FULL,06-11-2025,18:04:40,06-11-2025,18:04:42,06-11-2025,18:05:39,COMPLETED,0,1
79KWH,8,2,FULL,06-11-2025,18:04:43,06-11-2025,18:04:46,06-11-2025,18:07:04,COMPLETED,0,1
79KWH,8,1,FULL,06-11-2025,18:05:48,06-11-2025,18:05:49,06-11-2025,18:06:53,COMPLETED,0,1
79KWH,8,1,FULL,06-11-2025,18:06:59,06-11-2025,18:07:01,06-11-2025,18:07:58,COMPLETED,0,1
79KWH,8,2,FULL,06-11-2025,18:07:11,06-11-2025,18:09:04,06-11-2025,18:12:24,COMPLETED,0,1
79KWH,8,1,FULL,06-11-2025,18:08:09,06-11-2025,18:08:10,06-11-2025,18:09:09,COMPLETED,0,1
79KWH,8,1,FULL,06-11-2025,18:09:20,06-11-2025,18:09:21,06-11-2025,18:10:19,COMPLETED,0,1
79KWH,8,1,FULL,06-11-2025,18:10:28,06-11-2025,18:10:28,06-11-2025,18:11:28,COMPLETED,0,1
79KWH,8,1,FULL,06-11-2025,18:11:35,06-11-2025,18:11:37,06-11-2025,18:12:35,COMPLETED,0,1
79KWH,8,2,FULL,06-11-2025,18:12:30,06-11-2025,18:12:33,06-11-2025,18:14:51,COMPLETED,0,1
79KWH,8,1,FULL,06-11-2025,18:12:41,06-11-2025,18:12:42,06-11-2025,18:13:39,COMPLETED,0,1
79KWH,8,1,FULL,06-11-2025,18:29:58,06-11-2025,18:29:58,06-11-2025,18:31:00,COMPLETED,0,1
79KWH,8,2,FULL,06-11-2025,18:44:29,06-11-2025,18:44:31,06-11-2025,18:47:52,COMPLETED,0,1
79KWH,8,1,FULL,06-11-2025,18:45:52,06-11-2025,18:45:53,06-11-2025,18:46:54,COMPLETED,0,1
79KWH,8,1,FULL,06-11-2025,18:47:45,06-11-2025,18:47:46,06-11-2025,18:48:49,COMPLETED,0,1
79KWH,8,2,FULL,06-11-2025,18:47:59,06-11-2025,18:48:02,06-11-2025,18:50:23,COMPLETED,0,1
79KWH,8,1,FULL,06-11-2025,18:49:34,06-11-2025,18:49:35,06-11-2025,18:50:36,COMPLETED,0,1
79KWH,8,2,FULL,06-11-2025,18:50:31,06-11-2025,18:50:31,06-11-2025,18:52:56,COMPLETED,0,1
79KWH,8,1,FULL,06-11-2025,18:50:48,06-11-2025,18:50:48,06-11-2025,18:51:52,COMPLETED,0,1
79KWH,8,1,FULL,06-11-2025,18:52:26,06-11-2025,18:52:27,06-11-2025,18:53:29,COMPLETED,0,1
79KWH,8,2,FULL,06-11-2025,18:53:03,06-11-2025,18:53:05,06-11-2025,18:55:29,COMPLETED,0,1
79KWH,8,1,FULL,06-11-2025,18:53:40,06-11-2025,18:53:41,06-11-2025,18:54:45,COMPLETED,0,1
79KWH,8,1,FULL,06-11-2025,18:55:10,06-11-2025,18:55:10,06-11-2025,18:56:13,COMPLETED,0,1
79KWH,8,2,FULL,06-11-2025,18:55:36,06-11-2025,18:55:37,06-11-2025,18:58:04,COMPLETED,0,1
79KWH,8,1,FULL,06-11-2025,18:56:23,06-11-2025,18:56:24,06-11-2025,18:57:30,COMPLETED,0,1
79KWH,8,1,FULL,06-11-2025,18:58:03,06-11-2025,18:58:04,06-11-2025,18:59:08,COMPLETED,0,1
79KWH,8,2,FULL,06-11-2025,18:58:10,06-11-2025,18:58:13,06-11-2025,19:00:37,COMPLETED,0,1
79KWH,8,1,FULL,06-11-2025,18:59:56,06-11-2025,18:59:56,06-11-2025,19:01:03,COMPLETED,0,1
79KWH,8,2,FULL,06-11-2025,19:00:46,06-11-2025,19:00:47,06-11-2025,19:03:15,COMPLETED,0,1
79KWH,8,1,FULL,06-11-2025,19:01:09,06-11-2025,19:01:13,06-11-2025,19:02:17,COMPLETED,0,1
79KWH,8,1,FULL,06-11-2025,19:02:40,06-11-2025,19:02:40,06-11-2025,19:03:48,COMPLETED,0,1
79KWH,8,2,FULL,06-11-2025,19:03:22,06-11-2025,19:03:25,06-11-2025,19:05:52,COMPLETED,0,1
79KWH,8,1,FULL,06-11-2025,19:03:54,06-11-2025,19:03:57,06-11-2025,19:05:04,COMPLETED,0,1
79KWH,8,1,FULL,06-11-2025,19:05:33,06-11-2025,19:05:34,06-11-2025,19:06:42,COMPLETED,0,1
79KWH,8,2,FULL,06-11-2025,19:06:00,06-11-2025,19:06:01,06-11-2025,19:08:31,COMPLETED,0,1
79KWH,8,1,FULL,06-11-2025,19:06:48,06-11-2025,19:06:52,06-11-2025,19:08:01,COMPLETED,0,1
79KWH,8,1,FULL,06-11-2025,19:08:17,06-11-2025,19:08:18,06-11-2025,19:09:29,COMPLETED,0,1
79KWH,8,2,FULL,06-11-2025,19:08:37,06-11-2025,19:08:40,06-11-2025,19:11:09,COMPLETED,0,1
79KWH,8,1,FULL,06-11-2025,19:10:07,06-11-2025,19:10:08,06-11-2025,19:11:17,COMPLETED,0,1
79KWH,8,2,FULL,06-11-2025,19:11:17,06-11-2025,19:13:04,06-11-2025,19:16:31,COMPLETED,0,1
79KWH,8,1,FULL,06-11-2025,19:11:26,06-11-2025,19:11:27,06-11-2025,19:12:39,COMPLETED,0,1
79KWH,8,1,FULL,06-11-2025,19:12:58,06-11-2025,19:12:59,06-11-2025,19:14:09,COMPLETED,0,1
79KWH,8,1,FULL,06-11-2025,19:14:17,06-11-2025,19:14:18,06-11-2025,19:15:30,COMPLETED,0,1
79KWH,8,1,FULL,06-11-2025,19:15:37,06-11-2025,19:15:40,06-11-2025,19:16:51,COMPLETED,0,1
79KWH,8,2,FULL,06-11-2025,19:16:37,06-11-2025,19:16:39,06-11-2025,19:19:09,COMPLETED,0,1
79KWH,8,1,FULL,06-11-2025,19:16:59,06-11-2025,19:17:00,06-11-2025,19:18:15,COMPLETED,0,1
79KWH,8,1,FULL,06-11-2025,19:18:22,06-11-2025,19:18:23,06-11-2025,19:19:36,COMPLETED,0,1
79KWH,8,2,FULL,06-11-2025,19:19:17,06-11-2025,19:19:17,06-11-2025,19:21:51,COMPLETED,0,1
79KWH,8,1,FULL,06-11-2025,19:19:43,06-11-2025,19:19:44,06-11-2025,19:21:00,COMPLETED,0,1
79KWH,8,1,FULL,06-11-2025,19:21:06,06-11-2025,19:21:08,06-11-2025,19:22:22,COMPLETED,0,1
79KWH,8,2,FULL,06-11-2025,19:21:57,06-11-2025,19:23:50,06-11-2025,19:27:16,COMPLETED,0,1
79KWH,8,1,FULL,06-11-2025,19:22:30,06-11-2025,19:22:33,06-11-2025,19:23:49,COMPLETED,0,1
79KWH,8,1,FULL,06-11-2025,19:23:55,06-11-2025,19:23:58,06-11-2025,19:25:13,COMPLETED,0,1
79KWH,8,1,FULL,06-11-2025,19:25:21,06-11-2025,19:25:23,06-11-2025,19:26:41,COMPLETED,0,1
79KWH,8,1,FULL,06-11-2025,19:26:46,06-11-2025,19:26:49,06-11-2025,19:28:05,COMPLETED,0,1
79KWH,8,2,FULL,06-11-2025,19:27:24,06-11-2025,19:27:24,06-11-2025,19:30:01,COMPLETED,0,1
79KWH,8,1,FULL,06-11-2025,19:28:14,06-11-2025,19:28:14,06-11-2025,19:29:32,COMPLETED,0,1
79KWH,8,1,FULL,06-11-2025,19:29:39,06-11-2025,19:29:42,06-11-2025,19:30:59,COMPLETED,0,1
79KWH,8,2,FULL,06-11-2025,19:30:07,06-11-2025,19:30:09,06-11-2025,19:32:45,COMPLETED,0,1
79KWH,8,1,FULL,06-11-2025,19:31:08,06-11-2025,19:31:08,06-11-2025,19:32:34,COMPLETED,0,1
79KWH,8,1,FULL,06-11-2025,19:32:40,06-11-2025,19:32:44,06-11-2025,19:34:01,COMPLETED,0,1
79KWH,8,2,FULL,06-11-2025,19:32:53,06-11-2025,19:32:54,06-11-2025,19:35:33,COMPLETED,0,1
79KWH,8,1,FULL,06-11-2025,19:34:09,06-11-2025,19:34:11,06-11-2025,19:35:31,COMPLETED,0,1
79KWH,8,1,FULL,06-11-2025,19:35:38,06-11-2025,19:35:40,06-11-2025,19:37:00,COMPLETED,0,1
79KWH,8,2,FULL,06-11-2025,19:35:39,06-11-2025,19:35:42,06-11-2025,19:38:19,COMPLETED,0,1
79KWH,8,1,FULL,06-11-2025,19:37:09,06-11-2025,19:37:09,06-11-2025,19:38:31,COMPLETED,0,1
79KWH,8,2,FULL,06-11-2025,19:38:27,06-11-2025,19:40:11,06-11-2025,19:43:41,COMPLETED,0,1
79KWH,8,1,FULL,06-11-2025,19:38:37,06-11-2025,19:38:40,06-11-2025,19:40:01,COMPLETED,0,1
79KWH,8,1,FULL,06-11-2025,19:40:09,06-11-2025,19:40:11,06-11-2025,19:41:34,COMPLETED,0,1
79KWH,8,1,FULL,06-11-2025,19:41:39,06-11-2025,19:41:43,06-11-2025,19:43:04,COMPLETED,0,1
79KWH,8,1,FULL,06-11-2025,19:43:12,06-11-2025,19:43:12,06-11-2025,19:44:36,COMPLETED,0,1
79KWH,8,2,FULL,06-11-2025,19:43:47,06-11-2025,19:45:37,06-11-2025,19:49:06,COMPLETED,0,1
79KWH,8,1,FULL,06-11-2025,19:44:43,06-11-2025,19:44:45,06-11-2025,19:46:07,COMPLETED,0,1
79KWH,8,1,FULL,06-11-2025,19:46:15,06-11-2025,19:46:16,06-11-2025,19:47:41,COMPLETED,0,1
79KWH,8,1,FULL,06-11-2025,19:47:46,06-11-2025,19:47:50,06-11-2025,19:49:14,COMPLETED,0,1
79KWH,8,2,FULL,06-11-2025,19:49:13,06-11-2025,19:49:15,06-11-2025,19:51:56,COMPLETED,0,1
79KWH,8,1,FULL,06-11-2025,19:49:22,06-11-2025,19:49:23,06-11-2025,19:50:50,COMPLETED,0,1
79KWH,8,1,FULL,06-11-2025,19:50:56,06-11-2025,19:51:00,06-11-2025,19:52:27,COMPLETED,0,1
79KWH,8,2,FULL,06-11-2025,19:52:02,06-11-2025,19:52:06,06-11-2025,19:54:45,COMPLETED,0,1
79KWH,8,1,FULL,06-11-2025,19:52:36,06-11-2025,19:52:37,06-11-2025,19:54:06,COMPLETED,0,1
79KWH,8,1,FULL,06-11-2025,19:54:12,06-11-2025,19:54:16,06-11-2025,19:55:43,COMPLETED,0,1
79KWH,8,2,FULL,06-11-2025,19:54:53,06-11-2025,19:56:37,06-11-2025,20:00:09,COMPLETED,0,1
79KWH,8,1,FULL,06-11-2025,19:55:51,06-11-2025,19:55:53,06-11-2025,19:57:23,COMPLETED,0,1
79KWH,8,1,FULL,06-11-2025,19:57:29,06-11-2025,19:57:33,06-11-2025,19:59:01,COMPLETED,0,1
79KWH,8,1,FULL,06-11-2025,19:59:10,06-11-2025,19:59:11,06-11-2025,20:00:42,COMPLETED,0,1
79KWH,8,2,FULL,06-11-2025,20:00:15,06-11-2025,20:00:18,06-11-2025,20:03:00,COMPLETED,0,1
79KWH,8,1,FULL,06-11-2025,20:00:48,06-11-2025,20:00:51,06-11-2025,20:02:22,COMPLETED,0,1
79KWH,8,1,FULL,06-11-2025,20:02:30,06-11-2025,20:02:32,06-11-2025,20:04:04,COMPLETED,0,1
79KWH,8,2,FULL,06-11-2025,20:03:09,06-11-2025,20:04:54,06-11-2025,20:08:26,COMPLETED,0,1
79KWH,8,1,FULL,06-11-2025,20:04:10,06-11-2025,20:04:14,06-11-2025,20:05:45,COMPLETED,0,1
79KWH,8,1,FULL,06-11-2025,20:05:55,06-11-2025,20:05:57,06-11-2025,20:07:32,COMPLETED,0,1
79KWH,8,1,FULL,06-11-2025,20:07:38,06-11-2025,20:07:40,06-11-2025,20:09:12,COMPLETED,0,1
79KWH,8,2,FULL,06-11-2025,20:08:34,06-11-2025,20:08:35,06-11-2025,20:11:19,COMPLETED,0,1
79KWH,8,1,FULL,06-11-2025,20:09:21,06-11-2025,20:09:21,06-11-2025,20:10:57,COMPLETED,0,1
79KWH,8,1,FULL,06-11-2025,20:11:03,06-11-2025,20:11:05,06-11-2025,20:12:38,COMPLETED,0,1
79KWH,8,2,FULL,06-11-2025,20:11:27,06-11-2025,20:11:28,06-11-2025,20:14:15,COMPLETED,0,1
79KWH,8,1,FULL,06-11-2025,20:12:49,06-11-2025,20:12:50,06-11-2025,20:14:25,COMPLETED,0,1
79KWH,8,1,FULL,06-11-2025,20:14:32,06-11-2025,20:14:35,06-11-2025,20:16:10,COMPLETED,0,1
79KWH,8,1,FULL,06-11-2025,20:20:04,06-11-2025,20:20:05,06-11-2025,20:21:42,COMPLETED,0,1
79KWH,8,2,FULL,06-11-2025,20:20:21,06-11-2025,20:20:21,06-11-2025,20:23:07,COMPLETED,0,1
79KWH,8,1,FULL,06-11-2025,20:21:54,06-11-2025,20:21:54,06-11-2025,20:23:29,COMPLETED,0,1
79KWH,8,2,FULL,06-11-2025,20:23:15,06-11-2025,20:24:53,06-11-2025,20:28:29,COMPLETED,0,1
79KWH,8,1,FULL,06-11-2025,20:23:48,06-11-2025,20:23:49,06-11-2025,20:25:27,COMPLETED,0,1
79KWH,8,1,FULL,06-11-2025,20:25:36,06-11-2025,20:25:37,06-11-2025,20:27:13,COMPLETED,0,1
79KWH,8,1,FULL,06-11-2025,20:27:22,06-11-2025,20:27:22,06-11-2025,20:29:01,COMPLETED,0,1
79KWH,8,2,FULL,06-11-2025,20:28:35,06-11-2025,20:28:38,06-11-2025,20:31:26,COMPLETED,0,1
79KWH,8,1,FULL,06-11-2025,20:29:07,06-11-2025,20:29:10,06-11-2025,20:30:48,COMPLETED,0,1
79KWH,8,1,FULL,06-11-2025,20:30:57,06-11-2025,20:30:57,06-11-2025,20:32:37,COMPLETED,0,1
79KWH,8,2,FULL,06-11-2025,20:31:34,06-11-2025,20:31:35,06-11-2025,20:34:28,COMPLETED,0,1
79KWH,8,1,FULL,06-11-2025,20:32:44,06-11-2025,20:32:46,06-11-2025,20:34:25,COMPLETED,0,1
79KWH,8,2,FULL,06-11-2025,20:34:34,06-11-2025,20:34:36,06-11-2025,20:37:27,COMPLETED,0,1
79KWH,8,1,FULL,06-11-2025,20:34:35,06-11-2025,20:34:36,06-11-2025,20:36:17,COMPLETED,0,1
79KWH,8,1,FULL,06-11-2025,20:36:23,06-11-2025,20:36:26,06-11-2025,20:38:06,COMPLETED,0,1
79KWH,8,2,FULL,06-11-2025,20:37:35,06-11-2025,20:37:36,06-11-2025,20:40:31,COMPLETED,0,1
79KWH,8,1,FULL,06-11-2025,20:38:16,06-11-2025,20:38:17,06-11-2025,20:40:01,COMPLETED,0,1
79KWH,8,1,FULL,06-11-2025,20:40:07,06-11-2025,20:40:08,06-11-2025,20:41:49,COMPLETED,0,1
79KWH,8,2,FULL,06-11-2025,20:40:37,06-11-2025,20:40:41,06-11-2025,20:43:34,COMPLETED,0,1
79KWH,8,1,FULL,06-11-2025,20:41:58,06-11-2025,20:41:59,06-11-2025,20:43:43,COMPLETED,0,1
79KWH,8,2,FULL,06-11-2025,20:43:42,06-11-2025,20:43:43,06-11-2025,20:46:40,COMPLETED,0,1
79KWH,8,1,FULL,06-11-2025,20:43:49,06-11-2025,20:43:51,06-11-2025,20:45:33,COMPLETED,0,1
79KWH,8,1,FULL,06-11-2025,20:45:41,06-11-2025,20:45:42,06-11-2025,20:47:26,COMPLETED,0,1
79KWH,8,2,FULL,06-11-2025,20:46:46,06-11-2025,20:46:48,06-11-2025,20:49:41,COMPLETED,0,1
79KWH,8,1,FULL,06-11-2025,20:47:32,06-11-2025,20:47:35,06-11-2025,20:49:19,COMPLETED,0,1
79KWH,8,1,FULL,06-11-2025,20:49:27,06-11-2025,20:49:28,06-11-2025,20:51:14,COMPLETED,0,1
79KWH,8,2,FULL,06-11-2025,20:49:50,06-11-2025,20:49:50,06-11-2025,20:52:48,COMPLETED,0,1
79KWH,8,1,FULL,06-11-2025,20:51:20,06-11-2025,20:51:23,06-11-2025,20:53:06,COMPLETED,0,1
79KWH,8,2,FULL,06-11-2025,20:52:54,06-11-2025,20:52:57,06-11-2025,20:55:53,COMPLETED,0,1
79KWH,8,1,FULL,06-11-2025,20:53:15,06-11-2025,20:53:16,06-11-2025,20:55:03,COMPLETED,0,1
79KWH,8,1,FULL,06-11-2025,20:55:09,06-11-2025,20:55:13,06-11-2025,20:56:58,COMPLETED,0,1
79KWH,8,2,FULL,06-11-2025,20:56:02,06-11-2025,20:56:03,06-11-2025,20:59:01,COMPLETED,0,1
79KWH,8,1,FULL,06-11-2025,20:57:06,06-11-2025,20:57:08,06-11-2025,20:59:00,COMPLETED,0,1
79KWH,8,1,FULL,06-11-2025,20:59:06,06-11-2025,20:59:09,06-11-2025,21:00:55,COMPLETED,0,1
79KWH,8,2,FULL,06-11-2025,20:59:07,06-11-2025,20:59:11,06-11-2025,21:02:08,COMPLETED,0,1
79KWH,8,1,FULL,06-11-2025,21:01:03,06-11-2025,21:01:04,06-11-2025,21:02:53,COMPLETED,0,1
79KWH,8,1,FULL,06-11-2025,21:03:44,06-11-2025,21:03:44,06-11-2025,21:05:32,COMPLETED,0,1
79KWH,8,2,FULL,06-11-2025,21:04:05,06-11-2025,21:04:05,06-11-2025,21:07:07,COMPLETED,0,1
79KWH,8,1,FULL,06-11-2025,21:08:33,06-11-2025,21:08:34,06-11-2025,21:10:25,COMPLETED,0,1
79KWH,8,2,FULL,06-11-2025,21:08:52,06-11-2025,21:08:53,06-11-2025,21:11:53,COMPLETED,0,1
79KWH,8,1,FULL,06-11-2025,21:10:31,06-11-2025,21:10:34,06-11-2025,21:12:23,COMPLETED,0,1
79KWH,8,2,FULL,06-11-2025,21:12:01,06-11-2025,21:12:02,06-11-2025,21:15:04,COMPLETED,0,1
79KWH,8,1,FULL,06-11-2025,21:12:34,06-11-2025,21:12:35,06-11-2025,21:14:27,COMPLETED,0,1
79KWH,8,2,FULL,06-11-2025,21:15:10,06-11-2025,21:15:13,06-11-2025,21:18:15,COMPLETED,0,1
79KWH,8,1,FULL,06-11-2025,21:16:52,06-11-2025,21:16:52,06-11-2025,21:18:43,COMPLETED,0,1
79KWH,8,2,FULL,06-11-2025,21:18:23,06-11-2025,21:18:23,06-11-2025,21:21:28,COMPLETED,0,1
79KWH,8,1,FULL,06-11-2025,21:18:52,06-11-2025,21:18:53,06-11-2025,21:20:45,COMPLETED,0,1
79KWH,8,1,FULL,06-11-2025,21:20:51,06-11-2025,21:20:55,06-11-2025,21:22:46,COMPLETED,0,1
79KWH,8,2,FULL,06-11-2025,21:21:35,06-11-2025,21:21:38,06-11-2025,21:24:42,COMPLETED,0,1
79KWH,8,1,FULL,06-11-2025,21:22:54,06-11-2025,21:22:55,06-11-2025,21:24:49,COMPLETED,0,1
79KWH,8,2,FULL,06-11-2025,21:24:52,06-11-2025,21:24:53,06-11-2025,21:28:00,COMPLETED,0,1
79KWH,8,1,FULL,06-11-2025,21:24:55,06-11-2025,21:24:57,06-11-2025,21:26:49,COMPLETED,0,1
79KWH,8,1,FULL,06-11-2025,21:26:56,06-11-2025,21:26:57,06-11-2025,21:28:52,COMPLETED,0,1
79KWH,8,2,FULL,06-11-2025,21:28:06,06-11-2025,21:28:09,06-11-2025,21:31:15,COMPLETED,0,1
79KWH,8,1,FULL,06-11-2025,21:28:58,06-11-2025,21:29:01,06-11-2025,21:30:54,COMPLETED,0,1
79KWH,8,1,FULL,06-11-2025,21:31:02,06-11-2025,21:31:03,06-11-2025,21:32:59,COMPLETED,0,1
79KWH,8,2,FULL,06-11-2025,21:31:22,06-11-2025,21:31:23,06-11-2025,21:34:33,COMPLETED,0,1
79KWH,8,1,FULL,06-11-2025,21:33:05,06-11-2025,21:33:08,06-11-2025,21:35:02,COMPLETED,0,1
79KWH,8,2,FULL,06-11-2025,21:34:39,06-11-2025,21:34:40,06-11-2025,21:37:47,COMPLETED,0,1
79KWH,8,1,FULL,06-11-2025,21:35:11,06-11-2025,21:35:11,06-11-2025,21:37:09,COMPLETED,0,1
79KWH,8,1,FULL,06-11-2025,21:37:15,06-11-2025,21:37:17,06-11-2025,21:39:12,COMPLETED,0,1
79KWH,8,2,FULL,06-11-2025,21:37:56,06-11-2025,21:37:57,06-11-2025,21:41:10,COMPLETED,0,1
79KWH,8,1,FULL,06-11-2025,21:39:21,06-11-2025,21:39:22,06-11-2025,21:41:20,COMPLETED,0,1
79KWH,8,2,FULL,06-11-2025,21:41:16,06-11-2025,21:41:19,06-11-2025,21:44:31,COMPLETED,0,1
79KWH,8,1,FULL,06-11-2025,21:41:27,06-11-2025,21:41:30,06-11-2025,21:43:27,COMPLETED,0,1
79KWH,8,1,FULL,06-11-2025,21:43:35,06-11-2025,21:43:35,06-11-2025,21:45:35,COMPLETED,0,1
79KWH,8,2,FULL,06-11-2025,21:44:40,06-11-2025,21:44:41,06-11-2025,21:47:56,COMPLETED,0,1
79KWH,8,1,FULL,06-11-2025,21:45:41,06-11-2025,21:45:44,06-11-2025,21:47:48,COMPLETED,0,1
79KWH,8,1,FULL,06-11-2025,21:47:56,06-11-2025,21:47:56,06-11-2025,21:49:56,COMPLETED,0,1
79KWH,8,2,FULL,06-11-2025,21:48:03,06-11-2025,21:48:05,06-11-2025,21:51:19,COMPLETED,0,1
79KWH,8,1,FULL,06-11-2025,21:50:01,06-11-2025,21:50:04,06-11-2025,21:52:02,COMPLETED,0,1
79KWH,8,2,FULL,06-11-2025,21:51:27,06-11-2025,21:51:28,06-11-2025,21:54:44,COMPLETED,0,1
79KWH,8,1,FULL,06-11-2025,21:52:09,06-11-2025,21:52:11,06-11-2025,21:54:12,COMPLETED,0,1
79KWH,8,1,FULL,06-11-2025,21:54:18,06-11-2025,21:54:21,06-11-2025,21:56:20,COMPLETED,0,1
79KWH,8,2,FULL,06-11-2025,21:54:50,06-11-2025,21:54:53,06-11-2025,21:58:08,COMPLETED,0,1
79KWH,8,1,FULL,06-11-2025,21:56:29,06-11-2025,21:56:30,06-11-2025,21:58:33,COMPLETED,0,1
79KWH,8,2,FULL,06-11-2025,21:58:16,06-11-2025,21:58:16,06-11-2025,22:01:35,COMPLETED,0,1
79KWH,8,1,FULL,06-11-2025,21:58:39,06-11-2025,21:58:42,06-11-2025,22:00:43,COMPLETED,0,1
79KWH,8,1,FULL,06-11-2025,22:00:51,06-11-2025,22:00:51,06-11-2025,22:02:54,COMPLETED,0,1
79KWH,8,2,FULL,06-11-2025,22:01:41,06-11-2025,22:01:43,06-11-2025,22:05:00,COMPLETED,0,1
79KWH,8,1,FULL,06-11-2025,22:03:00,06-11-2025,22:03:03,06-11-2025,22:05:04,COMPLETED,0,1
79KWH,8,2,FULL,06-11-2025,22:05:09,06-11-2025,22:05:09,06-11-2025,22:08:30,COMPLETED,0,1
79KWH,8,1,FULL,06-11-2025,22:05:12,06-11-2025,22:05:15,06-11-2025,22:07:20,COMPLETED,0,1
79KWH,8,1,FULL,06-11-2025,22:07:27,06-11-2025,22:07:29,06-11-2025,22:09:32,COMPLETED,0,1
79KWH,8,2,FULL,06-11-2025,22:08:37,06-11-2025,22:08:41,06-11-2025,22:12:02,COMPLETED,0,1
79KWH,8,1,FULL,06-11-2025,22:09:42,06-11-2025,22:09:42,06-11-2025,22:11:52,COMPLETED,0,1
79KWH,8,1,FULL,06-11-2025,22:11:58,06-11-2025,22:12:01,06-11-2025,22:14:04,COMPLETED,0,1
79KWH,8,2,FULL,06-11-2025,22:12:10,06-11-2025,22:12:11,06-11-2025,22:15:35,COMPLETED,0,1
79KWH,8,1,FULL,06-11-2025,22:14:12,06-11-2025,22:14:13,06-11-2025,22:16:19,COMPLETED,0,1
79KWH,8,2,FULL,06-11-2025,22:15:42,06-11-2025,22:15:44,06-11-2025,22:19:07,COMPLETED,0,1
79KWH,8,1,FULL,06-11-2025,22:16:26,06-11-2025,22:16:29,06-11-2025,22:18:34,COMPLETED,0,1
79KWH,8,1,FULL,06-11-2025,22:18:43,06-11-2025,22:18:44,06-11-2025,22:20:51,COMPLETED,0,1
79KWH,8,2,FULL,06-11-2025,22:19:15,06-11-2025,22:20:38,06-11-2025,22:24:31,COMPLETED,0,1
79KWH,8,1,FULL,06-11-2025,22:20:57,06-11-2025,22:21:01,06-11-2025,22:23:07,COMPLETED,0,1
79KWH,8,2,FULL,06-11-2025,22:24:38,06-11-2025,22:24:41,06-11-2025,22:28:06,COMPLETED,0,1
79KWH,8,2,FULL,06-11-2025,22:28:13,06-11-2025,22:28:15,06-11-2025,22:31:44,COMPLETED,0,1
79KWH,8,2,FULL,06-11-2025,22:31:50,06-11-2025,22:31:53,06-11-2025,22:35:20,COMPLETED,0,1
79KWH,8,2,FULL,06-11-2025,22:41:34,06-11-2025,22:41:35,06-11-2025,22:45:06,COMPLETED,0,1
79KWH,8,2,FULL,06-11-2025,22:45:12,06-11-2025,22:45:16,06-11-2025,22:48:45,COMPLETED,0,1
79KWH,8,2,FULL,06-11-2025,22:48:54,06-11-2025,22:48:55,06-11-2025,22:52:26,COMPLETED,0,1
79KWH,8,2,FULL,06-11-2025,22:52:32,06-11-2025,22:52:37,06-11-2025,22:56:07,COMPLETED,0,1
79KWH,8,2,FULL,06-11-2025,22:56:15,06-11-2025,22:56:16,06-11-2025,22:59:50,COMPLETED,0,1
79KWH,8,2,FULL,06-11-2025,22:59:56,06-11-2025,22:59:59,06-11-2025,23:03:32,COMPLETED,0,1
79KWH,8,2,FULL,06-11-2025,23:03:40,06-11-2025,23:03:42,06-11-2025,23:07:18,COMPLETED,0,1
79KWH,8,2,FULL,06-11-2025,23:07:24,06-11-2025,23:08:42,06-11-2025,23:12:38,COMPLETED,0,1
79KWH,8,2,FULL,06-11-2025,23:12:47,06-11-2025,23:14:07,06-11-2025,23:18:07,COMPLETED,0,1
79KWH,8,2,FULL,06-11-2025,23:18:13,06-11-2025,23:18:16,06-11-2025,23:21:56,COMPLETED,0,1
79KWH,8,2,FULL,06-11-2025,23:22:04,06-11-2025,23:22:04,06-11-2025,23:25:46,COMPLETED,0,1
79KWH,8,2,FULL,06-11-2025,23:25:52,06-11-2025,23:25:56,06-11-2025,23:29:36,COMPLETED,0,1
79KWH,8,2,FULL,06-11-2025,23:29:45,06-11-2025,23:29:47,06-11-2025,23:33:35,COMPLETED,0,1
79KWH,8,2,FULL,06-11-2025,23:33:41,06-11-2025,23:33:45,06-11-2025,23:37:38,COMPLETED,0,1
79KWH,8,2,FULL,06-11-2025,23:37:46,06-11-2025,23:39:03,06-11-2025,23:43:13,COMPLETED,0,1
79KWH,8,2,FULL,06-11-2025,23:43:19,06-11-2025,23:43:22,06-11-2025,23:47:20,COMPLETED,0,1
79KWH,8,2,FULL,06-11-2025,23:47:28,06-11-2025,23:48:47,06-11-2025,23:52:57,COMPLETED,0,1
79KWH,8,2,FULL,06-11-2025,23:53:03,06-11-2025,23:53:06,06-11-2025,23:57:04,COMPLETED,0,1
79KWH,8,2,FULL,06-11-2025,23:57:12,06-11-2025,23:57:12,07-11-2025,00:01:05,COMPLETED,0,1
79KWH,8,2,FULL,07-11-2025,00:01:13,07-11-2025,00:01:14,07-11-2025,00:05:10,COMPLETED,0,1
79KWH,8,2,FULL,07-11-2025,00:05:17,07-11-2025,00:05:19,07-11-2025,00:09:26,COMPLETED,0,1
79KWH,8,2,FULL,07-11-2025,00:09:33,07-11-2025,00:09:35,07-11-2025,00:13:42,COMPLETED,0,1
79KWH,8,2,FULL,07-11-2025,00:13:49,07-11-2025,00:15:09,07-11-2025,00:19:23,COMPLETED,0,1
79KWH,8,2,FULL,07-11-2025,00:19:29,07-11-2025,00:19:33,07-11-2025,00:23:41,COMPLETED,0,1
79KWH,8,2,FULL,07-11-2025,00:23:48,07-11-2025,00:23:49,07-11-2025,00:28:01,COMPLETED,0,1
79KWH,8,2,FULL,07-11-2025,00:28:07,07-11-2025,00:28:10,07-11-2025,00:32:21,COMPLETED,0,1
79KWH,8,2,FULL,07-11-2025,00:32:29,07-11-2025,00:32:30,07-11-2025,00:36:44,COMPLETED,0,1
79KWH,8,2,FULL,07-11-2025,00:36:49,07-11-2025,00:36:54,07-11-2025,00:41:07,COMPLETED,0,1
79KWH,8,2,FULL,07-11-2025,00:59:47,07-11-2025,00:59:48,07-11-2025,01:03:51,COMPLETED,0,1
79KWH,8,2,FULL,07-11-2025,01:03:58,07-11-2025,01:04:00,07-11-2025,01:07:44,COMPLETED,0,1
79KWH,8,2,FULL,07-11-2025,07:30:49,07-11-2025,07:30:50,07-11-2025,07:34:52,COMPLETED,0,1
79KWH,8,2,FULL,07-11-2025,07:34:58,07-11-2025,07:35:00,07-11-2025,07:38:46,COMPLETED,0,1
79KWH,8,2,FULL,07-11-2025,07:38:55,07-11-2025,07:38:55,07-11-2025,07:42:45,COMPLETED,0,1
79KWH,8,2,FULL,07-11-2025,07:42:51,07-11-2025,07:42:53,07-11-2025,07:46:42,COMPLETED,0,1
79KWH,8,2,FULL,07-11-2025,07:46:50,07-11-2025,07:46:51,07-11-2025,07:50:42,COMPLETED,0,1
79KWH,8,2,FULL,07-11-2025,07:50:47,07-11-2025,07:50:51,07-11-2025,07:54:40,COMPLETED,0,1
79KWH,8,2,FULL,07-11-2025,07:59:10,07-11-2025,07:59:10,07-11-2025,08:03:18,COMPLETED,0,1
79KWH,8,2,FULL,07-11-2025,08:03:24,07-11-2025,08:03:28,07-11-2025,08:07:20,COMPLETED,0,1
79KWH,8,1,FULL,07-11-2025,09:07:15,07-11-2025,09:07:16,07-11-2025,09:09:41,COMPLETED,0,1
79KWH,8,1,FULL,07-11-2025,09:09:50,07-11-2025,09:11:30,07-11-2025,09:14:17,COMPLETED,0,1
79KWH,8,1,FULL,07-11-2025,09:14:23,07-11-2025,09:17:44,07-11-2025,09:20:28,COMPLETED,0,1
79KWH,8,1,FULL,07-11-2025,09:20:40,07-11-2025,09:24:13,07-11-2025,09:26:59,COMPLETED,0,1
79KWH,8,1,FULL,07-11-2025,09:27:07,07-11-2025,09:32:24,07-11-2025,09:35:07,COMPLETED,0,1
79KWH,8,1,FULL,07-11-2025,09:35:17,07-11-2025,09:38:01,07-11-2025,09:40:49,COMPLETED,0,1
79KWH,8,1,FULL,07-11-2025,09:40:57,07-11-2025,09:42:36,07-11-2025,09:45:21,COMPLETED,0,1
79KWH,8,1,FULL,07-11-2025,09:45:32,07-11-2025,09:48:06,07-11-2025,09:50:56,COMPLETED,0,1
79KWH,8,1,FULL,07-11-2025,09:51:03,07-11-2025,09:51:05,07-11-2025,09:53:51,COMPLETED,0,1
79KWH,8,1,FULL,07-11-2025,09:54:01,07-11-2025,09:55:37,07-11-2025,09:57:30,COMPLETED,0,1
79KWH,8,1,FULL,07-11-2025,09:57:37,07-11-2025,09:57:39,07-11-2025,09:58:40,COMPLETED,0,1
79KWH,8,1,FULL,07-11-2025,09:58:49,07-11-2025,10:00:44,07-11-2025,10:02:40,COMPLETED,0,1
79KWH,8,1,FULL,07-11-2025,10:02:48,07-11-2025,10:04:46,07-11-2025,10:06:36,COMPLETED,0,1
79KWH,8,3,FULL,07-11-2025,10:04:57,07-11-2025,10:04:58,07-11-2025,10:06:53,COMPLETED,0,1
79KWH,8,1,FULL,07-11-2025,10:06:46,07-11-2025,10:08:41,07-11-2025,10:10:35,COMPLETED,0,1
79KWH,8,3,FULL,07-11-2025,10:07:00,07-11-2025,10:09:09,07-11-2025,10:10:53,COMPLETED,0,1
79KWH,8,1,FULL,07-11-2025,10:10:41,07-11-2025,10:14:16,07-11-2025,10:16:06,COMPLETED,0,1
79KWH,8,3,FULL,07-11-2025,10:11:12,07-11-2025,10:16:37,07-11-2025,10:18:25,COMPLETED,0,1
79KWH,8,1,FULL,07-11-2025,10:16:14,07-11-2025,10:19:44,07-11-2025,10:21:36,COMPLETED,0,1
79KWH,8,3,FULL,07-11-2025,10:18:32,07-11-2025,10:53:15,07-11-2025,10:54:58,COMPLETED,0,1
79KWH,8,1,FULL,07-11-2025,10:21:42,07-11-2025,10:21:44,07-11-2025,10:22:45,COMPLETED,0,1
79KWH,8,1,FULL,07-11-2025,10:22:57,07-11-2025,10:22:58,07-11-2025,10:24:00,COMPLETED,0,1
79KWH,8,1,FULL,07-11-2025,10:24:07,07-11-2025,10:24:10,07-11-2025,10:25:16,COMPLETED,0,1
79KWH,8,1,FULL,07-11-2025,10:25:25,07-11-2025,10:25:26,07-11-2025,10:26:30,COMPLETED,0,1
79KWH,8,1,FULL,07-11-2025,10:26:40,07-11-2025,10:26:41,07-11-2025,10:27:42,COMPLETED,0,1
79KWH,8,1,FULL,07-11-2025,10:27:49,07-11-2025,10:27:50,07-11-2025,10:28:53,COMPLETED,0,1
79KWH,8,1,FULL,07-11-2025,10:28:59,07-11-2025,10:29:02,07-11-2025,10:30:03,COMPLETED,0,1
79KWH,8,1,FULL,07-11-2025,10:30:11,07-11-2025,10:32:08,07-11-2025,10:34:06,COMPLETED,0,1
79KWH,8,1,FULL,07-11-2025,10:34:12,07-11-2025,10:34:14,07-11-2025,10:35:15,COMPLETED,0,1
79KWH,8,1,FULL,07-11-2025,10:38:20,07-11-2025,10:38:23,07-11-2025,10:39:27,COMPLETED,0,1
79KWH,8,1,FULL,07-11-2025,10:39:35,07-11-2025,10:39:37,07-11-2025,10:40:40,COMPLETED,0,1
79KWH,8,1,FULL,07-11-2025,10:43:53,07-11-2025,10:43:54,07-11-2025,10:44:59,COMPLETED,0,1
79KWH,8,1,FULL,07-11-2025,10:45:09,07-11-2025,10:45:09,07-11-2025,10:46:12,COMPLETED,0,1
79KWH,8,1,FULL,07-11-2025,10:46:19,07-11-2025,10:48:12,07-11-2025,10:50:11,COMPLETED,0,1
79KWH,8,1,FULL,07-11-2025,10:50:18,07-11-2025,10:50:20,07-11-2025,10:51:24,COMPLETED,0,1
79KWH,8,1,FULL,07-11-2025,10:51:33,07-11-2025,10:53:28,07-11-2025,10:55:28,COMPLETED,0,1
79KWH,8,3,FULL,07-11-2025,10:55:16,07-11-2025,11:00:47,07-11-2025,11:02:42,COMPLETED,0,1
79KWH,8,1,FULL,07-11-2025,10:55:34,07-11-2025,10:55:36,07-11-2025,10:56:41,COMPLETED,0,1
79KWH,8,1,FULL,07-11-2025,10:56:49,07-11-2025,10:56:50,07-11-2025,10:57:58,COMPLETED,0,1
79KWH,8,1,FULL,07-11-2025,10:58:04,07-11-2025,10:58:08,07-11-2025,10:59:14,COMPLETED,0,1
79KWH,8,1,FULL,07-11-2025,10:59:22,07-11-2025,10:59:23,07-11-2025,11:00:33,COMPLETED,0,1
79KWH,8,1,FULL,07-11-2025,11:00:40,07-11-2025,11:00:41,07-11-2025,11:01:48,COMPLETED,0,1
79KWH,8,1,FULL,07-11-2025,11:01:56,07-11-2025,11:01:57,07-11-2025,11:03:07,COMPLETED,0,1
79KWH,8,1,FULL,07-11-2025,11:03:14,07-11-2025,11:03:17,07-11-2025,11:04:25,COMPLETED,0,1
79KWH,8,1,FULL,07-11-2025,11:04:33,07-11-2025,11:04:36,07-11-2025,11:05:47,COMPLETED,0,1
79KWH,8,1,FULL,07-11-2025,11:05:53,07-11-2025,11:05:56,07-11-2025,11:07:05,COMPLETED,0,1
79KWH,8,1,FULL,07-11-2025,11:07:14,07-11-2025,11:07:15,07-11-2025,11:08:27,COMPLETED,0,1
79KWH,8,1,FULL,07-11-2025,11:08:33,07-11-2025,11:10:25,07-11-2025,11:12:24,COMPLETED,0,1
79KWH,8,1,FULL,07-11-2025,11:12:32,07-11-2025,11:12:34,07-11-2025,11:13:47,COMPLETED,0,1
79KWH,8,1,FULL,07-11-2025,11:13:54,07-11-2025,11:15:47,07-11-2025,11:17:47,COMPLETED,0,1
79KWH,8,1,FULL,07-11-2025,11:17:55,07-11-2025,11:17:56,07-11-2025,11:19:11,COMPLETED,0,1
79KWH,8,1,FULL,07-11-2025,11:19:17,07-11-2025,11:19:19,07-11-2025,11:20:32,COMPLETED,0,1
79KWH,8,1,FULL,07-11-2025,11:20:43,07-11-2025,11:20:43,07-11-2025,11:21:59,COMPLETED,0,1
79KWH,8,1,FULL,07-11-2025,11:22:05,07-11-2025,11:22:08,07-11-2025,11:23:22,COMPLETED,0,1
79KWH,8,1,FULL,07-11-2025,11:23:30,07-11-2025,11:23:30,07-11-2025,11:24:47,COMPLETED,0,1
79KWH,8,1,FULL,07-11-2025,11:24:53,07-11-2025,11:24:56,07-11-2025,11:26:11,COMPLETED,0,1
79KWH,8,1,FULL,07-11-2025,11:26:19,07-11-2025,11:26:19,07-11-2025,11:27:37,COMPLETED,0,1
79KWH,8,1,FULL,07-11-2025,11:27:43,07-11-2025,11:27:46,07-11-2025,11:29:02,COMPLETED,0,1
79KWH,8,1,FULL,07-11-2025,11:29:10,07-11-2025,11:29:11,07-11-2025,11:30:29,COMPLETED,0,1
79KWH,8,1,FULL,07-11-2025,11:30:38,07-11-2025,11:30:39,07-11-2025,11:31:57,COMPLETED,0,1
79KWH,8,1,FULL,07-11-2025,11:32:05,07-11-2025,11:33:47,07-11-2025,11:35:53,COMPLETED,0,1
79KWH,8,1,FULL,07-11-2025,11:35:59,07-11-2025,11:36:02,07-11-2025,11:37:20,COMPLETED,0,1
79KWH,8,1,FULL,07-11-2025,11:37:28,07-11-2025,11:39:14,07-11-2025,11:41:20,COMPLETED,0,1
79KWH,8,1,FULL,07-11-2025,11:41:26,07-11-2025,11:43:12,07-11-2025,11:45:16,COMPLETED,0,1
79KWH,8,1,FULL,07-11-2025,11:45:24,07-11-2025,11:45:25,07-11-2025,11:46:47,COMPLETED,0,1
79KWH,8,1,FULL,07-11-2025,11:46:53,07-11-2025,11:46:57,07-11-2025,11:48:19,COMPLETED,0,1
79KWH,8,1,FULL,07-11-2025,11:48:27,07-11-2025,11:48:27,07-11-2025,11:49:51,COMPLETED,0,1
79KWH,8,1,FULL,07-11-2025,11:49:57,07-11-2025,11:50:00,07-11-2025,11:51:22,COMPLETED,0,1
79KWH,8,1,FULL,07-11-2025,11:51:30,07-11-2025,11:51:31,07-11-2025,11:52:56,COMPLETED,0,1
79KWH,8,1,FULL,07-11-2025,11:53:02,07-11-2025,11:54:49,07-11-2025,11:56:56,COMPLETED,0,1
79KWH,8,1,FULL,07-11-2025,11:57:05,07-11-2025,12:00:17,07-11-2025,12:02:20,COMPLETED,0,1
79KWH,8,1,FULL,07-11-2025,12:02:25,07-11-2025,12:02:29,07-11-2025,12:03:54,COMPLETED,0,1
79KWH,8,1,FULL,07-11-2025,12:54:15,07-11-2025,12:54:52,07-11-2025,12:56:52,COMPLETED,0,1
79KWH,8,1,FULL,07-11-2025,12:56:59,07-11-2025,12:57:00,07-11-2025,12:58:26,COMPLETED,0,1
79KWH,8,1,FULL,07-11-2025,12:58:37,07-11-2025,13:09:12,07-11-2025,13:11:10,COMPLETED,0,1
79KWH,8,1,FULL,07-11-2025,13:11:17,07-11-2025,13:13:55,07-11-2025,13:15:50,COMPLETED,0,1
79KWH,8,1,FULL,07-11-2025,13:15:59,07-11-2025,13:18:50,07-11-2025,13:21:01,COMPLETED,0,1
79KWH,8,1,FULL,07-11-2025,13:21:07,07-11-2025,13:27:44,07-11-2025,13:29:39,COMPLETED,0,1
79KWH,8,1,FULL,07-11-2025,13:29:49,07-11-2025,13:29:49,07-11-2025,13:31:20,COMPLETED,0,1
79KWH,8,1,FULL,07-11-2025,13:31:27,07-11-2025,13:31:29,07-11-2025,13:32:58,COMPLETED,0,1
79KWH,8,1,FULL,07-11-2025,13:33:06,07-11-2025,13:34:43,07-11-2025,13:36:55,COMPLETED,0,1
79KWH,8,1,FULL,07-11-2025,13:37:02,07-11-2025,13:37:04,07-11-2025,13:38:37,COMPLETED,0,1
79KWH,8,1,FULL,07-11-2025,13:38:46,07-11-2025,13:38:46,07-11-2025,13:40:20,COMPLETED,0,1
79KWH,8,1,FULL,07-11-2025,13:40:26,07-11-2025,13:40:29,07-11-2025,13:42:00,COMPLETED,0,1
79KWH,8,1,FULL,07-11-2025,13:42:09,07-11-2025,13:43:48,07-11-2025,13:46:02,COMPLETED,0,1
79KWH,8,1,FULL,07-11-2025,13:46:08,07-11-2025,13:46:11,07-11-2025,13:47:43,COMPLETED,0,1
79KWH,8,1,FULL,07-11-2025,13:47:52,07-11-2025,13:49:27,07-11-2025,13:51:27,COMPLETED,0,1
79KWH,8,1,FULL,07-11-2025,13:51:32,07-11-2025,13:51:35,07-11-2025,13:53:09,COMPLETED,0,1
79KWH,8,3,FULL,07-11-2025,13:53:16,07-11-2025,13:53:17,07-11-2025,13:54:26,COMPLETED,0,1
79KWH,8,1,FULL,07-11-2025,13:53:17,07-11-2025,14:00:48,07-11-2025,14:03:02,COMPLETED,0,1
79KWH,8,3,FULL,07-11-2025,13:54:45,07-11-2025,13:56:37,07-11-2025,13:58:36,COMPLETED,0,1
79KWH,8,3,FULL,07-11-2025,13:58:44,07-11-2025,13:59:55,07-11-2025,14:01:04,COMPLETED,0,1
79KWH,8,3,FULL,07-11-2025,14:01:22,07-11-2025,14:03:20,07-11-2025,14:04:34,COMPLETED,0,1
79KWH,8,1,FULL,07-11-2025,14:03:08,07-11-2025,14:03:10,07-11-2025,14:04:45,COMPLETED,0,1
79KWH,8,3,FULL,07-11-2025,14:04:44,07-11-2025,14:06:01,07-11-2025,14:07:10,COMPLETED,0,1
79KWH,8,1,FULL,07-11-2025,14:04:54,07-11-2025,14:06:38,07-11-2025,14:08:37,COMPLETED,0,1
79KWH,8,3,FULL,07-11-2025,14:07:28,07-11-2025,14:07:29,07-11-2025,14:08:28,COMPLETED,0,1
79KWH,8,3,FULL,07-11-2025,14:08:38,07-11-2025,14:09:50,07-11-2025,14:11:00,COMPLETED,0,1
79KWH,8,1,FULL,07-11-2025,14:08:43,07-11-2025,14:08:45,07-11-2025,14:10:20,COMPLETED,0,1
79KWH,8,1,FULL,07-11-2025,14:10:30,07-11-2025,14:10:31,07-11-2025,14:12:10,COMPLETED,0,1
79KWH,8,3,FULL,07-11-2025,14:11:15,07-11-2025,14:12:22,07-11-2025,14:13:35,COMPLETED,0,1
79KWH,8,1,FULL,07-11-2025,14:12:16,07-11-2025,14:12:18,07-11-2025,14:13:54,COMPLETED,0,1
79KWH,8,3,FULL,07-11-2025,14:13:45,07-11-2025,14:15:38,07-11-2025,14:17:30,COMPLETED,0,1
79KWH,8,1,FULL,07-11-2025,14:14:03,07-11-2025,14:15:36,07-11-2025,14:17:51,COMPLETED,0,1
79KWH,8,3,FULL,07-11-2025,14:17:52,07-11-2025,14:19:29,07-11-2025,14:21:25,COMPLETED,0,1
79KWH,8,3,FULL,07-11-2025,14:21:35,07-11-2025,14:21:37,07-11-2025,14:22:38,COMPLETED,0,1
79KWH,8,1,FULL,07-11-2025,14:22:26,07-11-2025,14:22:43,07-11-2025,14:24:40,COMPLETED,0,1
79KWH,8,3,FULL,07-11-2025,14:22:56,07-11-2025,14:24:58,07-11-2025,14:26:13,COMPLETED,0,1
79KWH,8,1,FULL,07-11-2025,14:24:48,07-11-2025,14:26:09,07-11-2025,14:28:09,COMPLETED,0,1
79KWH,8,3,FULL,07-11-2025,14:26:19,07-11-2025,14:29:38,07-11-2025,14:30:52,COMPLETED,0,1
79KWH,8,1,FULL,07-11-2025,14:28:15,07-11-2025,14:28:17,07-11-2025,14:29:56,COMPLETED,0,1
79KWH,8,3,FULL,07-11-2025,14:31:08,07-11-2025,14:41:03,07-11-2025,14:42:21,COMPLETED,0,1
79KWH,8,1,FULL,07-11-2025,14:40:44,07-11-2025,14:40:45,07-11-2025,14:43:01,COMPLETED,0,1
79KWH,8,3,FULL,07-11-2025,14:42:27,07-11-2025,14:42:28,07-11-2025,14:43:26,COMPLETED,0,1
79KWH,8,1,FULL,07-11-2025,14:43:07,07-11-2025,14:43:10,07-11-2025,14:44:52,COMPLETED,0,1
79KWH,8,3,FULL,07-11-2025,14:43:47,07-11-2025,14:48:21,07-11-2025,14:49:38,COMPLETED,0,1
79KWH,8,1,FULL,07-11-2025,14:45:00,07-11-2025,14:46:17,07-11-2025,14:48:17,COMPLETED,0,1
79KWH,8,1,FULL,07-11-2025,14:48:23,07-11-2025,14:51:06,07-11-2025,14:53:20,COMPLETED,0,1
79KWH,8,3,FULL,07-11-2025,14:49:46,07-11-2025,14:51:04,07-11-2025,14:52:20,COMPLETED,0,1
79KWH,8,3,FULL,07-11-2025,14:52:41,07-11-2025,14:55:58,07-11-2025,14:57:14,COMPLETED,0,1
79KWH,8,1,FULL,07-11-2025,14:53:29,07-11-2025,14:57:05,07-11-2025,14:58:30,COMPLETED,0,1
79KWH,8,3,FULL,07-11-2025,14:57:21,07-11-2025,15:09:40,07-11-2025,15:10:55,COMPLETED,0,1
79KWH,8,1,FULL,07-11-2025,14:58:40,07-11-2025,15:04:48,07-11-2025,15:06:29,COMPLETED,0,1
79KWH,8,1,FULL,07-11-2025,15:06:43,07-11-2025,15:06:44,07-11-2025,15:08:28,COMPLETED,0,1
79KWH,8,1,FULL,07-11-2025,15:08:38,07-11-2025,15:10:03,07-11-2025,15:11:26,COMPLETED,0,1
79KWH,8,3,FULL,07-11-2025,15:11:12,07-11-2025,15:14:16,07-11-2025,15:15:37,COMPLETED,0,1
79KWH,8,1,FULL,07-11-2025,15:11:37,07-11-2025,15:11:38,07-11-2025,15:13:23,COMPLETED,0,1
79KWH,8,1,FULL,07-11-2025,15:13:29,07-11-2025,15:17:00,07-11-2025,15:18:25,COMPLETED,0,1
79KWH,8,3,FULL,07-11-2025,15:15:44,07-11-2025,15:15:46,07-11-2025,15:16:48,COMPLETED,0,1
79KWH,8,3,FULL,07-11-2025,15:17:05,07-11-2025,15:18:45,07-11-2025,15:20:44,COMPLETED,0,1
79KWH,8,1,FULL,07-11-2025,15:18:35,07-11-2025,15:19:58,07-11-2025,15:21:25,COMPLETED,0,1
79KWH,8,3,FULL,07-11-2025,15:20:53,07-11-2025,15:23:14,07-11-2025,15:24:37,COMPLETED,0,1
79KWH,8,1,FULL,07-11-2025,15:21:32,07-11-2025,15:21:37,07-11-2025,15:23:23,COMPLETED,0,1
79KWH,8,1,FULL,07-11-2025,15:23:31,07-11-2025,15:24:58,07-11-2025,15:26:27,COMPLETED,0,1
79KWH,8,3,FULL,07-11-2025,15:24:55,07-11-2025,15:26:38,07-11-2025,15:28:36,COMPLETED,0,1
79KWH,8,1,FULL,07-11-2025,15:26:33,07-11-2025,15:26:39,07-11-2025,15:28:27,COMPLETED,0,1
79KWH,8,1,FULL,07-11-2025,15:28:37,07-11-2025,15:30:03,07-11-2025,15:31:33,COMPLETED,0,1
79KWH,8,3,FULL,07-11-2025,15:28:43,07-11-2025,15:30:36,07-11-2025,15:32:35,COMPLETED,0,1
79KWH,8,1,FULL,07-11-2025,15:31:40,07-11-2025,15:31:42,07-11-2025,15:33:32,COMPLETED,0,1
79KWH,8,3,FULL,07-11-2025,15:32:50,07-11-2025,15:34:37,07-11-2025,15:36:36,COMPLETED,0,1
79KWH,8,1,FULL,07-11-2025,15:33:45,07-11-2025,15:33:46,07-11-2025,15:35:37,COMPLETED,0,1
79KWH,8,1,FULL,07-11-2025,15:35:45,07-11-2025,15:35:47,07-11-2025,15:37:37,COMPLETED,0,1
79KWH,8,3,FULL,07-11-2025,15:36:43,07-11-2025,15:38:01,07-11-2025,15:39:23,COMPLETED,0,1
79KWH,8,1,FULL,07-11-2025,15:37:46,07-11-2025,15:39:10,07-11-2025,15:40:40,COMPLETED,0,1
79KWH,8,3,FULL,07-11-2025,15:39:38,07-11-2025,15:40:49,07-11-2025,15:42:12,COMPLETED,0,1
79KWH,8,1,FULL,07-11-2025,15:40:45,07-11-2025,15:40:49,07-11-2025,15:42:40,COMPLETED,0,1
79KWH,8,3,FULL,07-11-2025,15:42:18,07-11-2025,15:43:45,07-11-2025,15:45:06,COMPLETED,0,1
79KWH,8,3,FULL,07-11-2025,15:45:23,07-11-2025,15:47:07,07-11-2025,15:49:07,COMPLETED,0,1
79KWH,8,3,FULL,07-11-2025,15:50:24,07-11-2025,15:51:07,07-11-2025,15:53:04,COMPLETED,0,1
79KWH,8,1,FULL,07-11-2025,15:55:09,07-11-2025,15:55:09,07-11-2025,15:56:40,COMPLETED,0,1
79KWH,8,3,FULL,07-11-2025,15:56:09,07-11-2025,15:56:37,07-11-2025,15:58:36,COMPLETED,0,1
79KWH,8,1,FULL,07-11-2025,16:09:01,07-11-2025,16:09:01,07-11-2025,16:11:21,COMPLETED,0,1
79KWH,8,3,FULL,07-11-2025,16:10:15,07-11-2025,16:11:13,07-11-2025,16:12:37,COMPLETED,0,1
79KWH,8,1,FULL,07-11-2025,16:11:30,07-11-2025,16:11:31,07-11-2025,16:12:56,COMPLETED,0,1
79KWH,8,3,FULL,07-11-2025,16:12:54,07-11-2025,16:17:04,07-11-2025,16:18:45,COMPLETED,0,1
79KWH,8,1,FULL,07-11-2025,16:13:12,07-11-2025,16:13:12,07-11-2025,16:14:19,COMPLETED,0,1
79KWH,8,1,FULL,07-11-2025,16:14:38,07-11-2025,16:14:38,07-11-2025,16:15:53,COMPLETED,0,1
79KWH,8,1,FULL,07-11-2025,16:16:29,07-11-2025,16:16:30,07-11-2025,16:18:04,COMPLETED,0,1
79KWH,8,1,FULL,07-11-2025,16:18:19,07-11-2025,16:18:20,07-11-2025,16:20:09,COMPLETED,0,1
79KWH,8,3,FULL,07-11-2025,16:18:51,07-11-2025,16:21:25,07-11-2025,16:23:04,COMPLETED,0,1
79KWH,8,1,FULL,07-11-2025,16:20:18,07-11-2025,16:20:19,07-11-2025,16:21:55,COMPLETED,0,1
79KWH,8,1,FULL,07-11-2025,16:22:04,07-11-2025,16:22:04,07-11-2025,16:23:22,COMPLETED,0,1
79KWH,8,3,FULL,07-11-2025,16:23:13,07-11-2025,16:25:26,07-11-2025,16:27:34,COMPLETED,0,1
79KWH,8,1,FULL,07-11-2025,16:23:55,07-11-2025,16:23:55,07-11-2025,16:25:02,COMPLETED,0,1
79KWH,8,1,FULL,07-11-2025,16:25:51,07-11-2025,16:25:51,07-11-2025,16:27:01,COMPLETED,0,1
79KWH,8,1,FULL,07-11-2025,16:27:06,07-11-2025,16:27:09,07-11-2025,16:28:29,COMPLETED,0,1
79KWH,8,3,FULL,07-11-2025,16:27:40,07-11-2025,16:27:43,07-11-2025,16:30:08,COMPLETED,0,1
79KWH,8,1,FULL,07-11-2025,16:28:40,07-11-2025,16:28:41,07-11-2025,16:30:13,COMPLETED,0,1
79KWH,8,3,FULL,07-11-2025,16:30:16,07-11-2025,16:31:44,07-11-2025,16:33:06,COMPLETED,0,1
79KWH,8,1,FULL,07-11-2025,16:30:20,07-11-2025,16:30:23,07-11-2025,16:32:06,COMPLETED,0,1
79KWH,8,1,FULL,07-11-2025,16:32:14,07-11-2025,16:32:15,07-11-2025,16:34:01,COMPLETED,0,1
79KWH,8,3,FULL,07-11-2025,16:33:14,07-11-2025,16:34:52,07-11-2025,16:36:12,COMPLETED,0,1
79KWH,8,1,FULL,07-11-2025,16:34:06,07-11-2025,16:34:09,07-11-2025,16:35:53,COMPLETED,0,1
79KWH,8,1,FULL,07-11-2025,16:36:02,07-11-2025,16:37:38,07-11-2025,16:39:57,COMPLETED,0,1
79KWH,8,3,FULL,07-11-2025,16:36:26,07-11-2025,16:38:00,07-11-2025,16:39:24,COMPLETED,0,1
79KWH,8,3,FULL,07-11-2025,16:39:32,07-11-2025,16:39:33,07-11-2025,16:40:26,COMPLETED,0,1
79KWH,8,1,FULL,07-11-2025,16:40:03,07-11-2025,16:40:06,07-11-2025,16:41:51,COMPLETED,0,1
79KWH,8,3,FULL,07-11-2025,16:40:40,07-11-2025,16:45:14,07-11-2025,16:46:39,COMPLETED,0,1
79KWH,8,1,FULL,07-11-2025,16:41:59,07-11-2025,16:42:00,07-11-2025,16:43:48,COMPLETED,0,1
79KWH,8,1,FULL,07-11-2025,16:43:54,07-11-2025,16:43:58,07-11-2025,16:45:44,COMPLETED,0,1
79KWH,8,1,FULL,07-11-2025,16:45:53,07-11-2025,16:45:54,07-11-2025,16:47:44,COMPLETED,0,1
79KWH,8,3,FULL,07-11-2025,16:46:45,07-11-2025,16:48:19,07-11-2025,16:49:42,COMPLETED,0,1
79KWH,8,1,FULL,07-11-2025,16:47:51,07-11-2025,16:47:53,07-11-2025,16:49:43,COMPLETED,0,1
79KWH,8,1,FULL,07-11-2025,16:49:51,07-11-2025,16:51:21,07-11-2025,16:53:43,COMPLETED,0,1
79KWH,8,3,FULL,07-11-2025,16:49:53,07-11-2025,16:51:22,07-11-2025,16:52:49,COMPLETED,0,1
79KWH,8,3,FULL,07-11-2025,16:52:55,07-11-2025,16:52:58,07-11-2025,16:53:56,COMPLETED,0,1
79KWH,8,1,FULL,07-11-2025,16:53:51,07-11-2025,16:53:52,07-11-2025,16:55:43,COMPLETED,0,1
79KWH,8,3,FULL,07-11-2025,16:54:06,07-11-2025,16:56:33,07-11-2025,16:58:05,COMPLETED,0,1
79KWH,8,1,FULL,07-11-2025,16:55:52,07-11-2025,16:57:17,07-11-2025,16:59:41,COMPLETED,0,1
79KWH,8,3,FULL,07-11-2025,16:58:12,07-11-2025,16:58:14,07-11-2025,16:59:21,COMPLETED,0,1
79KWH,8,3,FULL,07-11-2025,16:59:30,07-11-2025,17:00:54,07-11-2025,17:02:27,COMPLETED,0,1
79KWH,8,1,FULL,07-11-2025,16:59:47,07-11-2025,16:59:52,07-11-2025,17:01:46,COMPLETED,0,1
79KWH,8,1,FULL,07-11-2025,17:01:56,07-11-2025,17:01:57,07-11-2025,17:03:54,COMPLETED,0,1
79KWH,8,3,FULL,07-11-2025,17:02:35,07-11-2025,17:02:37,07-11-2025,17:03:46,COMPLETED,0,1
79KWH,8,3,FULL,07-11-2025,17:03:55,07-11-2025,17:03:57,07-11-2025,17:05:08,COMPLETED,0,1
79KWH,8,1,FULL,07-11-2025,17:04:00,07-11-2025,17:04:03,07-11-2025,17:05:58,COMPLETED,0,1
79KWH,8,3,FULL,07-11-2025,17:05:13,07-11-2025,17:05:17,07-11-2025,17:06:27,COMPLETED,0,1
79KWH,8,1,FULL,07-11-2025,17:06:06,07-11-2025,17:06:07,07-11-2025,17:08:05,COMPLETED,0,1
79KWH,8,3,FULL,07-11-2025,17:06:37,07-11-2025,17:06:37,07-11-2025,17:07:49,COMPLETED,0,1
79KWH,8,3,FULL,07-11-2025,17:07:55,07-11-2025,17:07:59,07-11-2025,17:09:09,COMPLETED,0,1
79KWH,8,1,FULL,07-11-2025,17:08:11,07-11-2025,17:08:14,07-11-2025,17:10:11,COMPLETED,0,1
79KWH,8,3,FULL,07-11-2025,17:09:21,07-11-2025,17:09:23,07-11-2025,17:10:38,COMPLETED,0,1
79KWH,8,1,FULL,07-11-2025,17:10:19,07-11-2025,17:10:20,07-11-2025,17:12:19,COMPLETED,0,1
79KWH,8,3,FULL,07-11-2025,17:11:12,07-11-2025,17:11:12,07-11-2025,17:12:26,COMPLETED,0,1
79KWH,8,1,FULL,07-11-2025,17:12:26,07-11-2025,17:12:27,07-11-2025,17:14:25,COMPLETED,0,1
79KWH,8,3,FULL,07-11-2025,17:13:06,07-11-2025,17:13:07,07-11-2025,17:14:23,COMPLETED,0,1
79KWH,8,1,FULL,07-11-2025,17:14:33,07-11-2025,17:14:33,07-11-2025,17:16:33,COMPLETED,0,1
79KWH,8,3,FULL,07-11-2025,17:14:56,07-11-2025,17:14:57,07-11-2025,17:16:11,COMPLETED,0,1
79KWH,8,1,FULL,07-11-2025,17:16:39,07-11-2025,17:16:42,07-11-2025,17:18:40,COMPLETED,0,1
79KWH,8,3,FULL,07-11-2025,17:16:50,07-11-2025,17:16:50,07-11-2025,17:18:07,COMPLETED,0,1
79KWH,8,3,FULL,07-11-2025,17:18:42,07-11-2025,17:18:42,07-11-2025,17:19:58,COMPLETED,0,1
79KWH,8,1,FULL,07-11-2025,17:18:49,07-11-2025,17:18:49,07-11-2025,17:20:51,COMPLETED,0,1
79KWH,8,3,FULL,07-11-2025,17:20:31,07-11-2025,17:20:35,07-11-2025,17:21:54,COMPLETED,0,1
79KWH,8,1,FULL,07-11-2025,17:20:57,07-11-2025,17:21:00,07-11-2025,17:22:59,COMPLETED,0,1
79KWH,8,3,FULL,07-11-2025,17:22:24,07-11-2025,17:22:25,07-11-2025,17:23:43,COMPLETED,0,1
79KWH,8,1,FULL,07-11-2025,17:23:07,07-11-2025,17:24:34,07-11-2025,17:27:01,COMPLETED,0,1
79KWH,8,3,FULL,07-11-2025,17:26:39,07-11-2025,17:26:40,07-11-2025,17:28:00,COMPLETED,0,1
79KWH,8,1,FULL,07-11-2025,17:27:06,07-11-2025,17:27:10,07-11-2025,17:29:11,COMPLETED,0,1
79KWH,8,1,FULL,07-11-2025,17:29:20,07-11-2025,17:30:40,07-11-2025,17:33:08,COMPLETED,0,1
79KWH,8,1,FULL,07-11-2025,17:33:14,07-11-2025,17:33:18,07-11-2025,17:35:19,COMPLETED,0,1
79KWH,8,3,FULL,07-11-2025,17:34:06,07-11-2025,17:34:06,07-11-2025,17:35:25,COMPLETED,0,1
79KWH,8,1,FULL,07-11-2025,17:35:27,07-11-2025,17:35:29,07-11-2025,17:37:33,COMPLETED,0,1
79KWH,8,3,FULL,07-11-2025,17:36:01,07-11-2025,17:36:03,07-11-2025,17:37:24,COMPLETED,0,1
79KWH,8,1,FULL,07-11-2025,17:37:39,07-11-2025,17:37:43,07-11-2025,17:39:46,COMPLETED,0,1
79KWH,8,3,FULL,07-11-2025,17:37:51,07-11-2025,17:37:53,07-11-2025,17:39:13,COMPLETED,0,1
79KWH,8,3,FULL,07-11-2025,17:39:45,07-11-2025,17:39:46,07-11-2025,17:41:09,COMPLETED,0,1
79KWH,8,1,FULL,07-11-2025,17:39:56,07-11-2025,17:39:57,07-11-2025,17:42:02,COMPLETED,0,1
79KWH,8,3,FULL,07-11-2025,17:41:34,07-11-2025,17:41:34,07-11-2025,17:42:57,COMPLETED,0,1
79KWH,8,1,FULL,07-11-2025,17:42:08,07-11-2025,17:42:11,07-11-2025,17:44:15,COMPLETED,0,1
79KWH,8,3,FULL,07-11-2025,17:43:30,07-11-2025,17:43:32,07-11-2025,17:44:57,COMPLETED,0,1
79KWH,8,1,FULL,07-11-2025,17:44:23,07-11-2025,17:44:23,07-11-2025,17:46:30,COMPLETED,0,1
79KWH,8,3,FULL,07-11-2025,17:45:17,07-11-2025,17:45:18,07-11-2025,17:46:42,COMPLETED,0,1
79KWH,8,1,FULL,07-11-2025,17:46:37,07-11-2025,17:46:39,07-11-2025,17:48:44,COMPLETED,0,1
79KWH,8,3,FULL,07-11-2025,17:47:13,07-11-2025,17:47:13,07-11-2025,17:48:40,COMPLETED,0,1
79KWH,8,1,FULL,07-11-2025,17:48:52,07-11-2025,17:50:11,07-11-2025,17:52:40,COMPLETED,0,1
79KWH,8,3,FULL,07-11-2025,17:49:01,07-11-2025,17:49:02,07-11-2025,17:50:26,COMPLETED,0,1
79KWH,8,3,FULL,07-11-2025,17:50:55,07-11-2025,17:50:56,07-11-2025,17:52:24,COMPLETED,0,1
79KWH,8,1,FULL,07-11-2025,17:52:47,07-11-2025,17:54:13,07-11-2025,17:56:41,COMPLETED,0,1
79KWH,8,3,FULL,07-11-2025,17:52:48,07-11-2025,17:52:49,07-11-2025,17:54:14,COMPLETED,0,1
79KWH,8,3,FULL,07-11-2025,17:54:39,07-11-2025,17:54:40,07-11-2025,17:56:08,COMPLETED,0,1
79KWH,8,3,FULL,07-11-2025,17:56:30,07-11-2025,17:56:30,07-11-2025,17:57:57,COMPLETED,0,1
79KWH,8,1,FULL,07-11-2025,17:56:48,07-11-2025,17:56:50,07-11-2025,17:58:58,COMPLETED,0,1
79KWH,8,3,FULL,07-11-2025,17:58:06,07-11-2025,17:58:06,07-11-2025,17:59:36,COMPLETED,0,1
79KWH,8,1,FULL,07-11-2025,17:59:04,07-11-2025,17:59:08,07-11-2025,18:01:15,COMPLETED,0,1
79KWH,8,3,FULL,07-11-2025,17:59:41,07-11-2025,17:59:45,07-11-2025,18:01:13,COMPLETED,0,1
79KWH,8,3,FULL,07-11-2025,18:01:22,07-11-2025,18:01:23,07-11-2025,18:02:54,COMPLETED,0,1
79KWH,8,1,FULL,07-11-2025,18:01:24,07-11-2025,18:01:24,07-11-2025,18:03:34,COMPLETED,0,1
79KWH,8,3,FULL,07-11-2025,18:03:00,07-11-2025,18:03:03,07-11-2025,18:04:33,COMPLETED,0,1
79KWH,8,1,FULL,07-11-2025,18:03:40,07-11-2025,18:03:42,07-11-2025,18:05:51,COMPLETED,0,1
79KWH,8,3,FULL,07-11-2025,18:04:43,07-11-2025,18:04:45,07-11-2025,18:06:16,COMPLETED,0,1
79KWH,8,1,FULL,07-11-2025,18:05:59,07-11-2025,18:05:59,07-11-2025,18:08:10,COMPLETED,0,1
79KWH,8,3,FULL,07-11-2025,18:06:23,07-11-2025,18:06:25,07-11-2025,18:07:54,COMPLETED,0,1
79KWH,8,3,FULL,07-11-2025,18:08:03,07-11-2025,18:08:05,07-11-2025,18:09:38,COMPLETED,0,1
79KWH,8,1,FULL,07-11-2025,18:08:16,07-11-2025,18:08:19,07-11-2025,18:10:28,COMPLETED,0,1
79KWH,8,3,FULL,07-11-2025,18:09:44,07-11-2025,18:09:46,07-11-2025,18:11:17,COMPLETED,0,1
79KWH,8,1,FULL,07-11-2025,18:10:37,07-11-2025,18:10:37,07-11-2025,18:12:49,COMPLETED,0,1
79KWH,8,3,FULL,07-11-2025,18:11:26,07-11-2025,18:11:27,07-11-2025,18:13:01,COMPLETED,0,1
79KWH,8,1,FULL,07-11-2025,18:12:55,07-11-2025,18:14:15,07-11-2025,18:16:45,COMPLETED,0,1
79KWH,8,3,FULL,07-11-2025,18:13:07,07-11-2025,18:13:11,07-11-2025,18:14:43,COMPLETED,0,1
79KWH,8,3,FULL,07-11-2025,18:14:52,07-11-2025,18:14:54,07-11-2025,18:16:29,COMPLETED,0,1
79KWH,8,3,FULL,07-11-2025,18:16:36,07-11-2025,18:16:40,07-11-2025,18:18:14,COMPLETED,0,1
79KWH,8,1,FULL,07-11-2025,18:16:53,07-11-2025,18:16:54,07-11-2025,18:19:08,COMPLETED,0,1
79KWH,8,3,FULL,07-11-2025,18:18:23,07-11-2025,18:18:24,07-11-2025,18:20:01,COMPLETED,0,1
79KWH,8,1,FULL,07-11-2025,18:19:14,07-11-2025,18:19:16,07-11-2025,18:21:28,COMPLETED,0,1
79KWH,8,3,FULL,07-11-2025,18:20:08,07-11-2025,18:20:09,07-11-2025,18:21:44,COMPLETED,0,1
79KWH,8,1,FULL,07-11-2025,18:21:35,07-11-2025,18:21:36,07-11-2025,18:23:50,COMPLETED,0,1
79KWH,8,3,FULL,07-11-2025,18:21:54,07-11-2025,18:21:54,07-11-2025,18:23:31,COMPLETED,0,1
79KWH,8,3,FULL,07-11-2025,18:23:37,07-11-2025,18:23:40,07-11-2025,18:25:15,COMPLETED,0,1
79KWH,8,1,FULL,07-11-2025,18:23:56,07-11-2025,18:23:59,07-11-2025,18:26:12,COMPLETED,0,1
79KWH,8,3,FULL,07-11-2025,18:25:25,07-11-2025,18:25:25,07-11-2025,18:27:04,COMPLETED,0,1
79KWH,8,1,FULL,07-11-2025,18:26:21,07-11-2025,18:27:38,07-11-2025,18:30:12,COMPLETED,0,1
79KWH,8,3,FULL,07-11-2025,18:27:10,07-11-2025,18:27:13,07-11-2025,18:28:50,COMPLETED,0,1
79KWH,8,3,FULL,07-11-2025,18:28:59,07-11-2025,18:28:59,07-11-2025,18:30:37,COMPLETED,0,1
79KWH,8,1,FULL,07-11-2025,18:30:18,07-11-2025,18:30:20,07-11-2025,18:32:34,COMPLETED,0,1
79KWH,8,3,FULL,07-11-2025,18:30:44,07-11-2025,18:30:46,07-11-2025,18:32:24,COMPLETED,0,1
79KWH,8,3,FULL,07-11-2025,18:32:34,07-11-2025,18:32:35,07-11-2025,18:34:15,COMPLETED,0,1
79KWH,8,1,FULL,07-11-2025,18:32:45,07-11-2025,18:34:09,07-11-2025,18:36:43,COMPLETED,0,1
79KWH,8,3,FULL,07-11-2025,18:34:21,07-11-2025,18:34:24,07-11-2025,18:36:04,COMPLETED,0,1
79KWH,8,3,FULL,07-11-2025,18:36:13,07-11-2025,18:36:14,07-11-2025,18:37:55,COMPLETED,0,1
79KWH,8,1,FULL,07-11-2025,18:36:48,07-11-2025,18:36:51,07-11-2025,18:39:06,COMPLETED,0,1
79KWH,8,3,FULL,07-11-2025,18:38:00,07-11-2025,18:38:04,07-11-2025,18:39:44,COMPLETED,0,1
79KWH,8,1,FULL,07-11-2025,18:39:14,07-11-2025,18:39:15,07-11-2025,18:41:32,COMPLETED,0,1
79KWH,8,3,FULL,07-11-2025,18:39:53,07-11-2025,18:39:54,07-11-2025,18:41:36,COMPLETED,0,1
79KWH,8,1,FULL,07-11-2025,18:41:38,07-11-2025,18:41:42,07-11-2025,18:43:58,COMPLETED,0,1
79KWH,8,3,FULL,07-11-2025,18:41:42,07-11-2025,18:41:46,07-11-2025,18:43:26,COMPLETED,0,1
79KWH,8,3,FULL,07-11-2025,18:43:35,07-11-2025,18:43:36,07-11-2025,18:45:20,COMPLETED,0,1
79KWH,8,1,FULL,07-11-2025,18:44:06,07-11-2025,18:44:07,07-11-2025,18:46:26,COMPLETED,0,1
79KWH,8,3,FULL,07-11-2025,18:45:26,07-11-2025,18:45:28,07-11-2025,18:47:11,COMPLETED,0,1
79KWH,8,1,FULL,07-11-2025,18:46:33,07-11-2025,18:46:35,07-11-2025,18:48:54,COMPLETED,0,1
79KWH,8,3,FULL,07-11-2025,18:47:20,07-11-2025,18:47:21,07-11-2025,18:49:06,COMPLETED,0,1
79KWH,8,1,FULL,07-11-2025,18:49:01,07-11-2025,18:50:23,07-11-2025,18:52:59,COMPLETED,0,1
79KWH,8,3,FULL,07-11-2025,18:49:13,07-11-2025,18:49:15,07-11-2025,18:50:59,COMPLETED,0,1
79KWH,8,3,FULL,07-11-2025,18:51:09,07-11-2025,18:51:10,07-11-2025,18:52:55,COMPLETED,0,1
79KWH,8,3,FULL,07-11-2025,18:53:01,07-11-2025,18:53:05,07-11-2025,18:54:52,COMPLETED,0,1
79KWH,8,1,FULL,07-11-2025,18:53:04,07-11-2025,18:53:07,07-11-2025,18:55:26,COMPLETED,0,1
79KWH,8,3,FULL,07-11-2025,18:55:01,07-11-2025,18:55:03,07-11-2025,18:56:52,COMPLETED,0,1
79KWH,8,1,FULL,07-11-2025,18:55:35,07-11-2025,18:56:50,07-11-2025,18:59:26,COMPLETED,0,1
79KWH,8,3,FULL,07-11-2025,18:56:58,07-11-2025,18:57:03,07-11-2025,18:58:52,COMPLETED,0,1
79KWH,8,3,FULL,07-11-2025,18:59:01,07-11-2025,18:59:02,07-11-2025,19:00:55,COMPLETED,0,1
79KWH,8,1,FULL,07-11-2025,18:59:32,07-11-2025,19:00:57,07-11-2025,19:03:32,COMPLETED,0,1
79KWH,8,3,FULL,07-11-2025,19:01:01,07-11-2025,19:01:04,07-11-2025,19:02:56,COMPLETED,0,1
79KWH,8,3,FULL,07-11-2025,19:03:06,07-11-2025,19:03:07,07-11-2025,19:05:01,COMPLETED,0,1
79KWH,8,1,FULL,07-11-2025,19:03:41,07-11-2025,19:03:41,07-11-2025,19:06:04,COMPLETED,0,1
79KWH,8,3,FULL,07-11-2025,19:05:07,07-11-2025,19:05:10,07-11-2025,19:07:02,COMPLETED,0,1
79KWH,8,1,FULL,07-11-2025,19:06:10,07-11-2025,19:06:14,07-11-2025,19:08:35,COMPLETED,0,1
79KWH,8,3,FULL,07-11-2025,19:07:12,07-11-2025,19:07:13,07-11-2025,19:09:08,COMPLETED,0,1
79KWH,8,1,FULL,07-11-2025,19:08:46,07-11-2025,19:08:46,07-11-2025,19:11:11,COMPLETED,0,1
79KWH,8,3,FULL,07-11-2025,19:09:15,07-11-2025,19:09:18,07-11-2025,19:11:11,COMPLETED,0,1
79KWH,8,1,FULL,07-11-2025,19:11:17,07-11-2025,19:11:20,07-11-2025,19:13:43,COMPLETED,0,1
79KWH,8,3,FULL,07-11-2025,19:11:20,07-11-2025,19:11:21,07-11-2025,19:13:18,COMPLETED,0,1
79KWH,8,3,FULL,07-11-2025,19:13:24,07-11-2025,19:13:28,07-11-2025,19:15:23,COMPLETED,0,1
79KWH,8,1,FULL,07-11-2025,19:13:51,07-11-2025,19:13:53,07-11-2025,19:16:17,COMPLETED,0,1
79KWH,8,3,FULL,07-11-2025,19:15:32,07-11-2025,19:15:33,07-11-2025,19:17:30,COMPLETED,0,1
79KWH,8,1,FULL,07-11-2025,19:16:23,07-11-2025,19:16:26,07-11-2025,19:18:49,COMPLETED,0,1
79KWH,8,3,FULL,07-11-2025,19:17:37,07-11-2025,19:17:40,07-11-2025,19:19:36,COMPLETED,0,1
79KWH,8,1,FULL,07-11-2025,19:18:58,07-11-2025,19:20:11,07-11-2025,19:22:49,COMPLETED,0,1
79KWH,8,3,FULL,07-11-2025,19:19:44,07-11-2025,19:19:46,07-11-2025,19:21:44,COMPLETED,0,1
79KWH,8,3,FULL,07-11-2025,19:21:50,07-11-2025,19:21:54,07-11-2025,19:23:50,COMPLETED,0,1
79KWH,8,1,FULL,07-11-2025,19:22:56,07-11-2025,19:22:58,07-11-2025,19:25:22,COMPLETED,0,1
79KWH,8,3,FULL,07-11-2025,19:24:00,07-11-2025,19:24:00,07-11-2025,19:25:59,COMPLETED,0,1
79KWH,8,1,FULL,07-11-2025,19:25:30,07-11-2025,19:26:49,07-11-2025,19:29:28,COMPLETED,0,1
79KWH,8,3,FULL,07-11-2025,19:26:06,07-11-2025,19:26:08,07-11-2025,19:28:06,COMPLETED,0,1
79KWH,8,3,FULL,07-11-2025,19:28:16,07-11-2025,19:28:17,07-11-2025,19:30:18,COMPLETED,0,1
79KWH,8,1,FULL,07-11-2025,19:29:35,07-11-2025,19:29:36,07-11-2025,19:32:01,COMPLETED,0,1
79KWH,8,3,FULL,07-11-2025,19:30:24,07-11-2025,19:30:28,07-11-2025,19:32:28,COMPLETED,0,1
79KWH,8,1,FULL,07-11-2025,19:32:09,07-11-2025,19:32:11,07-11-2025,19:34:39,COMPLETED,0,1
79KWH,8,3,FULL,07-11-2025,19:32:39,07-11-2025,19:32:41,07-11-2025,19:34:45,COMPLETED,0,1
79KWH,8,1,FULL,07-11-2025,19:34:48,07-11-2025,19:34:49,07-11-2025,19:37:16,COMPLETED,0,1
79KWH,8,3,FULL,07-11-2025,19:34:52,07-11-2025,19:34:52,07-11-2025,19:36:52,COMPLETED,0,1
79KWH,8,3,FULL,07-11-2025,19:37:01,07-11-2025,19:37:03,07-11-2025,19:39:06,COMPLETED,0,1
79KWH,8,1,FULL,07-11-2025,19:37:24,07-11-2025,19:38:49,07-11-2025,19:41:30,COMPLETED,0,1
79KWH,8,3,FULL,07-11-2025,19:39:12,07-11-2025,19:39:15,07-11-2025,19:41:17,COMPLETED,0,1
79KWH,8,3,FULL,07-11-2025,19:41:26,07-11-2025,19:41:27,07-11-2025,19:43:31,COMPLETED,0,1
79KWH,8,1,FULL,07-11-2025,19:41:36,07-11-2025,19:41:39,07-11-2025,19:44:07,COMPLETED,0,1
79KWH,8,3,FULL,07-11-2025,19:43:37,07-11-2025,19:43:40,07-11-2025,19:45:43,COMPLETED,0,1
79KWH,8,1,FULL,07-11-2025,19:44:16,07-11-2025,19:44:17,07-11-2025,19:46:48,COMPLETED,0,1
79KWH,8,3,FULL,07-11-2025,19:45:52,07-11-2025,19:45:53,07-11-2025,19:47:58,COMPLETED,0,1
79KWH,8,1,FULL,07-11-2025,19:46:54,07-11-2025,19:46:56,07-11-2025,19:49:26,COMPLETED,0,1
79KWH,8,3,FULL,07-11-2025,19:48:04,07-11-2025,19:48:07,07-11-2025,19:50:11,COMPLETED,0,1
79KWH,8,1,FULL,07-11-2025,19:49:34,07-11-2025,19:49:35,07-11-2025,19:52:07,COMPLETED,0,1
79KWH,8,3,FULL,07-11-2025,19:50:20,07-11-2025,19:50:21,07-11-2025,19:52:28,COMPLETED,0,1
79KWH,8,1,FULL,07-11-2025,19:52:13,07-11-2025,19:52:16,07-11-2025,19:54:46,COMPLETED,0,1
79KWH,8,3,FULL,07-11-2025,19:52:37,07-11-2025,19:52:37,07-11-2025,19:54:42,COMPLETED,0,1
79KWH,8,3,FULL,07-11-2025,19:54:52,07-11-2025,19:54:53,07-11-2025,19:57:01,COMPLETED,0,1
79KWH,8,1,FULL,07-11-2025,19:54:54,07-11-2025,19:54:56,07-11-2025,19:57:29,COMPLETED,0,1
79KWH,8,3,FULL,07-11-2025,19:57:08,07-11-2025,19:57:10,07-11-2025,19:59:17,COMPLETED,0,1
79KWH,8,1,FULL,07-11-2025,19:57:35,07-11-2025,19:57:37,07-11-2025,20:00:08,COMPLETED,0,1
79KWH,8,3,FULL,07-11-2025,19:59:28,07-11-2025,19:59:28,07-11-2025,20:01:38,COMPLETED,0,1
79KWH,8,1,FULL,07-11-2025,20:00:16,07-11-2025,20:01:25,07-11-2025,20:04:07,COMPLETED,0,1
79KWH,8,3,FULL,07-11-2025,20:01:45,07-11-2025,20:01:48,07-11-2025,20:03:56,COMPLETED,0,1
79KWH,8,3,FULL,07-11-2025,20:04:05,07-11-2025,20:04:06,07-11-2025,20:06:17,COMPLETED,0,1
79KWH,8,1,FULL,07-11-2025,20:04:13,07-11-2025,20:04:16,07-11-2025,20:06:47,COMPLETED,0,1
79KWH,8,3,FULL,07-11-2025,20:06:23,07-11-2025,20:06:26,07-11-2025,20:08:37,COMPLETED,0,1
79KWH,8,1,FULL,07-11-2025,20:06:55,07-11-2025,20:08:03,07-11-2025,20:10:46,COMPLETED,0,1
79KWH,8,3,FULL,07-11-2025,20:08:46,07-11-2025,20:08:48,07-11-2025,20:11:00,COMPLETED,0,1
79KWH,8,1,FULL,07-11-2025,20:10:52,07-11-2025,20:10:54,07-11-2025,20:13:27,COMPLETED,0,1
79KWH,8,3,FULL,07-11-2025,20:11:06,07-11-2025,20:11:09,07-11-2025,20:13:19,COMPLETED,0,1
79KWH,8,3,FULL,07-11-2025,20:13:28,07-11-2025,20:13:29,07-11-2025,20:15:43,COMPLETED,0,1
79KWH,8,1,FULL,07-11-2025,20:13:35,07-11-2025,20:13:36,07-11-2025,20:16:11,COMPLETED,0,1
79KWH,8,3,FULL,07-11-2025,20:15:49,07-11-2025,20:15:51,07-11-2025,20:18:03,COMPLETED,0,1
79KWH,8,1,FULL,07-11-2025,20:16:23,07-11-2025,20:16:24,07-11-2025,20:19:02,COMPLETED,0,1
79KWH,8,3,FULL,07-11-2025,20:18:12,07-11-2025,20:18:13,07-11-2025,20:20:27,COMPLETED,0,1
79KWH,8,1,FULL,07-11-2025,20:19:09,07-11-2025,20:19:11,07-11-2025,20:21:46,COMPLETED,0,1
79KWH,8,3,FULL,07-11-2025,20:20:32,07-11-2025,20:20:36,07-11-2025,20:47:19,COMPLETED,0,1
79KWH,8,1,FULL,07-11-2025,20:21:54,07-11-2025,20:21:54,07-11-2025,20:24:33,COMPLETED,0,1
79KWH,8,1,FULL,07-11-2025,20:24:45,07-11-2025,20:24:46,07-11-2025,20:27:26,COMPLETED,0,1
79KWH,8,1,FULL,07-11-2025,20:27:32,07-11-2025,20:28:47,07-11-2025,20:31:31,COMPLETED,0,1
79KWH,8,1,FULL,07-11-2025,20:31:39,07-11-2025,20:31:39,07-11-2025,20:34:19,COMPLETED,0,1
79KWH,8,1,FULL,07-11-2025,20:34:25,07-11-2025,20:34:27,07-11-2025,20:37:05,COMPLETED,0,1
79KWH,8,1,FULL,07-11-2025,20:37:14,07-11-2025,20:37:15,07-11-2025,20:39:56,COMPLETED,0,1
79KWH,8,1,FULL,07-11-2025,20:40:02,07-11-2025,20:41:17,07-11-2025,20:44:02,COMPLETED,0,1
79KWH,8,1,FULL,07-11-2025,20:44:10,07-11-2025,20:45:18,07-11-2025,20:48:05,COMPLETED,0,1
79KWH,8,3,FULL,07-11-2025,20:47:28,07-11-2025,20:48:39,07-11-2025,20:50:53,COMPLETED,0,1
79KWH,8,1,FULL,07-11-2025,20:48:12,07-11-2025,20:48:13,07-11-2025,20:50:54,COMPLETED,0,1
79KWH,8,3,FULL,07-11-2025,20:51:00,07-11-2025,20:51:02,07-11-2025,20:53:17,COMPLETED,0,1
79KWH,8,1,FULL,07-11-2025,20:51:03,07-11-2025,20:52:09,07-11-2025,20:54:57,COMPLETED,0,1
79KWH,8,3,FULL,07-11-2025,20:53:27,07-11-2025,20:53:27,07-11-2025,20:55:45,COMPLETED,0,1
79KWH,8,1,FULL,07-11-2025,20:55:04,07-11-2025,20:55:07,07-11-2025,20:57:49,COMPLETED,0,1
79KWH,8,3,FULL,07-11-2025,20:55:51,07-11-2025,20:55:53,07-11-2025,20:58:08,COMPLETED,0,1
79KWH,8,1,FULL,07-11-2025,20:57:58,07-11-2025,20:57:59,07-11-2025,21:00:43,COMPLETED,0,1
79KWH,8,3,FULL,07-11-2025,20:58:18,07-11-2025,20:58:19,07-11-2025,21:00:36,COMPLETED,0,1
79KWH,8,3,FULL,07-11-2025,21:00:42,07-11-2025,21:00:45,07-11-2025,21:03:01,COMPLETED,0,1
79KWH,8,1,FULL,07-11-2025,21:00:49,07-11-2025,21:00:52,07-11-2025,21:03:35,COMPLETED,0,1
79KWH,8,3,FULL,07-11-2025,21:03:11,07-11-2025,21:03:11,07-11-2025,21:05:29,COMPLETED,0,1
79KWH,8,1,FULL,07-11-2025,21:03:43,07-11-2025,21:04:55,07-11-2025,21:07:43,COMPLETED,0,1
79KWH,8,3,FULL,07-11-2025,21:05:36,07-11-2025,21:05:39,07-11-2025,21:07:55,COMPLETED,0,1
79KWH,8,1,FULL,07-11-2025,21:07:49,07-11-2025,21:07:52,07-11-2025,21:10:36,COMPLETED,0,1
79KWH,8,3,FULL,07-11-2025,21:08:05,07-11-2025,21:08:05,07-11-2025,21:34:02,COMPLETED,0,1
79KWH,8,1,FULL,07-11-2025,21:10:45,07-11-2025,21:11:58,07-11-2025,21:14:47,COMPLETED,0,1
79KWH,8,1,FULL,07-11-2025,21:14:53,07-11-2025,21:14:56,07-11-2025,21:17:42,COMPLETED,0,1
79KWH,8,1,FULL,07-11-2025,21:17:49,07-11-2025,21:17:50,07-11-2025,21:20:38,COMPLETED,0,1
79KWH,8,1,FULL,07-11-2025,21:20:44,07-11-2025,21:21:57,07-11-2025,21:24:45,COMPLETED,0,1
79KWH,8,1,FULL,07-11-2025,21:24:53,07-11-2025,21:24:54,07-11-2025,21:27:43,COMPLETED,0,1
79KWH,8,1,FULL,07-11-2025,21:27:49,07-11-2025,21:27:53,07-11-2025,21:30:40,COMPLETED,0,1
79KWH,8,1,FULL,07-11-2025,21:30:48,07-11-2025,21:30:48,07-11-2025,21:33:10,COMPLETED,0,1
79KWH,8,1,FULL,07-11-2025,21:33:16,07-11-2025,21:33:20,07-11-2025,21:35:14,COMPLETED,0,1
79KWH,8,3,FULL,07-11-2025,21:34:08,07-11-2025,21:34:11,07-11-2025,21:36:29,COMPLETED,0,1
79KWH,8,1,FULL,07-11-2025,21:35:23,07-11-2025,21:35:23,07-11-2025,21:37:19,COMPLETED,0,1
79KWH,8,3,FULL,07-11-2025,21:36:41,07-11-2025,21:36:42,07-11-2025,22:03:49,COMPLETED,0,1
79KWH,8,1,FULL,07-11-2025,21:37:25,07-11-2025,21:37:29,07-11-2025,21:39:23,COMPLETED,0,1
79KWH,8,1,FULL,07-11-2025,21:39:32,07-11-2025,21:39:32,07-11-2025,21:41:29,COMPLETED,0,1
79KWH,8,1,FULL,07-11-2025,21:41:36,07-11-2025,21:41:38,07-11-2025,21:43:33,COMPLETED,0,1
79KWH,8,1,FULL,07-11-2025,21:43:42,07-11-2025,21:45:14,07-11-2025,21:47:40,COMPLETED,0,1
79KWH,8,1,FULL,07-11-2025,21:47:46,07-11-2025,21:49:13,07-11-2025,21:51:36,COMPLETED,0,1
79KWH,8,1,FULL,07-11-2025,21:51:46,07-11-2025,21:51:49,07-11-2025,21:53:48,COMPLETED,0,1
79KWH,8,1,FULL,07-11-2025,21:53:54,07-11-2025,21:54:00,07-11-2025,21:55:58,COMPLETED,0,1
79KWH,8,1,FULL,07-11-2025,21:56:07,07-11-2025,21:56:09,07-11-2025,21:58:08,COMPLETED,0,1
79KWH,8,1,FULL,07-11-2025,21:58:14,07-11-2025,21:58:17,07-11-2025,22:00:15,COMPLETED,0,1
79KWH,8,1,FULL,07-11-2025,22:00:24,07-11-2025,22:00:25,07-11-2025,22:02:26,COMPLETED,0,1
79KWH,8,1,FULL,07-11-2025,22:02:32,07-11-2025,22:02:36,07-11-2025,22:04:35,COMPLETED,0,1
79KWH,8,1,FULL,07-11-2025,22:04:43,07-11-2025,22:06:10,07-11-2025,22:08:37,COMPLETED,0,1
79KWH,8,1,FULL,07-11-2025,22:08:49,07-11-2025,22:08:50,07-11-2025,22:10:54,COMPLETED,0,1
79KWH,8,1,FULL,07-11-2025,22:10:59,07-11-2025,22:11:02,07-11-2025,22:13:03,COMPLETED,0,1
79KWH,8,1,FULL,07-11-2025,22:13:09,07-11-2025,22:13:11,07-11-2025,22:15:13,COMPLETED,0,1
79KWH,8,1,FULL,07-11-2025,22:15:21,07-11-2025,22:16:45,07-11-2025,22:19:14,COMPLETED,0,1
79KWH,8,1,FULL,07-11-2025,22:19:19,07-11-2025,22:19:22,07-11-2025,22:21:25,COMPLETED,0,1
79KWH,8,1,FULL,07-11-2025,22:21:34,07-11-2025,22:21:35,07-11-2025,22:23:41,COMPLETED,0,1
79KWH,8,1,FULL,07-11-2025,22:23:47,07-11-2025,22:23:50,07-11-2025,22:25:53,COMPLETED,0,1
79KWH,8,1,FULL,07-11-2025,22:26:03,07-11-2025,22:26:03,07-11-2025,22:28:10,COMPLETED,0,1
79KWH,8,1,FULL,07-11-2025,22:28:15,07-11-2025,22:28:18,07-11-2025,22:30:24,COMPLETED,0,1
79KWH,8,1,FULL,07-11-2025,22:30:33,07-11-2025,22:30:34,07-11-2025,22:32:44,COMPLETED,0,1
79KWH,8,1,FULL,07-11-2025,22:32:50,07-11-2025,22:32:52,07-11-2025,22:34:59,COMPLETED,0,1
79KWH,8,1,FULL,07-11-2025,22:35:08,07-11-2025,22:36:35,07-11-2025,22:39:06,COMPLETED,0,1
79KWH,8,1,FULL,07-11-2025,22:39:12,07-11-2025,22:40:38,07-11-2025,22:43:06,COMPLETED,0,1
79KWH,8,1,FULL,07-11-2025,22:43:15,07-11-2025,22:43:16,07-11-2025,22:45:28,COMPLETED,0,1
79KWH,8,1,FULL,07-11-2025,22:45:33,07-11-2025,22:45:36,07-11-2025,22:47:47,COMPLETED,0,1
79KWH,8,1,FULL,07-11-2025,22:47:55,07-11-2025,22:47:56,07-11-2025,22:50:09,COMPLETED,0,1
79KWH,8,1,FULL,07-11-2025,22:50:15,07-11-2025,22:50:19,07-11-2025,22:52:31,COMPLETED,0,1
79KWH,8,1,FULL,07-11-2025,22:52:41,07-11-2025,22:52:42,07-11-2025,22:54:56,COMPLETED,0,1
79KWH,8,1,FULL,07-11-2025,22:55:02,07-11-2025,22:55:04,07-11-2025,22:57:17,COMPLETED,0,1
79KWH,8,1,FULL,07-11-2025,22:57:25,07-11-2025,22:57:25,07-11-2025,22:59:40,COMPLETED,0,1
79KWH,8,1,FULL,07-11-2025,22:59:47,07-11-2025,22:59:50,07-11-2025,23:02:03,COMPLETED,0,1
79KWH,8,3,FULL,08-11-2025,14:19:26,08-11-2025,14:19:27,08-11-2025,14:21:26,COMPLETED,0,1
79KWH,8,3,FULL,08-11-2025,14:21:33,08-11-2025,14:21:35,08-11-2025,14:22:38,COMPLETED,0,1
79KWH,8,3,FULL,08-11-2025,14:22:58,08-11-2025,14:22:58,08-11-2025,14:24:03,COMPLETED,0,1
79KWH,8,3,FULL,08-11-2025,14:24:09,08-11-2025,14:24:13,08-11-2025,14:25:15,COMPLETED,0,1
79KWH,8,3,FULL,08-11-2025,14:25:31,08-11-2025,14:25:32,08-11-2025,14:26:37,COMPLETED,0,1
79KWH,8,3,FULL,08-11-2025,14:26:43,08-11-2025,14:26:46,08-11-2025,14:27:49,COMPLETED,0,1
79KWH,8,3,FULL,08-11-2025,14:28:06,08-11-2025,14:28:08,08-11-2025,14:29:13,COMPLETED,0,1
79KWH,8,3,FULL,08-11-2025,14:29:19,08-11-2025,14:29:23,08-11-2025,14:30:25,COMPLETED,0,1
79KWH,8,3,FULL,08-11-2025,14:30:44,08-11-2025,14:30:47,08-11-2025,14:31:52,COMPLETED,0,1
79KWH,8,3,FULL,08-11-2025,14:31:58,08-11-2025,14:32:02,08-11-2025,14:33:05,COMPLETED,0,1
79KWH,8,3,FULL,08-11-2025,14:33:26,08-11-2025,14:33:26,08-11-2025,14:34:31,COMPLETED,0,1
79KWH,8,3,FULL,08-11-2025,14:34:38,08-11-2025,14:34:41,08-11-2025,14:35:44,COMPLETED,0,1
79KWH,8,3,FULL,08-11-2025,14:35:59,08-11-2025,14:36:00,08-11-2025,14:37:05,COMPLETED,0,1
79KWH,8,3,FULL,08-11-2025,14:37:11,08-11-2025,14:37:14,08-11-2025,14:38:17,COMPLETED,0,1
79KWH,8,3,FULL,08-11-2025,14:38:36,08-11-2025,14:38:37,08-11-2025,14:39:43,COMPLETED,0,1
79KWH,8,3,FULL,08-11-2025,14:39:49,08-11-2025,14:39:52,08-11-2025,14:40:57,COMPLETED,0,1
79KWH,8,3,FULL,08-11-2025,14:41:14,08-11-2025,14:41:14,08-11-2025,14:42:21,COMPLETED,0,1
79KWH,8,3,FULL,08-11-2025,14:42:27,08-11-2025,14:42:31,08-11-2025,14:43:36,COMPLETED,0,1
79KWH,8,3,FULL,08-11-2025,14:43:51,08-11-2025,14:43:52,08-11-2025,14:44:59,COMPLETED,0,1
79KWH,8,3,FULL,08-11-2025,14:45:05,08-11-2025,14:45:09,08-11-2025,14:46:14,COMPLETED,0,1
79KWH,8,3,FULL,08-11-2025,14:46:32,08-11-2025,14:46:33,08-11-2025,14:47:42,COMPLETED,0,1
79KWH,8,3,FULL,08-11-2025,14:47:48,08-11-2025,14:47:50,08-11-2025,14:48:57,COMPLETED,0,1
79KWH,8,3,FULL,08-11-2025,14:49:18,08-11-2025,14:49:18,08-11-2025,14:50:27,COMPLETED,0,1
79KWH,8,3,FULL,08-11-2025,15:32:42,08-11-2025,15:32:43,08-11-2025,15:33:51,COMPLETED,0,1
79KWH,8,3,FULL,08-11-2025,15:34:10,08-11-2025,15:34:11,08-11-2025,15:35:22,COMPLETED,0,1
79KWH,8,3,FULL,08-11-2025,15:43:37,08-11-2025,15:43:52,08-11-2025,15:45:24,COMPLETED,0,1
79KWH,8,3,FULL,08-11-2025,17:39:12,08-11-2025,17:39:13,08-11-2025,17:41:15,COMPLETED,0,1
79KWH,8,3,FULL,08-11-2025,17:41:21,08-11-2025,17:41:24,08-11-2025,17:42:35,COMPLETED,0,1
79KWH,8,3,FULL,08-11-2025,17:42:55,08-11-2025,17:42:55,08-11-2025,17:44:08,COMPLETED,0,1
79KWH,8,3,FULL,08-11-2025,17:44:15,08-11-2025,17:44:18,08-11-2025,17:45:30,COMPLETED,0,1
79KWH,8,3,FULL,08-11-2025,17:45:47,08-11-2025,17:45:47,08-11-2025,17:47:02,COMPLETED,0,1
79KWH,8,3,FULL,08-11-2025,17:47:08,08-11-2025,17:47:11,08-11-2025,17:48:24,COMPLETED,0,1
79KWH,8,3,FULL,08-11-2025,17:48:45,08-11-2025,17:48:46,08-11-2025,17:50:02,COMPLETED,0,1
79KWH,8,3,FULL,08-11-2025,17:50:08,08-11-2025,17:50:11,08-11-2025,17:51:24,COMPLETED,0,1
79KWH,8,3,FULL,08-11-2025,17:51:43,08-11-2025,17:51:43,08-11-2025,17:52:59,COMPLETED,0,1
79KWH,8,3,FULL,08-11-2025,17:53:05,08-11-2025,17:53:09,08-11-2025,17:54:23,COMPLETED,0,1
79KWH,8,3,FULL,08-11-2025,17:54:46,08-11-2025,17:54:47,08-11-2025,17:56:04,COMPLETED,0,1
79KWH,8,3,FULL,08-11-2025,17:56:10,08-11-2025,17:58:00,08-11-2025,18:00:03,COMPLETED,0,1
79KWH,8,3,FULL,08-11-2025,18:00:20,08-11-2025,18:02:01,08-11-2025,18:04:06,COMPLETED,0,1
79KWH,8,3,FULL,08-11-2025,18:04:13,08-11-2025,18:04:16,08-11-2025,18:05:34,COMPLETED,0,1
79KWH,8,3,FULL,08-11-2025,18:05:53,08-11-2025,18:05:54,08-11-2025,18:07:14,COMPLETED,0,1
79KWH,8,3,FULL,08-11-2025,18:07:21,08-11-2025,18:07:22,08-11-2025,18:08:40,COMPLETED,0,1
79KWH,8,3,FULL,08-11-2025,18:08:57,08-11-2025,18:08:58,08-11-2025,18:10:19,COMPLETED,0,1
79KWH,8,3,FULL,08-11-2025,18:10:26,08-11-2025,18:10:28,08-11-2025,18:11:47,COMPLETED,0,1
79KWH,8,3,FULL,08-11-2025,18:12:05,08-11-2025,18:12:05,08-11-2025,18:13:28,COMPLETED,0,1
79KWH,8,3,FULL,08-11-2025,18:13:34,08-11-2025,18:13:37,08-11-2025,18:14:57,COMPLETED,0,1
79KWH,8,3,FULL,08-11-2025,18:15:17,08-11-2025,18:15:17,08-11-2025,18:16:40,COMPLETED,0,1
79KWH,8,3,FULL,08-11-2025,18:27:25,08-11-2025,18:27:26,08-11-2025,18:29:32,COMPLETED,0,1
79KWH,8,3,FULL,08-11-2025,18:29:51,08-11-2025,18:31:23,08-11-2025,18:33:32,COMPLETED,0,1
79KWH,8,3,FULL,08-11-2025,18:33:38,08-11-2025,18:33:41,08-11-2025,18:35:03,COMPLETED,0,1
79KWH,8,3,FULL,08-11-2025,18:35:21,08-11-2025,18:35:21,08-11-2025,18:36:46,COMPLETED,0,1
79KWH,8,3,FULL,08-11-2025,18:36:52,08-11-2025,18:36:55,08-11-2025,18:38:19,COMPLETED,0,1
79KWH,8,3,FULL,08-11-2025,18:38:34,08-11-2025,18:38:35,08-11-2025,18:40:02,COMPLETED,0,1
79KWH,8,3,FULL,08-11-2025,18:40:08,08-11-2025,18:41:58,08-11-2025,18:44:05,COMPLETED,0,1
79KWH,8,3,FULL,08-11-2025,18:44:23,08-11-2025,18:44:24,08-11-2025,18:45:52,COMPLETED,0,1
79KWH,8,3,FULL,08-11-2025,18:45:58,08-11-2025,18:46:01,08-11-2025,18:47:28,COMPLETED,0,1
79KWH,8,3,FULL,08-11-2025,18:47:47,08-11-2025,18:49:15,08-11-2025,18:51:26,COMPLETED,0,1
79KWH,8,3,FULL,08-11-2025,18:51:33,08-11-2025,18:51:36,08-11-2025,18:53:04,COMPLETED,0,1
79KWH,8,3,FULL,08-11-2025,18:53:21,08-11-2025,18:53:22,08-11-2025,18:54:53,COMPLETED,0,1
79KWH,8,3,FULL,08-11-2025,18:54:59,08-11-2025,18:55:03,08-11-2025,18:56:32,COMPLETED,0,1
79KWH,8,3,FULL,08-11-2025,18:56:53,08-11-2025,18:56:53,08-11-2025,18:58:25,COMPLETED,0,1
79KWH,8,3,FULL,08-11-2025,18:58:31,08-11-2025,18:58:36,08-11-2025,19:00:05,COMPLETED,0,1
79KWH,8,3,FULL,08-11-2025,19:00:23,08-11-2025,19:00:24,08-11-2025,19:01:57,COMPLETED,0,1
79KWH,8,3,FULL,08-11-2025,19:02:03,08-11-2025,19:02:07,08-11-2025,19:03:38,COMPLETED,0,1
79KWH,8,3,FULL,08-11-2025,19:03:54,08-11-2025,19:03:54,08-11-2025,19:05:28,COMPLETED,0,1
79KWH,8,3,FULL,08-11-2025,19:05:35,08-11-2025,19:05:38,08-11-2025,19:07:10,COMPLETED,0,1
79KWH,8,3,FULL,08-11-2025,19:07:28,08-11-2025,19:07:29,08-11-2025,19:09:05,COMPLETED,0,1
79KWH,8,3,FULL,08-11-2025,19:09:11,08-11-2025,19:09:13,08-11-2025,19:10:47,COMPLETED,0,1
79KWH,8,3,FULL,08-11-2025,19:11:06,08-11-2025,19:11:07,08-11-2025,19:12:44,COMPLETED,0,1
79KWH,8,3,FULL,08-11-2025,19:12:50,08-11-2025,19:12:53,08-11-2025,19:14:27,COMPLETED,0,1
79KWH,8,3,FULL,08-11-2025,19:14:47,08-11-2025,19:16:19,08-11-2025,19:18:35,COMPLETED,0,1
79KWH,8,3,FULL,08-11-2025,19:18:41,08-11-2025,19:18:44,08-11-2025,19:20:20,COMPLETED,0,1
79KWH,8,3,FULL,08-11-2025,19:20:39,08-11-2025,19:22:04,08-11-2025,19:24:20,COMPLETED,0,1
79KWH,8,3,FULL,08-11-2025,19:24:26,08-11-2025,19:24:28,08-11-2025,19:26:05,COMPLETED,0,1
79KWH,8,3,FULL,08-11-2025,19:26:26,08-11-2025,19:27:53,08-11-2025,19:30:08,COMPLETED,0,1
79KWH,8,3,FULL,08-11-2025,19:30:14,08-11-2025,19:30:20,08-11-2025,19:31:57,COMPLETED,0,1
79KWH,8,3,FULL,08-11-2025,19:32:13,08-11-2025,19:32:13,08-11-2025,19:33:53,COMPLETED,0,1
79KWH,8,3,FULL,08-11-2025,19:34:00,08-11-2025,19:34:02,08-11-2025,19:35:40,COMPLETED,0,1
79KWH,8,3,FULL,08-11-2025,19:35:59,08-11-2025,19:36:00,08-11-2025,19:37:41,COMPLETED,0,1
79KWH,8,3,FULL,08-11-2025,19:37:47,08-11-2025,19:37:52,08-11-2025,19:39:32,COMPLETED,0,1
79KWH,8,3,FULL,08-11-2025,19:39:52,08-11-2025,19:39:53,08-11-2025,19:41:35,COMPLETED,0,1
79KWH,8,3,FULL,08-11-2025,19:41:41,08-11-2025,19:41:43,08-11-2025,19:43:24,COMPLETED,0,1
79KWH,8,3,FULL,08-11-2025,19:43:43,08-11-2025,19:43:44,08-11-2025,19:45:28,COMPLETED,0,1
79KWH,8,3,FULL,08-11-2025,19:45:34,08-11-2025,19:45:38,08-11-2025,19:47:20,COMPLETED,0,1
79KWH,8,3,FULL,08-11-2025,19:47:40,08-11-2025,19:49:00,08-11-2025,19:51:19,COMPLETED,0,1
79KWH,8,3,FULL,08-11-2025,19:51:25,08-11-2025,19:51:30,08-11-2025,19:53:13,COMPLETED,0,1
79KWH,8,3,FULL,08-11-2025,19:53:30,08-11-2025,19:54:57,08-11-2025,19:57:18,COMPLETED,0,1
79KWH,8,3,FULL,08-11-2025,19:57:24,08-11-2025,19:57:26,08-11-2025,19:59:10,COMPLETED,0,1
79KWH,8,3,FULL,08-11-2025,19:59:26,08-11-2025,19:59:26,08-11-2025,20:01:14,COMPLETED,0,1
79KWH,8,3,FULL,08-11-2025,20:01:20,08-11-2025,20:01:22,08-11-2025,20:03:08,COMPLETED,0,1
79KWH,8,3,FULL,08-11-2025,20:03:26,08-11-2025,20:03:27,08-11-2025,20:05:15,COMPLETED,0,1
79KWH,8,3,FULL,08-11-2025,20:05:21,08-11-2025,20:05:23,08-11-2025,20:07:08,COMPLETED,0,1
79KWH,8,3,FULL,08-11-2025,20:07:28,08-11-2025,20:07:29,08-11-2025,20:09:18,COMPLETED,0,1
79KWH,8,3,FULL,08-11-2025,20:09:24,08-11-2025,20:09:29,08-11-2025,20:11:17,COMPLETED,0,1
79KWH,8,3,FULL,08-11-2025,20:11:36,08-11-2025,20:11:36,08-11-2025,20:13:27,COMPLETED,0,1
79KWH,8,3,FULL,08-11-2025,20:13:34,08-11-2025,20:13:35,08-11-2025,20:15:25,COMPLETED,0,1
79KWH,8,3,FULL,08-11-2025,20:15:45,08-11-2025,20:15:46,08-11-2025,20:17:37,COMPLETED,0,1
79KWH,8,3,FULL,08-11-2025,20:17:43,08-11-2025,20:17:47,08-11-2025,20:19:38,COMPLETED,0,1
79KWH,8,3,FULL,08-11-2025,20:19:58,08-11-2025,20:21:15,08-11-2025,20:23:39,COMPLETED,0,1
79KWH,8,3,FULL,08-11-2025,20:23:45,08-11-2025,20:23:48,08-11-2025,20:25:40,COMPLETED,0,1
79KWH,8,3,FULL,08-11-2025,20:25:57,08-11-2025,20:27:23,08-11-2025,20:29:47,COMPLETED,0,1
79KWH,8,3,FULL,08-11-2025,20:29:53,08-11-2025,20:29:56,08-11-2025,20:31:49,COMPLETED,0,1
79KWH,8,3,FULL,08-11-2025,20:32:09,08-11-2025,20:32:10,08-11-2025,20:34:06,COMPLETED,0,1
79KWH,8,3,FULL,08-11-2025,20:34:12,08-11-2025,20:34:16,08-11-2025,20:36:10,COMPLETED,0,1
79KWH,8,3,FULL,08-11-2025,20:36:32,08-11-2025,20:36:32,08-11-2025,20:38:29,COMPLETED,0,1
79KWH,8,3,FULL,08-11-2025,21:02:18,08-11-2025,21:02:21,08-11-2025,21:04:43,COMPLETED,0,1
79KWH,8,3,FULL,08-11-2025,21:05:00,08-11-2025,21:05:00,08-11-2025,21:06:58,COMPLETED,0,1
79KWH,8,3,FULL,08-11-2025,21:07:04,08-11-2025,21:07:08,08-11-2025,21:09:06,COMPLETED,0,1
79KWH,8,3,FULL,08-11-2025,21:09:22,08-11-2025,21:09:23,08-11-2025,21:11:22,COMPLETED,0,1
79KWH,8,3,FULL,08-11-2025,21:11:28,08-11-2025,21:11:32,08-11-2025,21:13:30,COMPLETED,0,1
79KWH,8,3,FULL,08-11-2025,21:13:47,08-11-2025,21:13:47,08-11-2025,21:15:49,COMPLETED,0,1
79KWH,8,3,FULL,08-11-2025,21:15:54,08-11-2025,21:15:57,08-11-2025,21:17:56,COMPLETED,0,1
79KWH,8,3,FULL,08-11-2025,21:18:11,08-11-2025,21:18:12,08-11-2025,21:20:14,COMPLETED,0,1
79KWH,8,3,FULL,08-11-2025,21:20:21,08-11-2025,21:20:24,08-11-2025,21:22:24,COMPLETED,0,1
79KWH,8,3,FULL,08-11-2025,21:22:45,08-11-2025,21:22:46,08-11-2025,21:24:50,COMPLETED,0,1
79KWH,8,3,FULL,08-11-2025,21:24:56,08-11-2025,21:24:58,08-11-2025,21:27:00,COMPLETED,0,1
79KWH,8,3,FULL,08-11-2025,21:27:16,08-11-2025,21:29:21,08-11-2025,21:31:49,COMPLETED,0,1
79KWH,8,3,FULL,08-11-2025,21:31:56,08-11-2025,21:31:58,08-11-2025,21:34:00,COMPLETED,0,1
79KWH,8,3,FULL,08-11-2025,21:34:17,08-11-2025,21:35:43,08-11-2025,21:38:11,COMPLETED,0,1
79KWH,8,3,FULL,08-11-2025,21:38:18,08-11-2025,21:38:21,08-11-2025,21:40:25,COMPLETED,0,1
79KWH,8,3,FULL,08-11-2025,21:40:46,08-11-2025,21:40:46,08-11-2025,21:42:53,COMPLETED,0,1
79KWH,8,3,FULL,08-11-2025,21:43:00,08-11-2025,21:44:41,08-11-2025,21:47:08,COMPLETED,0,1
79KWH,8,3,FULL,08-11-2025,21:47:24,08-11-2025,21:49:36,08-11-2025,21:52:07,COMPLETED,0,1
79KWH,8,3,FULL,08-11-2025,21:52:12,08-11-2025,21:52:17,08-11-2025,21:54:23,COMPLETED,0,1
79KWH,8,3,FULL,08-11-2025,21:54:44,08-11-2025,21:54:45,08-11-2025,21:56:53,COMPLETED,0,1
79KWH,8,3,FULL,08-11-2025,21:57:00,08-11-2025,21:57:04,08-11-2025,21:59:11,COMPLETED,0,1
79KWH,8,3,FULL,08-11-2025,21:59:27,08-11-2025,21:59:28,08-11-2025,22:01:39,COMPLETED,0,1
79KWH,8,3,FULL,08-11-2025,22:01:45,08-11-2025,22:01:47,08-11-2025,22:03:55,COMPLETED,0,1
79KWH,8,3,FULL,08-11-2025,22:04:13,08-11-2025,22:05:37,08-11-2025,22:08:08,COMPLETED,0,1
79KWH,8,3,FULL,08-11-2025,22:08:14,08-11-2025,22:09:59,08-11-2025,22:12:28,COMPLETED,0,1
79KWH,8,3,FULL,08-11-2025,22:12:50,08-11-2025,22:12:52,08-11-2025,22:15:04,COMPLETED,0,1
79KWH,8,3,FULL,08-11-2025,22:15:10,08-11-2025,22:15:13,08-11-2025,22:17:23,COMPLETED,0,1
79KWH,8,3,FULL,08-11-2025,22:17:43,08-11-2025,22:17:45,08-11-2025,22:19:58,COMPLETED,0,1
79KWH,8,3,FULL,08-11-2025,22:20:04,08-11-2025,22:20:06,08-11-2025,22:22:17,COMPLETED,0,1
79KWH,8,3,FULL,08-11-2025,22:22:39,08-11-2025,22:22:39,08-11-2025,22:24:54,COMPLETED,0,1
79KWH,8,3,FULL,08-11-2025,22:25:01,08-11-2025,22:25:03,08-11-2025,22:27:16,COMPLETED,0,1
79KWH,8,3,FULL,08-11-2025,22:27:33,08-11-2025,22:29:26,08-11-2025,22:32:00,COMPLETED,0,1
79KWH,8,3,FULL,08-11-2025,22:32:06,08-11-2025,22:32:10,08-11-2025,22:34:23,COMPLETED,0,1
79KWH,8,3,FULL,08-11-2025,22:34:44,08-11-2025,22:36:07,08-11-2025,22:38:41,COMPLETED,0,1
79KWH,8,3,FULL,08-11-2025,22:38:47,08-11-2025,22:38:51,08-11-2025,22:41:06,COMPLETED,0,1
79KWH,8,3,FULL,08-11-2025,22:41:25,08-11-2025,22:41:26,08-11-2025,22:43:45,COMPLETED,0,1
79KWH,8,3,FULL,08-11-2025,22:43:51,08-11-2025,22:43:53,08-11-2025,22:46:09,COMPLETED,0,1
79KWH,8,3,FULL,08-11-2025,22:46:27,08-11-2025,22:48:00,08-11-2025,22:50:36,COMPLETED,0,1
79KWH,8,3,FULL,08-11-2025,22:50:43,08-11-2025,22:53:23,08-11-2025,22:55:55,COMPLETED,0,1
79KWH,8,3,FULL,08-11-2025,22:56:12,08-11-2025,22:56:14,08-11-2025,22:58:35,COMPLETED,0,1
79KWH,8,3,FULL,08-11-2025,22:58:41,08-11-2025,22:58:43,08-11-2025,23:01:01,COMPLETED,0,1
79KWH,8,3,FULL,08-11-2025,23:01:21,08-11-2025,23:01:22,08-11-2025,23:03:42,COMPLETED,0,1
79KWH,8,3,FULL,08-11-2025,23:03:48,08-11-2025,23:03:52,08-11-2025,23:06:10,COMPLETED,0,1
79KWH,8,3,FULL,08-11-2025,23:06:30,08-11-2025,23:06:31,08-11-2025,23:08:52,COMPLETED,0,1
79KWH,8,3,FULL,08-11-2025,23:08:58,08-11-2025,23:09:01,08-11-2025,23:11:21,COMPLETED,0,1
79KWH,8,3,FULL,08-11-2025,23:11:36,08-11-2025,23:13:06,08-11-2025,23:15:44,COMPLETED,0,1
79KWH,8,3,FULL,08-11-2025,23:15:51,08-11-2025,23:15:52,08-11-2025,23:18:13,COMPLETED,0,1
79KWH,8,3,FULL,08-11-2025,23:18:32,08-11-2025,23:20:03,08-11-2025,23:22:41,COMPLETED,0,1
79KWH,8,3,FULL,08-11-2025,23:22:47,08-11-2025,23:24:30,08-11-2025,23:27:05,COMPLETED,0,1
79KWH,8,3,FULL,08-11-2025,23:27:25,08-11-2025,23:27:25,08-11-2025,23:29:50,COMPLETED,0,1
79KWH,8,3,FULL,08-11-2025,23:29:56,08-11-2025,23:29:59,08-11-2025,23:32:22,COMPLETED,0,1
79KWH,8,3,FULL,08-11-2025,23:32:42,08-11-2025,23:32:43,08-11-2025,23:35:08,COMPLETED,0,1
79KWH,8,3,FULL,08-11-2025,23:35:14,08-11-2025,23:35:19,08-11-2025,23:37:43,COMPLETED,0,1
79KWH,8,3,FULL,08-11-2025,23:37:58,08-11-2025,23:37:58,08-11-2025,23:40:25,COMPLETED,0,1
79KWH,8,3,FULL,08-11-2025,23:40:32,08-11-2025,23:40:35,08-11-2025,23:43:01,COMPLETED,0,1
79KWH,8,3,FULL,08-11-2025,23:43:22,08-11-2025,23:43:23,08-11-2025,23:45:52,COMPLETED,0,1
79KWH,8,3,FULL,08-11-2025,23:45:58,08-11-2025,23:46:00,08-11-2025,23:48:26,COMPLETED,0,1
79KWH,8,3,FULL,08-11-2025,23:48:45,08-11-2025,23:48:46,08-11-2025,23:51:17,COMPLETED,0,1
79KWH,8,3,FULL,08-11-2025,23:51:23,08-11-2025,23:51:26,08-11-2025,23:53:55,COMPLETED,0,1
79KWH,8,3,FULL,08-11-2025,23:54:17,08-11-2025,23:54:18,08-11-2025,23:56:51,COMPLETED,0,1
79KWH,8,3,FULL,08-11-2025,23:56:57,08-11-2025,23:57:01,08-11-2025,23:59:31,COMPLETED,0,1
79KWH,8,3,FULL,08-11-2025,23:59:50,08-11-2025,23:59:50,09-11-2025,00:02:23,COMPLETED,0,1
79KWH,8,3,FULL,10-11-2025,07:56:27,10-11-2025,07:56:48,10-11-2025,07:59:38,COMPLETED,0,1
79KWH,8,3,FULL,10-11-2025,07:59:44,10-11-2025,08:01:27,10-11-2025,08:04:16,COMPLETED,0,1
79KWH,8,3,FULL,10-11-2025,08:04:24,10-11-2025,08:06:05,10-11-2025,08:08:56,COMPLETED,0,1
79KWH,8,3,FULL,10-11-2025,08:09:03,10-11-2025,08:09:06,10-11-2025,08:11:39,COMPLETED,0,1
79KWH,8,3,FULL,10-11-2025,08:11:47,10-11-2025,08:13:31,10-11-2025,08:16:15,COMPLETED,0,1
79KWH,8,3,FULL,10-11-2025,08:16:21,10-11-2025,08:16:25,10-11-2025,08:19:06,COMPLETED,0,1
79KWH,8,3,FULL,10-11-2025,08:19:14,10-11-2025,08:21:05,10-11-2025,08:23:58,COMPLETED,0,1
79KWH,8,3,FULL,10-11-2025,08:24:04,10-11-2025,08:24:08,10-11-2025,08:26:52,COMPLETED,0,1
79KWH,8,3,FULL,10-11-2025,08:27:00,10-11-2025,08:29:29,10-11-2025,08:32:21,COMPLETED,0,1
79KWH,8,3,FULL,10-11-2025,08:32:28,10-11-2025,08:32:31,10-11-2025,08:35:08,COMPLETED,0,1
79KWH,8,3,FULL,10-11-2025,08:35:16,10-11-2025,08:37:49,10-11-2025,08:40:44,COMPLETED,0,1
79KWH,8,3,FULL,10-11-2025,08:40:51,10-11-2025,08:40:52,10-11-2025,08:43:32,COMPLETED,0,1
79KWH,8,3,FULL,10-11-2025,08:43:39,10-11-2025,08:45:45,10-11-2025,08:48:41,COMPLETED,0,1
79KWH,8,3,FULL,10-11-2025,08:48:47,10-11-2025,08:48:50,10-11-2025,08:51:32,COMPLETED,0,1
79KWH,8,3,FULL,10-11-2025,08:51:40,10-11-2025,08:53:20,10-11-2025,08:56:09,COMPLETED,0,1
79KWH,8,3,FULL,10-11-2025,08:56:15,10-11-2025,08:56:19,10-11-2025,08:59:01,COMPLETED,0,1
79KWH,8,3,FULL,10-11-2025,08:59:10,10-11-2025,09:00:59,10-11-2025,09:03:56,COMPLETED,0,1
79KWH,8,3,FULL,10-11-2025,09:04:02,10-11-2025,09:06:41,10-11-2025,09:09:35,COMPLETED,0,1
79KWH,8,3,FULL,10-11-2025,09:09:43,10-11-2025,09:11:24,10-11-2025,09:14:13,COMPLETED,0,1
79KWH,8,3,FULL,10-11-2025,09:14:19,10-11-2025,09:16:10,10-11-2025,09:19:04,COMPLETED,0,1
79KWH,8,3,FULL,10-11-2025,09:19:12,10-11-2025,09:20:53,10-11-2025,09:23:42,COMPLETED,0,1
79KWH,8,3,FULL,10-11-2025,09:23:48,10-11-2025,09:23:51,10-11-2025,09:26:43,COMPLETED,0,1
79KWH,8,3,FULL,10-11-2025,09:26:52,10-11-2025,09:26:54,10-11-2025,09:29:42,COMPLETED,0,1
79KWH,8,3,FULL,10-11-2025,09:29:47,10-11-2025,09:29:51,10-11-2025,09:32:57,COMPLETED,0,1
79KWH,8,3,FULL,10-11-2025,10:15:25,10-11-2025,10:16:25,10-11-2025,10:18:27,COMPLETED,0,1
79KWH,8,3,FULL,10-11-2025,10:18:34,10-11-2025,10:20:17,10-11-2025,10:21:57,COMPLETED,0,1
79KWH,8,3,FULL,10-11-2025,10:22:11,10-11-2025,10:24:05,10-11-2025,10:26:07,COMPLETED,0,1
79KWH,8,3,FULL,10-11-2025,10:26:13,10-11-2025,10:29:13,10-11-2025,10:31:12,COMPLETED,0,1
79KWH,8,3,FULL,10-11-2025,10:31:28,10-11-2025,10:31:29,10-11-2025,10:32:41,COMPLETED,0,1
79KWH,8,3,FULL,10-11-2025,10:32:47,10-11-2025,10:32:50,10-11-2025,10:33:59,COMPLETED,0,1
79KWH,8,3,FULL,10-11-2025,10:34:16,10-11-2025,10:35:48,10-11-2025,10:37:28,COMPLETED,0,1
79KWH,8,3,FULL,10-11-2025,10:37:34,10-11-2025,10:37:37,10-11-2025,10:38:45,COMPLETED,0,1
79KWH,8,3,FULL,10-11-2025,10:39:02,10-11-2025,10:40:52,10-11-2025,10:42:54,COMPLETED,0,1
79KWH,8,3,FULL,10-11-2025,10:43:00,10-11-2025,10:43:02,10-11-2025,10:44:11,COMPLETED,0,1
79KWH,8,3,FULL,10-11-2025,10:44:29,10-11-2025,10:46:17,10-11-2025,10:48:18,COMPLETED,0,1
79KWH,8,3,FULL,10-11-2025,10:48:24,10-11-2025,10:48:27,10-11-2025,10:49:36,COMPLETED,0,1
79KWH,8,3,FULL,10-11-2025,10:49:58,10-11-2025,10:49:59,10-11-2025,10:51:10,COMPLETED,0,1
79KWH,8,3,FULL,10-11-2025,10:51:16,10-11-2025,10:51:20,10-11-2025,10:52:29,COMPLETED,0,1
79KWH,8,3,FULL,10-11-2025,10:52:47,10-11-2025,10:52:48,10-11-2025,10:53:59,COMPLETED,0,1
79KWH,8,3,FULL,10-11-2025,10:54:08,10-11-2025,10:54:09,10-11-2025,10:55:18,COMPLETED,0,1
79KWH,8,3,FULL,10-11-2025,10:55:42,10-11-2025,10:55:44,10-11-2025,10:56:54,COMPLETED,0,1
79KWH,8,3,FULL,10-11-2025,10:57:00,10-11-2025,10:57:04,10-11-2025,10:58:13,COMPLETED,0,1
79KWH,8,3,FULL,10-11-2025,10:58:30,10-11-2025,11:00:23,10-11-2025,11:02:24,COMPLETED,0,1
79KWH,8,3,FULL,10-11-2025,11:02:30,10-11-2025,11:02:44,10-11-2025,11:03:53,COMPLETED,0,1
79KWH,8,3,FULL,10-11-2025,11:04:15,10-11-2025,11:04:15,10-11-2025,11:05:27,COMPLETED,0,1
79KWH,8,3,FULL,10-11-2025,11:05:33,10-11-2025,11:05:38,10-11-2025,11:06:48,COMPLETED,0,1
79KWH,8,3,FULL,10-11-2025,11:07:08,10-11-2025,11:07:09,10-11-2025,11:08:23,COMPLETED,0,1
79KWH,8,3,FULL,10-11-2025,11:08:28,10-11-2025,11:08:32,10-11-2025,11:09:45,COMPLETED,0,1
79KWH,8,3,FULL,10-11-2025,11:10:04,10-11-2025,11:10:04,10-11-2025,11:11:19,COMPLETED,0,1
79KWH,8,3,FULL,10-11-2025,11:11:25,10-11-2025,11:11:29,10-11-2025,11:12:41,COMPLETED,0,1
79KWH,8,3,FULL,10-11-2025,11:12:57,10-11-2025,11:12:58,10-11-2025,11:14:14,COMPLETED,0,1
79KWH,8,3,FULL,10-11-2025,11:14:20,10-11-2025,11:14:24,10-11-2025,11:15:37,COMPLETED,0,1
79KWH,8,3,FULL,10-11-2025,11:16:00,10-11-2025,11:16:01,10-11-2025,11:17:19,COMPLETED,0,1
79KWH,8,3,FULL,10-11-2025,11:17:25,10-11-2025,11:17:27,10-11-2025,11:18:43,COMPLETED,0,1
79KWH,8,3,FULL,10-11-2025,11:19:01,10-11-2025,11:19:01,10-11-2025,11:20:20,COMPLETED,0,1
79KWH,8,3,FULL,10-11-2025,11:20:27,10-11-2025,11:20:29,10-11-2025,11:21:47,COMPLETED,0,1
79KWH,8,3,FULL,10-11-2025,11:22:06,10-11-2025,11:22:06,10-11-2025,11:23:27,COMPLETED,0,1
79KWH,8,3,FULL,10-11-2025,11:23:33,10-11-2025,11:23:36,10-11-2025,11:24:54,COMPLETED,0,1
79KWH,8,3,FULL,10-11-2025,11:25:11,10-11-2025,11:25:12,10-11-2025,11:26:34,COMPLETED,0,1
79KWH,8,3,FULL,10-11-2025,11:26:40,10-11-2025,11:26:42,10-11-2025,11:28:03,COMPLETED,0,1
79KWH,8,3,FULL,10-11-2025,11:28:19,10-11-2025,11:28:20,10-11-2025,11:29:43,COMPLETED,0,1
79KWH,8,3,FULL,10-11-2025,11:29:49,10-11-2025,11:29:53,10-11-2025,11:31:14,COMPLETED,0,1
79KWH,8,3,FULL,10-11-2025,11:31:35,10-11-2025,11:31:37,10-11-2025,11:33:02,COMPLETED,0,1
79KWH,8,3,FULL,10-11-2025,11:33:08,10-11-2025,11:33:11,10-11-2025,11:34:34,COMPLETED,0,1
79KWH,8,3,FULL,10-11-2025,12:25:27,10-11-2025,12:25:31,10-11-2025,12:26:56,COMPLETED,0,1
79KWH,8,3,FULL,10-11-2025,12:27:01,10-11-2025,12:27:06,10-11-2025,12:28:29,COMPLETED,0,1
79KWH,8,3,FULL,10-11-2025,12:28:50,10-11-2025,12:28:51,10-11-2025,12:30:18,COMPLETED,0,1
79KWH,8,3,FULL,10-11-2025,12:30:25,10-11-2025,12:30:26,10-11-2025,12:31:52,COMPLETED,0,1
79KWH,8,3,FULL,10-11-2025,12:32:09,10-11-2025,12:32:10,10-11-2025,12:33:39,COMPLETED,0,1
79KWH,8,3,FULL,10-11-2025,12:33:45,10-11-2025,12:33:47,10-11-2025,12:35:14,COMPLETED,0,1
79KWH,8,3,FULL,10-11-2025,12:35:37,10-11-2025,12:35:38,10-11-2025,12:37:08,COMPLETED,0,1
79KWH,8,3,FULL,10-11-2025,12:37:13,10-11-2025,12:37:18,10-11-2025,12:38:46,COMPLETED,0,1
79KWH,8,3,FULL,10-11-2025,12:39:06,10-11-2025,12:39:07,10-11-2025,12:40:38,COMPLETED,0,1
79KWH,8,3,FULL,10-11-2025,12:40:45,10-11-2025,12:40:46,10-11-2025,12:42:14,COMPLETED,0,1
79KWH,8,3,FULL,10-11-2025,12:42:39,10-11-2025,12:42:41,10-11-2025,12:44:12,COMPLETED,0,1
79KWH,8,3,FULL,10-11-2025,12:44:19,10-11-2025,12:46:05,10-11-2025,12:48:14,COMPLETED,0,1
79KWH,8,3,FULL,10-11-2025,12:48:33,10-11-2025,12:48:33,10-11-2025,12:50:06,COMPLETED,0,1
79KWH,8,3,FULL,10-11-2025,12:50:13,10-11-2025,12:50:16,10-11-2025,12:51:48,COMPLETED,0,1
79KWH,8,3,FULL,10-11-2025,12:52:05,10-11-2025,12:52:06,10-11-2025,12:53:41,COMPLETED,0,1
79KWH,8,3,FULL,10-11-2025,12:53:47,10-11-2025,12:53:51,10-11-2025,12:55:24,COMPLETED,0,1
79KWH,8,3,FULL,10-11-2025,12:55:43,10-11-2025,12:55:44,10-11-2025,12:57:19,COMPLETED,0,1
79KWH,8,3,FULL,10-11-2025,12:57:25,10-11-2025,12:57:28,10-11-2025,12:59:02,COMPLETED,0,1
79KWH,8,3,FULL,10-11-2025,12:59:20,10-11-2025,12:59:20,10-11-2025,13:00:58,COMPLETED,0,1
79KWH,8,3,FULL,10-11-2025,13:01:04,10-11-2025,13:01:08,10-11-2025,13:02:44,COMPLETED,0,1
79KWH,8,3,FULL,10-11-2025,13:03:04,10-11-2025,13:03:05,10-11-2025,13:04:44,COMPLETED,0,1
79KWH,8,3,FULL,10-11-2025,13:04:53,10-11-2025,13:04:54,10-11-2025,13:06:32,COMPLETED,0,1
79KWH,8,3,FULL,10-11-2025,13:06:57,10-11-2025,13:06:58,10-11-2025,13:08:39,COMPLETED,0,1
79KWH,8,3,FULL,10-11-2025,13:08:45,10-11-2025,13:08:47,10-11-2025,13:10:27,COMPLETED,0,1
79KWH,8,3,FULL,10-11-2025,13:10:53,10-11-2025,13:10:54,10-11-2025,13:12:38,COMPLETED,0,1
79KWH,8,3,FULL,10-11-2025,13:12:48,10-11-2025,13:12:48,10-11-2025,13:14:29,COMPLETED,0,1
79KWH,8,3,FULL,10-11-2025,13:14:51,10-11-2025,13:14:52,10-11-2025,13:16:36,COMPLETED,0,1
79KWH,8,3,FULL,10-11-2025,13:16:43,10-11-2025,13:16:45,10-11-2025,13:18:28,COMPLETED,0,1
79KWH,8,3,FULL,10-11-2025,13:18:53,10-11-2025,13:18:54,10-11-2025,13:20:39,COMPLETED,0,1
79KWH,8,3,FULL,10-11-2025,13:20:48,10-11-2025,13:20:49,10-11-2025,13:22:33,COMPLETED,0,1
79KWH,8,3,FULL,10-11-2025,13:22:57,10-11-2025,13:22:57,10-11-2025,13:24:45,COMPLETED,0,1
79KWH,8,3,FULL,10-11-2025,13:24:51,10-11-2025,13:24:53,10-11-2025,13:26:38,COMPLETED,0,1
79KWH,8,3,FULL,10-11-2025,13:26:58,10-11-2025,13:27:00,10-11-2025,13:28:47,COMPLETED,0,1
79KWH,8,3,FULL,10-11-2025,13:28:53,10-11-2025,13:28:56,10-11-2025,13:30:42,COMPLETED,0,1
79KWH,8,3,FULL,10-11-2025,13:31:03,10-11-2025,13:31:04,10-11-2025,13:32:53,COMPLETED,0,1
79KWH,8,3,FULL,10-11-2025,13:32:59,10-11-2025,13:33:03,10-11-2025,13:34:50,COMPLETED,0,1
79KWH,8,3,FULL,10-11-2025,13:35:08,10-11-2025,13:35:09,10-11-2025,13:37:00,COMPLETED,0,1
79KWH,8,3,FULL,10-11-2025,13:37:05,10-11-2025,13:37:09,10-11-2025,13:38:58,COMPLETED,0,1
79KWH,8,3,FULL,10-11-2025,13:39:15,10-11-2025,13:39:17,10-11-2025,13:41:09,COMPLETED,0,1
79KWH,8,3,FULL,10-11-2025,13:41:17,10-11-2025,13:41:18,10-11-2025,13:43:07,COMPLETED,0,1
79KWH,8,3,FULL,10-11-2025,13:43:27,10-11-2025,13:43:27,10-11-2025,13:45:21,COMPLETED,0,1
79KWH,8,3,FULL,10-11-2025,13:45:27,10-11-2025,13:45:30,10-11-2025,13:47:22,COMPLETED,0,1
79KWH,8,3,FULL,10-11-2025,13:47:39,10-11-2025,13:47:39,10-11-2025,13:49:34,COMPLETED,0,1
79KWH,8,3,FULL,10-11-2025,13:49:42,10-11-2025,13:49:43,10-11-2025,13:51:37,COMPLETED,0,1
79KWH,8,3,FULL,10-11-2025,13:51:56,10-11-2025,13:51:57,10-11-2025,13:53:53,COMPLETED,0,1
79KWH,8,3,FULL,10-11-2025,13:53:59,10-11-2025,13:54:02,10-11-2025,13:55:55,COMPLETED,0,1
79KWH,8,3,FULL,10-11-2025,13:56:12,10-11-2025,13:56:12,10-11-2025,13:58:09,COMPLETED,0,1
79KWH,8,3,FULL,10-11-2025,13:58:15,10-11-2025,13:58:18,10-11-2025,14:00:12,COMPLETED,0,1
79KWH,8,3,FULL,10-11-2025,14:00:34,10-11-2025,14:00:35,10-11-2025,14:02:36,COMPLETED,0,1
79KWH,8,3,FULL,10-11-2025,14:02:41,10-11-2025,14:02:44,10-11-2025,14:04:42,COMPLETED,0,1
79KWH,8,3,FULL,10-11-2025,14:05:01,10-11-2025,14:05:02,10-11-2025,14:07:03,COMPLETED,0,1
79KWH,8,3,FULL,10-11-2025,14:07:10,10-11-2025,14:07:13,10-11-2025,14:09:13,COMPLETED,0,1
79KWH,8,3,FULL,10-11-2025,14:09:33,10-11-2025,14:09:33,10-11-2025,14:11:35,COMPLETED,0,1
79KWH,8,3,FULL,10-11-2025,14:11:42,10-11-2025,14:11:44,10-11-2025,14:13:44,COMPLETED,0,1
79KWH,8,3,FULL,10-11-2025,14:14:02,10-11-2025,14:14:02,10-11-2025,14:16:05,COMPLETED,0,1
79KWH,8,3,FULL,10-11-2025,14:16:12,10-11-2025,14:16:15,10-11-2025,14:18:15,COMPLETED,0,1
79KWH,8,3,FULL,10-11-2025,14:18:30,10-11-2025,14:18:31,10-11-2025,14:20:35,COMPLETED,0,1
79KWH,8,3,FULL,10-11-2025,14:20:41,10-11-2025,14:20:45,10-11-2025,14:22:47,COMPLETED,0,1
79KWH,8,3,FULL,10-11-2025,14:23:06,10-11-2025,14:23:07,10-11-2025,14:25:13,COMPLETED,0,1
79KWH,8,3,FULL,10-11-2025,14:25:19,10-11-2025,14:25:22,10-11-2025,14:27:25,COMPLETED,0,1
79KWH,8,3,FULL,10-11-2025,14:27:43,10-11-2025,14:28:58,10-11-2025,14:31:27,COMPLETED,0,1
79KWH,8,3,FULL,10-11-2025,14:31:33,10-11-2025,14:31:37,10-11-2025,14:33:41,COMPLETED,0,1
79KWH,8,3,FULL,10-11-2025,14:34:01,10-11-2025,14:35:15,10-11-2025,14:37:45,COMPLETED,0,1
79KWH,8,3,FULL,10-11-2025,14:37:52,10-11-2025,14:37:55,10-11-2025,14:40:00,COMPLETED,0,1
79KWH,8,3,FULL,10-11-2025,14:40:23,10-11-2025,14:41:37,10-11-2025,14:44:09,COMPLETED,0,1
79KWH,8,3,FULL,10-11-2025,14:44:17,10-11-2025,14:44:18,10-11-2025,14:46:26,COMPLETED,0,1
79KWH,8,3,FULL,10-11-2025,14:46:46,10-11-2025,14:47:58,10-11-2025,14:50:31,COMPLETED,0,1
79KWH,8,3,FULL,10-11-2025,14:50:37,10-11-2025,14:51:59,10-11-2025,14:54:28,COMPLETED,0,1
79KWH,8,3,FULL,10-11-2025,14:54:51,10-11-2025,14:55:57,10-11-2025,14:58:29,COMPLETED,0,1
79KWH,8,3,FULL,10-11-2025,14:58:37,10-11-2025,14:58:39,10-11-2025,15:00:49,COMPLETED,0,1
79KWH,8,3,FULL,10-11-2025,15:49:29,10-11-2025,15:49:30,10-11-2025,15:52:03,COMPLETED,0,1
79KWH,8,3,FULL,10-11-2025,15:52:09,10-11-2025,15:52:12,10-11-2025,15:54:23,COMPLETED,0,1
79KWH,8,3,FULL,10-11-2025,15:54:46,10-11-2025,15:54:46,10-11-2025,15:57:01,COMPLETED,0,1
79KWH,8,3,FULL,10-11-2025,15:57:07,10-11-2025,17:11:51,10-11-2025,17:13:33,COMPLETED,0,1
79KWH,8,3,FULL,10-11-2025,17:13:54,10-11-2025,17:15:03,10-11-2025,17:17:38,COMPLETED,0,1
79KWH,8,3,FULL,10-11-2025,17:17:44,10-11-2025,17:17:46,10-11-2025,17:20:00,COMPLETED,0,1
79KWH,8,3,FULL,10-11-2025,17:20:20,10-11-2025,17:21:29,10-11-2025,17:24:04,COMPLETED,0,1
79KWH,8,3,FULL,10-11-2025,17:24:10,10-11-2025,17:24:13,10-11-2025,17:26:27,COMPLETED,0,1
79KWH,8,3,FULL,10-11-2025,17:26:48,10-11-2025,17:27:56,10-11-2025,17:30:32,COMPLETED,0,1
79KWH,8,3,FULL,10-11-2025,17:30:38,10-11-2025,17:30:40,10-11-2025,17:32:57,COMPLETED,0,1
79KWH,8,3,FULL,10-11-2025,17:33:14,10-11-2025,17:34:19,10-11-2025,17:36:55,COMPLETED,0,1
79KWH,8,3,FULL,10-11-2025,17:37:02,10-11-2025,17:38:25,10-11-2025,17:40:59,COMPLETED,0,1
79KWH,8,3,FULL,10-11-2025,17:41:12,10-11-2025,17:42:22,10-11-2025,17:44:59,COMPLETED,0,1
79KWH,8,3,FULL,10-11-2025,17:45:05,10-11-2025,17:45:08,10-11-2025,17:47:27,COMPLETED,0,1
79KWH,8,3,FULL,10-11-2025,17:47:43,10-11-2025,17:48:51,10-11-2025,17:51:29,COMPLETED,0,1
79KWH,8,3,FULL,10-11-2025,17:51:35,10-11-2025,17:51:37,10-11-2025,17:53:57,COMPLETED,0,1
79KWH,8,3,FULL,10-11-2025,17:54:13,10-11-2025,17:55:23,10-11-2025,17:58:01,COMPLETED,0,1
79KWH,8,3,FULL,10-11-2025,17:58:07,10-11-2025,17:58:10,10-11-2025,18:00:31,COMPLETED,0,1
79KWH,8,3,FULL,10-11-2025,18:00:48,10-11-2025,18:01:41,10-11-2025,18:04:08,COMPLETED,0,1
79KWH,8,3,FULL,10-11-2025,18:04:14,10-11-2025,18:04:17,10-11-2025,18:06:39,COMPLETED,0,1
79KWH,8,3,FULL,10-11-2025,18:06:54,10-11-2025,18:08:05,10-11-2025,18:10:46,COMPLETED,0,1
79KWH,8,3,FULL,10-11-2025,18:10:52,10-11-2025,18:10:55,10-11-2025,19:32:02,COMPLETED,0,1
79KWH,8,3,FULL,10-11-2025,19:32:16,10-11-2025,19:33:28,10-11-2025,19:36:08,COMPLETED,0,1
79KWH,8,3,FULL,10-11-2025,19:36:14,10-11-2025,19:36:16,10-11-2025,19:38:40,COMPLETED,0,1
79KWH,8,3,FULL,10-11-2025,19:38:57,10-11-2025,19:40:01,10-11-2025,19:42:41,COMPLETED,0,1
79KWH,8,3,FULL,10-11-2025,19:42:47,10-11-2025,19:44:09,10-11-2025,19:46:45,COMPLETED,0,1
79KWH,8,3,FULL,11-11-2025,07:39:47,11-11-2025,07:39:47,11-11-2025,07:41:51,COMPLETED,0,1
79KWH,8,3,FULL,11-11-2025,07:41:57,11-11-2025,07:42:01,11-11-2025,07:44:27,COMPLETED,0,1
79KWH,8,3,FULL,11-11-2025,07:44:47,11-11-2025,07:44:49,11-11-2025,07:47:18,COMPLETED,0,1
79KWH,8,3,FULL,11-11-2025,07:47:23,11-11-2025,07:47:27,11-11-2025,07:50:03,COMPLETED,0,1
79KWH,8,3,FULL,11-11-2025,07:50:18,11-11-2025,07:50:18,11-11-2025,07:52:49,COMPLETED,0,1
79KWH,8,3,FULL,11-11-2025,07:52:55,11-11-2025,07:53:03,11-11-2025,07:55:33,COMPLETED,0,1
79KWH,8,3,FULL,11-11-2025,07:55:48,11-11-2025,07:55:49,11-11-2025,07:58:21,COMPLETED,0,1
79KWH,8,3,FULL,11-11-2025,07:58:29,11-11-2025,07:58:32,11-11-2025,08:01:02,COMPLETED,0,1
79KWH,8,3,FULL,11-11-2025,08:01:19,11-11-2025,08:01:20,11-11-2025,08:03:53,COMPLETED,0,1
79KWH,8,3,FULL,11-11-2025,08:04:00,11-11-2025,08:04:03,11-11-2025,08:06:34,COMPLETED,0,1
79KWH,8,3,FULL,11-11-2025,08:21:38,11-11-2025,08:21:39,11-11-2025,08:24:13,COMPLETED,0,1
79KWH,8,3,FULL,11-11-2025,08:24:20,11-11-2025,08:24:23,11-11-2025,08:26:55,COMPLETED,0,1
79KWH,8,3,FULL,11-11-2025,08:27:12,11-11-2025,08:27:13,11-11-2025,08:29:50,COMPLETED,0,1
79KWH,8,3,FULL,11-11-2025,08:29:57,11-11-2025,08:29:59,11-11-2025,08:32:35,COMPLETED,0,1
79KWH,8,3,FULL,11-11-2025,08:32:52,11-11-2025,08:32:53,11-11-2025,08:35:31,COMPLETED,0,1
79KWH,8,3,FULL,11-11-2025,08:35:37,11-11-2025,08:35:41,11-11-2025,08:38:18,COMPLETED,0,1
79KWH,8,3,FULL,11-11-2025,08:38:32,11-11-2025,08:38:32,11-11-2025,08:41:12,COMPLETED,0,1
79KWH,8,3,FULL,11-11-2025,08:41:18,11-11-2025,08:41:21,11-11-2025,08:43:59,COMPLETED,0,1
79KWH,8,3,FULL,11-11-2025,08:44:21,11-11-2025,08:44:21,11-11-2025,08:47:02,COMPLETED,0,1
79KWH,8,3,FULL,11-11-2025,08:47:10,11-11-2025,08:47:12,11-11-2025,08:49:50,COMPLETED,0,1
79KWH,8,3,FULL,11-11-2025,08:50:05,11-11-2025,08:50:07,11-11-2025,08:52:49,COMPLETED,0,1
79KWH,8,3,FULL,11-11-2025,08:52:55,11-11-2025,08:53:01,11-11-2025,08:55:41,COMPLETED,0,1
79KWH,8,3,FULL,11-11-2025,08:56:01,11-11-2025,08:56:01,11-11-2025,08:58:45,COMPLETED,0,1
79KWH,8,3,FULL,11-11-2025,08:58:51,11-11-2025,08:58:54,11-11-2025,09:01:36,COMPLETED,0,1
79KWH,8,3,FULL,11-11-2025,09:01:53,11-11-2025,09:01:54,11-11-2025,09:04:38,COMPLETED,0,1
79KWH,8,3,FULL,11-11-2025,09:04:44,11-11-2025,09:04:48,11-11-2025,09:07:31,COMPLETED,0,1
79KWH,8,3,FULL,11-11-2025,09:07:50,11-11-2025,09:07:51,11-11-2025,09:10:37,COMPLETED,0,1
79KWH,8,3,FULL,11-11-2025,09:10:45,11-11-2025,09:10:46,11-11-2025,09:13:30,COMPLETED,0,1
79KWH,8,3,FULL,11-11-2025,09:13:48,11-11-2025,09:13:48,11-11-2025,09:16:35,COMPLETED,0,1
79KWH,8,3,FULL,11-11-2025,09:16:42,11-11-2025,09:16:44,11-11-2025,09:19:28,COMPLETED,0,1
79KWH,8,3,FULL,11-11-2025,09:19:49,11-11-2025,09:19:50,11-11-2025,09:22:39,COMPLETED,0,1
79KWH,8,3,FULL,11-11-2025,09:22:45,11-11-2025,09:22:48,11-11-2025,09:25:34,COMPLETED,0,1
79KWH,8,3,FULL,11-11-2025,09:25:51,11-11-2025,09:25:52,11-11-2025,09:27:53,COMPLETED,0,1
79KWH,8,3,FULL,11-11-2025,09:28:00,11-11-2025,09:28:02,11-11-2025,09:29:11,COMPLETED,0,1
79KWH,8,3,FULL,11-11-2025,09:29:26,11-11-2025,09:29:28,11-11-2025,09:30:39,COMPLETED,0,1
79KWH,8,3,FULL,11-11-2025,09:30:45,11-11-2025,09:30:47,11-11-2025,09:31:56,COMPLETED,0,1
79KWH,8,3,FULL,11-11-2025,09:32:13,11-11-2025,09:34:05,11-11-2025,09:36:06,COMPLETED,0,1
79KWH,8,3,FULL,11-11-2025,09:36:12,11-11-2025,09:38:10,11-11-2025,09:40:09,COMPLETED,0,1
79KWH,8,3,FULL,11-11-2025,09:40:27,11-11-2025,09:42:13,11-11-2025,09:44:15,COMPLETED,0,1
79KWH,8,3,FULL,11-11-2025,09:44:22,11-11-2025,09:46:18,11-11-2025,09:48:16,COMPLETED,0,1
79KWH,8,3,FULL,11-11-2025,09:48:33,11-11-2025,09:50:18,11-11-2025,09:52:20,COMPLETED,0,1
79KWH,8,3,FULL,11-11-2025,09:52:26,11-11-2025,09:52:29,11-11-2025,09:53:37,COMPLETED,0,1
79KWH,8,3,FULL,11-11-2025,09:54:00,11-11-2025,09:57:55,11-11-2025,09:59:22,COMPLETED,0,1
79KWH,8,3,FULL,11-11-2025,09:59:30,11-11-2025,09:59:32,11-11-2025,10:00:41,COMPLETED,0,1
79KWH,8,3,FULL,11-11-2025,10:00:59,11-11-2025,10:13:58,11-11-2025,10:15:26,COMPLETED,0,1
79KWH,8,3,FULL,11-11-2025,10:15:34,11-11-2025,10:17:06,11-11-2025,10:18:31,COMPLETED,0,1
79KWH,8,3,FULL,11-11-2025,10:18:49,11-11-2025,10:20:12,11-11-2025,10:21:41,COMPLETED,0,1
79KWH,8,3,FULL,11-11-2025,10:21:47,11-11-2025,10:25:55,11-11-2025,10:27:23,COMPLETED,0,1
79KWH,8,3,FULL,11-11-2025,10:27:41,11-11-2025,10:36:33,11-11-2025,10:38:04,COMPLETED,0,1
79KWH,8,3,FULL,11-11-2025,10:38:10,11-11-2025,10:38:13,11-11-2025,10:39:21,COMPLETED,0,1
79KWH,8,3,FULL,11-11-2025,10:39:38,11-11-2025,10:43:28,11-11-2025,10:44:59,COMPLETED,0,1
79KWH,8,3,FULL,11-11-2025,10:45:05,11-11-2025,10:45:06,11-11-2025,10:46:15,COMPLETED,0,1
79KWH,8,3,FULL,11-11-2025,10:46:32,11-11-2025,10:48:17,11-11-2025,10:50:17,COMPLETED,0,1
79KWH,8,3,FULL,11-11-2025,10:50:24,11-11-2025,11:26:56,11-11-2025,11:28:55,COMPLETED,0,1
79KWH,8,3,FULL,11-11-2025,11:29:12,11-11-2025,11:30:56,11-11-2025,11:33:00,COMPLETED,0,1
79KWH,8,3,FULL,11-11-2025,11:33:06,11-11-2025,11:36:15,11-11-2025,11:37:46,COMPLETED,0,1
79KWH,8,3,FULL,11-11-2025,11:38:03,11-11-2025,11:39:45,11-11-2025,11:41:49,COMPLETED,0,1
79KWH,8,3,FULL,11-11-2025,11:41:55,11-11-2025,11:41:58,11-11-2025,11:43:10,COMPLETED,0,1
79KWH,8,3,FULL,11-11-2025,11:43:28,11-11-2025,11:48:20,11-11-2025,11:49:56,COMPLETED,0,1
79KWH,8,3,FULL,11-11-2025,11:50:02,11-11-2025,11:50:06,11-11-2025,11:51:20,COMPLETED,0,1
79KWH,8,3,FULL,11-11-2025,11:51:39,11-11-2025,12:00:55,11-11-2025,12:03:00,COMPLETED,0,1
79KWH,8,3,FULL,11-11-2025,12:03:06,11-11-2025,12:07:05,11-11-2025,12:08:40,COMPLETED,0,1
79KWH,8,3,FULL,11-11-2025,12:09:01,11-11-2025,12:11:48,11-11-2025,12:13:53,COMPLETED,0,1
79KWH,8,3,FULL,11-11-2025,12:13:59,11-11-2025,12:14:03,11-11-2025,12:15:21,COMPLETED,0,1
79KWH,8,3,FULL,11-11-2025,12:15:38,11-11-2025,12:19:29,11-11-2025,12:21:10,COMPLETED,0,1
79KWH,8,3,FULL,11-11-2025,12:21:17,11-11-2025,12:22:51,11-11-2025,12:24:26,COMPLETED,0,1
79KWH,8,3,FULL,11-11-2025,12:24:47,11-11-2025,13:32:48,11-11-2025,13:34:29,COMPLETED,0,1
79KWH,8,3,FULL,11-11-2025,13:34:35,11-11-2025,13:36:00,11-11-2025,13:37:40,COMPLETED,0,1
79KWH,8,3,FULL,11-11-2025,13:37:56,11-11-2025,13:40:43,11-11-2025,13:42:30,COMPLETED,0,1
79KWH,8,3,FULL,11-11-2025,13:42:37,11-11-2025,13:43:59,11-11-2025,13:45:40,COMPLETED,0,1
79KWH,8,1,FULL,11-11-2025,13:44:14,11-11-2025,13:44:15,11-11-2025,13:46:14,COMPLETED,0,1
79KWH,8,3,FULL,11-11-2025,13:45:57,11-11-2025,13:53:24,11-11-2025,13:55:08,COMPLETED,0,1
79KWH,8,1,FULL,11-11-2025,13:46:21,11-11-2025,13:46:22,11-11-2025,13:47:29,COMPLETED,0,1
79KWH,8,1,FULL,11-11-2025,13:47:35,11-11-2025,13:47:39,11-11-2025,13:48:44,COMPLETED,0,1
79KWH,8,1,FULL,11-11-2025,13:48:52,11-11-2025,13:48:53,11-11-2025,13:49:59,COMPLETED,0,1
79KWH,8,1,FULL,11-11-2025,13:50:05,11-11-2025,13:50:09,11-11-2025,13:51:13,COMPLETED,0,1
79KWH,8,1,FULL,11-11-2025,13:51:21,11-11-2025,13:51:22,11-11-2025,13:52:29,COMPLETED,0,1
79KWH,8,1,FULL,11-11-2025,13:52:36,11-11-2025,13:52:39,11-11-2025,13:53:43,COMPLETED,0,1
79KWH,8,1,FULL,11-11-2025,13:53:51,11-11-2025,13:53:51,11-11-2025,13:54:57,COMPLETED,0,1
79KWH,8,1,FULL,11-11-2025,13:55:04,11-11-2025,13:55:09,11-11-2025,13:56:13,COMPLETED,0,1
79KWH,8,3,FULL,11-11-2025,13:55:15,11-11-2025,13:55:17,11-11-2025,13:56:39,COMPLETED,0,1
79KWH,8,1,FULL,11-11-2025,13:56:20,11-11-2025,13:56:21,11-11-2025,13:57:28,COMPLETED,0,1
79KWH,8,3,FULL,11-11-2025,13:56:56,11-11-2025,14:04:39,11-11-2025,14:06:26,COMPLETED,0,1
79KWH,8,1,FULL,11-11-2025,13:57:34,11-11-2025,13:57:38,11-11-2025,13:58:42,COMPLETED,0,1
79KWH,8,2,FULL,11-11-2025,13:58:42,11-11-2025,13:58:42,11-11-2025,14:01:36,COMPLETED,0,1
79KWH,8,1,FULL,11-11-2025,13:58:50,11-11-2025,13:58:50,11-11-2025,13:59:57,COMPLETED,0,1
79KWH,8,1,FULL,11-11-2025,14:00:03,11-11-2025,14:00:07,11-11-2025,14:01:11,COMPLETED,0,1
79KWH,8,1,FULL,11-11-2025,14:01:20,11-11-2025,14:01:20,11-11-2025,14:02:27,COMPLETED,0,1
79KWH,8,2,FULL,11-11-2025,14:01:45,11-11-2025,14:01:46,11-11-2025,14:03:04,COMPLETED,0,1
79KWH,8,1,FULL,11-11-2025,14:02:33,11-11-2025,14:02:35,11-11-2025,14:03:40,COMPLETED,0,1
79KWH,8,2,FULL,11-11-2025,14:03:11,11-11-2025,14:03:13,11-11-2025,14:04:18,COMPLETED,0,1
79KWH,8,1,FULL,11-11-2025,14:03:47,11-11-2025,14:03:47,11-11-2025,14:04:56,COMPLETED,0,1
79KWH,8,2,FULL,11-11-2025,14:04:26,11-11-2025,14:07:07,11-11-2025,14:09:51,COMPLETED,0,1
79KWH,8,1,FULL,11-11-2025,14:05:04,11-11-2025,14:05:05,11-11-2025,14:06:10,COMPLETED,0,1
79KWH,8,1,FULL,11-11-2025,14:06:18,11-11-2025,14:06:18,11-11-2025,14:07:25,COMPLETED,0,1
79KWH,8,3,FULL,11-11-2025,14:06:32,11-11-2025,14:08:10,11-11-2025,14:09:52,COMPLETED,0,1
79KWH,8,1,FULL,11-11-2025,14:07:31,11-11-2025,14:07:33,11-11-2025,14:08:38,COMPLETED,0,1
79KWH,8,1,FULL,11-11-2025,14:08:46,11-11-2025,14:08:46,11-11-2025,14:09:53,COMPLETED,0,1
79KWH,8,2,FULL,11-11-2025,14:09:57,11-11-2025,14:12:40,11-11-2025,14:15:21,COMPLETED,0,1
79KWH,8,1,FULL,11-11-2025,14:09:59,11-11-2025,14:10:03,11-11-2025,14:11:08,COMPLETED,0,1
79KWH,8,3,FULL,11-11-2025,14:10:07,11-11-2025,14:29:11,11-11-2025,14:31:21,COMPLETED,0,1
79KWH,8,1,FULL,11-11-2025,14:11:16,11-11-2025,14:11:16,11-11-2025,14:12:23,COMPLETED,0,1
79KWH,8,1,FULL,11-11-2025,14:12:29,11-11-2025,14:12:33,11-11-2025,14:13:40,COMPLETED,0,1
79KWH,8,1,FULL,11-11-2025,14:13:47,11-11-2025,14:13:48,11-11-2025,14:14:57,COMPLETED,0,1
79KWH,8,1,FULL,11-11-2025,14:15:06,11-11-2025,14:15:08,11-11-2025,14:16:16,COMPLETED,0,1
79KWH,8,2,FULL,11-11-2025,14:15:29,11-11-2025,14:18:11,11-11-2025,14:20:55,COMPLETED,0,1
79KWH,8,1,FULL,11-11-2025,14:16:26,11-11-2025,14:16:26,11-11-2025,14:17:36,COMPLETED,0,1
79KWH,8,1,FULL,11-11-2025,14:17:41,11-11-2025,14:17:45,11-11-2025,14:18:53,COMPLETED,0,1
79KWH,8,1,FULL,11-11-2025,14:19:03,11-11-2025,14:19:04,11-11-2025,14:20:15,COMPLETED,0,1
79KWH,8,1,FULL,11-11-2025,14:20:22,11-11-2025,14:20:25,11-11-2025,14:21:35,COMPLETED,0,1
79KWH,8,2,FULL,11-11-2025,14:21:02,11-11-2025,14:21:03,11-11-2025,14:22:09,COMPLETED,0,1
79KWH,8,1,FULL,11-11-2025,14:21:43,11-11-2025,14:21:44,11-11-2025,14:22:56,COMPLETED,0,1
79KWH,8,2,FULL,11-11-2025,14:22:22,11-11-2025,14:25:00,11-11-2025,14:27:43,COMPLETED,0,1
79KWH,8,1,FULL,11-11-2025,14:23:04,11-11-2025,14:23:04,11-11-2025,14:24:14,COMPLETED,0,1
79KWH,8,1,FULL,11-11-2025,14:24:23,11-11-2025,14:26:08,11-11-2025,14:28:13,COMPLETED,0,1
79KWH,8,2,FULL,11-11-2025,14:27:49,11-11-2025,14:27:52,11-11-2025,14:28:57,COMPLETED,0,1
79KWH,8,1,FULL,11-11-2025,14:28:19,11-11-2025,14:30:14,11-11-2025,14:32:14,COMPLETED,0,1
79KWH,8,2,FULL,11-11-2025,14:29:06,11-11-2025,14:31:46,11-11-2025,14:34:30,COMPLETED,0,1
79KWH,8,3,FULL,11-11-2025,14:31:27,11-11-2025,14:31:29,11-11-2025,14:32:56,COMPLETED,0,1
79KWH,8,1,FULL,11-11-2025,14:32:22,11-11-2025,14:32:22,11-11-2025,14:33:36,COMPLETED,0,1
79KWH,8,3,FULL,11-11-2025,14:33:09,11-11-2025,14:40:59,11-11-2025,14:43:07,COMPLETED,0,1
79KWH,8,1,FULL,11-11-2025,14:33:43,11-11-2025,14:33:46,11-11-2025,14:34:59,COMPLETED,0,1
79KWH,8,1,FULL,11-11-2025,14:35:07,11-11-2025,14:35:08,11-11-2025,14:36:24,COMPLETED,0,1
79KWH,8,1,FULL,11-11-2025,14:36:30,11-11-2025,14:36:33,11-11-2025,14:37:47,COMPLETED,0,1
79KWH,8,2,FULL,11-11-2025,14:37:33,11-11-2025,14:37:33,11-11-2025,14:40:15,COMPLETED,0,1
79KWH,8,1,FULL,11-11-2025,14:38:46,11-11-2025,14:38:47,11-11-2025,14:40:04,COMPLETED,0,1
79KWH,8,1,FULL,11-11-2025,14:40:10,11-11-2025,14:40:13,11-11-2025,14:41:27,COMPLETED,0,1
79KWH,8,2,FULL,11-11-2025,14:40:24,11-11-2025,14:43:05,11-11-2025,14:45:49,COMPLETED,0,1
79KWH,8,1,FULL,11-11-2025,14:41:35,11-11-2025,14:43:20,11-11-2025,14:45:26,COMPLETED,0,1
79KWH,8,3,FULL,11-11-2025,14:43:13,11-11-2025,14:48:01,11-11-2025,14:50:05,COMPLETED,0,1
79KWH,8,1,FULL,11-11-2025,14:45:31,11-11-2025,14:45:33,11-11-2025,14:46:49,COMPLETED,0,1
79KWH,8,2,FULL,11-11-2025,14:45:55,11-11-2025,14:48:25,11-11-2025,14:49:30,COMPLETED,0,1
79KWH,8,1,FULL,11-11-2025,14:46:56,11-11-2025,14:48:46,11-11-2025,14:50:50,COMPLETED,0,1
79KWH,8,2,FULL,11-11-2025,14:49:39,11-11-2025,14:52:18,11-11-2025,14:55:02,COMPLETED,0,1
79KWH,8,1,FULL,11-11-2025,14:50:56,11-11-2025,14:51:00,11-11-2025,14:52:17,COMPLETED,0,1
79KWH,8,1,FULL,11-11-2025,14:52:25,11-11-2025,14:52:26,11-11-2025,14:53:46,COMPLETED,0,1
79KWH,8,1,FULL,11-11-2025,14:53:53,11-11-2025,14:53:56,11-11-2025,14:55:13,COMPLETED,0,1
79KWH,8,2,FULL,11-11-2025,14:55:09,11-11-2025,14:55:12,11-11-2025,14:56:17,COMPLETED,0,1
79KWH,8,1,FULL,11-11-2025,14:55:23,11-11-2025,14:55:24,11-11-2025,14:56:52,COMPLETED,0,1
79KWH,8,2,FULL,11-11-2025,14:56:28,11-11-2025,14:59:03,11-11-2025,15:01:47,COMPLETED,0,1
79KWH,8,1,FULL,11-11-2025,14:56:58,11-11-2025,14:57:04,11-11-2025,14:58:23,COMPLETED,0,1
79KWH,8,1,FULL,11-11-2025,14:58:32,11-11-2025,15:00:15,11-11-2025,15:02:27,COMPLETED,0,1
79KWH,8,2,FULL,11-11-2025,15:01:54,11-11-2025,15:01:56,11-11-2025,15:03:02,COMPLETED,0,1
79KWH,8,1,FULL,11-11-2025,15:02:41,11-11-2025,15:05:36,11-11-2025,15:07:43,COMPLETED,0,1
79KWH,8,2,FULL,11-11-2025,15:03:10,11-11-2025,15:03:11,11-11-2025,15:04:30,COMPLETED,0,1
79KWH,8,2,FULL,11-11-2025,15:04:50,11-11-2025,15:07:38,11-11-2025,15:10:19,COMPLETED,0,1
79KWH,8,2,FULL,11-11-2025,15:10:34,11-11-2025,15:10:35,11-11-2025,15:11:43,COMPLETED,0,1
79KWH,8,2,FULL,11-11-2025,15:11:49,11-11-2025,15:11:53,11-11-2025,15:13:00,COMPLETED,0,1
79KWH,8,2,FULL,11-11-2025,15:13:08,11-11-2025,15:13:08,11-11-2025,15:14:21,COMPLETED,0,1
79KWH,8,2,FULL,11-11-2025,15:14:27,11-11-2025,15:14:28,11-11-2025,15:15:37,COMPLETED,0,1
79KWH,8,2,FULL,11-11-2025,16:05:02,11-11-2025,16:05:03,11-11-2025,16:07:49,COMPLETED,0,1
79KWH,8,2,FULL,11-11-2025,16:07:55,11-11-2025,16:07:58,11-11-2025,16:09:08,COMPLETED,0,1
79KWH,8,2,FULL,11-11-2025,16:09:16,11-11-2025,16:09:17,11-11-2025,16:10:31,COMPLETED,0,1
79KWH,8,2,FULL,11-11-2025,16:10:37,11-11-2025,16:13:14,11-11-2025,16:15:59,COMPLETED,0,1
79KWH,8,2,FULL,11-11-2025,16:16:08,11-11-2025,16:18:44,11-11-2025,16:21:32,COMPLETED,0,1
79KWH,8,2,FULL,11-11-2025,16:21:38,11-11-2025,16:21:40,11-11-2025,16:22:55,COMPLETED,0,1
79KWH,8,2,FULL,11-11-2025,16:23:06,11-11-2025,16:25:40,11-11-2025,16:28:28,COMPLETED,0,1
79KWH,8,2,FULL,11-11-2025,16:28:34,11-11-2025,16:28:39,11-11-2025,16:29:55,COMPLETED,0,1
79KWH,8,2,FULL,11-11-2025,16:30:04,11-11-2025,16:30:05,11-11-2025,16:31:25,COMPLETED,0,1
79KWH,8,2,FULL,11-11-2025,16:31:32,11-11-2025,16:31:35,11-11-2025,16:32:54,COMPLETED,0,1
79KWH,8,2,FULL,11-11-2025,16:33:04,11-11-2025,16:33:05,11-11-2025,16:34:26,COMPLETED,0,1
79KWH,8,2,FULL,11-11-2025,16:34:33,11-11-2025,16:34:35,11-11-2025,16:35:55,COMPLETED,0,1
79KWH,8,2,FULL,11-11-2025,16:36:03,11-11-2025,16:36:04,11-11-2025,16:37:29,COMPLETED,0,1
79KWH,8,2,FULL,11-11-2025,16:37:35,11-11-2025,16:37:37,11-11-2025,16:39:01,COMPLETED,0,1
79KWH,8,2,FULL,11-11-2025,16:39:17,11-11-2025,16:39:18,11-11-2025,16:40:44,COMPLETED,0,1
79KWH,8,2,FULL,11-11-2025,16:41:01,11-11-2025,16:41:19,11-11-2025,16:42:43,COMPLETED,0,1
79KWH,8,2,FULL,11-11-2025,16:42:57,11-11-2025,16:43:04,11-11-2025,16:44:32,COMPLETED,0,1
79KWH,8,2,FULL,11-11-2025,16:44:42,11-11-2025,16:44:42,11-11-2025,16:46:11,COMPLETED,0,1
79KWH,8,2,FULL,11-11-2025,16:46:20,11-11-2025,16:46:21,11-11-2025,16:47:51,COMPLETED,0,1
79KWH,8,2,FULL,11-11-2025,16:47:57,11-11-2025,16:48:02,11-11-2025,16:49:32,COMPLETED,0,1
79KWH,8,2,FULL,11-11-2025,16:49:40,11-11-2025,16:49:41,11-11-2025,16:51:14,COMPLETED,0,1
79KWH,8,2,FULL,11-11-2025,16:51:20,11-11-2025,16:51:24,11-11-2025,16:52:56,COMPLETED,0,1
79KWH,8,3,FULL,11-11-2025,16:52:49,11-11-2025,19:18:51,11-11-2025,19:20:52,COMPLETED,0,1
79KWH,8,2,FULL,11-11-2025,16:53:05,11-11-2025,16:53:06,11-11-2025,16:54:42,COMPLETED,0,1
79KWH,8,2,FULL,11-11-2025,16:54:48,11-11-2025,16:54:53,11-11-2025,16:56:26,COMPLETED,0,1
79KWH,8,2,FULL,11-11-2025,16:56:35,11-11-2025,16:56:35,11-11-2025,16:58:12,COMPLETED,0,1
79KWH,8,2,FULL,11-11-2025,16:58:21,11-11-2025,16:58:21,11-11-2025,16:59:58,COMPLETED,0,1
79KWH,8,2,FULL,11-11-2025,17:00:05,11-11-2025,17:00:07,11-11-2025,17:01:46,COMPLETED,0,1
79KWH,8,2,FULL,11-11-2025,17:01:52,11-11-2025,17:01:55,11-11-2025,17:03:33,COMPLETED,0,1
79KWH,8,2,FULL,11-11-2025,17:03:42,11-11-2025,17:03:43,11-11-2025,17:05:24,COMPLETED,0,1
79KWH,8,1,FULL,11-11-2025,17:04:49,11-11-2025,17:04:50,11-11-2025,17:06:54,COMPLETED,0,1
79KWH,8,2,FULL,11-11-2025,17:05:30,11-11-2025,17:05:33,11-11-2025,17:07:13,COMPLETED,0,1
79KWH,8,1,FULL,11-11-2025,17:07:07,11-11-2025,17:07:08,11-11-2025,17:08:29,COMPLETED,0,1
79KWH,8,1,FULL,11-11-2025,17:08:38,11-11-2025,17:08:39,11-11-2025,17:10:03,COMPLETED,0,1
79KWH,8,2,FULL,11-11-2025,17:09:16,11-11-2025,17:09:44,11-11-2025,17:12:45,COMPLETED,0,1
79KWH,8,1,FULL,11-11-2025,17:10:09,11-11-2025,17:10:13,11-11-2025,17:11:35,COMPLETED,0,1
79KWH,8,1,FULL,11-11-2025,17:11:46,11-11-2025,17:11:47,11-11-2025,17:13:12,COMPLETED,0,1
79KWH,8,2,FULL,11-11-2025,17:12:52,11-11-2025,17:12:54,11-11-2025,17:14:36,COMPLETED,0,1
79KWH,8,1,FULL,11-11-2025,17:13:18,11-11-2025,17:13:23,11-11-2025,17:14:53,COMPLETED,0,1
79KWH,8,2,FULL,11-11-2025,17:14:44,11-11-2025,17:17:08,11-11-2025,17:20:11,COMPLETED,0,1
79KWH,8,1,FULL,11-11-2025,17:15:02,11-11-2025,17:15:03,11-11-2025,17:16:30,COMPLETED,0,1
79KWH,8,1,FULL,11-11-2025,17:16:37,11-11-2025,17:16:39,11-11-2025,17:18:02,COMPLETED,0,1
79KWH,8,1,FULL,11-11-2025,17:18:10,11-11-2025,17:19:56,11-11-2025,17:22:05,COMPLETED,0,1
79KWH,8,2,FULL,11-11-2025,17:20:18,11-11-2025,17:20:20,11-11-2025,17:22:05,COMPLETED,0,1
79KWH,8,1,FULL,11-11-2025,17:22:11,11-11-2025,17:23:53,11-11-2025,17:26:00,COMPLETED,0,1
79KWH,8,2,FULL,11-11-2025,17:22:14,11-11-2025,17:24:39,11-11-2025,17:27:42,COMPLETED,0,1
79KWH,8,1,FULL,11-11-2025,17:26:09,11-11-2025,17:26:11,11-11-2025,17:27:39,COMPLETED,0,1
79KWH,8,1,FULL,11-11-2025,17:27:45,11-11-2025,17:27:49,11-11-2025,17:29:16,COMPLETED,0,1
79KWH,8,2,FULL,11-11-2025,17:27:49,11-11-2025,17:27:52,11-11-2025,17:29:37,COMPLETED,0,1
79KWH,8,1,FULL,11-11-2025,17:29:23,11-11-2025,17:29:23,11-11-2025,17:30:53,COMPLETED,0,1
79KWH,8,2,FULL,11-11-2025,17:29:45,11-11-2025,17:29:46,11-11-2025,17:31:35,COMPLETED,0,1
79KWH,8,1,FULL,11-11-2025,17:30:59,11-11-2025,17:31:02,11-11-2025,17:32:30,COMPLETED,0,1
79KWH,8,2,FULL,11-11-2025,17:31:41,11-11-2025,17:31:44,11-11-2025,17:33:31,COMPLETED,0,1
79KWH,8,1,FULL,11-11-2025,17:32:42,11-11-2025,17:32:43,11-11-2025,17:34:14,COMPLETED,0,1
79KWH,8,2,FULL,11-11-2025,17:33:40,11-11-2025,17:33:40,11-11-2025,17:35:32,COMPLETED,0,1
79KWH,8,1,FULL,11-11-2025,17:34:20,11-11-2025,17:34:23,11-11-2025,17:35:56,COMPLETED,0,1
79KWH,8,2,FULL,11-11-2025,17:35:38,11-11-2025,17:35:41,11-11-2025,17:37:30,COMPLETED,0,1
79KWH,8,1,FULL,11-11-2025,17:36:03,11-11-2025,17:36:05,11-11-2025,17:37:36,COMPLETED,0,1
79KWH,8,2,FULL,11-11-2025,17:37:38,11-11-2025,17:37:40,11-11-2025,17:39:32,COMPLETED,0,1
79KWH,8,1,FULL,11-11-2025,17:37:42,11-11-2025,17:39:39,11-11-2025,17:41:09,COMPLETED,0,1
79KWH,8,2,FULL,11-11-2025,17:39:38,11-11-2025,17:39:42,11-11-2025,17:41:33,COMPLETED,0,1
79KWH,8,1,FULL,11-11-2025,17:41:21,11-11-2025,17:41:21,11-11-2025,17:42:53,COMPLETED,0,1
79KWH,8,2,FULL,11-11-2025,17:41:42,11-11-2025,17:41:43,11-11-2025,17:43:38,COMPLETED,0,1
79KWH,8,1,FULL,11-11-2025,17:42:59,11-11-2025,17:43:03,11-11-2025,17:44:33,COMPLETED,0,1
79KWH,8,2,FULL,11-11-2025,17:43:44,11-11-2025,17:43:48,11-11-2025,17:45:42,COMPLETED,0,1
79KWH,8,1,FULL,11-11-2025,17:44:41,11-11-2025,17:47:02,11-11-2025,17:49:00,COMPLETED,0,1
79KWH,8,2,FULL,11-11-2025,17:45:50,11-11-2025,17:45:50,11-11-2025,17:47:47,COMPLETED,0,1
79KWH,8,2,FULL,11-11-2025,17:47:53,11-11-2025,17:47:57,11-11-2025,17:49:52,COMPLETED,0,1
79KWH,8,1,FULL,11-11-2025,17:49:07,11-11-2025,17:49:11,11-11-2025,17:50:43,COMPLETED,0,1
79KWH,8,2,FULL,11-11-2025,17:50:00,11-11-2025,17:50:00,11-11-2025,17:52:00,COMPLETED,0,1
79KWH,8,1,FULL,11-11-2025,17:50:51,11-11-2025,17:54:08,11-11-2025,17:56:08,COMPLETED,0,1
79KWH,8,2,FULL,11-11-2025,17:52:06,11-11-2025,17:52:09,11-11-2025,17:54:06,COMPLETED,0,1
79KWH,8,2,FULL,11-11-2025,17:54:15,11-11-2025,17:54:15,11-11-2025,17:56:16,COMPLETED,0,1
79KWH,8,1,FULL,11-11-2025,17:56:14,11-11-2025,17:56:16,11-11-2025,17:57:50,COMPLETED,0,1
79KWH,8,2,FULL,11-11-2025,17:56:22,11-11-2025,17:56:26,11-11-2025,17:58:25,COMPLETED,0,1
79KWH,8,1,FULL,11-11-2025,17:57:58,11-11-2025,17:59:21,11-11-2025,18:01:21,COMPLETED,0,1
79KWH,8,2,FULL,11-11-2025,17:58:33,11-11-2025,17:58:34,11-11-2025,18:00:37,COMPLETED,0,1
79KWH,8,2,FULL,11-11-2025,18:00:43,11-11-2025,18:00:47,11-11-2025,18:02:48,COMPLETED,0,1
79KWH,8,1,FULL,11-11-2025,18:01:27,11-11-2025,18:01:31,11-11-2025,18:03:05,COMPLETED,0,1
79KWH,8,1,FULL,11-11-2025,18:03:12,11-11-2025,18:04:35,11-11-2025,18:06:38,COMPLETED,0,1
79KWH,8,1,FULL,11-11-2025,18:06:44,11-11-2025,18:06:45,11-11-2025,18:08:20,COMPLETED,0,1
79KWH,8,1,FULL,11-11-2025,18:08:27,11-11-2025,18:14:07,11-11-2025,18:16:10,COMPLETED,0,1
79KWH,8,2,FULL,11-11-2025,18:30:05,11-11-2025,18:30:06,11-11-2025,18:32:11,COMPLETED,0,1
79KWH,8,2,FULL,11-11-2025,18:32:18,11-11-2025,18:32:21,11-11-2025,18:34:25,COMPLETED,0,1
79KWH,8,2,FULL,11-11-2025,18:34:33,11-11-2025,18:34:34,11-11-2025,18:36:40,COMPLETED,0,1
79KWH,8,2,FULL,11-11-2025,18:36:47,11-11-2025,18:36:49,11-11-2025,18:38:53,COMPLETED,0,1
79KWH,8,2,FULL,11-11-2025,18:39:02,11-11-2025,18:39:04,11-11-2025,18:41:12,COMPLETED,0,1
79KWH,8,2,FULL,11-11-2025,18:41:19,11-11-2025,18:41:22,11-11-2025,18:43:30,COMPLETED,0,1
79KWH,8,2,FULL,11-11-2025,18:43:38,11-11-2025,18:43:39,11-11-2025,18:45:50,COMPLETED,0,1
79KWH,8,2,FULL,11-11-2025,18:45:56,11-11-2025,18:45:59,11-11-2025,18:48:08,COMPLETED,0,1
79KWH,8,2,FULL,11-11-2025,18:48:17,11-11-2025,18:48:17,11-11-2025,18:50:30,COMPLETED,0,1
79KWH,8,2,FULL,11-11-2025,18:50:37,11-11-2025,18:50:41,11-11-2025,18:52:52,COMPLETED,0,1
79KWH,8,2,FULL,11-11-2025,18:53:01,11-11-2025,18:53:01,11-11-2025,18:55:16,COMPLETED,0,1
79KWH,8,2,FULL,11-11-2025,18:55:23,11-11-2025,18:55:25,11-11-2025,18:57:39,COMPLETED,0,1
79KWH,8,2,FULL,11-11-2025,18:57:46,11-11-2025,18:57:47,11-11-2025,19:00:04,COMPLETED,0,1
79KWH,8,2,FULL,11-11-2025,19:00:11,11-11-2025,19:00:13,11-11-2025,19:02:29,COMPLETED,0,1
79KWH,8,2,FULL,11-11-2025,19:02:36,11-11-2025,19:02:39,11-11-2025,19:04:58,COMPLETED,0,1
79KWH,8,2,FULL,11-11-2025,19:05:05,11-11-2025,19:05:06,11-11-2025,19:07:24,COMPLETED,0,1
79KWH,8,2,FULL,11-11-2025,19:07:33,11-11-2025,19:07:34,11-11-2025,19:09:53,COMPLETED,0,1
79KWH,8,2,FULL,11-11-2025,19:09:59,11-11-2025,19:10:03,11-11-2025,19:12:21,COMPLETED,0,1
79KWH,8,2,FULL,11-11-2025,19:12:29,11-11-2025,19:12:30,11-11-2025,19:14:53,COMPLETED,0,1
79KWH,8,2,FULL,11-11-2025,19:14:59,11-11-2025,19:15:02,11-11-2025,19:17:23,COMPLETED,0,1
79KWH,8,2,FULL,11-11-2025,19:17:31,11-11-2025,19:17:32,11-11-2025,19:19:57,COMPLETED,0,1
79KWH,8,2,FULL,11-11-2025,19:20:03,11-11-2025,19:20:06,11-11-2025,19:22:30,COMPLETED,0,1
79KWH,8,1,FULL,11-11-2025,19:20:45,11-11-2025,19:21:05,11-11-2025,19:23:13,COMPLETED,0,1
79KWH,8,3,FULL,11-11-2025,19:20:58,11-11-2025,19:22:36,11-11-2025,19:24:49,COMPLETED,0,1
79KWH,8,2,FULL,11-11-2025,19:22:40,11-11-2025,19:22:43,11-11-2025,19:25:09,COMPLETED,0,1
79KWH,8,1,FULL,11-11-2025,19:23:21,11-11-2025,19:25:33,11-11-2025,19:27:54,COMPLETED,0,1
79KWH,8,3,FULL,11-11-2025,19:25:03,11-11-2025,19:25:03,11-11-2025,19:26:44,COMPLETED,0,1
79KWH,8,2,FULL,11-11-2025,19:25:15,11-11-2025,19:25:18,11-11-2025,19:27:43,COMPLETED,0,1
79KWH,8,3,FULL,11-11-2025,19:26:51,11-11-2025,19:26:52,11-11-2025,19:28:29,COMPLETED,0,1
79KWH,8,2,FULL,11-11-2025,19:27:51,11-11-2025,19:27:52,11-11-2025,19:30:20,COMPLETED,0,1
79KWH,8,1,FULL,11-11-2025,19:28:01,11-11-2025,19:29:33,11-11-2025,19:31:43,COMPLETED,0,1
79KWH,8,3,FULL,11-11-2025,19:28:49,11-11-2025,19:31:22,11-11-2025,19:33:38,COMPLETED,0,1
79KWH,8,2,FULL,11-11-2025,19:30:26,11-11-2025,19:30:29,11-11-2025,19:32:57,COMPLETED,0,1
79KWH,8,1,FULL,11-11-2025,19:31:52,11-11-2025,19:37:11,11-11-2025,19:39:24,COMPLETED,0,1
79KWH,8,2,FULL,11-11-2025,19:33:06,11-11-2025,19:33:06,11-11-2025,19:35:37,COMPLETED,0,1
79KWH,8,3,FULL,11-11-2025,19:33:44,11-11-2025,19:33:48,11-11-2025,19:35:27,COMPLETED,0,1
79KWH,8,3,FULL,11-11-2025,19:35:40,11-11-2025,19:37:13,11-11-2025,19:39:30,COMPLETED,0,1
79KWH,8,2,FULL,11-11-2025,19:35:44,11-11-2025,19:35:47,11-11-2025,19:38:17,COMPLETED,0,1
79KWH,8,2,FULL,11-11-2025,19:38:25,11-11-2025,19:38:26,11-11-2025,19:41:00,COMPLETED,0,1
79KWH,8,1,FULL,11-11-2025,19:39:30,11-11-2025,19:42:52,11-11-2025,19:45:03,COMPLETED,0,1
79KWH,8,3,FULL,11-11-2025,19:39:49,11-11-2025,19:40:42,11-11-2025,19:42:55,COMPLETED,0,1
79KWH,8,2,FULL,11-11-2025,19:41:06,11-11-2025,19:41:09,11-11-2025,19:43:41,COMPLETED,0,1
79KWH,8,3,FULL,11-11-2025,19:43:01,11-11-2025,19:45:02,11-11-2025,19:47:43,COMPLETED,0,1
79KWH,8,2,FULL,11-11-2025,19:43:50,11-11-2025,19:43:50,11-11-2025,19:46:27,COMPLETED,0,1
79KWH,8,1,FULL,11-11-2025,19:45:11,11-11-2025,19:47:24,11-11-2025,19:49:41,COMPLETED,0,1
79KWH,8,2,FULL,11-11-2025,19:46:33,11-11-2025,19:46:41,11-11-2025,19:49:16,COMPLETED,0,1
79KWH,8,3,FULL,11-11-2025,19:47:58,11-11-2025,19:50:42,11-11-2025,19:53:00,COMPLETED,0,1
79KWH,8,2,FULL,11-11-2025,19:49:24,11-11-2025,19:49:24,11-11-2025,19:52:03,COMPLETED,0,1
79KWH,8,1,FULL,11-11-2025,19:49:47,11-11-2025,19:52:03,11-11-2025,20:09:38,COMPLETED,0,1
79KWH,8,2,FULL,11-11-2025,19:52:09,11-11-2025,19:52:12,11-11-2025,19:54:48,COMPLETED,0,1
79KWH,8,3,FULL,11-11-2025,19:53:06,11-11-2025,19:53:09,11-11-2025,19:54:51,COMPLETED,0,1
79KWH,8,2,FULL,11-11-2025,19:54:57,11-11-2025,19:54:58,11-11-2025,19:57:39,COMPLETED,0,1
79KWH,8,3,FULL,11-11-2025,19:55:05,11-11-2025,19:56:00,11-11-2025,19:57:47,COMPLETED,0,1
79KWH,8,2,FULL,11-11-2025,19:57:45,11-11-2025,19:57:49,11-11-2025,20:00:29,COMPLETED,0,1
79KWH,8,3,FULL,11-11-2025,19:57:52,11-11-2025,19:59:34,11-11-2025,20:01:50,COMPLETED,0,1
79KWH,8,2,FULL,11-11-2025,20:00:39,11-11-2025,20:00:43,11-11-2025,20:03:27,COMPLETED,0,1
79KWH,8,3,FULL,11-11-2025,20:02:05,11-11-2025,20:03:21,11-11-2025,20:05:01,COMPLETED,0,1
79KWH,8,2,FULL,11-11-2025,20:03:33,11-11-2025,20:03:35,11-11-2025,20:06:18,COMPLETED,0,1
79KWH,8,3,FULL,11-11-2025,20:05:07,11-11-2025,20:05:10,11-11-2025,20:06:54,COMPLETED,0,1
79KWH,8,2,FULL,11-11-2025,20:06:27,11-11-2025,20:06:29,11-11-2025,20:09:15,COMPLETED,0,1
79KWH,8,3,FULL,11-11-2025,20:07:07,11-11-2025,20:08:52,11-11-2025,20:11:12,COMPLETED,0,1
79KWH,8,1,FULL,11-11-2025,20:09:46,11-11-2025,20:11:58,11-11-2025,20:14:16,COMPLETED,0,1
79KWH,8,3,FULL,11-11-2025,20:11:18,11-11-2025,20:11:21,11-11-2025,20:13:06,COMPLETED,0,1
79KWH,8,3,FULL,11-11-2025,20:13:21,11-11-2025,20:15:35,11-11-2025,20:17:55,COMPLETED,0,1
79KWH,8,1,FULL,11-11-2025,20:14:22,11-11-2025,20:16:32,11-11-2025,20:18:48,COMPLETED,0,1
79KWH,8,3,FULL,11-11-2025,20:18:01,11-11-2025,20:18:04,11-11-2025,20:19:50,COMPLETED,0,1
79KWH,8,1,FULL,11-11-2025,20:18:56,11-11-2025,20:21:07,11-11-2025,20:23:24,COMPLETED,0,1
79KWH,8,1,FULL,11-11-2025,20:23:29,11-11-2025,20:23:33,11-11-2025,20:25:16,COMPLETED,0,1
79KWH,8,1,FULL,11-11-2025,20:25:23,11-11-2025,20:25:24,11-11-2025,20:27:10,COMPLETED,0,1
79KWH,8,1,FULL,11-11-2025,20:54:09,11-11-2025,20:54:26,11-11-2025,20:56:19,COMPLETED,0,1
79KWH,8,3,FULL,11-11-2025,20:55:26,11-11-2025,20:55:27,11-11-2025,20:57:48,COMPLETED,0,1
79KWH,8,2,FULL,11-11-2025,20:55:47,11-11-2025,20:55:47,11-11-2025,20:58:32,COMPLETED,0,1
79KWH,8,1,FULL,11-11-2025,20:57:13,11-11-2025,20:58:36,11-11-2025,21:00:56,COMPLETED,0,1
79KWH,8,3,FULL,11-11-2025,20:58:24,11-11-2025,21:00:15,11-11-2025,21:02:35,COMPLETED,0,1
79KWH,8,2,FULL,11-11-2025,20:58:42,11-11-2025,20:58:43,11-11-2025,21:01:30,COMPLETED,0,1
79KWH,8,1,FULL,11-11-2025,21:01:02,11-11-2025,21:01:05,11-11-2025,21:02:51,COMPLETED,0,1
79KWH,8,3,FULL,11-11-2025,21:02:51,11-11-2025,21:05:03,11-11-2025,21:07:25,COMPLETED,0,1
79KWH,8,2,FULL,11-11-2025,21:03:52,11-11-2025,21:03:52,11-11-2025,21:06:38,COMPLETED,0,1
79KWH,8,1,FULL,11-11-2025,21:05:18,11-11-2025,21:05:18,11-11-2025,21:07:37,COMPLETED,0,1
79KWH,8,2,FULL,11-11-2025,21:06:47,11-11-2025,21:06:48,11-11-2025,21:09:39,COMPLETED,0,1
79KWH,8,3,FULL,11-11-2025,21:07:30,11-11-2025,21:09:51,11-11-2025,21:12:11,COMPLETED,0,1
79KWH,8,1,FULL,11-11-2025,21:08:07,11-11-2025,21:09:54,11-11-2025,21:12:11,COMPLETED,0,1
79KWH,8,2,FULL,11-11-2025,21:09:45,11-11-2025,21:09:48,11-11-2025,21:12:39,COMPLETED,0,1
79KWH,8,1,FULL,11-11-2025,21:12:19,11-11-2025,21:12:21,11-11-2025,21:14:10,COMPLETED,0,1
79KWH,8,3,FULL,11-11-2025,21:12:28,11-11-2025,21:14:39,11-11-2025,21:17:01,COMPLETED,0,1
79KWH,8,2,FULL,11-11-2025,21:12:47,11-11-2025,21:12:47,11-11-2025,21:15:41,COMPLETED,0,1
79KWH,8,1,FULL,11-11-2025,21:14:16,11-11-2025,21:14:19,11-11-2025,21:16:06,COMPLETED,0,1
79KWH,8,2,FULL,11-11-2025,21:15:48,11-11-2025,21:15:50,11-11-2025,21:18:42,COMPLETED,0,1
79KWH,8,1,FULL,11-11-2025,21:16:28,11-11-2025,21:16:29,11-11-2025,21:18:20,COMPLETED,0,1
79KWH,8,3,FULL,11-11-2025,21:17:08,11-11-2025,21:19:28,11-11-2025,21:21:48,COMPLETED,0,1
79KWH,8,2,FULL,11-11-2025,21:20:52,11-11-2025,21:20:54,11-11-2025,21:23:50,COMPLETED,0,1
79KWH,8,3,FULL,11-11-2025,21:22:04,11-11-2025,21:24:17,11-11-2025,21:26:40,COMPLETED,0,1
79KWH,8,1,FULL,11-11-2025,21:22:19,11-11-2025,21:22:20,11-11-2025,21:24:10,COMPLETED,0,1
79KWH,8,2,FULL,11-11-2025,21:23:56,11-11-2025,21:24:00,11-11-2025,21:26:54,COMPLETED,0,1
79KWH,8,1,FULL,11-11-2025,21:25:09,11-11-2025,21:25:10,11-11-2025,21:27:02,COMPLETED,0,1
79KWH,8,3,FULL,11-11-2025,21:26:45,11-11-2025,21:29:04,11-11-2025,21:31:24,COMPLETED,0,1
79KWH,8,2,FULL,11-11-2025,21:27:04,11-11-2025,21:27:04,11-11-2025,21:30:02,COMPLETED,0,1
79KWH,8,1,FULL,11-11-2025,21:27:56,11-11-2025,21:29:26,11-11-2025,21:31:46,COMPLETED,0,1
79KWH,8,2,FULL,11-11-2025,21:30:08,11-11-2025,21:30:13,11-11-2025,21:33:09,COMPLETED,0,1
79KWH,8,3,FULL,11-11-2025,21:31:38,11-11-2025,21:33:52,11-11-2025,21:36:15,COMPLETED,0,1
79KWH,8,1,FULL,11-11-2025,21:31:54,11-11-2025,21:34:02,11-11-2025,21:36:23,COMPLETED,0,1
79KWH,8,2,FULL,11-11-2025,21:33:17,11-11-2025,21:33:18,11-11-2025,21:36:17,COMPLETED,0,1
79KWH,8,3,FULL,11-11-2025,21:36:21,11-11-2025,21:36:24,11-11-2025,21:38:16,COMPLETED,0,1
79KWH,8,3,FULL,11-11-2025,21:38:30,11-11-2025,21:40:41,11-11-2025,21:43:05,COMPLETED,0,1
79KWH,8,1,FULL,11-11-2025,21:39:19,11-11-2025,21:39:20,11-11-2025,21:41:11,COMPLETED,0,1
79KWH,8,2,FULL,11-11-2025,21:40:43,11-11-2025,21:40:44,11-11-2025,21:43:42,COMPLETED,0,1
79KWH,8,1,FULL,11-11-2025,21:42:04,11-11-2025,21:42:05,11-11-2025,21:44:00,COMPLETED,0,1
79KWH,8,3,FULL,11-11-2025,21:43:12,11-11-2025,21:43:15,11-11-2025,21:45:10,COMPLETED,0,1
79KWH,8,2,FULL,11-11-2025,21:43:50,11-11-2025,21:43:51,11-11-2025,21:46:53,COMPLETED,0,1
79KWH,8,1,FULL,11-11-2025,21:44:55,11-11-2025,21:44:56,11-11-2025,21:46:49,COMPLETED,0,1
79KWH,8,3,FULL,11-11-2025,21:45:27,11-11-2025,21:47:40,11-11-2025,21:50:04,COMPLETED,0,1
79KWH,8,2,FULL,11-11-2025,21:47:00,11-11-2025,21:47:02,11-11-2025,21:50:02,COMPLETED,0,1
79KWH,8,1,FULL,11-11-2025,21:47:40,11-11-2025,21:49:10,11-11-2025,21:51:33,COMPLETED,0,1
79KWH,8,2,FULL,11-11-2025,21:50:10,11-11-2025,21:50:12,11-11-2025,21:53:15,COMPLETED,0,1
79KWH,8,3,FULL,11-11-2025,21:50:22,11-11-2025,21:52:29,11-11-2025,21:54:55,COMPLETED,0,1
79KWH,8,1,FULL,11-11-2025,21:51:39,11-11-2025,21:51:43,11-11-2025,21:53:37,COMPLETED,0,1
79KWH,8,2,FULL,11-11-2025,21:53:21,11-11-2025,21:53:24,11-11-2025,21:56:28,COMPLETED,0,1
79KWH,8,1,FULL,11-11-2025,21:53:45,11-11-2025,21:55:51,11-11-2025,21:58:15,COMPLETED,0,1
79KWH,8,3,FULL,11-11-2025,21:55:02,11-11-2025,21:55:03,11-11-2025,21:57:01,COMPLETED,0,1
79KWH,8,2,FULL,11-11-2025,21:56:38,11-11-2025,21:56:40,11-11-2025,21:59:47,COMPLETED,0,1
79KWH,8,3,FULL,11-11-2025,21:57:16,11-11-2025,21:59:30,11-11-2025,22:01:56,COMPLETED,0,1
79KWH,8,1,FULL,11-11-2025,21:58:21,11-11-2025,21:58:24,11-11-2025,22:00:19,COMPLETED,0,1
79KWH,8,2,FULL,11-11-2025,21:59:53,11-11-2025,21:59:55,11-11-2025,22:03:01,COMPLETED,0,1
79KWH,8,1,FULL,11-11-2025,22:00:26,11-11-2025,22:00:28,11-11-2025,22:02:26,COMPLETED,0,1
79KWH,8,3,FULL,11-11-2025,22:02:02,11-11-2025,22:02:06,11-11-2025,22:04:03,COMPLETED,0,1
79KWH,8,1,FULL,11-11-2025,22:02:32,11-11-2025,22:02:35,11-11-2025,22:04:32,COMPLETED,0,1
79KWH,8,2,FULL,11-11-2025,22:03:09,11-11-2025,22:03:09,11-11-2025,22:06:18,COMPLETED,0,1
79KWH,8,3,FULL,11-11-2025,22:04:21,11-11-2025,22:06:26,11-11-2025,22:08:52,COMPLETED,0,1
79KWH,8,1,FULL,11-11-2025,22:04:46,11-11-2025,22:04:46,11-11-2025,22:06:45,COMPLETED,0,1
79KWH,8,2,FULL,11-11-2025,22:06:24,11-11-2025,22:06:27,11-11-2025,22:09:34,COMPLETED,0,1
79KWH,8,1,FULL,11-11-2025,22:06:51,11-11-2025,22:06:54,11-11-2025,22:08:51,COMPLETED,0,1
79KWH,8,3,FULL,11-11-2025,22:08:58,11-11-2025,22:09:01,11-11-2025,22:11:00,COMPLETED,0,1
79KWH,8,3,FULL,11-11-2025,22:11:15,11-11-2025,22:13:29,11-11-2025,22:15:57,COMPLETED,0,1
79KWH,8,3,FULL,11-11-2025,22:16:02,11-11-2025,22:16:05,11-11-2025,22:18:06,COMPLETED,0,1
79KWH,8,3,FULL,11-11-2025,22:18:23,11-11-2025,22:20:30,11-11-2025,22:22:58,COMPLETED,0,1
79KWH,8,2,FULL,11-11-2025,22:21:08,11-11-2025,22:21:08,11-11-2025,22:24:19,COMPLETED,0,1
79KWH,8,3,FULL,11-11-2025,22:23:03,11-11-2025,22:23:07,11-11-2025,22:25:08,COMPLETED,0,1
79KWH,8,1,FULL,11-11-2025,22:25:01,11-11-2025,22:25:02,11-11-2025,22:27:33,COMPLETED,0,1
79KWH,8,3,FULL,11-11-2025,22:26:19,11-11-2025,22:27:38,11-11-2025,22:30:06,COMPLETED,0,1
79KWH,8,2,FULL,11-11-2025,22:26:42,11-11-2025,22:26:42,11-11-2025,22:29:51,COMPLETED,0,1
79KWH,8,1,FULL,11-11-2025,22:28:06,11-11-2025,22:28:07,11-11-2025,22:30:04,COMPLETED,0,1
79KWH,8,2,FULL,11-11-2025,22:30:00,11-11-2025,22:30:01,11-11-2025,22:33:15,COMPLETED,0,1
79KWH,8,3,FULL,11-11-2025,22:30:12,11-11-2025,22:30:15,11-11-2025,22:32:18,COMPLETED,0,1
79KWH,8,1,FULL,11-11-2025,22:31:01,11-11-2025,22:31:01,11-11-2025,22:33:03,COMPLETED,0,1
79KWH,8,3,FULL,11-11-2025,22:32:32,11-11-2025,22:34:41,11-11-2025,22:37:10,COMPLETED,0,1
79KWH,8,2,FULL,11-11-2025,22:33:21,11-11-2025,22:33:25,11-11-2025,22:36:39,COMPLETED,0,1
79KWH,8,1,FULL,11-11-2025,22:33:42,11-11-2025,22:33:42,11-11-2025,22:35:43,COMPLETED,0,1
79KWH,8,1,FULL,11-11-2025,22:36:34,11-11-2025,22:37:59,11-11-2025,22:40:26,COMPLETED,0,1
79KWH,8,2,FULL,11-11-2025,22:36:48,11-11-2025,22:36:49,11-11-2025,22:40:05,COMPLETED,0,1
79KWH,8,3,FULL,11-11-2025,22:37:16,11-11-2025,22:37:19,11-11-2025,22:39:24,COMPLETED,0,1
79KWH,8,3,FULL,11-11-2025,22:39:43,11-11-2025,22:41:52,11-11-2025,22:44:22,COMPLETED,0,1
79KWH,8,2,FULL,11-11-2025,22:40:11,11-11-2025,22:40:14,11-11-2025,22:43:29,COMPLETED,0,1
79KWH,8,1,FULL,11-11-2025,22:40:33,11-11-2025,22:40:36,11-11-2025,22:42:38,COMPLETED,0,1
79KWH,8,2,FULL,11-11-2025,22:43:37,11-11-2025,22:43:39,11-11-2025,22:46:57,COMPLETED,0,1
79KWH,8,3,FULL,11-11-2025,22:44:28,11-11-2025,22:44:31,11-11-2025,22:46:37,COMPLETED,0,1
79KWH,8,1,FULL,11-11-2025,22:51:00,11-11-2025,22:51:00,11-11-2025,22:53:28,COMPLETED,0,1
79KWH,8,3,FULL,11-11-2025,22:52:15,11-11-2025,22:52:15,11-11-2025,22:54:46,COMPLETED,0,1
79KWH,8,2,FULL,11-11-2025,22:52:18,11-11-2025,22:52:20,11-11-2025,22:55:38,COMPLETED,0,1
79KWH,8,1,FULL,11-11-2025,22:53:50,11-11-2025,22:53:51,11-11-2025,22:56:00,COMPLETED,0,1
79KWH,8,3,FULL,11-11-2025,22:55:16,11-11-2025,22:55:18,11-11-2025,22:57:28,COMPLETED,0,1
79KWH,8,2,FULL,11-11-2025,22:55:46,11-11-2025,22:55:47,11-11-2025,22:59:07,COMPLETED,0,1
79KWH,8,1,FULL,11-11-2025,22:56:43,11-11-2025,22:58:31,11-11-2025,23:01:00,COMPLETED,0,1
79KWH,8,3,FULL,11-11-2025,22:57:45,11-11-2025,22:59:53,11-11-2025,23:02:22,COMPLETED,0,1
79KWH,8,2,FULL,11-11-2025,22:59:14,11-11-2025,22:59:15,11-11-2025,23:02:34,COMPLETED,0,1
79KWH,8,1,FULL,11-11-2025,23:01:06,11-11-2025,23:01:08,11-11-2025,23:03:12,COMPLETED,0,1
79KWH,8,3,FULL,11-11-2025,23:02:37,11-11-2025,23:04:48,11-11-2025,23:07:20,COMPLETED,0,1
79KWH,8,2,FULL,11-11-2025,23:02:44,11-11-2025,23:02:44,11-11-2025,23:06:08,COMPLETED,0,1
79KWH,8,1,FULL,11-11-2025,23:03:20,11-11-2025,23:05:34,11-11-2025,23:08:03,COMPLETED,0,1
79KWH,8,2,FULL,11-11-2025,23:06:13,11-11-2025,23:06:17,11-11-2025,23:09:38,COMPLETED,0,1
79KWH,8,3,FULL,11-11-2025,23:07:27,11-11-2025,23:09:44,11-11-2025,23:12:13,COMPLETED,0,1
79KWH,8,1,FULL,11-11-2025,23:08:08,11-11-2025,23:08:12,11-11-2025,23:10:17,COMPLETED,0,1
79KWH,8,2,FULL,11-11-2025,23:09:46,11-11-2025,23:09:48,11-11-2025,23:13:13,COMPLETED,0,1
79KWH,8,1,FULL,11-11-2025,23:10:25,11-11-2025,23:10:26,11-11-2025,23:12:33,COMPLETED,0,1
79KWH,8,3,FULL,11-11-2025,23:12:29,11-11-2025,23:12:30,11-11-2025,23:14:43,COMPLETED,0,1
79KWH,8,1,FULL,11-11-2025,23:12:41,11-11-2025,23:12:43,11-11-2025,23:14:50,COMPLETED,0,1
79KWH,8,2,FULL,11-11-2025,23:13:19,11-11-2025,23:13:25,11-11-2025,23:16:50,COMPLETED,0,1
79KWH,8,3,FULL,11-11-2025,23:14:49,11-11-2025,23:14:53,11-11-2025,23:17:04,COMPLETED,0,1
79KWH,8,1,FULL,11-11-2025,23:14:58,11-11-2025,23:15:00,11-11-2025,23:17:08,COMPLETED,0,1
79KWH,8,2,FULL,11-11-2025,23:16:58,11-11-2025,23:17:00,11-11-2025,23:20:29,COMPLETED,0,1
79KWH,8,1,FULL,11-11-2025,23:17:15,11-11-2025,23:17:17,11-11-2025,23:19:24,COMPLETED,0,1
79KWH,8,3,FULL,11-11-2025,23:17:18,11-11-2025,23:17:20,11-11-2025,23:19:34,COMPLETED,0,1
79KWH,8,1,FULL,11-11-2025,23:19:33,11-11-2025,23:21:42,11-11-2025,23:24:12,COMPLETED,0,1
79KWH,8,3,FULL,11-11-2025,23:19:39,11-11-2025,23:19:43,11-11-2025,23:21:56,COMPLETED,0,1
79KWH,8,2,FULL,11-11-2025,23:20:35,11-11-2025,23:20:38,11-11-2025,23:24:08,COMPLETED,0,1
79KWH,8,3,FULL,11-11-2025,23:22:12,11-11-2025,23:24:26,11-11-2025,23:27:00,COMPLETED,0,1
79KWH,8,2,FULL,11-11-2025,23:24:16,11-11-2025,23:24:17,11-11-2025,23:27:49,COMPLETED,0,1
79KWH,8,1,FULL,11-11-2025,23:24:19,11-11-2025,23:24:21,11-11-2025,23:26:29,COMPLETED,0,1
79KWH,8,1,FULL,11-11-2025,23:26:38,11-11-2025,23:26:39,11-11-2025,23:28:51,COMPLETED,0,1
79KWH,8,3,FULL,11-11-2025,23:27:06,11-11-2025,23:29:25,11-11-2025,23:31:57,COMPLETED,0,1
79KWH,8,2,FULL,11-11-2025,23:27:55,11-11-2025,23:28:00,11-11-2025,23:31:30,COMPLETED,0,1
79KWH,8,1,FULL,11-11-2025,23:28:57,11-11-2025,23:29:00,11-11-2025,23:31:17,COMPLETED,0,1
79KWH,8,1,FULL,11-11-2025,23:31:24,11-11-2025,23:31:25,11-11-2025,23:33:38,COMPLETED,0,1
79KWH,8,3,FULL,11-11-2025,23:32:14,11-11-2025,23:34:24,11-11-2025,23:36:59,COMPLETED,0,1
79KWH,8,1,FULL,11-11-2025,23:33:44,11-11-2025,23:33:48,11-11-2025,23:36:00,COMPLETED,0,1
79KWH,8,1,FULL,11-11-2025,23:36:08,11-11-2025,23:36:11,11-11-2025,23:38:25,COMPLETED,0,1
79KWH,8,3,FULL,11-11-2025,23:37:05,11-11-2025,23:37:09,11-11-2025,23:39:23,COMPLETED,0,1
79KWH,8,1,FULL,11-11-2025,23:38:31,11-11-2025,23:38:33,11-11-2025,23:40:46,COMPLETED,0,1
79KWH,8,3,FULL,11-11-2025,23:39:37,11-11-2025,23:41:45,11-11-2025,23:44:21,COMPLETED,0,1
79KWH,8,1,FULL,11-11-2025,23:40:54,11-11-2025,23:40:54,11-11-2025,23:43:10,COMPLETED,0,1
79KWH,8,1,FULL,11-11-2025,23:43:17,11-11-2025,23:43:19,11-11-2025,23:45:33,COMPLETED,0,1
79KWH,8,3,FULL,11-11-2025,23:44:27,11-11-2025,23:44:30,11-11-2025,23:46:46,COMPLETED,0,1
79KWH,8,1,FULL,11-11-2025,23:45:42,11-11-2025,23:45:43,11-11-2025,23:48:01,COMPLETED,0,1
79KWH,8,3,FULL,11-11-2025,23:47:01,11-11-2025,23:47:02,11-11-2025,23:49:22,COMPLETED,0,1
79KWH,8,1,FULL,11-11-2025,23:48:07,11-11-2025,23:50:30,11-11-2025,23:53:03,COMPLETED,0,1
79KWH,8,3,FULL,11-11-2025,23:49:28,11-11-2025,23:49:32,11-11-2025,23:51:49,COMPLETED,0,1
79KWH,8,3,FULL,11-11-2025,23:52:07,11-11-2025,23:54:18,11-11-2025,23:56:55,COMPLETED,0,1
79KWH,8,1,FULL,11-11-2025,23:53:12,11-11-2025,23:55:25,11-11-2025,23:58:00,COMPLETED,0,1
79KWH,8,3,FULL,11-11-2025,23:57:02,11-11-2025,23:57:04,11-11-2025,23:59:23,COMPLETED,0,1
79KWH,8,1,FULL,11-11-2025,23:58:06,11-11-2025,23:58:09,12-11-2025,06:52:00,COMPLETED,0,1
79KWH,8,1,FULL,12-11-2025,08:18:56,12-11-2025,08:18:57,12-11-2025,08:21:33,COMPLETED,0,1
79KWH,8,1,FULL,12-11-2025,08:21:38,12-11-2025,08:21:41,12-11-2025,08:23:59,COMPLETED,0,1
79KWH,8,1,FULL,12-11-2025,08:24:07,12-11-2025,08:26:16,12-11-2025,08:28:52,COMPLETED,0,1
79KWH,8,1,FULL,12-11-2025,08:28:58,12-11-2025,08:29:00,12-11-2025,08:31:18,COMPLETED,0,1
79KWH,8,1,FULL,12-11-2025,08:31:27,12-11-2025,08:33:42,12-11-2025,08:36:20,COMPLETED,0,1
79KWH,8,1,FULL,12-11-2025,08:36:26,12-11-2025,08:36:29,12-11-2025,08:38:50,COMPLETED,0,1
79KWH,8,1,FULL,12-11-2025,08:39:00,12-11-2025,08:39:01,12-11-2025,08:41:25,COMPLETED,0,1
79KWH,8,1,FULL,12-11-2025,08:41:31,12-11-2025,08:41:34,12-11-2025,08:43:57,COMPLETED,0,1
79KWH,8,1,FULL,12-11-2025,08:44:05,12-11-2025,08:44:06,12-11-2025,08:46:30,COMPLETED,0,1
79KWH,8,1,FULL,12-11-2025,08:46:36,12-11-2025,08:46:41,12-11-2025,08:49:04,COMPLETED,0,1
79KWH,8,1,FULL,12-11-2025,08:49:13,12-11-2025,08:49:13,12-11-2025,08:51:39,COMPLETED,0,1
79KWH,8,1,FULL,12-11-2025,08:51:44,12-11-2025,08:51:47,12-11-2025,08:54:11,COMPLETED,0,1
79KWH,8,1,FULL,12-11-2025,08:54:19,12-11-2025,08:54:21,12-11-2025,08:56:47,COMPLETED,0,1
79KWH,8,1,FULL,12-11-2025,08:56:54,12-11-2025,08:56:56,12-11-2025,08:59:21,COMPLETED,0,1
79KWH,8,1,FULL,12-11-2025,08:59:28,12-11-2025,09:01:46,12-11-2025,09:04:25,COMPLETED,0,1
79KWH,8,1,FULL,12-11-2025,09:04:31,12-11-2025,09:04:34,12-11-2025,09:07:00,COMPLETED,0,1
79KWH,8,1,FULL,12-11-2025,09:07:08,12-11-2025,09:09:26,12-11-2025,09:12:06,COMPLETED,0,1
79KWH,8,1,FULL,12-11-2025,09:12:12,12-11-2025,09:12:15,12-11-2025,09:14:43,COMPLETED,0,1
79KWH,8,1,FULL,12-11-2025,09:14:52,12-11-2025,09:14:53,12-11-2025,09:17:23,COMPLETED,0,1
79KWH,8,1,FULL,12-11-2025,09:17:28,12-11-2025,09:17:32,12-11-2025,09:20:01,COMPLETED,0,1
79KWH,8,1,FULL,12-11-2025,09:20:09,12-11-2025,09:22:23,12-11-2025,09:25:05,COMPLETED,0,1
79KWH,8,1,FULL,12-11-2025,09:25:12,12-11-2025,09:25:18,12-11-2025,09:27:47,COMPLETED,0,1
79KWH,8,1,FULL,12-11-2025,09:27:58,12-11-2025,09:28:01,12-11-2025,09:30:33,COMPLETED,0,1
79KWH,8,1,FULL,12-11-2025,09:30:40,12-11-2025,09:30:42,12-11-2025,09:33:13,COMPLETED,0,1
79KWH,8,1,FULL,12-11-2025,09:33:21,12-11-2025,09:33:23,12-11-2025,09:35:56,COMPLETED,0,1
79KWH,8,1,FULL,12-11-2025,09:36:05,12-11-2025,09:36:05,12-11-2025,09:38:38,COMPLETED,0,1
79KWH,8,1,FULL,12-11-2025,09:38:46,12-11-2025,09:38:47,12-11-2025,09:41:22,COMPLETED,0,1
79KWH,8,1,FULL,12-11-2025,09:41:28,12-11-2025,09:41:31,12-11-2025,09:44:04,COMPLETED,0,1
79KWH,8,1,FULL,12-11-2025,09:44:13,12-11-2025,09:44:15,12-11-2025,09:46:51,COMPLETED,0,1
79KWH,8,1,FULL,12-11-2025,09:46:57,12-11-2025,09:47:00,12-11-2025,09:49:34,COMPLETED,0,1
79KWH,8,1,FULL,12-11-2025,09:49:43,12-11-2025,09:49:43,12-11-2025,09:52:21,COMPLETED,0,1
79KWH,8,1,FULL,12-11-2025,09:52:26,12-11-2025,09:54:51,12-11-2025,09:57:33,COMPLETED,0,1
79KWH,8,1,FULL,12-11-2025,09:57:41,12-11-2025,10:00:00,12-11-2025,10:02:45,COMPLETED,0,1
79KWH,8,1,FULL,12-11-2025,10:02:51,12-11-2025,10:02:54,12-11-2025,10:05:32,COMPLETED,0,1
79KWH,8,1,FULL,12-11-2025,10:05:40,12-11-2025,10:05:41,12-11-2025,10:08:21,COMPLETED,0,1
79KWH,8,1,FULL,12-11-2025,10:08:28,12-11-2025,10:08:31,12-11-2025,10:11:09,COMPLETED,0,1
79KWH,8,1,FULL,12-11-2025,10:11:18,12-11-2025,10:13:40,12-11-2025,10:16:26,COMPLETED,0,1
79KWH,8,1,FULL,12-11-2025,10:16:32,12-11-2025,10:16:35,12-11-2025,10:19:15,COMPLETED,0,1
79KWH,8,1,FULL,12-11-2025,10:19:24,12-11-2025,10:21:41,12-11-2025,10:24:28,COMPLETED,0,1
79KWH,8,1,FULL,12-11-2025,10:24:34,12-11-2025,10:24:38,12-11-2025,10:27:20,COMPLETED,0,1
79KWH,8,1,FULL,12-11-2025,10:27:28,12-11-2025,10:29:50,12-11-2025,10:32:38,COMPLETED,0,1
79KWH,8,1,FULL,12-11-2025,10:32:46,12-11-2025,10:32:48,12-11-2025,10:35:31,COMPLETED,0,1
79KWH,8,1,FULL,12-11-2025,10:35:39,12-11-2025,10:35:41,12-11-2025,10:38:27,COMPLETED,0,1
79KWH,8,1,FULL,12-11-2025,10:38:33,12-11-2025,10:38:36,12-11-2025,10:41:20,COMPLETED,0,1
79KWH,8,1,FULL,12-11-2025,10:41:30,12-11-2025,10:41:31,12-11-2025,10:44:18,COMPLETED,0,1
79KWH,8,1,FULL,12-11-2025,10:44:24,12-11-2025,10:44:27,12-11-2025,10:47:13,COMPLETED,0,1
79KWH,8,1,FULL,12-11-2025,10:47:35,12-11-2025,10:49:39,12-11-2025,10:51:47,COMPLETED,0,1
79KWH,8,1,FULL,12-11-2025,11:06:55,12-11-2025,11:09:37,12-11-2025,11:11:42,COMPLETED,0,1
79KWH,8,1,FULL,12-11-2025,11:11:52,12-11-2025,00:00:00,12-11-2025,00:00:00,ABORT,0,1
79KWH,8,2,FULL,12-11-2025,13:48:11,12-11-2025,13:48:12,12-11-2025,13:52:11,COMPLETED,0,1
79KWH,8,2,FULL,12-11-2025,13:52:18,12-11-2025,13:52:19,12-11-2025,13:55:54,COMPLETED,0,1
79KWH,8,2,FULL,12-11-2025,13:56:03,12-11-2025,13:56:03,12-11-2025,13:59:41,COMPLETED,0,1
79KWH,8,2,FULL,12-11-2025,13:59:47,12-11-2025,13:59:50,12-11-2025,14:03:26,COMPLETED,0,1
79KWH,8,2,FULL,12-11-2025,14:03:36,12-11-2025,14:03:37,12-11-2025,14:07:16,COMPLETED,0,1
79KWH,8,2,FULL,12-11-2025,14:07:22,12-11-2025,14:07:26,12-11-2025,14:11:05,COMPLETED,0,1
79KWH,8,2,FULL,12-11-2025,14:11:14,12-11-2025,14:11:14,12-11-2025,14:14:57,COMPLETED,0,1
79KWH,8,2,FULL,12-11-2025,14:15:03,12-11-2025,14:15:07,12-11-2025,14:18:50,COMPLETED,0,1
79KWH,8,2,FULL,12-11-2025,14:18:58,12-11-2025,14:18:59,12-11-2025,14:22:45,COMPLETED,0,1
79KWH,8,2,FULL,12-11-2025,14:22:52,12-11-2025,14:22:54,12-11-2025,14:26:38,COMPLETED,0,1
79KWH,8,2,FULL,12-11-2025,14:26:48,12-11-2025,14:26:49,12-11-2025,14:30:40,COMPLETED,0,1
79KWH,8,2,FULL,12-11-2025,14:30:48,12-11-2025,14:30:48,12-11-2025,14:34:35,COMPLETED,0,1
79KWH,8,2,FULL,12-11-2025,14:34:46,12-11-2025,14:34:46,12-11-2025,14:38:39,COMPLETED,0,1
79KWH,8,2,FULL,12-11-2025,14:38:48,12-11-2025,14:38:49,12-11-2025,14:42:37,COMPLETED,0,1
79KWH,8,2,FULL,12-11-2025,14:42:49,12-11-2025,14:42:49,12-11-2025,14:46:41,COMPLETED,0,1
79KWH,8,2,FULL,12-11-2025,14:46:48,12-11-2025,14:46:50,12-11-2025,14:50:40,COMPLETED,0,1
79KWH,8,2,FULL,12-11-2025,14:50:49,12-11-2025,14:50:50,12-11-2025,14:54:46,COMPLETED,0,1
79KWH,8,2,FULL,12-11-2025,14:54:51,12-11-2025,14:54:54,12-11-2025,14:58:47,COMPLETED,0,1
79KWH,8,2,FULL,12-11-2025,14:58:55,12-11-2025,14:58:55,12-11-2025,15:02:52,COMPLETED,0,1
79KWH,8,3,FULL,12-11-2025,19:41:44,12-11-2025,19:41:45,12-11-2025,19:42:59,COMPLETED,0,1
79KWH,8,3,FULL,12-11-2025,19:43:05,12-11-2025,19:43:08,12-11-2025,19:44:16,COMPLETED,0,1
79KWH,8,3,FULL,12-11-2025,19:44:26,12-11-2025,19:44:27,12-11-2025,19:45:36,COMPLETED,0,1
79KWH,8,3,FULL,12-11-2025,19:45:42,12-11-2025,19:45:46,12-11-2025,19:46:54,COMPLETED,0,1
79KWH,8,3,FULL,12-11-2025,19:47:03,12-11-2025,19:47:03,12-11-2025,19:48:15,COMPLETED,0,1
79KWH,8,3,FULL,12-11-2025,19:48:21,12-11-2025,19:48:24,12-11-2025,19:49:34,COMPLETED,0,1
79KWH,8,3,FULL,12-11-2025,21:56:39,12-11-2025,21:56:40,12-11-2025,21:58:43,COMPLETED,0,1
79KWH,8,3,FULL,12-11-2025,21:58:50,12-11-2025,21:58:52,12-11-2025,22:00:03,COMPLETED,0,1
79KWH,8,3,FULL,12-11-2025,22:00:22,12-11-2025,22:00:23,12-11-2025,22:01:36,COMPLETED,0,1
79KWH,8,3,FULL,12-11-2025,22:01:43,12-11-2025,22:01:45,12-11-2025,22:02:57,COMPLETED,0,1
79KWH,8,3,FULL,12-11-2025,22:03:05,12-11-2025,22:03:06,12-11-2025,22:04:20,COMPLETED,0,1
79KWH,8,3,FULL,12-11-2025,22:04:26,12-11-2025,22:04:29,12-11-2025,22:05:42,COMPLETED,0,1
79KWH,8,3,FULL,12-11-2025,22:05:51,12-11-2025,22:05:52,12-11-2025,22:07:07,COMPLETED,0,1
79KWH,8,3,FULL,12-11-2025,22:07:13,12-11-2025,22:07:16,12-11-2025,22:08:30,COMPLETED,0,1
79KWH,8,3,FULL,12-11-2025,22:08:39,12-11-2025,22:08:40,12-11-2025,22:09:57,COMPLETED,0,1
79KWH,8,3,FULL,12-11-2025,22:10:03,12-11-2025,22:10:06,12-11-2025,22:11:20,COMPLETED,0,1
79KWH,8,3,FULL,12-11-2025,22:35:10,12-11-2025,22:35:11,12-11-2025,22:36:29,COMPLETED,0,1
79KWH,8,3,FULL,12-11-2025,22:36:35,12-11-2025,22:36:38,12-11-2025,22:37:55,COMPLETED,0,1
79KWH,8,3,FULL,12-11-2025,22:38:03,12-11-2025,22:38:05,12-11-2025,22:39:23,COMPLETED,0,1
79KWH,8,3,FULL,12-11-2025,22:39:29,12-11-2025,22:39:32,12-11-2025,22:40:48,COMPLETED,0,1
79KWH,8,3,FULL,12-11-2025,22:40:57,12-11-2025,22:40:58,12-11-2025,22:42:17,COMPLETED,0,1
79KWH,8,3,FULL,12-11-2025,22:42:24,12-11-2025,22:42:27,12-11-2025,22:43:45,COMPLETED,0,1
79KWH,8,3,FULL,12-11-2025,22:43:54,12-11-2025,22:43:55,12-11-2025,22:45:16,COMPLETED,0,1
79KWH,8,3,FULL,12-11-2025,22:45:22,12-11-2025,22:45:25,12-11-2025,22:46:44,COMPLETED,0,1
79KWH,8,3,FULL,12-11-2025,22:46:53,12-11-2025,22:46:53,12-11-2025,22:48:15,COMPLETED,0,1
79KWH,8,3,FULL,12-11-2025,22:48:21,12-11-2025,22:48:25,12-11-2025,22:49:46,COMPLETED,0,1
79KWH,8,3,FULL,12-11-2025,22:49:55,12-11-2025,22:49:57,12-11-2025,22:51:20,COMPLETED,0,1
79KWH,8,3,FULL,12-11-2025,22:51:26,12-11-2025,22:51:29,12-11-2025,22:52:50,COMPLETED,0,1
79KWH,8,3,FULL,12-11-2025,22:53:01,12-11-2025,22:53:02,12-11-2025,22:54:26,COMPLETED,0,1
79KWH,8,3,FULL,12-11-2025,22:54:32,12-11-2025,22:54:36,12-11-2025,22:55:58,COMPLETED,0,1
79KWH,8,3,FULL,12-11-2025,22:56:08,12-11-2025,22:56:09,12-11-2025,22:57:33,COMPLETED,0,1
79KWH,8,3,FULL,12-11-2025,22:57:39,12-11-2025,22:57:43,12-11-2025,22:59:05,COMPLETED,0,1
79KWH,8,3,FULL,12-11-2025,22:59:15,12-11-2025,22:59:15,12-11-2025,23:00:41,COMPLETED,0,1
79KWH,8,3,FULL,12-11-2025,23:00:47,12-11-2025,23:00:53,12-11-2025,23:02:18,COMPLETED,0,1
79KWH,8,3,FULL,12-11-2025,23:02:27,12-11-2025,23:02:28,12-11-2025,23:03:56,COMPLETED,0,1
79KWH,8,3,FULL,12-11-2025,23:04:01,12-11-2025,23:04:05,12-11-2025,23:05:31,COMPLETED,0,1
79KWH,8,3,FULL,12-11-2025,23:05:40,12-11-2025,23:05:41,12-11-2025,23:07:10,COMPLETED,0,1
79KWH,8,3,FULL,12-11-2025,23:07:16,12-11-2025,23:07:19,12-11-2025,23:08:46,COMPLETED,0,1
79KWH,8,3,FULL,12-11-2025,23:08:55,12-11-2025,23:08:55,12-11-2025,23:10:25,COMPLETED,0,1
79KWH,8,3,FULL,12-11-2025,23:10:31,12-11-2025,23:10:34,12-11-2025,23:12:03,COMPLETED,0,1
79KWH,8,3,FULL,12-11-2025,23:12:15,12-11-2025,23:12:16,12-11-2025,23:13:46,COMPLETED,0,1
79KWH,8,3,FULL,12-11-2025,23:13:52,12-11-2025,23:13:57,12-11-2025,23:15:25,COMPLETED,0,1
79KWH,8,3,FULL,12-11-2025,23:15:34,12-11-2025,23:15:35,12-11-2025,23:17:06,COMPLETED,0,1
79KWH,8,3,FULL,12-11-2025,23:17:11,12-11-2025,23:17:15,12-11-2025,23:18:44,COMPLETED,0,1
79KWH,8,3,FULL,12-11-2025,23:18:54,12-11-2025,23:18:55,12-11-2025,23:20:27,COMPLETED,0,1
79KWH,8,3,FULL,12-11-2025,23:20:34,12-11-2025,23:20:36,12-11-2025,23:22:07,COMPLETED,0,1
79KWH,8,3,FULL,12-11-2025,23:22:16,12-11-2025,23:22:17,12-11-2025,23:23:53,COMPLETED,0,1
79KWH,8,3,FULL,12-11-2025,23:24:01,12-11-2025,23:24:02,12-11-2025,23:25:35,COMPLETED,0,1
79KWH,8,3,FULL,12-11-2025,23:25:45,12-11-2025,23:25:45,12-11-2025,23:27:22,COMPLETED,0,1
79KWH,8,3,FULL,12-11-2025,23:27:28,12-11-2025,23:27:31,12-11-2025,23:29:06,COMPLETED,0,1
79KWH,8,3,FULL,12-11-2025,23:29:15,12-11-2025,23:29:16,12-11-2025,23:30:54,COMPLETED,0,1
79KWH,8,3,FULL,12-11-2025,23:31:00,12-11-2025,23:31:03,12-11-2025,23:32:40,COMPLETED,0,1
79KWH,8,3,FULL,12-11-2025,23:32:49,12-11-2025,23:32:49,12-11-2025,23:34:28,COMPLETED,0,1
79KWH,8,3,FULL,12-11-2025,23:34:34,12-11-2025,23:34:39,12-11-2025,23:36:25,COMPLETED,0,1
79KWH,8,3,FULL,12-11-2025,23:36:35,12-11-2025,23:36:35,12-11-2025,23:38:15,COMPLETED,0,1
79KWH,8,3,FULL,12-11-2025,23:38:22,12-11-2025,23:38:24,12-11-2025,23:40:10,COMPLETED,0,1
79KWH,8,3,FULL,12-11-2025,23:40:19,12-11-2025,23:40:20,12-11-2025,23:42:01,COMPLETED,0,1
79KWH,8,3,FULL,12-11-2025,23:42:07,12-11-2025,23:42:11,12-11-2025,23:43:50,COMPLETED,0,1
79KWH,8,3,FULL,12-11-2025,23:44:00,12-11-2025,23:44:00,12-11-2025,23:45:43,COMPLETED,0,1
79KWH,8,3,FULL,12-11-2025,23:45:49,12-11-2025,23:45:51,12-11-2025,23:47:31,COMPLETED,0,1
79KWH,8,3,FULL,12-11-2025,23:47:41,12-11-2025,23:47:41,12-11-2025,23:49:25,COMPLETED,0,1
79KWH,8,3,FULL,12-11-2025,23:49:32,12-11-2025,23:49:35,12-11-2025,23:51:17,COMPLETED,0,1
79KWH,8,3,FULL,12-11-2025,23:51:26,12-11-2025,23:51:28,12-11-2025,23:53:13,COMPLETED,0,1
79KWH,8,3,FULL,12-11-2025,23:53:19,12-11-2025,23:53:23,12-11-2025,23:55:06,COMPLETED,0,1
79KWH,8,3,FULL,12-11-2025,23:55:15,12-11-2025,23:55:15,12-11-2025,23:57:02,COMPLETED,0,1
79KWH,8,3,FULL,12-11-2025,23:57:08,12-11-2025,23:57:11,12-11-2025,23:58:56,COMPLETED,0,1
79KWH,8,3,FULL,12-11-2025,23:59:06,12-11-2025,23:59:06,13-11-2025,00:00:53,COMPLETED,0,1
79KWH,8,3,FULL,13-11-2025,00:01:01,13-11-2025,00:01:04,13-11-2025,00:03:02,COMPLETED,0,1
79KWH,8,3,FULL,13-11-2025,07:16:04,13-11-2025,07:16:04,13-11-2025,07:18:32,COMPLETED,0,1
79KWH,8,3,FULL,13-11-2025,07:18:40,13-11-2025,07:18:41,13-11-2025,07:20:58,COMPLETED,0,1
79KWH,8,3,FULL,13-11-2025,07:21:04,13-11-2025,07:21:07,13-11-2025,07:23:32,COMPLETED,0,1
79KWH,8,3,FULL,13-11-2025,07:23:39,13-11-2025,07:25:08,13-11-2025,07:27:49,COMPLETED,0,1
79KWH,8,3,FULL,13-11-2025,07:27:55,13-11-2025,07:27:57,13-11-2025,07:30:23,COMPLETED,0,1
79KWH,8,3,FULL,13-11-2025,07:30:32,13-11-2025,07:32:07,13-11-2025,07:34:47,COMPLETED,0,1
79KWH,8,3,FULL,13-11-2025,07:34:53,13-11-2025,07:36:29,13-11-2025,07:39:06,COMPLETED,0,1
79KWH,8,3,FULL,13-11-2025,07:39:15,13-11-2025,07:40:51,13-11-2025,07:43:32,COMPLETED,0,1
79KWH,8,3,FULL,13-11-2025,07:43:38,13-11-2025,07:45:14,13-11-2025,07:47:53,COMPLETED,0,1
79KWH,8,3,FULL,13-11-2025,07:48:00,13-11-2025,07:49:36,13-11-2025,07:52:18,COMPLETED,0,1
79KWH,8,3,FULL,13-11-2025,07:52:24,13-11-2025,07:52:28,13-11-2025,07:54:57,COMPLETED,0,1
79KWH,8,3,FULL,13-11-2025,07:55:05,13-11-2025,07:56:35,13-11-2025,07:59:19,COMPLETED,0,1
79KWH,8,3,FULL,13-11-2025,07:59:25,13-11-2025,07:59:28,13-11-2025,08:02:02,COMPLETED,0,1
79KWH,8,3,FULL,13-11-2025,08:02:10,13-11-2025,08:03:49,13-11-2025,08:06:34,COMPLETED,0,1
79KWH,8,3,FULL,13-11-2025,08:06:40,13-11-2025,08:08:17,13-11-2025,08:11:00,COMPLETED,0,1
79KWH,8,3,FULL,13-11-2025,08:11:09,13-11-2025,08:11:10,13-11-2025,08:13:48,COMPLETED,0,1
79KWH,8,3,FULL,13-11-2025,08:13:55,13-11-2025,08:13:58,13-11-2025,08:16:35,COMPLETED,0,1
79KWH,8,3,FULL,13-11-2025,08:16:44,13-11-2025,08:16:45,13-11-2025,08:19:26,COMPLETED,0,1
79KWH,8,3,FULL,13-11-2025,08:19:32,13-11-2025,08:21:14,13-11-2025,08:23:58,COMPLETED,0,1
79KWH,8,3,FULL,13-11-2025,08:24:06,13-11-2025,08:25:35,13-11-2025,08:28:22,COMPLETED,0,1
79KWH,8,3,FULL,13-11-2025,08:28:27,13-11-2025,08:28:31,13-11-2025,08:31:10,COMPLETED,0,1
79KWH,8,3,FULL,13-11-2025,08:31:18,13-11-2025,08:31:18,13-11-2025,08:34:01,COMPLETED,0,1
79KWH,8,3,FULL,13-11-2025,08:34:06,13-11-2025,08:34:10,13-11-2025,08:36:51,COMPLETED,0,1
79KWH,8,3,FULL,13-11-2025,08:36:59,13-11-2025,08:36:59,13-11-2025,08:39:43,COMPLETED,0,1
79KWH,8,3,FULL,13-11-2025,08:39:50,13-11-2025,08:41:29,13-11-2025,08:44:15,COMPLETED,0,1
79KWH,8,3,FULL,13-11-2025,08:44:23,13-11-2025,08:45:54,13-11-2025,08:48:41,COMPLETED,0,1
79KWH,8,3,FULL,13-11-2025,08:48:48,13-11-2025,08:48:49,13-11-2025,08:51:32,COMPLETED,0,1
79KWH,8,3,FULL,13-11-2025,08:51:40,13-11-2025,08:51:40,13-11-2025,08:54:26,COMPLETED,0,1
79KWH,8,3,FULL,13-11-2025,08:54:32,13-11-2025,08:54:36,13-11-2025,08:57:20,COMPLETED,0,1
79KWH,8,3,FULL,13-11-2025,08:57:28,13-11-2025,08:59:07,13-11-2025,09:01:56,COMPLETED,0,1
79KWH,8,3,FULL,13-11-2025,09:02:03,13-11-2025,09:02:07,13-11-2025,09:04:51,COMPLETED,0,1
79KWH,8,3,FULL,13-11-2025,09:04:59,13-11-2025,09:06:30,13-11-2025,09:09:21,COMPLETED,0,1
79KWH,8,3,FULL,13-11-2025,09:09:27,13-11-2025,09:09:30,13-11-2025,09:12:16,COMPLETED,0,1
79KWH,8,3,FULL,13-11-2025,09:12:24,13-11-2025,09:12:25,13-11-2025,09:15:14,COMPLETED,0,1
79KWH,8,3,FULL,13-11-2025,09:15:21,13-11-2025,09:15:23,13-11-2025,09:18:10,COMPLETED,0,1
79KWH,8,3,FULL,13-11-2025,09:18:18,13-11-2025,09:19:54,13-11-2025,09:22:45,COMPLETED,0,1
79KWH,8,3,FULL,13-11-2025,09:22:53,13-11-2025,09:24:27,13-11-2025,09:27:16,COMPLETED,0,1
79KWH,8,3,FULL,13-11-2025,09:27:24,13-11-2025,09:27:25,13-11-2025,09:29:19,COMPLETED,0,1
79KWH,8,3,FULL,13-11-2025,09:29:27,13-11-2025,09:31:28,13-11-2025,09:33:22,COMPLETED,0,1
79KWH,8,3,FULL,13-11-2025,09:33:33,13-11-2025,09:35:26,13-11-2025,09:37:24,COMPLETED,0,1
79KWH,8,3,FULL,13-11-2025,09:37:31,13-11-2025,09:37:33,13-11-2025,09:38:30,COMPLETED,0,1
79KWH,8,3,FULL,13-11-2025,09:38:41,13-11-2025,09:40:42,13-11-2025,09:42:38,COMPLETED,0,1
79KWH,8,3,FULL,13-11-2025,09:42:45,13-11-2025,09:42:46,13-11-2025,09:43:43,COMPLETED,0,1
79KWH,8,3,FULL,13-11-2025,09:43:54,13-11-2025,09:43:54,13-11-2025,09:44:54,COMPLETED,0,1
79KWH,8,3,FULL,13-11-2025,09:45:02,13-11-2025,09:45:03,13-11-2025,09:46:00,COMPLETED,0,1
79KWH,8,3,FULL,13-11-2025,09:46:10,13-11-2025,09:47:20,13-11-2025,09:48:53,COMPLETED,0,1
79KWH,8,3,FULL,13-11-2025,09:48:59,13-11-2025,09:50:24,13-11-2025,09:51:56,COMPLETED,0,1
79KWH,8,3,FULL,13-11-2025,09:52:04,13-11-2025,09:53:35,13-11-2025,09:55:56,COMPLETED,0,1
79KWH,8,3,FULL,13-11-2025,09:56:02,13-11-2025,09:56:04,13-11-2025,09:57:51,COMPLETED,0,1
79KWH,8,3,FULL,13-11-2025,09:57:59,13-11-2025,09:59:29,13-11-2025,10:01:51,COMPLETED,0,1
79KWH,8,3,FULL,13-11-2025,10:01:57,13-11-2025,10:08:53,13-11-2025,10:10:29,COMPLETED,0,1
79KWH,8,3,FULL,13-11-2025,10:10:37,13-11-2025,10:18:15,13-11-2025,10:20:36,COMPLETED,0,1
79KWH,8,3,FULL,13-11-2025,10:20:43,13-11-2025,10:24:15,13-11-2025,10:25:49,COMPLETED,0,1
79KWH,8,3,FULL,13-11-2025,10:25:59,13-11-2025,10:29:27,13-11-2025,10:31:07,COMPLETED,0,1
79KWH,8,3,FULL,13-11-2025,10:31:13,13-11-2025,10:31:16,13-11-2025,10:33:07,COMPLETED,0,1
79KWH,8,3,FULL,13-11-2025,10:33:16,13-11-2025,10:33:16,13-11-2025,10:35:09,COMPLETED,0,1
79KWH,8,3,FULL,13-11-2025,10:35:15,13-11-2025,10:35:18,13-11-2025,10:37:10,COMPLETED,0,1
79KWH,8,3,FULL,13-11-2025,10:37:17,13-11-2025,10:37:19,13-11-2025,10:39:13,COMPLETED,0,1
79KWH,8,3,FULL,13-11-2025,10:39:19,13-11-2025,10:39:22,13-11-2025,10:41:15,COMPLETED,0,1
79KWH,8,3,FULL,13-11-2025,10:41:23,13-11-2025,10:41:24,13-11-2025,10:43:20,COMPLETED,0,1
79KWH,8,3,FULL,13-11-2025,10:43:25,13-11-2025,10:43:29,13-11-2025,10:45:23,COMPLETED,0,1
79KWH,8,3,FULL,13-11-2025,10:45:31,13-11-2025,10:46:58,13-11-2025,10:49:23,COMPLETED,0,1
79KWH,8,3,FULL,13-11-2025,10:49:29,13-11-2025,10:51:06,13-11-2025,10:53:29,COMPLETED,0,1
79KWH,8,3,FULL,13-11-2025,10:53:36,13-11-2025,10:53:38,13-11-2025,10:55:38,COMPLETED,0,1
79KWH,8,3,FULL,13-11-2025,10:55:45,13-11-2025,10:55:50,13-11-2025,10:57:45,COMPLETED,0,1
79KWH,8,3,FULL,13-11-2025,10:57:55,13-11-2025,10:59:20,13-11-2025,11:01:04,COMPLETED,0,1
79KWH,8,3,FULL,13-11-2025,11:01:10,13-11-2025,11:19:11,13-11-2025,11:20:40,COMPLETED,0,1
79KWH,8,3,FULL,13-11-2025,11:20:48,13-11-2025,11:22:04,13-11-2025,11:23:49,COMPLETED,0,1
79KWH,8,3,FULL,13-11-2025,11:23:56,13-11-2025,11:24:09,13-11-2025,11:26:08,COMPLETED,0,1
79KWH,8,3,FULL,13-11-2025,11:26:16,13-11-2025,11:28:44,13-11-2025,11:30:30,COMPLETED,0,1
79KWH,8,3,FULL,13-11-2025,11:30:36,13-11-2025,12:52:01,13-11-2025,12:53:45,COMPLETED,0,1
79KWH,8,3,FULL,13-11-2025,12:53:53,13-11-2025,12:53:54,13-11-2025,12:55:55,COMPLETED,0,1
79KWH,8,3,FULL,13-11-2025,12:56:00,13-11-2025,12:56:16,13-11-2025,12:58:16,COMPLETED,0,1
79KWH,8,3,FULL,13-11-2025,12:58:25,13-11-2025,12:58:34,13-11-2025,13:00:38,COMPLETED,0,1
79KWH,8,3,FULL,13-11-2025,13:00:45,13-11-2025,13:03:16,13-11-2025,13:05:03,COMPLETED,0,1
79KWH,8,3,FULL,13-11-2025,13:05:10,13-11-2025,13:05:13,13-11-2025,13:07:17,COMPLETED,0,1
79KWH,8,3,FULL,13-11-2025,13:07:24,13-11-2025,13:07:25,13-11-2025,13:09:27,COMPLETED,0,1
79KWH,8,3,FULL,13-11-2025,13:09:36,13-11-2025,13:09:36,13-11-2025,13:11:42,COMPLETED,0,1
79KWH,8,3,FULL,13-11-2025,13:11:48,13-11-2025,13:11:51,13-11-2025,13:13:55,COMPLETED,0,1
79KWH,8,3,FULL,13-11-2025,13:14:03,13-11-2025,13:14:03,13-11-2025,13:16:10,COMPLETED,0,1
79KWH,8,3,FULL,13-11-2025,13:16:15,13-11-2025,13:16:19,13-11-2025,13:18:23,COMPLETED,0,1
79KWH,8,3,FULL,13-11-2025,13:18:31,13-11-2025,13:18:32,13-11-2025,13:20:41,COMPLETED,0,1
79KWH,8,3,FULL,13-11-2025,13:20:48,13-11-2025,13:20:50,13-11-2025,13:22:57,COMPLETED,0,1
79KWH,8,3,FULL,13-11-2025,13:23:06,13-11-2025,13:23:07,13-11-2025,13:25:17,COMPLETED,0,1
79KWH,8,3,FULL,13-11-2025,13:25:24,13-11-2025,13:25:27,13-11-2025,13:27:36,COMPLETED,0,1
79KWH,8,3,FULL,13-11-2025,13:27:44,13-11-2025,13:27:45,13-11-2025,13:29:55,COMPLETED,0,1
79KWH,8,3,FULL,13-11-2025,13:30:01,13-11-2025,13:30:05,13-11-2025,13:32:13,COMPLETED,0,1
79KWH,8,3,FULL,13-11-2025,13:32:23,13-11-2025,13:32:23,13-11-2025,13:34:35,COMPLETED,0,1
79KWH,8,3,FULL,13-11-2025,13:34:41,13-11-2025,13:34:44,13-11-2025,13:36:55,COMPLETED,0,1
79KWH,8,3,FULL,13-11-2025,13:37:03,13-11-2025,13:38:21,13-11-2025,13:40:53,COMPLETED,0,1
79KWH,8,3,FULL,13-11-2025,13:40:59,13-11-2025,13:41:03,13-11-2025,13:43:14,COMPLETED,0,1
79KWH,8,3,FULL,13-11-2025,13:43:22,13-11-2025,13:44:50,13-11-2025,13:47:24,COMPLETED,0,1
79KWH,8,3,FULL,13-11-2025,13:47:35,13-11-2025,13:48:57,13-11-2025,13:51:31,COMPLETED,0,1
79KWH,8,3,FULL,13-11-2025,13:51:41,13-11-2025,13:52:59,13-11-2025,13:55:33,COMPLETED,0,1
79KWH,8,3,FULL,13-11-2025,13:55:39,13-11-2025,13:55:42,13-11-2025,13:57:55,COMPLETED,0,1
79KWH,8,3,FULL,13-11-2025,13:58:07,13-11-2025,13:59:31,13-11-2025,14:02:08,COMPLETED,0,1
79KWH,8,3,FULL,13-11-2025,14:02:16,13-11-2025,14:02:17,13-11-2025,14:04:32,COMPLETED,0,1
79KWH,8,3,FULL,13-11-2025,14:04:41,13-11-2025,14:04:42,13-11-2025,14:07:00,COMPLETED,0,1
79KWH,8,3,FULL,13-11-2025,14:07:07,13-11-2025,14:07:12,13-11-2025,14:09:29,COMPLETED,0,1
79KWH,8,3,FULL,13-11-2025,14:09:37,13-11-2025,14:09:38,13-11-2025,14:11:57,COMPLETED,0,1
79KWH,8,3,FULL,13-11-2025,14:12:03,13-11-2025,17:55:49,13-11-2025,17:57:34,COMPLETED,0,1
79KWH,8,3,FULL,13-11-2025,17:57:43,13-11-2025,17:57:44,13-11-2025,18:00:04,COMPLETED,0,1
79KWH,8,3,FULL,13-11-2025,18:00:09,13-11-2025,18:00:13,13-11-2025,18:02:32,COMPLETED,0,1
79KWH,8,3,FULL,13-11-2025,18:02:41,13-11-2025,18:02:42,13-11-2025,18:05:03,COMPLETED,0,1
79KWH,8,3,FULL,13-11-2025,19:14:46,13-11-2025,19:14:47,13-11-2025,19:17:06,COMPLETED,0,1
79KWH,8,3,FULL,13-11-2025,19:17:14,13-11-2025,19:17:15,13-11-2025,19:19:37,COMPLETED,0,1
79KWH,8,3,FULL,13-11-2025,19:19:43,13-11-2025,19:19:47,13-11-2025,19:22:07,COMPLETED,0,1
79KWH,8,3,FULL,13-11-2025,19:22:14,13-11-2025,19:22:15,13-11-2025,19:24:38,COMPLETED,0,1
79KWH,8,3,FULL,13-11-2025,19:24:44,13-11-2025,19:24:47,13-11-2025,19:27:09,COMPLETED,0,1
79KWH,8,3,FULL,13-11-2025,19:27:18,13-11-2025,19:27:19,13-11-2025,19:29:44,COMPLETED,0,1
79KWH,8,3,FULL,13-11-2025,19:29:50,13-11-2025,19:29:54,13-11-2025,19:32:17,COMPLETED,0,1
79KWH,8,3,FULL,13-11-2025,19:32:25,13-11-2025,19:32:26,13-11-2025,19:34:51,COMPLETED,0,1
79KWH,8,3,FULL,13-11-2025,19:34:57,13-11-2025,19:35:01,13-11-2025,19:37:25,COMPLETED,0,1
79KWH,8,3,FULL,13-11-2025,19:37:33,13-11-2025,19:37:34,13-11-2025,19:40:00,COMPLETED,0,1
79KWH,8,3,FULL,13-11-2025,19:40:06,13-11-2025,19:40:10,13-11-2025,19:42:34,COMPLETED,0,1
79KWH,8,3,FULL,13-11-2025,19:42:42,13-11-2025,19:42:43,13-11-2025,19:45:11,COMPLETED,0,1
79KWH,8,3,FULL,13-11-2025,19:45:17,13-11-2025,19:45:20,13-11-2025,19:47:46,COMPLETED,0,1
79KWH,8,3,FULL,13-11-2025,19:47:54,13-11-2025,19:47:55,13-11-2025,19:50:25,COMPLETED,0,1
79KWH,8,3,FULL,13-11-2025,19:50:31,13-11-2025,19:50:33,13-11-2025,19:53:00,COMPLETED,0,1
79KWH,8,3,FULL,13-11-2025,19:53:09,13-11-2025,19:53:12,13-11-2025,19:55:42,COMPLETED,0,1
79KWH,8,3,FULL,13-11-2025,19:55:47,13-11-2025,19:55:51,13-11-2025,19:58:19,COMPLETED,0,1
79KWH,8,3,FULL,13-11-2025,19:58:27,13-11-2025,19:58:27,13-11-2025,20:00:58,COMPLETED,0,1
79KWH,8,3,FULL,13-11-2025,20:01:04,13-11-2025,20:01:08,13-11-2025,20:03:38,COMPLETED,0,1
79KWH,8,3,FULL,13-11-2025,20:03:46,13-11-2025,20:03:47,13-11-2025,20:06:20,COMPLETED,0,1
79KWH,8,3,FULL,13-11-2025,20:06:26,13-11-2025,20:06:29,13-11-2025,20:09:00,COMPLETED,0,1
79KWH,8,3,FULL,13-11-2025,20:09:09,13-11-2025,20:09:11,13-11-2025,20:11:45,COMPLETED,0,1
79KWH,8,3,FULL,13-11-2025,20:11:51,13-11-2025,20:11:55,13-11-2025,20:14:27,COMPLETED,0,1
79KWH,8,3,FULL,13-11-2025,20:14:35,13-11-2025,20:14:38,13-11-2025,20:17:13,COMPLETED,0,1
79KWH,8,3,FULL,13-11-2025,21:03:17,13-11-2025,21:03:18,13-11-2025,21:05:51,COMPLETED,0,1
79KWH,8,3,FULL,13-11-2025,21:12:33,13-11-2025,21:12:34,13-11-2025,21:15:10,COMPLETED,0,1
79KWH,8,3,FULL,13-11-2025,21:15:17,13-11-2025,21:15:18,13-11-2025,21:17:52,COMPLETED,0,1
79KWH,8,3,FULL,13-11-2025,21:18:01,13-11-2025,21:18:02,13-11-2025,21:20:39,COMPLETED,0,1
79KWH,8,3,FULL,13-11-2025,21:20:45,13-11-2025,21:20:48,13-11-2025,21:23:23,COMPLETED,0,1
79KWH,8,3,FULL,13-11-2025,21:23:33,13-11-2025,21:23:34,13-11-2025,21:26:12,COMPLETED,0,1
79KWH,8,3,FULL,13-11-2025,21:26:19,13-11-2025,21:26:22,13-11-2025,21:29:00,COMPLETED,0,1
79KWH,8,3,FULL,13-11-2025,21:29:08,13-11-2025,21:29:09,13-11-2025,21:31:50,COMPLETED,0,1
79KWH,8,3,FULL,13-11-2025,21:31:57,13-11-2025,21:32:00,13-11-2025,21:34:39,COMPLETED,0,1
79KWH,8,3,FULL,13-11-2025,21:34:47,13-11-2025,21:34:48,13-11-2025,21:37:30,COMPLETED,0,1
79KWH,8,3,FULL,13-11-2025,21:37:38,13-11-2025,21:37:41,13-11-2025,21:40:21,COMPLETED,0,1
79KWH,8,3,FULL,13-11-2025,21:40:29,13-11-2025,21:40:29,13-11-2025,21:43:13,COMPLETED,0,1
79KWH,8,3,FULL,13-11-2025,21:43:20,13-11-2025,21:43:22,13-11-2025,21:46:03,COMPLETED,0,1
79KWH,8,3,FULL,13-11-2025,21:46:12,13-11-2025,21:46:12,13-11-2025,21:48:56,COMPLETED,0,1
79KWH,8,3,FULL,13-11-2025,21:49:03,13-11-2025,21:49:06,13-11-2025,21:51:48,COMPLETED,0,1
79KWH,8,3,FULL,13-11-2025,21:51:56,13-11-2025,21:51:57,13-11-2025,21:54:43,COMPLETED,0,1
79KWH,8,3,FULL,13-11-2025,21:54:49,13-11-2025,21:54:52,13-11-2025,21:57:35,COMPLETED,0,1
79KWH,8,3,FULL,13-11-2025,21:57:43,13-11-2025,21:57:45,13-11-2025,22:00:31,COMPLETED,0,1
79KWH,8,3,FULL,13-11-2025,22:00:37,13-11-2025,22:00:41,13-11-2025,22:03:27,COMPLETED,0,1
79KWH,8,3,FULL,13-11-2025,22:03:35,13-11-2025,22:03:35,13-11-2025,22:06:23,COMPLETED,0,1
79KWH,8,3,FULL,13-11-2025,22:06:30,13-11-2025,22:06:33,13-11-2025,22:09:20,COMPLETED,0,1
79KWH,8,3,FULL,13-11-2025,22:09:28,13-11-2025,22:09:29,13-11-2025,22:12:19,COMPLETED,0,1
79KWH,8,3,FULL,13-11-2025,22:12:25,13-11-2025,22:12:28,13-11-2025,22:15:17,COMPLETED,0,1
79KWH,8,2,FULL,14-11-2025,07:19:58,14-11-2025,07:19:59,14-11-2025,07:22:43,COMPLETED,0,1
79KWH,8,2,FULL,14-11-2025,07:22:53,14-11-2025,07:22:54,14-11-2025,07:23:59,COMPLETED,0,1
79KWH,8,2,FULL,14-11-2025,07:24:18,14-11-2025,07:24:20,14-11-2025,07:25:27,COMPLETED,0,1
79KWH,8,2,FULL,14-11-2025,07:25:34,14-11-2025,07:25:37,14-11-2025,07:26:42,COMPLETED,0,1
79KWH,8,2,FULL,14-11-2025,07:27:02,14-11-2025,07:27:03,14-11-2025,07:28:10,COMPLETED,0,1
79KWH,8,2,FULL,14-11-2025,07:28:16,14-11-2025,07:28:19,14-11-2025,07:29:24,COMPLETED,0,1
79KWH,8,2,FULL,14-11-2025,07:29:42,14-11-2025,07:47:38,14-11-2025,07:50:22,COMPLETED,0,1
79KWH,8,2,FULL,14-11-2025,07:50:44,14-11-2025,07:53:09,14-11-2025,07:55:53,COMPLETED,0,1
79KWH,8,2,FULL,14-11-2025,07:55:59,14-11-2025,07:56:02,14-11-2025,07:57:08,COMPLETED,0,1
79KWH,8,2,FULL,14-11-2025,07:57:14,14-11-2025,07:59:50,14-11-2025,08:02:32,COMPLETED,0,1
79KWH,8,2,FULL,14-11-2025,08:02:53,14-11-2025,08:05:22,14-11-2025,08:08:05,COMPLETED,0,1
79KWH,8,2,FULL,14-11-2025,08:08:10,14-11-2025,08:08:15,14-11-2025,08:09:20,COMPLETED,0,1
79KWH,8,2,FULL,14-11-2025,08:09:37,14-11-2025,08:11:59,14-11-2025,08:14:42,COMPLETED,0,1
79KWH,8,2,FULL,14-11-2025,08:15:08,14-11-2025,08:15:09,14-11-2025,08:16:17,COMPLETED,0,1
79KWH,8,2,FULL,14-11-2025,08:16:23,14-11-2025,08:16:26,14-11-2025,08:17:32,COMPLETED,0,1
79KWH,8,2,FULL,14-11-2025,08:17:38,14-11-2025,08:17:40,14-11-2025,08:18:44,COMPLETED,0,1
79KWH,8,2,FULL,14-11-2025,08:19:02,14-11-2025,08:19:02,14-11-2025,08:20:09,COMPLETED,0,1
79KWH,8,2,FULL,14-11-2025,08:20:15,14-11-2025,08:20:19,14-11-2025,08:21:24,COMPLETED,0,1
79KWH,8,2,FULL,14-11-2025,08:21:43,14-11-2025,08:21:44,14-11-2025,08:22:51,COMPLETED,0,1
79KWH,8,2,FULL,14-11-2025,08:22:59,14-11-2025,08:23:02,14-11-2025,08:24:07,COMPLETED,0,1
79KWH,8,2,FULL,14-11-2025,08:24:25,14-11-2025,08:24:26,14-11-2025,08:25:35,COMPLETED,0,1
79KWH,8,2,FULL,14-11-2025,08:25:41,14-11-2025,08:25:45,14-11-2025,08:26:54,COMPLETED,0,1
79KWH,8,2,FULL,14-11-2025,08:27:16,14-11-2025,08:29:33,14-11-2025,08:32:19,COMPLETED,0,1
79KWH,8,2,FULL,14-11-2025,08:32:25,14-11-2025,08:32:29,14-11-2025,08:33:39,COMPLETED,0,1
79KWH,8,2,FULL,14-11-2025,08:33:56,14-11-2025,08:36:14,14-11-2025,08:39:02,COMPLETED,0,1
79KWH,8,2,FULL,14-11-2025,08:39:08,14-11-2025,08:39:11,14-11-2025,08:40:24,COMPLETED,0,1
79KWH,8,2,FULL,14-11-2025,08:40:42,14-11-2025,09:01:04,14-11-2025,09:03:52,COMPLETED,0,1
79KWH,8,2,FULL,14-11-2025,09:03:58,14-11-2025,09:04:01,14-11-2025,09:05:16,COMPLETED,0,1
79KWH,8,2,FULL,14-11-2025,09:05:35,14-11-2025,09:07:52,14-11-2025,09:10:41,COMPLETED,0,1
79KWH,8,2,FULL,14-11-2025,09:10:47,14-11-2025,09:10:49,14-11-2025,09:13:15,COMPLETED,0,1
79KWH,8,2,FULL,14-11-2025,09:13:36,14-11-2025,09:15:53,14-11-2025,09:18:43,COMPLETED,0,1
79KWH,8,2,FULL,14-11-2025,09:18:49,14-11-2025,09:21:18,14-11-2025,09:24:06,COMPLETED,0,1
79KWH,8,2,FULL,14-11-2025,09:24:24,14-11-2025,09:26:43,14-11-2025,09:29:33,COMPLETED,0,1
79KWH,8,2,FULL,14-11-2025,09:29:39,14-11-2025,09:29:42,14-11-2025,09:31:03,COMPLETED,0,1
79KWH,8,2,FULL,14-11-2025,09:31:20,14-11-2025,09:33:30,14-11-2025,09:38:16,COMPLETED,0,1
79KWH,8,2,FULL,14-11-2025,09:38:23,14-11-2025,09:40:52,14-11-2025,09:43:42,COMPLETED,0,1
79KWH,8,2,FULL,14-11-2025,09:44:05,14-11-2025,09:46:14,14-11-2025,09:49:07,COMPLETED,0,1
79KWH,8,2,FULL,14-11-2025,09:49:13,14-11-2025,09:49:17,14-11-2025,09:50:42,COMPLETED,0,1
79KWH,8,2,FULL,14-11-2025,09:51:01,14-11-2025,09:51:02,14-11-2025,09:52:30,COMPLETED,0,1
79KWH,8,2,FULL,14-11-2025,09:52:36,14-11-2025,09:52:43,14-11-2025,09:54:10,COMPLETED,0,1
79KWH,8,2,FULL,14-11-2025,09:54:33,14-11-2025,09:56:47,14-11-2025,09:59:42,COMPLETED,0,1
79KWH,8,2,FULL,14-11-2025,09:59:48,14-11-2025,09:59:51,14-11-2025,10:01:19,COMPLETED,0,1
79KWH,8,2,FULL,14-11-2025,10:01:37,14-11-2025,10:01:37,14-11-2025,10:03:08,COMPLETED,0,1
79KWH,8,2,FULL,14-11-2025,10:03:15,14-11-2025,10:03:17,14-11-2025,10:04:47,COMPLETED,0,1
79KWH,8,2,FULL,14-11-2025,10:05:06,14-11-2025,10:05:07,14-11-2025,10:06:41,COMPLETED,0,1
79KWH,8,2,FULL,14-11-2025,10:06:46,14-11-2025,10:06:50,14-11-2025,10:08:23,COMPLETED,0,1
79KWH,8,2,FULL,14-11-2025,10:08:46,14-11-2025,10:08:46,14-11-2025,10:10:23,COMPLETED,0,1
79KWH,8,2,FULL,14-11-2025,10:10:30,14-11-2025,10:10:32,14-11-2025,10:12:05,COMPLETED,0,1
79KWH,8,2,FULL,14-11-2025,10:12:31,14-11-2025,10:12:33,14-11-2025,10:14:11,COMPLETED,0,1
79KWH,8,2,FULL,14-11-2025,10:14:17,14-11-2025,10:14:23,14-11-2025,10:15:59,COMPLETED,0,1
79KWH,8,2,FULL,14-11-2025,10:16:20,14-11-2025,10:16:21,14-11-2025,10:18:01,COMPLETED,0,1
79KWH,8,2,FULL,14-11-2025,10:18:07,14-11-2025,10:18:10,14-11-2025,10:19:48,COMPLETED,0,1
79KWH,8,2,FULL,14-11-2025,10:20:09,14-11-2025,10:20:09,14-11-2025,10:21:51,COMPLETED,0,1
79KWH,8,2,FULL,14-11-2025,10:21:57,14-11-2025,10:22:00,14-11-2025,10:23:40,COMPLETED,0,1
79KWH,8,2,FULL,14-11-2025,10:24:05,14-11-2025,10:24:06,14-11-2025,10:25:48,COMPLETED,0,1
79KWH,8,2,FULL,14-11-2025,10:25:54,14-11-2025,10:25:58,14-11-2025,10:27:39,COMPLETED,0,1
79KWH,8,2,FULL,14-11-2025,10:27:59,14-11-2025,10:28:00,14-11-2025,10:29:46,COMPLETED,0,1
79KWH,8,2,FULL,14-11-2025,10:29:52,14-11-2025,10:29:56,14-11-2025,10:31:41,COMPLETED,0,1
79KWH,8,2,FULL,14-11-2025,10:31:59,14-11-2025,10:31:59,14-11-2025,10:33:46,COMPLETED,0,1
79KWH,8,2,FULL,14-11-2025,10:33:52,14-11-2025,10:33:56,14-11-2025,10:35:42,COMPLETED,0,1
79KWH,8,2,FULL,14-11-2025,10:35:59,14-11-2025,10:36:00,14-11-2025,10:37:49,COMPLETED,0,1
79KWH,8,2,FULL,14-11-2025,10:37:56,14-11-2025,10:37:58,14-11-2025,10:39:45,COMPLETED,0,1
79KWH,8,2,FULL,14-11-2025,10:40:04,14-11-2025,10:40:05,14-11-2025,10:41:57,COMPLETED,0,1
79KWH,8,2,FULL,14-11-2025,10:42:03,14-11-2025,10:42:06,14-11-2025,10:43:56,COMPLETED,0,1
79KWH,8,2,FULL,14-11-2025,10:44:15,14-11-2025,10:44:16,14-11-2025,10:46:07,COMPLETED,0,1
79KWH,8,2,FULL,14-11-2025,10:46:13,14-11-2025,10:46:18,14-11-2025,10:48:09,COMPLETED,0,1
79KWH,8,2,FULL,14-11-2025,10:48:29,14-11-2025,10:48:30,14-11-2025,10:50:25,COMPLETED,0,1
79KWH,8,2,FULL,14-11-2025,10:50:33,14-11-2025,10:50:34,14-11-2025,10:52:28,COMPLETED,0,1
79KWH,8,2,FULL,14-11-2025,10:52:47,14-11-2025,10:52:48,14-11-2025,10:54:45,COMPLETED,0,1
79KWH,8,2,FULL,14-11-2025,10:54:52,14-11-2025,10:54:53,14-11-2025,10:56:49,COMPLETED,0,1
79KWH,8,2,FULL,14-11-2025,10:57:10,14-11-2025,10:57:10,14-11-2025,10:59:09,COMPLETED,0,1
79KWH,8,2,FULL,14-11-2025,10:59:16,14-11-2025,10:59:19,14-11-2025,11:01:16,COMPLETED,0,1
79KWH,8,2,FULL,14-11-2025,11:01:36,14-11-2025,11:01:36,14-11-2025,11:03:37,COMPLETED,0,1
79KWH,8,2,FULL,14-11-2025,11:03:44,14-11-2025,11:03:47,14-11-2025,11:05:47,COMPLETED,0,1
79KWH,8,2,FULL,14-11-2025,11:06:05,14-11-2025,11:06:05,14-11-2025,11:08:07,COMPLETED,0,1
79KWH,8,2,FULL,14-11-2025,11:08:13,14-11-2025,11:08:16,14-11-2025,11:10:17,COMPLETED,0,1
79KWH,8,2,FULL,14-11-2025,11:10:43,14-11-2025,11:10:44,14-11-2025,11:12:49,COMPLETED,0,1
79KWH,8,2,FULL,14-11-2025,11:12:55,14-11-2025,11:12:59,14-11-2025,11:15:04,COMPLETED,0,1
79KWH,8,2,FULL,14-11-2025,11:15:24,14-11-2025,11:15:26,14-11-2025,11:17:35,COMPLETED,0,1
79KWH,8,2,FULL,14-11-2025,11:17:41,14-11-2025,11:17:45,14-11-2025,11:19:52,COMPLETED,0,1
79KWH,8,2,FULL,14-11-2025,11:20:11,14-11-2025,11:20:12,14-11-2025,11:22:22,COMPLETED,0,1
79KWH,8,2,FULL,14-11-2025,11:22:29,14-11-2025,11:22:31,14-11-2025,11:24:41,COMPLETED,0,1
79KWH,8,2,FULL,14-11-2025,11:25:02,14-11-2025,11:25:02,14-11-2025,11:27:15,COMPLETED,0,1
79KWH,8,2,FULL,14-11-2025,11:27:21,14-11-2025,11:27:25,14-11-2025,11:29:36,COMPLETED,0,1
79KWH,8,2,FULL,14-11-2025,11:29:53,14-11-2025,11:29:54,14-11-2025,11:32:08,COMPLETED,0,1
79KWH,8,2,FULL,14-11-2025,11:32:14,14-11-2025,11:32:17,14-11-2025,11:34:30,COMPLETED,0,1
79KWH,8,2,FULL,14-11-2025,11:34:50,14-11-2025,11:34:51,14-11-2025,11:37:09,COMPLETED,0,1
79KWH,8,2,FULL,14-11-2025,11:37:14,14-11-2025,11:37:17,14-11-2025,11:39:32,COMPLETED,0,1
79KWH,8,2,FULL,14-11-2025,11:39:52,14-11-2025,11:39:53,14-11-2025,11:42:12,COMPLETED,0,1
79KWH,8,2,FULL,14-11-2025,11:42:18,14-11-2025,11:42:21,14-11-2025,11:44:38,COMPLETED,0,1
79KWH,8,2,FULL,14-11-2025,11:44:59,14-11-2025,11:45:01,14-11-2025,11:47:21,COMPLETED,0,1
79KWH,8,2,FULL,14-11-2025,11:47:26,14-11-2025,11:47:30,14-11-2025,11:49:49,COMPLETED,0,1
79KWH,8,2,FULL,14-11-2025,11:50:10,14-11-2025,11:50:11,14-11-2025,11:52:34,COMPLETED,0,1
79KWH,8,2,FULL,14-11-2025,11:52:41,14-11-2025,11:52:43,14-11-2025,11:55:04,COMPLETED,0,1
79KWH,8,2,FULL,14-11-2025,12:35:01,14-11-2025,12:35:03,14-11-2025,12:38:25,COMPLETED,0,1
79KWH,8,2,FULL,14-11-2025,12:38:32,14-11-2025,12:38:35,14-11-2025,12:40:58,COMPLETED,0,1
79KWH,8,2,FULL,14-11-2025,12:41:17,14-11-2025,12:43:35,14-11-2025,12:46:58,COMPLETED,0,1
79KWH,8,2,FULL,14-11-2025,12:47:05,14-11-2025,12:47:07,14-11-2025,12:49:32,COMPLETED,0,1
79KWH,8,2,FULL,14-11-2025,12:49:50,14-11-2025,12:52:14,14-11-2025,12:55:38,COMPLETED,0,1
79KWH,8,2,FULL,14-11-2025,12:55:43,14-11-2025,12:55:47,14-11-2025,12:58:15,COMPLETED,0,1
79KWH,8,2,FULL,14-11-2025,12:58:34,14-11-2025,13:00:51,14-11-2025,13:04:16,COMPLETED,0,1
79KWH,8,2,FULL,14-11-2025,13:04:22,14-11-2025,13:04:26,14-11-2025,13:06:55,COMPLETED,0,1
79KWH,8,2,FULL,14-11-2025,13:07:15,14-11-2025,13:09:36,14-11-2025,13:13:02,COMPLETED,0,1
79KWH,8,2,FULL,14-11-2025,13:13:08,14-11-2025,13:13:11,14-11-2025,13:15:42,COMPLETED,0,1
79KWH,8,2,FULL,14-11-2025,13:16:04,14-11-2025,13:17:44,14-11-2025,13:21:12,COMPLETED,0,1
79KWH,8,2,FULL,14-11-2025,13:21:21,14-11-2025,13:23:17,14-11-2025,13:26:43,COMPLETED,0,1
79KWH,8,2,FULL,14-11-2025,13:27:01,14-11-2025,13:29:25,14-11-2025,13:32:54,COMPLETED,0,1
79KWH,8,2,FULL,14-11-2025,13:32:59,14-11-2025,13:33:03,14-11-2025,13:35:37,COMPLETED,0,1
79KWH,8,2,FULL,14-11-2025,13:35:59,14-11-2025,13:38:22,14-11-2025,13:41:51,COMPLETED,0,1
79KWH,8,2,FULL,14-11-2025,13:41:57,14-11-2025,13:42:00,14-11-2025,13:44:37,COMPLETED,0,1
79KWH,8,2,FULL,14-11-2025,13:45:02,14-11-2025,13:47:14,14-11-2025,13:50:45,COMPLETED,0,1
79KWH,8,2,FULL,14-11-2025,13:50:55,14-11-2025,13:53:30,14-11-2025,13:56:58,COMPLETED,0,1
79KWH,8,2,FULL,14-11-2025,13:57:17,14-11-2025,13:57:18,14-11-2025,14:00:00,COMPLETED,0,1
79KWH,8,2,FULL,14-11-2025,14:00:06,14-11-2025,14:00:09,14-11-2025,14:02:51,COMPLETED,0,1
79KWH,8,2,FULL,14-11-2025,14:03:12,14-11-2025,14:05:28,14-11-2025,14:09:00,COMPLETED,0,1
79KWH,8,2,FULL,14-11-2025,14:09:07,14-11-2025,14:09:09,14-11-2025,14:11:52,COMPLETED,0,1
79KWH,8,2,FULL,14-11-2025,14:12:14,14-11-2025,14:14:35,14-11-2025,14:18:08,COMPLETED,0,1
79KWH,8,2,FULL,14-11-2025,14:18:14,14-11-2025,14:18:18,14-11-2025,14:21:02,COMPLETED,0,1
79KWH,8,2,FULL,14-11-2025,14:21:22,14-11-2025,14:23:39,14-11-2025,14:27:14,COMPLETED,0,1
79KWH,8,2,FULL,14-11-2025,14:27:20,14-11-2025,14:27:24,14-11-2025,14:30:10,COMPLETED,0,1
79KWH,8,2,FULL,14-11-2025,14:30:28,14-11-2025,14:30:28,14-11-2025,14:33:18,COMPLETED,0,1
79KWH,8,2,FULL,14-11-2025,14:33:24,14-11-2025,14:33:28,14-11-2025,14:36:15,COMPLETED,0,1
79KWH,8,2,FULL,14-11-2025,14:36:37,14-11-2025,14:36:38,14-11-2025,14:39:30,COMPLETED,0,1
79KWH,8,2,FULL,14-11-2025,14:39:37,14-11-2025,14:39:39,14-11-2025,14:42:29,COMPLETED,0,1
79KWH,8,2,FULL,14-11-2025,14:42:50,14-11-2025,14:42:51,14-11-2025,14:45:44,COMPLETED,0,1
79KWH,8,2,FULL,14-11-2025,14:45:50,14-11-2025,14:45:54,14-11-2025,14:48:47,COMPLETED,0,1
79KWH,8,2,FULL,14-11-2025,14:49:05,14-11-2025,14:49:06,14-11-2025,14:52:01,COMPLETED,0,1
79KWH,8,2,FULL,14-11-2025,14:52:08,14-11-2025,14:52:10,14-11-2025,14:55:04,COMPLETED,0,1
79KWH,8,2,FULL,14-11-2025,14:55:23,14-11-2025,14:57:54,14-11-2025,15:01:33,COMPLETED,0,1
79KWH,8,2,FULL,14-11-2025,15:01:39,14-11-2025,15:01:42,14-11-2025,15:04:38,COMPLETED,0,1
79KWH,8,2,FULL,14-11-2025,15:04:59,14-11-2025,15:07:20,14-11-2025,15:11:00,COMPLETED,0,1
79KWH,8,2,FULL,14-11-2025,15:11:07,14-11-2025,15:11:09,14-11-2025,15:14:07,COMPLETED,0,1
79KWH,8,2,FULL,14-11-2025,15:14:28,14-11-2025,15:14:29,14-11-2025,15:17:30,COMPLETED,0,1
79KWH,8,2,FULL,14-11-2025,15:17:35,14-11-2025,15:17:39,14-11-2025,15:20:41,COMPLETED,0,1
79KWH,8,2,FULL,14-11-2025,15:21:03,14-11-2025,15:21:04,14-11-2025,15:24:07,COMPLETED,0,1
79KWH,8,2,FULL,14-11-2025,15:24:13,14-11-2025,15:24:16,14-11-2025,15:27:17,COMPLETED,0,1
79KWH,8,2,FULL,14-11-2025,15:27:37,14-11-2025,15:30:07,14-11-2025,15:33:51,COMPLETED,0,1
79KWH,8,2,FULL,14-11-2025,15:33:57,14-11-2025,15:33:59,14-11-2025,15:37:05,COMPLETED,0,1
79KWH,8,2,FULL,14-11-2025,15:37:24,14-11-2025,15:39:49,14-11-2025,15:43:33,COMPLETED,0,1
79KWH,8,2,FULL,14-11-2025,15:43:39,14-11-2025,15:43:42,14-11-2025,15:46:49,COMPLETED,0,1
79KWH,8,2,FULL,14-11-2025,15:47:08,14-11-2025,15:49:39,14-11-2025,15:53:24,COMPLETED,0,1
79KWH,8,2,FULL,14-11-2025,15:53:30,14-11-2025,15:53:33,14-11-2025,15:56:42,COMPLETED,0,1
79KWH,8,2,FULL,14-11-2025,15:57:04,14-11-2025,15:59:29,14-11-2025,16:03:16,COMPLETED,0,1
79KWH,8,2,FULL,14-11-2025,16:03:22,14-11-2025,16:03:26,14-11-2025,16:06:38,COMPLETED,0,1
79KWH,8,2,FULL,14-11-2025,16:07:00,14-11-2025,16:09:26,14-11-2025,16:13:14,COMPLETED,0,1
79KWH,8,2,FULL,14-11-2025,16:13:20,14-11-2025,16:13:23,14-11-2025,16:16:37,COMPLETED,0,1
79KWH,8,2,FULL,14-11-2025,16:16:58,14-11-2025,16:18:16,14-11-2025,16:22:04,COMPLETED,0,1
79KWH,8,2,FULL,14-11-2025,16:22:11,14-11-2025,16:22:13,14-11-2025,16:25:28,COMPLETED,0,1
79KWH,8,2,FULL,14-11-2025,17:02:07,14-11-2025,17:02:08,14-11-2025,17:05:57,COMPLETED,0,1
79KWH,8,2,FULL,14-11-2025,17:06:03,14-11-2025,17:06:08,14-11-2025,17:09:26,COMPLETED,0,1
79KWH,8,2,FULL,14-11-2025,17:14:19,14-11-2025,17:14:22,14-11-2025,17:18:12,COMPLETED,0,1
79KWH,8,2,FULL,14-11-2025,17:18:17,14-11-2025,17:18:20,14-11-2025,17:21:39,COMPLETED,0,1
79KWH,8,2,FULL,14-11-2025,17:22:00,14-11-2025,17:23:25,14-11-2025,17:27:16,COMPLETED,0,1
79KWH,8,2,FULL,14-11-2025,17:27:23,14-11-2025,17:27:27,14-11-2025,17:30:53,COMPLETED,0,1
79KWH,8,2,FULL,14-11-2025,17:31:13,14-11-2025,17:33:35,14-11-2025,17:37:27,COMPLETED,0,1
79KWH,8,2,FULL,14-11-2025,17:37:33,14-11-2025,17:37:35,14-11-2025,17:40:58,COMPLETED,0,1
79KWH,8,2,FULL,14-11-2025,17:41:14,14-11-2025,17:43:49,14-11-2025,17:47:43,COMPLETED,0,1
79KWH,8,2,FULL,14-11-2025,17:47:49,14-11-2025,17:47:52,14-11-2025,17:51:17,COMPLETED,0,1
79KWH,8,2,FULL,14-11-2025,17:51:36,14-11-2025,17:52:56,14-11-2025,17:56:52,COMPLETED,0,1
79KWH,8,2,FULL,14-11-2025,17:56:58,14-11-2025,17:58:35,14-11-2025,18:02:27,COMPLETED,0,1
79KWH,8,2,FULL,14-11-2025,18:02:45,14-11-2025,18:02:45,14-11-2025,18:06:16,COMPLETED,0,1
79KWH,8,2,FULL,14-11-2025,18:06:23,14-11-2025,18:06:25,14-11-2025,18:09:55,COMPLETED,0,1
79KWH,8,2,FULL,14-11-2025,18:10:18,14-11-2025,18:12:45,14-11-2025,18:16:42,COMPLETED,0,1
79KWH,8,2,FULL,14-11-2025,18:16:48,14-11-2025,18:16:52,14-11-2025,18:20:23,COMPLETED,0,1
79KWH,8,2,FULL,14-11-2025,18:20:42,14-11-2025,18:20:43,14-11-2025,18:24:18,COMPLETED,0,1
79KWH,8,2,FULL,14-11-2025,18:24:23,14-11-2025,18:27:13,14-11-2025,18:31:07,COMPLETED,0,1
79KWH,8,2,FULL,14-11-2025,18:31:25,14-11-2025,18:35:15,14-11-2025,18:39:14,COMPLETED,0,1
79KWH,8,2,FULL,14-11-2025,18:39:19,14-11-2025,18:43:26,14-11-2025,18:47:23,COMPLETED,0,1
79KWH,8,2,FULL,14-11-2025,18:47:43,14-11-2025,18:50:10,14-11-2025,18:54:11,COMPLETED,0,1
79KWH,8,2,FULL,14-11-2025,18:54:17,14-11-2025,18:54:20,14-11-2025,18:57:58,COMPLETED,0,1
79KWH,8,2,FULL,14-11-2025,18:58:17,14-11-2025,19:00:53,14-11-2025,19:04:56,COMPLETED,0,1
79KWH,8,2,FULL,14-11-2025,19:05:02,14-11-2025,19:05:03,14-11-2025,19:08:44,COMPLETED,0,1
79KWH,8,2,FULL,14-11-2025,19:09:09,14-11-2025,19:11:34,14-11-2025,19:15:37,COMPLETED,0,1
79KWH,8,2,FULL,14-11-2025,19:15:43,14-11-2025,19:15:46,14-11-2025,19:19:29,COMPLETED,0,1
79KWH,8,2,FULL,15-11-2025,07:29:42,15-11-2025,07:29:42,15-11-2025,07:32:19,COMPLETED,0,1
79KWH,8,2,FULL,15-11-2025,07:32:26,15-11-2025,07:32:29,15-11-2025,07:34:56,COMPLETED,0,1
79KWH,8,2,FULL,15-11-2025,07:35:05,15-11-2025,07:35:06,15-11-2025,07:38:20,COMPLETED,0,1
79KWH,8,2,FULL,15-11-2025,07:38:25,15-11-2025,07:38:29,15-11-2025,07:42:23,COMPLETED,0,1
79KWH,8,2,FULL,15-11-2025,07:42:32,15-11-2025,07:42:32,15-11-2025,07:46:30,COMPLETED,0,1
79KWH,8,2,FULL,15-11-2025,07:46:36,15-11-2025,07:46:42,15-11-2025,07:50:40,COMPLETED,0,1
79KWH,8,2,FULL,15-11-2025,07:50:50,15-11-2025,07:50:52,15-11-2025,07:54:53,COMPLETED,0,1
79KWH,8,2,FULL,15-11-2025,07:54:59,15-11-2025,07:55:03,15-11-2025,07:59:03,COMPLETED,0,1
79KWH,8,2,FULL,15-11-2025,07:59:12,15-11-2025,07:59:13,15-11-2025,08:03:16,COMPLETED,0,1
79KWH,8,2,FULL,15-11-2025,08:03:22,15-11-2025,08:03:26,15-11-2025,08:07:28,COMPLETED,0,1
79KWH,8,2,FULL,15-11-2025,08:07:37,15-11-2025,08:07:38,15-11-2025,08:11:43,COMPLETED,0,1
79KWH,8,2,FULL,15-11-2025,08:11:49,15-11-2025,08:11:51,15-11-2025,08:15:55,COMPLETED,0,1
79KWH,8,2,FULL,15-11-2025,08:16:03,15-11-2025,08:16:04,15-11-2025,08:20:11,COMPLETED,0,1
79KWH,8,2,FULL,15-11-2025,08:20:16,15-11-2025,08:20:20,15-11-2025,08:24:26,COMPLETED,0,1
79KWH,8,2,FULL,15-11-2025,08:24:34,15-11-2025,08:24:35,15-11-2025,08:28:44,COMPLETED,0,1
79KWH,8,2,FULL,15-11-2025,08:28:50,15-11-2025,08:28:53,15-11-2025,08:33:00,COMPLETED,0,1
79KWH,8,2,FULL,15-11-2025,08:33:07,15-11-2025,08:33:08,15-11-2025,08:37:20,COMPLETED,0,1
79KWH,8,2,FULL,15-11-2025,08:37:26,15-11-2025,08:37:28,15-11-2025,08:41:38,COMPLETED,0,1
79KWH,8,2,FULL,15-11-2025,08:41:46,15-11-2025,08:41:47,15-11-2025,08:46:01,COMPLETED,0,1
79KWH,8,2,FULL,15-11-2025,08:46:07,15-11-2025,08:46:11,15-11-2025,08:50:24,COMPLETED,0,1
79KWH,8,2,FULL,15-11-2025,08:50:33,15-11-2025,08:50:34,15-11-2025,08:54:49,COMPLETED,0,1
79KWH,8,2,FULL,15-11-2025,08:54:55,15-11-2025,08:54:58,15-11-2025,08:59:12,COMPLETED,0,1
79KWH,8,2,FULL,15-11-2025,08:59:20,15-11-2025,08:59:21,15-11-2025,09:03:23,COMPLETED,0,1
79KWH,8,2,FULL,15-11-2025,09:03:29,15-11-2025,09:03:31,15-11-2025,09:07:16,COMPLETED,0,1
79KWH,8,2,FULL,15-11-2025,09:07:24,15-11-2025,09:07:26,15-11-2025,09:11:13,COMPLETED,0,1
79KWH,8,2,FULL,15-11-2025,09:11:19,15-11-2025,09:11:23,15-11-2025,09:15:10,COMPLETED,0,1
79KWH,8,2,FULL,15-11-2025,09:15:18,15-11-2025,09:15:20,15-11-2025,09:37:40,COMPLETED,0,1
79KWH,8,2,FULL,15-11-2025,09:37:46,15-11-2025,09:40:31,15-11-2025,09:44:34,COMPLETED,0,1
79KWH,8,2,FULL,15-11-2025,09:44:44,15-11-2025,09:44:48,15-11-2025,09:48:40,COMPLETED,0,1
79KWH,8,2,FULL,15-11-2025,09:48:47,15-11-2025,09:48:49,15-11-2025,09:52:40,COMPLETED,0,1
79KWH,8,2,FULL,15-11-2025,09:52:49,15-11-2025,09:55:36,15-11-2025,09:59:43,COMPLETED,0,1
79KWH,8,2,FULL,15-11-2025,09:59:50,15-11-2025,09:59:53,15-11-2025,10:03:45,COMPLETED,0,1
79KWH,8,2,FULL,15-11-2025,10:03:54,15-11-2025,10:03:55,15-11-2025,10:07:50,COMPLETED,0,1
79KWH,8,2,FULL,15-11-2025,10:07:57,15-11-2025,10:08:00,15-11-2025,10:11:53,COMPLETED,0,1
79KWH,8,2,FULL,15-11-2025,10:12:02,15-11-2025,10:12:03,15-11-2025,10:15:59,COMPLETED,0,1
79KWH,8,2,FULL,15-11-2025,10:16:06,15-11-2025,10:16:08,15-11-2025,10:20:04,COMPLETED,0,1
79KWH,8,2,FULL,15-11-2025,10:20:13,15-11-2025,10:20:15,15-11-2025,10:24:15,COMPLETED,0,1
79KWH,8,2,FULL,15-11-2025,10:24:21,15-11-2025,10:24:23,15-11-2025,10:28:21,COMPLETED,0,1
79KWH,8,2,FULL,15-11-2025,10:28:30,15-11-2025,10:28:31,15-11-2025,10:32:33,COMPLETED,0,1
79KWH,8,2,FULL,15-11-2025,10:32:40,15-11-2025,10:32:43,15-11-2025,10:36:44,COMPLETED,0,1
79KWH,8,2,FULL,15-11-2025,10:36:52,15-11-2025,10:36:53,15-11-2025,10:40:56,COMPLETED,0,1
79KWH,8,2,FULL,15-11-2025,10:41:02,15-11-2025,10:41:06,15-11-2025,10:45:07,COMPLETED,0,1
79KWH,8,2,FULL,15-11-2025,10:45:16,15-11-2025,10:45:16,15-11-2025,10:49:21,COMPLETED,0,1
79KWH,8,2,FULL,15-11-2025,10:49:27,15-11-2025,10:49:31,15-11-2025,10:53:35,COMPLETED,0,1
79KWH,8,2,FULL,15-11-2025,10:53:43,15-11-2025,10:53:44,15-11-2025,10:57:52,COMPLETED,0,1
79KWH,8,2,FULL,15-11-2025,10:57:58,15-11-2025,10:58:00,15-11-2025,11:02:06,COMPLETED,0,1
79KWH,8,2,FULL,15-11-2025,11:02:15,15-11-2025,11:02:16,15-11-2025,11:06:26,COMPLETED,0,1
79KWH,8,2,FULL,15-11-2025,11:06:32,15-11-2025,11:06:36,15-11-2025,11:10:43,COMPLETED,0,1
79KWH,8,2,FULL,15-11-2025,11:10:52,15-11-2025,11:10:53,15-11-2025,11:22:38,COMPLETED,0,1
79KWH,8,2,FULL,15-11-2025,11:22:48,15-11-2025,11:22:49,15-11-2025,11:26:59,COMPLETED,0,1
79KWH,8,2,FULL,15-11-2025,11:27:08,15-11-2025,11:27:09,15-11-2025,11:31:23,COMPLETED,0,1
79KWH,8,2,FULL,15-11-2025,11:31:30,15-11-2025,11:31:32,15-11-2025,11:35:45,COMPLETED,0,1
79KWH,8,2,FULL,15-11-2025,11:35:54,15-11-2025,11:35:54,15-11-2025,11:40:09,COMPLETED,0,1
79KWH,8,2,FULL,15-11-2025,11:40:15,15-11-2025,11:40:19,15-11-2025,11:44:33,COMPLETED,0,1
79KWH,8,3,FULL,15-11-2025,12:52:13,15-11-2025,12:53:28,15-11-2025,13:14:51,COMPLETED,0,1
79KWH,8,3,FULL,15-11-2025,13:15:08,15-11-2025,13:15:57,15-11-2025,13:17:08,COMPLETED,0,1
79KWH,8,3,FULL,15-11-2025,13:17:13,15-11-2025,13:18:17,15-11-2025,13:19:23,COMPLETED,0,1
79KWH,8,3,FULL,15-11-2025,13:19:42,15-11-2025,13:20:35,15-11-2025,13:21:44,COMPLETED,0,1
79KWH,8,3,FULL,15-11-2025,13:21:50,15-11-2025,13:23:00,15-11-2025,13:24:05,COMPLETED,0,1
79KWH,8,3,FULL,15-11-2025,13:24:22,15-11-2025,13:26:16,15-11-2025,13:28:19,COMPLETED,0,1
79KWH,8,1,FULL,15-11-2025,13:26:56,15-11-2025,13:27:57,15-11-2025,13:29:10,COMPLETED,0,1
79KWH,8,1,FULL,15-11-2025,13:29:18,15-11-2025,13:29:19,15-11-2025,13:30:30,COMPLETED,0,1
79KWH,8,1,FULL,15-11-2025,13:30:36,15-11-2025,13:30:42,15-11-2025,13:31:50,COMPLETED,0,1
79KWH,8,1,FULL,15-11-2025,13:32:00,15-11-2025,13:32:01,15-11-2025,13:33:12,COMPLETED,0,1
79KWH,8,3,FULL,15-11-2025,13:32:36,15-11-2025,13:33:47,15-11-2025,13:34:53,COMPLETED,0,1
79KWH,8,1,FULL,15-11-2025,13:33:19,15-11-2025,13:33:21,15-11-2025,13:38:36,COMPLETED,0,1
79KWH,8,3,FULL,15-11-2025,13:37:01,15-11-2025,13:41:08,15-11-2025,13:43:12,COMPLETED,0,1
79KWH,8,1,FULL,15-11-2025,13:38:48,15-11-2025,13:38:49,15-11-2025,13:39:59,COMPLETED,0,1
79KWH,8,1,FULL,15-11-2025,13:40:07,15-11-2025,13:40:08,15-11-2025,13:41:16,COMPLETED,0,1
79KWH,8,1,FULL,15-11-2025,13:41:26,15-11-2025,13:41:27,15-11-2025,13:42:37,COMPLETED,0,1
79KWH,8,1,FULL,15-11-2025,13:42:48,15-11-2025,13:42:49,15-11-2025,13:43:57,COMPLETED,0,1
79KWH,8,3,FULL,15-11-2025,13:43:17,15-11-2025,13:55:47,15-11-2025,13:57:48,COMPLETED,0,1
79KWH,8,1,FULL,15-11-2025,13:44:08,15-11-2025,13:44:08,15-11-2025,13:45:19,COMPLETED,0,1
79KWH,8,1,FULL,15-11-2025,13:45:25,15-11-2025,13:45:28,15-11-2025,13:46:36,COMPLETED,0,1
79KWH,8,1,FULL,15-11-2025,13:46:56,15-11-2025,13:46:57,15-11-2025,13:48:08,COMPLETED,0,1
79KWH,8,1,FULL,15-11-2025,13:48:53,15-11-2025,13:48:53,15-11-2025,13:50:01,COMPLETED,0,1
79KWH,8,1,FULL,15-11-2025,13:50:11,15-11-2025,13:50:11,15-11-2025,13:51:22,COMPLETED,0,1
79KWH,8,1,FULL,15-11-2025,13:51:29,15-11-2025,13:51:32,15-11-2025,13:52:42,COMPLETED,0,1
79KWH,8,1,FULL,15-11-2025,13:52:52,15-11-2025,13:52:52,15-11-2025,13:54:03,COMPLETED,0,1
79KWH,8,1,FULL,15-11-2025,13:54:10,15-11-2025,13:54:12,15-11-2025,13:55:21,COMPLETED,0,1
79KWH,8,1,FULL,15-11-2025,13:55:28,15-11-2025,13:55:30,15-11-2025,13:56:41,COMPLETED,0,1
79KWH,8,1,FULL,15-11-2025,13:56:48,15-11-2025,13:56:49,15-11-2025,13:57:58,COMPLETED,0,1
79KWH,8,3,FULL,15-11-2025,13:58:05,15-11-2025,14:00:57,15-11-2025,14:03:01,COMPLETED,0,1
79KWH,8,1,FULL,15-11-2025,13:58:06,15-11-2025,13:58:08,15-11-2025,13:59:18,COMPLETED,0,1
79KWH,8,1,FULL,15-11-2025,13:59:24,15-11-2025,13:59:27,15-11-2025,14:00:35,COMPLETED,0,1
79KWH,8,1,FULL,15-11-2025,14:00:45,15-11-2025,14:00:46,15-11-2025,14:01:56,COMPLETED,0,1
79KWH,8,1,FULL,15-11-2025,14:02:02,15-11-2025,14:02:05,15-11-2025,14:03:13,COMPLETED,0,1
79KWH,8,3,FULL,15-11-2025,14:03:06,15-11-2025,14:06:12,15-11-2025,14:08:13,COMPLETED,0,1
79KWH,8,1,FULL,15-11-2025,14:03:21,15-11-2025,14:03:22,15-11-2025,14:04:32,COMPLETED,0,1
79KWH,8,1,FULL,15-11-2025,14:04:40,15-11-2025,14:04:43,15-11-2025,14:05:51,COMPLETED,0,1
79KWH,8,1,FULL,15-11-2025,14:06:01,15-11-2025,14:06:01,15-11-2025,14:07:12,COMPLETED,0,1
79KWH,8,1,FULL,15-11-2025,14:07:18,15-11-2025,14:07:21,15-11-2025,14:08:29,COMPLETED,0,1
79KWH,8,3,FULL,15-11-2025,14:08:30,15-11-2025,14:12:24,15-11-2025,14:13:32,COMPLETED,0,1
79KWH,8,1,FULL,15-11-2025,14:08:39,15-11-2025,14:08:42,15-11-2025,14:09:54,COMPLETED,0,1
79KWH,8,1,FULL,15-11-2025,14:10:01,15-11-2025,14:10:03,15-11-2025,14:11:13,COMPLETED,0,1
79KWH,8,1,FULL,15-11-2025,14:11:21,15-11-2025,14:11:22,15-11-2025,14:12:34,COMPLETED,0,1
79KWH,8,3,FULL,15-11-2025,14:13:40,15-11-2025,14:13:41,15-11-2025,14:14:53,COMPLETED,0,1
79KWH,8,3,FULL,15-11-2025,14:15:08,15-11-2025,14:42:44,15-11-2025,14:43:55,COMPLETED,0,1
79KWH,8,3,FULL,15-11-2025,14:44:01,15-11-2025,14:46:06,15-11-2025,14:48:07,COMPLETED,0,1
79KWH,8,1,FULL,15-11-2025,14:47:51,15-11-2025,14:47:52,15-11-2025,14:49:52,COMPLETED,0,1
79KWH,8,3,FULL,15-11-2025,14:48:20,15-11-2025,14:50:16,15-11-2025,14:52:19,COMPLETED,0,1
79KWH,8,1,FULL,15-11-2025,14:50:01,15-11-2025,14:50:01,15-11-2025,14:51:16,COMPLETED,0,1
79KWH,8,1,FULL,15-11-2025,14:51:37,15-11-2025,14:51:38,15-11-2025,15:20:54,COMPLETED,0,1
79KWH,8,3,FULL,15-11-2025,14:52:24,15-11-2025,14:58:30,15-11-2025,14:59:42,COMPLETED,0,1
79KWH,8,3,FULL,15-11-2025,14:59:57,15-11-2025,15:01:53,15-11-2025,15:03:56,COMPLETED,0,1
79KWH,8,3,FULL,15-11-2025,15:04:02,15-11-2025,15:04:08,15-11-2025,15:05:20,COMPLETED,0,1
79KWH,8,3,FULL,15-11-2025,15:05:36,15-11-2025,15:05:37,15-11-2025,15:06:51,COMPLETED,0,1
79KWH,8,3,FULL,15-11-2025,15:06:57,15-11-2025,15:07:00,15-11-2025,15:08:11,COMPLETED,0,1
79KWH,8,3,FULL,15-11-2025,15:08:26,15-11-2025,15:08:27,15-11-2025,15:09:41,COMPLETED,0,1
79KWH,8,3,FULL,15-11-2025,15:09:47,15-11-2025,15:09:50,15-11-2025,15:11:01,COMPLETED,0,1
79KWH,8,3,FULL,15-11-2025,15:11:17,15-11-2025,15:11:18,15-11-2025,15:12:32,COMPLETED,0,1
79KWH,8,3,FULL,15-11-2025,15:12:38,15-11-2025,15:12:42,15-11-2025,15:13:53,COMPLETED,0,1
79KWH,8,3,FULL,15-11-2025,15:14:09,15-11-2025,15:14:09,15-11-2025,15:15:24,COMPLETED,0,1
79KWH,8,3,FULL,15-11-2025,15:15:29,15-11-2025,15:15:32,15-11-2025,15:16:44,COMPLETED,0,1
79KWH,8,3,FULL,15-11-2025,15:17:01,15-11-2025,15:17:02,15-11-2025,15:18:16,COMPLETED,0,1
79KWH,8,1,FULL,15-11-2025,15:21:02,15-11-2025,15:21:03,15-11-2025,15:22:19,COMPLETED,0,1
79KWH,8,1,FULL,15-11-2025,15:22:25,15-11-2025,15:22:28,15-11-2025,15:23:42,COMPLETED,0,1
79KWH,8,1,FULL,15-11-2025,15:23:55,15-11-2025,15:23:56,15-11-2025,15:25:12,COMPLETED,0,1
79KWH,8,1,FULL,15-11-2025,15:25:18,15-11-2025,15:25:22,15-11-2025,15:26:36,COMPLETED,0,1
79KWH,8,1,FULL,15-11-2025,15:26:47,15-11-2025,15:26:47,15-11-2025,15:28:05,COMPLETED,0,1
79KWH,8,1,FULL,15-11-2025,15:48:43,15-11-2025,15:48:44,15-11-2025,15:50:47,COMPLETED,0,1
79KWH,8,3,FULL,15-11-2025,15:49:51,15-11-2025,15:52:45,15-11-2025,15:54:03,COMPLETED,0,1
79KWH,8,1,FULL,15-11-2025,15:50:56,15-11-2025,15:50:56,15-11-2025,15:52:15,COMPLETED,0,1
79KWH,8,1,FULL,15-11-2025,15:52:27,15-11-2025,15:52:27,15-11-2025,15:53:44,COMPLETED,0,1
79KWH,8,1,FULL,15-11-2025,15:54:20,15-11-2025,15:54:20,15-11-2025,15:55:40,COMPLETED,0,1
79KWH,8,3,FULL,15-11-2025,15:54:20,15-11-2025,15:55:27,15-11-2025,15:56:49,COMPLETED,0,1
79KWH,8,1,FULL,15-11-2025,15:56:10,15-11-2025,15:56:11,15-11-2025,15:57:29,COMPLETED,0,1
79KWH,8,3,FULL,15-11-2025,15:56:55,15-11-2025,15:56:58,15-11-2025,15:58:09,COMPLETED,0,1
79KWH,8,1,FULL,15-11-2025,15:58:04,15-11-2025,15:58:05,15-11-2025,15:59:26,COMPLETED,0,1
79KWH,8,3,FULL,15-11-2025,15:58:23,15-11-2025,15:59:33,15-11-2025,16:00:55,COMPLETED,0,1
79KWH,8,1,FULL,15-11-2025,15:59:59,15-11-2025,16:00:00,15-11-2025,16:01:19,COMPLETED,0,1
79KWH,8,3,FULL,15-11-2025,16:01:01,15-11-2025,16:04:31,15-11-2025,16:05:56,COMPLETED,0,1
79KWH,8,1,FULL,15-11-2025,16:01:50,15-11-2025,16:01:51,15-11-2025,16:03:14,COMPLETED,0,1
79KWH,8,1,FULL,15-11-2025,16:03:39,15-11-2025,16:03:40,15-11-2025,16:05:01,COMPLETED,0,1
79KWH,8,1,FULL,15-11-2025,16:05:34,15-11-2025,16:05:38,15-11-2025,16:07:01,COMPLETED,0,1
79KWH,8,3,FULL,15-11-2025,16:06:12,15-11-2025,16:10:32,15-11-2025,16:11:55,COMPLETED,0,1
79KWH,8,1,FULL,15-11-2025,16:07:25,15-11-2025,16:07:26,15-11-2025,16:08:47,COMPLETED,0,1
79KWH,8,1,FULL,15-11-2025,16:09:14,15-11-2025,16:09:15,15-11-2025,16:10:42,COMPLETED,0,1
79KWH,8,1,FULL,15-11-2025,16:10:49,15-11-2025,16:10:50,15-11-2025,16:12:12,COMPLETED,0,1
79KWH,8,3,FULL,15-11-2025,16:12:02,15-11-2025,16:12:04,15-11-2025,16:13:17,COMPLETED,0,1
79KWH,8,1,FULL,15-11-2025,16:12:21,15-11-2025,16:12:21,15-11-2025,16:13:47,COMPLETED,0,1
79KWH,8,3,FULL,15-11-2025,16:13:30,15-11-2025,16:20:24,15-11-2025,16:21:51,COMPLETED,0,1
79KWH,8,1,FULL,15-11-2025,16:13:53,15-11-2025,16:13:56,15-11-2025,16:17:17,COMPLETED,0,1
79KWH,8,1,FULL,15-11-2025,16:17:25,15-11-2025,16:17:28,15-11-2025,16:18:54,COMPLETED,0,1
79KWH,8,1,FULL,15-11-2025,16:19:00,15-11-2025,16:19:02,15-11-2025,16:20:27,COMPLETED,0,1
79KWH,8,1,FULL,15-11-2025,16:20:39,15-11-2025,16:20:41,15-11-2025,16:22:08,COMPLETED,0,1
79KWH,8,3,FULL,15-11-2025,16:21:57,15-11-2025,16:21:58,15-11-2025,16:23:12,COMPLETED,0,1
79KWH,8,1,FULL,15-11-2025,16:22:15,15-11-2025,16:22:18,15-11-2025,16:23:44,COMPLETED,0,1
79KWH,8,3,FULL,15-11-2025,16:23:30,15-11-2025,16:26:56,15-11-2025,16:28:22,COMPLETED,0,1
79KWH,8,1,FULL,15-11-2025,16:23:55,15-11-2025,16:23:55,15-11-2025,16:25:24,COMPLETED,0,1
79KWH,8,1,FULL,15-11-2025,16:25:30,15-11-2025,16:25:32,15-11-2025,16:26:57,COMPLETED,0,1
79KWH,8,1,FULL,15-11-2025,16:27:06,15-11-2025,16:27:07,15-11-2025,16:28:36,COMPLETED,0,1
79KWH,8,3,FULL,15-11-2025,16:28:29,15-11-2025,16:29:45,15-11-2025,16:31:07,COMPLETED,0,1
79KWH,8,1,FULL,15-11-2025,16:28:46,15-11-2025,16:28:47,15-11-2025,16:30:14,COMPLETED,0,1
79KWH,8,1,FULL,15-11-2025,16:30:23,15-11-2025,16:30:23,15-11-2025,16:31:54,COMPLETED,0,1
79KWH,8,3,FULL,15-11-2025,16:31:25,15-11-2025,16:34:42,15-11-2025,16:36:10,COMPLETED,0,1
79KWH,8,1,FULL,15-11-2025,16:32:00,15-11-2025,16:32:02,15-11-2025,16:33:31,COMPLETED,0,1
79KWH,8,1,FULL,15-11-2025,16:33:39,15-11-2025,16:33:40,15-11-2025,16:35:12,COMPLETED,0,1
79KWH,8,1,FULL,15-11-2025,16:35:18,15-11-2025,16:35:21,15-11-2025,16:36:51,COMPLETED,0,1
79KWH,8,3,FULL,15-11-2025,16:36:16,15-11-2025,16:38:45,15-11-2025,16:40:12,COMPLETED,0,1
79KWH,8,1,FULL,15-11-2025,16:36:59,15-11-2025,16:37:00,15-11-2025,16:38:32,COMPLETED,0,1
79KWH,8,1,FULL,15-11-2025,16:38:39,15-11-2025,16:38:43,15-11-2025,16:40:14,COMPLETED,0,1
79KWH,8,1,FULL,15-11-2025,16:40:23,15-11-2025,16:42:03,15-11-2025,16:44:15,COMPLETED,0,1
79KWH,8,3,FULL,15-11-2025,16:40:27,15-11-2025,16:42:46,15-11-2025,16:44:17,COMPLETED,0,1
79KWH,8,1,FULL,15-11-2025,16:44:22,15-11-2025,16:46:19,15-11-2025,16:48:29,COMPLETED,0,1
79KWH,8,3,FULL,15-11-2025,16:44:24,15-11-2025,16:45:45,15-11-2025,16:47:15,COMPLETED,0,1
79KWH,8,3,FULL,15-11-2025,16:47:30,15-11-2025,16:49:51,15-11-2025,16:51:23,COMPLETED,0,1
79KWH,8,1,FULL,15-11-2025,16:48:37,15-11-2025,16:48:38,15-11-2025,16:50:13,COMPLETED,0,1
79KWH,8,1,FULL,15-11-2025,16:50:18,15-11-2025,16:50:22,15-11-2025,16:51:55,COMPLETED,0,1
79KWH,8,3,FULL,15-11-2025,16:51:30,15-11-2025,16:51:32,15-11-2025,16:52:51,COMPLETED,0,1
79KWH,8,1,FULL,15-11-2025,16:52:03,15-11-2025,16:53:49,15-11-2025,16:55:26,COMPLETED,0,1
79KWH,8,3,FULL,15-11-2025,16:53:05,15-11-2025,16:54:16,15-11-2025,16:55:52,COMPLETED,0,1
79KWH,8,1,FULL,15-11-2025,16:55:32,15-11-2025,16:55:36,15-11-2025,16:57:13,COMPLETED,0,1
79KWH,8,3,FULL,15-11-2025,16:55:58,15-11-2025,16:56:01,15-11-2025,16:57:21,COMPLETED,0,1
79KWH,8,1,FULL,15-11-2025,16:57:20,15-11-2025,16:57:22,15-11-2025,16:59:01,COMPLETED,0,1
79KWH,8,3,FULL,15-11-2025,16:57:39,15-11-2025,16:59:51,15-11-2025,17:01:23,COMPLETED,0,1
79KWH,8,1,FULL,15-11-2025,16:59:07,15-11-2025,16:59:10,15-11-2025,17:00:47,COMPLETED,0,1
79KWH,8,1,FULL,15-11-2025,17:00:55,15-11-2025,17:00:56,15-11-2025,17:02:37,COMPLETED,0,1
79KWH,8,3,FULL,15-11-2025,17:01:29,15-11-2025,17:07:17,15-11-2025,17:08:49,COMPLETED,0,1
79KWH,8,1,FULL,15-11-2025,17:02:44,15-11-2025,17:02:46,15-11-2025,17:04:24,COMPLETED,0,1
79KWH,8,1,FULL,15-11-2025,17:04:33,15-11-2025,17:04:34,15-11-2025,17:06:16,COMPLETED,0,1
79KWH,8,1,FULL,15-11-2025,17:06:23,15-11-2025,17:06:24,15-11-2025,17:08:04,COMPLETED,0,1
79KWH,8,1,FULL,15-11-2025,17:08:13,15-11-2025,17:08:15,15-11-2025,17:09:58,COMPLETED,0,1
79KWH,8,3,FULL,15-11-2025,17:09:03,15-11-2025,17:09:03,15-11-2025,17:10:27,COMPLETED,0,1
79KWH,8,1,FULL,15-11-2025,17:10:04,15-11-2025,17:10:06,15-11-2025,17:11:48,COMPLETED,0,1
79KWH,8,3,FULL,15-11-2025,17:10:33,15-11-2025,17:10:36,15-11-2025,17:12:00,COMPLETED,0,1
79KWH,8,1,FULL,15-11-2025,17:11:57,15-11-2025,17:11:57,15-11-2025,17:13:41,COMPLETED,0,1
79KWH,8,3,FULL,15-11-2025,17:12:14,15-11-2025,17:17:59,15-11-2025,17:19:37,COMPLETED,0,1
79KWH,8,1,FULL,15-11-2025,17:13:47,15-11-2025,17:13:49,15-11-2025,17:15:31,COMPLETED,0,1
79KWH,8,1,FULL,15-11-2025,17:15:40,15-11-2025,17:15:41,15-11-2025,17:17:25,COMPLETED,0,1
79KWH,8,1,FULL,15-11-2025,17:17:32,15-11-2025,17:17:35,15-11-2025,17:20:48,COMPLETED,0,1
79KWH,8,3,FULL,15-11-2025,17:19:44,15-11-2025,17:19:46,15-11-2025,17:21:09,COMPLETED,0,1
79KWH,8,1,FULL,15-11-2025,17:20:56,15-11-2025,17:20:57,15-11-2025,17:22:44,COMPLETED,0,1
79KWH,8,3,FULL,15-11-2025,17:21:27,15-11-2025,17:24:57,15-11-2025,17:26:37,COMPLETED,0,1
79KWH,8,1,FULL,15-11-2025,17:22:50,15-11-2025,17:22:52,15-11-2025,17:24:37,COMPLETED,0,1
79KWH,8,1,FULL,15-11-2025,17:24:46,15-11-2025,17:26:44,15-11-2025,17:29:03,COMPLETED,0,1
79KWH,8,3,FULL,15-11-2025,17:26:44,15-11-2025,17:26:47,15-11-2025,17:28:12,COMPLETED,0,1
79KWH,8,3,FULL,15-11-2025,17:28:27,15-11-2025,17:30:46,15-11-2025,17:32:24,COMPLETED,0,1
79KWH,8,1,FULL,15-11-2025,17:29:09,15-11-2025,17:29:14,15-11-2025,17:30:59,COMPLETED,0,1
79KWH,8,1,FULL,15-11-2025,17:31:08,15-11-2025,17:31:09,15-11-2025,17:32:58,COMPLETED,0,1
79KWH,8,3,FULL,15-11-2025,17:32:31,15-11-2025,17:32:33,15-11-2025,17:33:58,COMPLETED,0,1
79KWH,8,1,FULL,15-11-2025,17:33:04,15-11-2025,17:33:07,15-11-2025,17:34:55,COMPLETED,0,1
79KWH,8,3,FULL,15-11-2025,17:34:12,15-11-2025,17:37:46,15-11-2025,17:39:26,COMPLETED,0,1
79KWH,8,1,FULL,15-11-2025,17:35:03,15-11-2025,17:36:30,15-11-2025,17:38:51,COMPLETED,0,1
79KWH,8,1,FULL,15-11-2025,17:38:57,15-11-2025,17:39:00,15-11-2025,17:40:49,COMPLETED,0,1
79KWH,8,3,FULL,15-11-2025,17:39:32,15-11-2025,17:39:35,15-11-2025,17:41:02,COMPLETED,0,1
79KWH,8,1,FULL,15-11-2025,17:40:56,15-11-2025,17:42:24,15-11-2025,17:44:45,COMPLETED,0,1
79KWH,8,3,FULL,15-11-2025,17:41:24,15-11-2025,17:42:27,15-11-2025,17:44:08,COMPLETED,0,1
79KWH,8,3,FULL,15-11-2025,17:44:13,15-11-2025,17:45:34,15-11-2025,17:47:13,COMPLETED,0,1
79KWH,8,1,FULL,15-11-2025,17:44:51,15-11-2025,17:47:02,15-11-2025,17:49:21,COMPLETED,0,1
79KWH,8,3,FULL,15-11-2025,17:47:28,15-11-2025,17:49:52,15-11-2025,17:51:35,COMPLETED,0,1
79KWH,8,1,FULL,15-11-2025,17:49:29,15-11-2025,17:51:37,15-11-2025,17:54:00,COMPLETED,0,1
79KWH,8,3,FULL,15-11-2025,17:51:43,15-11-2025,17:51:44,15-11-2025,17:53:12,COMPLETED,0,1
79KWH,8,3,FULL,15-11-2025,17:53:28,15-11-2025,17:57:55,15-11-2025,17:59:40,COMPLETED,0,1
79KWH,8,1,FULL,15-11-2025,17:54:06,15-11-2025,17:55:39,15-11-2025,17:57:58,COMPLETED,0,1
79KWH,8,1,FULL,15-11-2025,17:58:07,15-11-2025,17:58:09,15-11-2025,18:00:02,COMPLETED,0,1
79KWH,8,3,FULL,15-11-2025,17:59:47,15-11-2025,18:02:15,15-11-2025,18:03:58,COMPLETED,0,1
79KWH,8,1,FULL,15-11-2025,18:00:08,15-11-2025,18:00:11,15-11-2025,18:03:20,COMPLETED,0,1
79KWH,8,1,FULL,15-11-2025,18:03:29,15-11-2025,18:03:29,15-11-2025,18:05:24,COMPLETED,0,1
79KWH,8,3,FULL,15-11-2025,18:04:12,15-11-2025,18:05:22,15-11-2025,18:07:07,COMPLETED,0,1
79KWH,8,1,FULL,15-11-2025,18:05:30,15-11-2025,18:05:33,15-11-2025,18:07:26,COMPLETED,0,1
79KWH,8,3,FULL,15-11-2025,18:07:13,15-11-2025,18:08:34,15-11-2025,18:10:17,COMPLETED,0,1
79KWH,8,1,FULL,15-11-2025,18:07:35,15-11-2025,18:09:02,15-11-2025,18:11:25,COMPLETED,0,1
79KWH,8,3,FULL,15-11-2025,18:10:32,15-11-2025,18:13:53,15-11-2025,18:15:41,COMPLETED,0,1
79KWH,8,1,FULL,15-11-2025,18:11:32,15-11-2025,18:13:00,15-11-2025,18:15:21,COMPLETED,0,1
79KWH,8,1,FULL,15-11-2025,18:15:29,15-11-2025,18:16:58,15-11-2025,18:19:22,COMPLETED,0,1
79KWH,8,3,FULL,15-11-2025,18:15:49,15-11-2025,18:17:09,15-11-2025,18:18:54,COMPLETED,0,1
79KWH,8,3,FULL,15-11-2025,18:19:10,15-11-2025,18:19:11,15-11-2025,18:20:45,COMPLETED,0,1
79KWH,8,1,FULL,15-11-2025,18:19:28,15-11-2025,18:19:31,15-11-2025,18:21:26,COMPLETED,0,1
79KWH,8,3,FULL,15-11-2025,18:20:51,15-11-2025,18:23:18,15-11-2025,18:25:05,COMPLETED,0,1
79KWH,8,1,FULL,15-11-2025,18:21:34,15-11-2025,18:22:58,15-11-2025,18:25:23,COMPLETED,0,1
79KWH,8,3,FULL,15-11-2025,18:25:24,15-11-2025,18:27:39,15-11-2025,18:29:30,COMPLETED,0,1
79KWH,8,1,FULL,15-11-2025,18:25:29,15-11-2025,18:26:56,15-11-2025,18:29:20,COMPLETED,0,1
79KWH,8,1,FULL,15-11-2025,18:29:28,15-11-2025,18:29:29,15-11-2025,18:31:27,COMPLETED,0,1
79KWH,8,3,FULL,15-11-2025,18:29:35,15-11-2025,18:29:39,15-11-2025,18:31:13,COMPLETED,0,1
79KWH,8,3,FULL,15-11-2025,18:31:29,15-11-2025,18:31:30,15-11-2025,18:33:08,COMPLETED,0,1
79KWH,8,1,FULL,15-11-2025,18:31:34,15-11-2025,18:31:37,15-11-2025,18:33:35,COMPLETED,0,1
79KWH,8,3,FULL,15-11-2025,18:33:15,15-11-2025,18:33:17,15-11-2025,18:34:53,COMPLETED,0,1
79KWH,8,1,FULL,15-11-2025,18:33:44,15-11-2025,18:33:44,15-11-2025,18:35:43,COMPLETED,0,1
79KWH,8,3,FULL,15-11-2025,18:35:06,15-11-2025,18:35:07,15-11-2025,18:36:45,COMPLETED,0,1
79KWH,8,1,FULL,15-11-2025,18:35:51,15-11-2025,18:35:52,15-11-2025,18:37:49,COMPLETED,0,1
79KWH,8,3,FULL,15-11-2025,18:36:51,15-11-2025,18:36:55,15-11-2025,18:38:31,COMPLETED,0,1
79KWH,8,1,FULL,15-11-2025,18:37:57,15-11-2025,18:37:57,15-11-2025,18:39:59,COMPLETED,0,1
79KWH,8,3,FULL,15-11-2025,18:38:46,15-11-2025,18:38:47,15-11-2025,18:40:26,COMPLETED,0,1
79KWH,8,1,FULL,15-11-2025,18:40:04,15-11-2025,18:40:07,15-11-2025,18:42:06,COMPLETED,0,1
79KWH,8,3,FULL,15-11-2025,18:40:32,15-11-2025,18:40:36,15-11-2025,18:42:13,COMPLETED,0,1
79KWH,8,1,FULL,15-11-2025,18:42:15,15-11-2025,18:42:16,15-11-2025,18:44:18,COMPLETED,0,1
79KWH,8,3,FULL,15-11-2025,18:42:30,15-11-2025,18:42:32,15-11-2025,18:44:13,COMPLETED,0,1
79KWH,8,3,FULL,15-11-2025,18:44:20,15-11-2025,18:44:22,15-11-2025,18:46:02,COMPLETED,0,1
79KWH,8,1,FULL,15-11-2025,18:44:24,15-11-2025,18:44:28,15-11-2025,18:46:28,COMPLETED,0,1
79KWH,8,3,FULL,15-11-2025,18:46:19,15-11-2025,18:46:20,15-11-2025,18:48:02,COMPLETED,0,1
79KWH,8,1,FULL,15-11-2025,18:46:38,15-11-2025,18:46:39,15-11-2025,18:48:42,COMPLETED,0,1
79KWH,8,3,FULL,15-11-2025,18:48:08,15-11-2025,18:48:11,15-11-2025,18:49:53,COMPLETED,0,1
79KWH,8,1,FULL,15-11-2025,18:48:49,15-11-2025,18:48:50,15-11-2025,18:50:52,COMPLETED,0,1
79KWH,8,3,FULL,15-11-2025,18:50:07,15-11-2025,18:50:09,15-11-2025,18:51:53,COMPLETED,0,1
79KWH,8,1,FULL,15-11-2025,18:51:01,15-11-2025,18:52:17,15-11-2025,18:54:45,COMPLETED,0,1
79KWH,8,3,FULL,15-11-2025,18:51:59,15-11-2025,18:52:03,15-11-2025,18:53:44,COMPLETED,0,1
79KWH,8,3,FULL,15-11-2025,18:54:01,15-11-2025,18:54:01,15-11-2025,18:55:45,COMPLETED,0,1
79KWH,8,1,FULL,15-11-2025,18:54:51,15-11-2025,18:54:54,15-11-2025,18:56:57,COMPLETED,0,1
79KWH,8,3,FULL,15-11-2025,18:55:51,15-11-2025,18:55:56,15-11-2025,18:57:38,COMPLETED,0,1
79KWH,8,1,FULL,15-11-2025,18:57:05,15-11-2025,18:58:24,15-11-2025,19:00:52,COMPLETED,0,1
79KWH,8,3,FULL,15-11-2025,18:57:55,15-11-2025,18:57:55,15-11-2025,18:59:42,COMPLETED,0,1
79KWH,8,3,FULL,15-11-2025,18:59:47,15-11-2025,18:59:50,15-11-2025,19:01:34,COMPLETED,0,1
79KWH,8,1,FULL,15-11-2025,19:00:58,15-11-2025,19:01:01,15-11-2025,19:03:05,COMPLETED,0,1
79KWH,8,3,FULL,15-11-2025,19:01:51,15-11-2025,19:01:52,15-11-2025,19:03:39,COMPLETED,0,1
79KWH,8,1,FULL,15-11-2025,19:03:14,15-11-2025,19:04:36,15-11-2025,19:07:05,COMPLETED,0,1
79KWH,8,3,FULL,15-11-2025,19:03:46,15-11-2025,19:03:49,15-11-2025,19:05:34,COMPLETED,0,1
79KWH,8,3,FULL,15-11-2025,19:05:50,15-11-2025,19:05:51,15-11-2025,19:07:38,COMPLETED,0,1
79KWH,8,1,FULL,15-11-2025,19:07:12,15-11-2025,19:08:31,15-11-2025,19:10:59,COMPLETED,0,1
79KWH,8,3,FULL,15-11-2025,19:07:44,15-11-2025,19:07:47,15-11-2025,19:09:33,COMPLETED,0,1
79KWH,8,3,FULL,15-11-2025,19:09:49,15-11-2025,19:09:50,15-11-2025,19:11:39,COMPLETED,0,1
79KWH,8,1,FULL,15-11-2025,19:11:07,15-11-2025,19:12:28,15-11-2025,19:14:58,COMPLETED,0,1
79KWH,8,3,FULL,15-11-2025,19:11:46,15-11-2025,19:11:48,15-11-2025,19:13:35,COMPLETED,0,1
79KWH,8,3,FULL,15-11-2025,19:13:50,15-11-2025,19:13:52,15-11-2025,19:15:41,COMPLETED,0,1
79KWH,8,1,FULL,15-11-2025,19:15:05,15-11-2025,19:15:07,15-11-2025,19:17:12,COMPLETED,0,1
79KWH,8,3,FULL,15-11-2025,19:15:47,15-11-2025,19:15:51,15-11-2025,19:17:39,COMPLETED,0,1
79KWH,8,1,FULL,15-11-2025,19:17:22,15-11-2025,19:18:37,15-11-2025,19:21:07,COMPLETED,0,1
79KWH,8,3,FULL,15-11-2025,19:17:55,15-11-2025,19:17:55,15-11-2025,19:19:47,COMPLETED,0,1
79KWH,8,3,FULL,15-11-2025,19:19:54,15-11-2025,19:19:56,15-11-2025,19:21:47,COMPLETED,0,1
79KWH,8,1,FULL,15-11-2025,19:21:13,15-11-2025,19:21:15,15-11-2025,19:23:22,COMPLETED,0,1
79KWH,8,3,FULL,15-11-2025,19:22:02,15-11-2025,19:22:02,15-11-2025,19:23:55,COMPLETED,0,1
79KWH,8,1,FULL,15-11-2025,19:23:32,15-11-2025,19:24:50,15-11-2025,19:27:20,COMPLETED,0,1
79KWH,8,3,FULL,15-11-2025,19:24:02,15-11-2025,19:24:05,15-11-2025,19:25:57,COMPLETED,0,1
79KWH,8,3,FULL,15-11-2025,19:26:11,15-11-2025,19:26:11,15-11-2025,19:28:05,COMPLETED,0,1
79KWH,8,1,FULL,15-11-2025,19:27:26,15-11-2025,19:27:29,15-11-2025,19:29:38,COMPLETED,0,1
79KWH,8,3,FULL,15-11-2025,19:28:11,15-11-2025,19:28:15,15-11-2025,19:30:08,COMPLETED,0,1
79KWH,8,1,FULL,15-11-2025,19:29:47,15-11-2025,19:31:10,15-11-2025,19:33:42,COMPLETED,0,1
79KWH,8,3,FULL,15-11-2025,19:30:22,15-11-2025,19:30:23,15-11-2025,19:32:20,COMPLETED,0,1
79KWH,8,3,FULL,15-11-2025,19:32:27,15-11-2025,19:32:29,15-11-2025,19:34:23,COMPLETED,0,1
79KWH,8,1,FULL,15-11-2025,19:33:50,15-11-2025,19:33:50,15-11-2025,19:35:59,COMPLETED,0,1
79KWH,8,3,FULL,15-11-2025,19:34:38,15-11-2025,19:34:38,15-11-2025,19:36:36,COMPLETED,0,1
79KWH,8,1,FULL,15-11-2025,19:36:08,15-11-2025,19:37:22,15-11-2025,19:39:53,COMPLETED,0,1
79KWH,8,3,FULL,15-11-2025,19:36:43,15-11-2025,19:36:44,15-11-2025,19:38:39,COMPLETED,0,1
79KWH,8,3,FULL,15-11-2025,19:38:58,15-11-2025,19:39:01,15-11-2025,19:40:58,COMPLETED,0,1
79KWH,8,1,FULL,15-11-2025,19:39:59,15-11-2025,19:41:20,15-11-2025,19:43:50,COMPLETED,0,1
79KWH,8,3,FULL,15-11-2025,19:41:04,15-11-2025,19:41:08,15-11-2025,19:43:04,COMPLETED,0,1
79KWH,8,3,FULL,15-11-2025,19:43:20,15-11-2025,19:43:21,15-11-2025,19:45:19,COMPLETED,0,1
79KWH,8,1,FULL,15-11-2025,19:43:59,15-11-2025,19:43:59,15-11-2025,19:46:12,COMPLETED,0,1
79KWH,8,3,FULL,15-11-2025,19:45:25,15-11-2025,19:45:28,15-11-2025,19:47:25,COMPLETED,0,1
79KWH,8,1,FULL,15-11-2025,19:46:19,15-11-2025,19:46:21,15-11-2025,19:48:33,COMPLETED,0,1
79KWH,8,3,FULL,15-11-2025,19:47:39,15-11-2025,19:47:40,15-11-2025,19:49:39,COMPLETED,0,1
79KWH,8,1,FULL,15-11-2025,19:48:44,15-11-2025,19:48:45,15-11-2025,19:50:59,COMPLETED,0,1
79KWH,8,3,FULL,15-11-2025,19:49:49,15-11-2025,19:49:50,15-11-2025,19:51:48,COMPLETED,0,1
79KWH,8,1,FULL,15-11-2025,19:51:05,15-11-2025,19:51:08,15-11-2025,19:53:19,COMPLETED,0,1
79KWH,8,3,FULL,15-11-2025,19:52:03,15-11-2025,19:52:04,15-11-2025,19:54:04,COMPLETED,0,1
79KWH,8,1,FULL,15-11-2025,19:53:28,15-11-2025,19:53:29,15-11-2025,19:55:46,COMPLETED,0,1
79KWH,8,3,FULL,15-11-2025,19:54:10,15-11-2025,19:54:14,15-11-2025,19:56:13,COMPLETED,0,1
79KWH,8,1,FULL,15-11-2025,19:55:52,15-11-2025,19:55:54,15-11-2025,19:58:08,COMPLETED,0,1
79KWH,8,3,FULL,15-11-2025,19:56:27,15-11-2025,19:56:27,15-11-2025,19:58:29,COMPLETED,0,1
79KWH,8,1,FULL,15-11-2025,19:58:16,15-11-2025,19:58:18,15-11-2025,20:00:34,COMPLETED,0,1
79KWH,8,3,FULL,15-11-2025,19:58:36,15-11-2025,19:58:38,15-11-2025,20:00:39,COMPLETED,0,1
79KWH,8,1,FULL,15-11-2025,20:00:42,15-11-2025,20:00:43,15-11-2025,20:02:58,COMPLETED,0,1
79KWH,8,3,FULL,15-11-2025,20:00:54,15-11-2025,20:00:55,15-11-2025,20:02:58,COMPLETED,0,1
79KWH,8,3,FULL,15-11-2025,20:03:04,15-11-2025,20:03:08,15-11-2025,20:05:09,COMPLETED,0,1
79KWH,8,1,FULL,15-11-2025,20:03:06,15-11-2025,20:04:27,15-11-2025,20:07:01,COMPLETED,0,1
79KWH,8,3,FULL,15-11-2025,20:05:26,15-11-2025,20:05:27,15-11-2025,20:07:31,COMPLETED,0,1
79KWH,8,1,FULL,15-11-2025,20:07:07,15-11-2025,20:07:10,15-11-2025,20:09:25,COMPLETED,0,1
79KWH,8,3,FULL,15-11-2025,20:07:36,15-11-2025,20:07:41,15-11-2025,20:09:47,COMPLETED,0,1
79KWH,8,1,FULL,15-11-2025,20:09:34,15-11-2025,20:10:56,15-11-2025,20:13:31,COMPLETED,0,1
79KWH,8,3,FULL,15-11-2025,20:10:04,15-11-2025,20:10:05,15-11-2025,20:12:11,COMPLETED,0,1
79KWH,8,3,FULL,15-11-2025,20:12:16,15-11-2025,20:12:19,15-11-2025,20:14:22,COMPLETED,0,1
79KWH,8,1,FULL,15-11-2025,20:13:38,15-11-2025,20:13:39,15-11-2025,20:15:56,COMPLETED,0,1
79KWH,8,3,FULL,15-11-2025,20:14:39,15-11-2025,20:14:41,15-11-2025,20:16:48,COMPLETED,0,1
79KWH,8,1,FULL,15-11-2025,20:16:04,15-11-2025,20:17:27,15-11-2025,20:20:02,COMPLETED,0,1
79KWH,8,3,FULL,15-11-2025,20:16:54,15-11-2025,20:16:57,15-11-2025,20:19:02,COMPLETED,0,1
79KWH,8,3,FULL,15-11-2025,20:19:18,15-11-2025,20:19:18,15-11-2025,20:21:26,COMPLETED,0,1
79KWH,8,1,FULL,15-11-2025,20:20:08,15-11-2025,20:20:11,15-11-2025,20:22:29,COMPLETED,0,1
79KWH,8,3,FULL,15-11-2025,20:21:32,15-11-2025,20:21:36,15-11-2025,20:23:41,COMPLETED,0,1
79KWH,8,1,FULL,15-11-2025,20:22:39,15-11-2025,20:23:55,15-11-2025,20:26:30,COMPLETED,0,1
79KWH,8,3,FULL,15-11-2025,20:23:59,15-11-2025,20:23:59,15-11-2025,20:26:08,COMPLETED,0,1
79KWH,8,3,FULL,15-11-2025,20:26:14,15-11-2025,20:26:17,15-11-2025,20:28:24,COMPLETED,0,1
79KWH,8,1,FULL,15-11-2025,20:26:38,15-11-2025,20:28:02,15-11-2025,20:30:37,COMPLETED,0,1
79KWH,8,3,FULL,15-11-2025,20:28:39,15-11-2025,20:28:39,15-11-2025,20:30:49,COMPLETED,0,1
79KWH,8,1,FULL,15-11-2025,20:30:46,15-11-2025,20:30:48,15-11-2025,20:33:10,COMPLETED,0,1
79KWH,8,3,FULL,15-11-2025,20:30:55,15-11-2025,20:30:58,15-11-2025,20:33:07,COMPLETED,0,1
79KWH,8,1,FULL,15-11-2025,20:33:17,15-11-2025,20:33:19,15-11-2025,20:35:38,COMPLETED,0,1
79KWH,8,3,FULL,15-11-2025,20:33:26,15-11-2025,20:33:28,15-11-2025,20:35:39,COMPLETED,0,1
79KWH,8,3,FULL,15-11-2025,20:35:49,15-11-2025,20:35:49,15-11-2025,20:37:58,COMPLETED,0,1
79KWH,8,1,FULL,15-11-2025,20:35:51,15-11-2025,20:35:52,15-11-2025,20:38:15,COMPLETED,0,1
79KWH,8,3,FULL,15-11-2025,20:38:14,15-11-2025,20:38:14,15-11-2025,20:40:27,COMPLETED,0,1
79KWH,8,1,FULL,15-11-2025,20:38:21,15-11-2025,20:38:23,15-11-2025,20:40:45,COMPLETED,0,1
79KWH,8,3,FULL,15-11-2025,20:40:33,15-11-2025,20:40:38,15-11-2025,20:42:49,COMPLETED,0,1
79KWH,8,1,FULL,15-11-2025,20:40:53,15-11-2025,20:40:54,15-11-2025,20:43:17,COMPLETED,0,1
79KWH,8,3,FULL,15-11-2025,20:43:04,15-11-2025,20:43:05,15-11-2025,20:45:19,COMPLETED,0,1
79KWH,8,1,FULL,15-11-2025,20:43:22,15-11-2025,20:44:58,15-11-2025,20:47:33,COMPLETED,0,1
79KWH,8,3,FULL,15-11-2025,20:45:25,15-11-2025,20:45:27,15-11-2025,20:47:39,COMPLETED,0,1
79KWH,8,1,FULL,15-11-2025,20:47:43,15-11-2025,20:48:56,15-11-2025,20:51:34,COMPLETED,0,1
79KWH,8,3,FULL,15-11-2025,20:47:56,15-11-2025,20:47:57,15-11-2025,20:50:13,COMPLETED,0,1
79KWH,8,3,FULL,15-11-2025,20:50:19,15-11-2025,20:50:22,15-11-2025,20:52:37,COMPLETED,0,1
79KWH,8,1,FULL,15-11-2025,20:51:40,15-11-2025,20:51:43,15-11-2025,20:54:06,COMPLETED,0,1
79KWH,8,3,FULL,15-11-2025,20:52:53,15-11-2025,20:52:54,15-11-2025,20:55:10,COMPLETED,0,1
79KWH,8,1,FULL,15-11-2025,20:54:15,15-11-2025,20:55:26,15-11-2025,20:58:05,COMPLETED,0,1
79KWH,8,3,FULL,15-11-2025,20:55:16,15-11-2025,20:55:20,15-11-2025,20:57:35,COMPLETED,0,1
79KWH,8,3,FULL,15-11-2025,20:57:55,15-11-2025,20:57:55,15-11-2025,21:00:12,COMPLETED,0,1
79KWH,8,1,FULL,15-11-2025,20:58:11,15-11-2025,20:58:14,15-11-2025,21:00:38,COMPLETED,0,1
79KWH,8,3,FULL,15-11-2025,21:00:18,15-11-2025,21:00:22,15-11-2025,21:02:38,COMPLETED,0,1
79KWH,8,1,FULL,15-11-2025,21:00:51,15-11-2025,21:02:01,15-11-2025,21:04:42,COMPLETED,0,1
79KWH,8,3,FULL,15-11-2025,21:02:53,15-11-2025,21:02:53,15-11-2025,21:05:12,COMPLETED,0,1
79KWH,8,1,FULL,15-11-2025,21:04:50,15-11-2025,21:06:08,15-11-2025,21:08:45,COMPLETED,0,1
79KWH,8,3,FULL,15-11-2025,21:05:20,15-11-2025,21:05:22,15-11-2025,21:07:39,COMPLETED,0,1
79KWH,8,3,FULL,15-11-2025,21:07:57,15-11-2025,21:07:58,15-11-2025,21:10:18,COMPLETED,0,1
79KWH,8,1,FULL,15-11-2025,21:08:54,15-11-2025,21:08:55,15-11-2025,21:11:23,COMPLETED,0,1
79KWH,8,3,FULL,15-11-2025,21:10:25,15-11-2025,21:10:28,15-11-2025,21:12:47,COMPLETED,0,1
79KWH,8,1,FULL,15-11-2025,21:11:30,15-11-2025,21:11:34,15-11-2025,21:14:01,COMPLETED,0,1
79KWH,8,3,FULL,15-11-2025,21:13:01,15-11-2025,21:13:03,15-11-2025,21:15:25,COMPLETED,0,1
79KWH,8,1,FULL,15-11-2025,21:14:11,15-11-2025,21:14:12,15-11-2025,21:16:42,COMPLETED,0,1
79KWH,8,3,FULL,15-11-2025,21:15:33,15-11-2025,21:15:34,15-11-2025,21:17:54,COMPLETED,0,1
79KWH,8,1,FULL,15-11-2025,21:16:47,15-11-2025,21:16:50,15-11-2025,21:19:18,COMPLETED,0,1
79KWH,8,3,FULL,15-11-2025,21:18:09,15-11-2025,21:18:09,15-11-2025,21:20:33,COMPLETED,0,1
79KWH,8,1,FULL,15-11-2025,21:19:26,15-11-2025,21:19:28,15-11-2025,21:21:58,COMPLETED,0,1
79KWH,8,3,FULL,15-11-2025,21:20:40,15-11-2025,21:20:42,15-11-2025,21:23:05,COMPLETED,0,1
79KWH,8,1,FULL,15-11-2025,21:22:04,15-11-2025,21:23:23,15-11-2025,21:26:02,COMPLETED,0,1
79KWH,8,3,FULL,15-11-2025,21:23:20,15-11-2025,21:23:20,15-11-2025,21:25:46,COMPLETED,0,1
79KWH,8,3,FULL,15-11-2025,21:25:52,15-11-2025,21:25:55,15-11-2025,21:28:18,COMPLETED,0,1
79KWH,8,1,FULL,15-11-2025,21:26:12,15-11-2025,21:27:31,15-11-2025,21:30:13,COMPLETED,0,1
79KWH,8,3,FULL,15-11-2025,21:28:31,15-11-2025,21:28:32,15-11-2025,21:30:58,COMPLETED,0,1
79KWH,8,1,FULL,15-11-2025,21:30:19,15-11-2025,21:30:21,15-11-2025,21:32:51,COMPLETED,0,1
79KWH,8,3,FULL,15-11-2025,21:31:04,15-11-2025,21:31:07,15-11-2025,21:33:31,COMPLETED,0,1
79KWH,8,1,FULL,15-11-2025,21:32:59,15-11-2025,21:32:59,15-11-2025,21:35:33,COMPLETED,0,1
79KWH,8,3,FULL,15-11-2025,21:33:48,15-11-2025,21:33:50,15-11-2025,21:36:17,COMPLETED,0,1
79KWH,8,1,FULL,15-11-2025,21:35:39,15-11-2025,21:35:41,15-11-2025,21:38:14,COMPLETED,0,1
79KWH,8,3,FULL,15-11-2025,21:36:22,15-11-2025,21:36:26,15-11-2025,21:38:51,COMPLETED,0,1
79KWH,8,1,FULL,15-11-2025,21:38:22,15-11-2025,21:39:38,15-11-2025,21:42:22,COMPLETED,0,1
79KWH,8,3,FULL,15-11-2025,21:39:04,15-11-2025,21:39:05,15-11-2025,21:41:34,COMPLETED,0,1
79KWH,8,3,FULL,15-11-2025,21:41:40,15-11-2025,21:41:44,15-11-2025,21:44:10,COMPLETED,0,1
79KWH,8,1,FULL,15-11-2025,21:42:28,15-11-2025,21:42:31,15-11-2025,21:45:05,COMPLETED,0,1
79KWH,8,3,FULL,15-11-2025,21:44:24,15-11-2025,21:44:25,15-11-2025,21:46:55,COMPLETED,0,1
79KWH,8,1,FULL,15-11-2025,21:45:15,15-11-2025,21:45:15,15-11-2025,21:47:51,COMPLETED,0,1
79KWH,8,3,FULL,15-11-2025,21:47:00,15-11-2025,21:47:05,15-11-2025,21:49:33,COMPLETED,0,1
79KWH,8,1,FULL,15-11-2025,21:47:57,15-11-2025,21:48:00,15-11-2025,21:50:35,COMPLETED,0,1
79KWH,8,3,FULL,15-11-2025,21:49:49,15-11-2025,21:49:51,15-11-2025,21:52:22,COMPLETED,0,1
79KWH,8,1,FULL,15-11-2025,21:50:45,15-11-2025,21:52:12,15-11-2025,21:54:56,COMPLETED,0,1
79KWH,8,3,FULL,15-11-2025,21:52:29,15-11-2025,21:52:32,15-11-2025,21:55:02,COMPLETED,0,1
79KWH,8,1,FULL,15-11-2025,21:55:02,15-11-2025,21:55:05,15-11-2025,22:01:04,COMPLETED,0,1
79KWH,8,3,FULL,15-11-2025,21:55:17,15-11-2025,21:55:18,15-11-2025,21:57:50,COMPLETED,0,1
79KWH,8,3,FULL,15-11-2025,21:57:56,15-11-2025,21:57:59,15-11-2025,22:00:30,COMPLETED,0,1
79KWH,8,3,FULL,15-11-2025,22:00:44,15-11-2025,22:00:46,15-11-2025,22:03:19,COMPLETED,0,1
79KWH,8,1,FULL,15-11-2025,22:01:12,15-11-2025,22:02:38,15-11-2025,22:05:24,COMPLETED,0,1
79KWH,8,3,FULL,15-11-2025,22:03:25,15-11-2025,22:03:28,15-11-2025,22:06:00,COMPLETED,0,1
79KWH,8,1,FULL,15-11-2025,22:05:30,15-11-2025,22:05:33,15-11-2025,22:08:10,COMPLETED,0,1
79KWH,8,3,FULL,15-11-2025,22:06:19,15-11-2025,22:06:20,15-11-2025,22:08:55,COMPLETED,0,1
79KWH,8,1,FULL,15-11-2025,22:08:20,15-11-2025,22:08:20,15-11-2025,22:11:00,COMPLETED,0,1
79KWH,8,3,FULL,15-11-2025,22:09:01,15-11-2025,22:09:03,15-11-2025,22:11:36,COMPLETED,0,1
79KWH,8,1,FULL,15-11-2025,22:11:07,15-11-2025,22:11:08,15-11-2025,22:13:47,COMPLETED,0,1
79KWH,8,3,FULL,15-11-2025,22:11:55,15-11-2025,22:11:56,15-11-2025,22:14:31,COMPLETED,0,1
79KWH,8,1,FULL,15-11-2025,22:13:56,15-11-2025,22:13:56,15-11-2025,22:16:37,COMPLETED,0,1
79KWH,8,3,FULL,15-11-2025,22:14:37,15-11-2025,22:14:41,15-11-2025,22:17:15,COMPLETED,0,1
79KWH,8,1,FULL,15-11-2025,22:16:43,15-11-2025,22:16:45,15-11-2025,22:19:52,COMPLETED,0,1
79KWH,8,3,FULL,15-11-2025,22:17:30,15-11-2025,22:17:32,15-11-2025,22:20:09,COMPLETED,0,1
79KWH,8,1,FULL,15-11-2025,22:20:00,15-11-2025,22:21:28,15-11-2025,22:24:15,COMPLETED,0,1
79KWH,8,3,FULL,15-11-2025,22:20:15,15-11-2025,22:20:19,15-11-2025,22:22:56,COMPLETED,0,1
79KWH,8,3,FULL,15-11-2025,22:23:11,15-11-2025,22:23:14,15-11-2025,22:25:54,COMPLETED,0,1
79KWH,8,1,FULL,15-11-2025,22:24:21,15-11-2025,22:24:24,15-11-2025,22:37:26,COMPLETED,0,1
79KWH,8,3,FULL,15-11-2025,22:26:00,15-11-2025,22:26:03,15-11-2025,22:28:42,COMPLETED,0,1
79KWH,8,3,FULL,15-11-2025,22:28:57,15-11-2025,22:28:58,15-11-2025,22:31:39,COMPLETED,0,1
79KWH,8,3,FULL,15-11-2025,22:31:46,15-11-2025,22:31:48,15-11-2025,22:34:28,COMPLETED,0,1
79KWH,8,3,FULL,15-11-2025,22:34:44,15-11-2025,22:34:45,15-11-2025,22:37:27,COMPLETED,0,1
79KWH,8,1,FULL,15-11-2025,22:37:34,15-11-2025,22:38:51,15-11-2025,22:41:39,COMPLETED,0,1
79KWH,8,3,FULL,15-11-2025,22:37:35,15-11-2025,22:37:36,15-11-2025,22:40:17,COMPLETED,0,1
79KWH,8,3,FULL,15-11-2025,22:40:33,15-11-2025,22:40:34,15-11-2025,22:43:18,COMPLETED,0,1
79KWH,8,1,FULL,15-11-2025,22:41:46,15-11-2025,22:41:47,15-11-2025,22:44:29,COMPLETED,0,1
79KWH,8,3,FULL,15-11-2025,22:43:24,15-11-2025,22:43:27,15-11-2025,22:46:08,COMPLETED,0,1
79KWH,8,1,FULL,15-11-2025,22:44:39,15-11-2025,22:46:00,15-11-2025,22:48:49,COMPLETED,0,1
79KWH,8,3,FULL,15-11-2025,22:46:22,15-11-2025,22:46:24,15-11-2025,22:49:09,COMPLETED,0,1
79KWH,8,1,FULL,15-11-2025,22:48:55,15-11-2025,22:48:57,15-11-2025,22:51:39,COMPLETED,0,1
79KWH,8,3,FULL,15-11-2025,22:49:14,15-11-2025,22:49:17,15-11-2025,22:51:59,COMPLETED,0,1
79KWH,8,1,FULL,15-11-2025,22:51:50,15-11-2025,22:51:51,15-11-2025,22:54:36,COMPLETED,0,1
79KWH,8,3,FULL,15-11-2025,22:52:17,15-11-2025,22:52:17,15-11-2025,22:55:03,COMPLETED,0,1
79KWH,8,1,FULL,15-11-2025,22:54:43,15-11-2025,22:54:46,15-11-2025,22:57:30,COMPLETED,0,1
79KWH,8,3,FULL,15-11-2025,22:55:09,15-11-2025,22:55:14,15-11-2025,22:57:57,COMPLETED,0,1
79KWH,8,1,FULL,15-11-2025,22:57:39,15-11-2025,22:58:55,15-11-2025,23:01:45,COMPLETED,0,1
79KWH,8,3,FULL,15-11-2025,22:58:12,15-11-2025,22:58:13,15-11-2025,23:01:00,COMPLETED,0,1
79KWH,8,3,FULL,15-11-2025,23:01:06,15-11-2025,23:01:10,15-11-2025,23:03:57,COMPLETED,0,1
79KWH,8,1,FULL,15-11-2025,23:01:52,15-11-2025,23:01:53,15-11-2025,23:04:37,COMPLETED,0,1
79KWH,8,3,FULL,15-11-2025,23:04:15,15-11-2025,23:04:16,15-11-2025,23:07:05,COMPLETED,0,1
79KWH,8,1,FULL,15-11-2025,23:04:48,15-11-2025,23:04:50,15-11-2025,23:07:38,COMPLETED,0,1
79KWH,8,3,FULL,15-11-2025,23:07:12,15-11-2025,23:07:15,15-11-2025,23:10:02,COMPLETED,0,1
79KWH,8,1,FULL,15-11-2025,23:07:44,15-11-2025,23:07:50,15-11-2025,23:10:35,COMPLETED,0,1
79KWH,8,1,FULL,15-11-2025,23:10:44,15-11-2025,23:10:46,15-11-2025,23:13:34,COMPLETED,0,1
79KWH,8,1,FULL,15-11-2025,23:13:40,15-11-2025,23:13:43,15-11-2025,23:16:30,COMPLETED,0,1
79KWH,8,1,FULL,15-11-2025,23:16:39,15-11-2025,23:16:42,15-11-2025,23:18:47,COMPLETED,0,1
79KWH,8,1,FULL,15-11-2025,23:18:55,15-11-2025,23:18:57,15-11-2025,23:20:16,COMPLETED,0,1
79KWH,8,1,FULL,15-11-2025,23:20:25,15-11-2025,23:20:26,15-11-2025,23:21:48,COMPLETED,0,1
79KWH,8,1,FULL,15-11-2025,23:21:53,15-11-2025,23:21:57,15-11-2025,23:23:16,COMPLETED,0,1
79KWH,8,1,FULL,15-11-2025,23:23:25,15-11-2025,23:23:26,15-11-2025,23:24:48,COMPLETED,0,1
79KWH,8,1,FULL,15-11-2025,23:24:55,15-11-2025,23:24:56,15-11-2025,23:26:15,COMPLETED,0,1
79KWH,8,1,FULL,15-11-2025,23:26:24,15-11-2025,23:26:25,15-11-2025,23:27:46,COMPLETED,0,1
79KWH,8,1,FULL,15-11-2025,23:27:55,15-11-2025,23:27:56,15-11-2025,23:29:15,COMPLETED,0,1
79KWH,8,1,FULL,15-11-2025,23:29:25,15-11-2025,23:29:26,15-11-2025,23:30:47,COMPLETED,0,1
79KWH,8,1,FULL,15-11-2025,23:30:55,15-11-2025,23:30:58,15-11-2025,23:32:18,COMPLETED,0,1
79KWH,8,1,FULL,15-11-2025,23:32:27,15-11-2025,23:32:27,15-11-2025,23:33:49,COMPLETED,0,1
79KWH,8,1,FULL,15-11-2025,23:33:56,15-11-2025,23:33:57,15-11-2025,23:35:16,COMPLETED,0,1
79KWH,8,1,FULL,15-11-2025,23:35:26,15-11-2025,23:35:27,15-11-2025,23:36:48,COMPLETED,0,1
79KWH,8,1,FULL,15-11-2025,23:36:55,15-11-2025,23:36:58,15-11-2025,23:38:16,COMPLETED,0,1
79KWH,8,1,FULL,15-11-2025,23:38:25,15-11-2025,23:38:26,15-11-2025,23:39:48,COMPLETED,0,1
79KWH,8,1,FULL,15-11-2025,23:39:54,15-11-2025,23:39:57,15-11-2025,23:41:16,COMPLETED,0,1
79KWH,8,1,FULL,15-11-2025,23:41:25,15-11-2025,23:41:27,15-11-2025,23:42:48,COMPLETED,0,1
79KWH,8,1,FULL,15-11-2025,23:42:57,15-11-2025,23:42:58,15-11-2025,23:44:17,COMPLETED,0,1
79KWH,8,1,FULL,15-11-2025,23:44:26,15-11-2025,23:44:27,15-11-2025,23:45:49,COMPLETED,0,1
79KWH,8,1,FULL,15-11-2025,23:45:55,15-11-2025,23:45:57,15-11-2025,23:47:17,COMPLETED,0,1
79KWH,8,1,FULL,15-11-2025,23:47:25,15-11-2025,23:47:27,15-11-2025,23:48:49,COMPLETED,0,1
79KWH,8,1,FULL,15-11-2025,23:48:55,15-11-2025,23:48:59,15-11-2025,23:50:18,COMPLETED,0,1
79KWH,8,1,FULL,15-11-2025,23:50:27,15-11-2025,23:50:28,15-11-2025,23:51:50,COMPLETED,0,1
79KWH,8,1,FULL,15-11-2025,23:51:57,15-11-2025,23:51:59,15-11-2025,23:53:17,COMPLETED,0,1
79KWH,8,1,FULL,15-11-2025,23:53:26,15-11-2025,23:53:28,15-11-2025,23:54:50,COMPLETED,0,1
79KWH,8,1,FULL,15-11-2025,23:55:01,15-11-2025,23:55:02,15-11-2025,23:56:21,COMPLETED,0,1
79KWH,8,1,FULL,15-11-2025,23:56:30,15-11-2025,23:56:31,15-11-2025,23:57:53,COMPLETED,0,1
79KWH,8,1,FULL,15-11-2025,23:57:59,15-11-2025,23:58:03,15-11-2025,23:59:23,COMPLETED,0,1
79KWH,8,1,FULL,17-11-2025,07:17:15,17-11-2025,07:17:17,17-11-2025,07:19:19,COMPLETED,0,1
79KWH,8,1,FULL,17-11-2025,07:36:36,17-11-2025,07:36:37,17-11-2025,07:38:41,COMPLETED,0,1
79KWH,8,1,FULL,17-11-2025,07:38:50,17-11-2025,07:38:52,17-11-2025,07:40:14,COMPLETED,0,1
79KWH,8,1,FULL,17-11-2025,07:40:43,17-11-2025,07:40:44,17-11-2025,07:42:03,COMPLETED,0,1
79KWH,8,1,FULL,17-11-2025,07:42:13,17-11-2025,07:42:14,17-11-2025,07:43:36,COMPLETED,0,1
79KWH,8,1,FULL,17-11-2025,07:43:41,17-11-2025,07:43:45,17-11-2025,07:45:04,COMPLETED,0,1
79KWH,8,1,FULL,17-11-2025,07:45:13,17-11-2025,07:45:15,17-11-2025,07:46:37,COMPLETED,0,1
79KWH,8,1,FULL,17-11-2025,07:46:43,17-11-2025,07:46:46,17-11-2025,07:48:05,COMPLETED,0,1
79KWH,8,1,FULL,17-11-2025,07:48:14,17-11-2025,07:48:16,17-11-2025,07:49:37,COMPLETED,0,1
79KWH,8,1,FULL,17-11-2025,07:49:42,17-11-2025,07:49:46,17-11-2025,07:51:05,COMPLETED,0,1
79KWH,8,1,FULL,17-11-2025,07:51:15,17-11-2025,07:53:05,17-11-2025,07:55:11,COMPLETED,0,1
79KWH,8,1,FULL,17-11-2025,07:55:17,17-11-2025,07:55:20,17-11-2025,07:56:38,COMPLETED,0,1
79KWH,8,1,FULL,17-11-2025,07:56:48,17-11-2025,07:58:38,17-11-2025,08:00:43,COMPLETED,0,1
79KWH,8,1,FULL,17-11-2025,08:00:50,17-11-2025,08:00:52,17-11-2025,08:02:12,COMPLETED,0,1
79KWH,8,1,FULL,17-11-2025,08:02:20,17-11-2025,08:02:21,17-11-2025,08:03:42,COMPLETED,0,1
79KWH,8,1,FULL,17-11-2025,08:03:47,17-11-2025,08:03:52,17-11-2025,08:05:11,COMPLETED,0,1
79KWH,8,1,FULL,17-11-2025,08:05:20,17-11-2025,08:05:20,17-11-2025,08:06:42,COMPLETED,0,1
79KWH,8,1,FULL,17-11-2025,08:06:49,17-11-2025,08:06:50,17-11-2025,08:08:10,COMPLETED,0,1
79KWH,8,1,FULL,17-11-2025,08:08:18,17-11-2025,08:08:19,17-11-2025,08:09:40,COMPLETED,0,1
79KWH,8,1,FULL,17-11-2025,08:09:54,17-11-2025,08:09:56,17-11-2025,08:11:17,COMPLETED,0,1
79KWH,8,1,FULL,17-11-2025,08:11:24,17-11-2025,08:11:27,17-11-2025,08:12:46,COMPLETED,0,1
79KWH,8,1,FULL,17-11-2025,08:12:53,17-11-2025,08:12:55,17-11-2025,08:14:14,COMPLETED,0,1
79KWH,8,1,FULL,17-11-2025,08:14:23,17-11-2025,08:14:24,17-11-2025,08:15:46,COMPLETED,0,1
79KWH,8,1,FULL,17-11-2025,08:15:54,17-11-2025,08:15:56,17-11-2025,08:17:17,COMPLETED,0,1
79KWH,8,1,FULL,17-11-2025,08:17:27,17-11-2025,08:17:28,17-11-2025,08:18:52,COMPLETED,0,1
79KWH,8,1,FULL,17-11-2025,08:18:58,17-11-2025,08:19:01,17-11-2025,08:20:23,COMPLETED,0,1
79KWH,8,1,FULL,17-11-2025,08:20:32,17-11-2025,08:20:32,17-11-2025,08:21:57,COMPLETED,0,1
79KWH,8,1,FULL,17-11-2025,08:22:04,17-11-2025,08:22:07,17-11-2025,08:23:29,COMPLETED,0,1
79KWH,8,1,FULL,17-11-2025,08:23:38,17-11-2025,08:23:38,17-11-2025,08:25:05,COMPLETED,0,1
79KWH,8,1,FULL,17-11-2025,08:25:11,17-11-2025,08:25:14,17-11-2025,08:26:38,COMPLETED,0,1
79KWH,8,1,FULL,17-11-2025,08:26:49,17-11-2025,08:26:49,17-11-2025,08:28:16,COMPLETED,0,1
79KWH,8,1,FULL,17-11-2025,08:28:22,17-11-2025,08:28:25,17-11-2025,08:29:51,COMPLETED,0,1
79KWH,8,1,FULL,17-11-2025,08:30:00,17-11-2025,08:30:01,17-11-2025,08:31:30,COMPLETED,0,1
79KWH,8,1,FULL,17-11-2025,08:31:35,17-11-2025,08:31:39,17-11-2025,08:33:06,COMPLETED,0,1
79KWH,8,1,FULL,17-11-2025,08:33:15,17-11-2025,08:33:16,17-11-2025,08:34:45,COMPLETED,0,1
79KWH,8,1,FULL,17-11-2025,08:34:52,17-11-2025,08:34:56,17-11-2025,08:36:24,COMPLETED,0,1
79KWH,8,1,FULL,17-11-2025,08:36:34,17-11-2025,08:36:36,17-11-2025,08:38:07,COMPLETED,0,1
79KWH,8,1,FULL,17-11-2025,08:38:16,17-11-2025,08:38:17,17-11-2025,08:39:46,COMPLETED,0,1
79KWH,8,1,FULL,17-11-2025,08:40:17,17-11-2025,08:40:24,17-11-2025,08:41:55,COMPLETED,0,1
79KWH,8,1,FULL,17-11-2025,08:42:02,17-11-2025,08:42:05,17-11-2025,08:43:35,COMPLETED,0,1
79KWH,8,1,FULL,17-11-2025,08:44:02,17-11-2025,08:44:03,17-11-2025,08:45:35,COMPLETED,0,1
79KWH,8,1,FULL,17-11-2025,08:45:41,17-11-2025,08:45:44,17-11-2025,08:47:15,COMPLETED,0,1
79KWH,8,1,FULL,17-11-2025,08:47:35,17-11-2025,08:47:36,17-11-2025,08:49:10,COMPLETED,0,1
79KWH,8,1,FULL,17-11-2025,08:49:17,17-11-2025,08:49:19,17-11-2025,08:50:53,COMPLETED,0,1
79KWH,8,1,FULL,17-11-2025,08:51:16,17-11-2025,08:51:16,17-11-2025,08:52:53,COMPLETED,0,1
79KWH,8,1,FULL,17-11-2025,08:52:58,17-11-2025,08:53:01,17-11-2025,08:54:35,COMPLETED,0,1
79KWH,8,1,FULL,17-11-2025,08:54:58,17-11-2025,08:54:59,17-11-2025,08:56:36,COMPLETED,0,1
79KWH,8,1,FULL,17-11-2025,08:56:41,17-11-2025,08:56:45,17-11-2025,08:58:21,COMPLETED,0,1
79KWH,8,1,FULL,17-11-2025,08:58:37,17-11-2025,08:58:38,17-11-2025,09:00:16,COMPLETED,0,1
79KWH,8,1,FULL,17-11-2025,09:00:22,17-11-2025,09:00:25,17-11-2025,09:02:01,COMPLETED,0,1
79KWH,8,1,FULL,17-11-2025,09:02:21,17-11-2025,09:02:22,17-11-2025,09:04:02,COMPLETED,0,1
79KWH,8,1,FULL,17-11-2025,09:04:08,17-11-2025,09:07:45,17-11-2025,09:09:23,COMPLETED,0,1
79KWH,8,1,FULL,17-11-2025,09:09:40,17-11-2025,09:09:41,17-11-2025,09:11:22,COMPLETED,0,1
79KWH,8,1,FULL,17-11-2025,09:11:27,17-11-2025,09:11:30,17-11-2025,09:13:09,COMPLETED,0,1
79KWH,8,1,FULL,17-11-2025,09:13:32,17-11-2025,09:13:32,17-11-2025,09:15:13,COMPLETED,0,1
79KWH,8,1,FULL,17-11-2025,09:15:20,17-11-2025,09:15:24,17-11-2025,09:17:03,COMPLETED,0,1
79KWH,8,1,FULL,17-11-2025,09:17:22,17-11-2025,09:17:23,17-11-2025,09:19:04,COMPLETED,0,1
79KWH,8,1,FULL,17-11-2025,09:19:11,17-11-2025,09:19:14,17-11-2025,09:20:54,COMPLETED,0,1
79KWH,8,1,FULL,17-11-2025,09:21:15,17-11-2025,09:22:34,17-11-2025,09:24:52,COMPLETED,0,1
79KWH,8,1,FULL,17-11-2025,09:24:58,17-11-2025,09:25:02,17-11-2025,09:26:44,COMPLETED,0,1
79KWH,8,1,FULL,17-11-2025,09:27:04,17-11-2025,09:27:05,17-11-2025,09:28:50,COMPLETED,0,1
79KWH,8,1,FULL,17-11-2025,09:28:56,17-11-2025,09:28:58,17-11-2025,09:30:42,COMPLETED,0,1
79KWH,8,1,FULL,17-11-2025,09:31:02,17-11-2025,09:31:02,17-11-2025,09:32:48,COMPLETED,0,1
79KWH,8,1,FULL,17-11-2025,09:32:54,17-11-2025,09:32:57,17-11-2025,09:34:40,COMPLETED,0,1
79KWH,8,1,FULL,17-11-2025,09:35:00,17-11-2025,09:35:01,17-11-2025,09:36:48,COMPLETED,0,1
79KWH,8,1,FULL,17-11-2025,09:36:54,17-11-2025,09:36:57,17-11-2025,09:38:41,COMPLETED,0,1
79KWH,8,1,FULL,17-11-2025,09:38:57,17-11-2025,09:38:59,17-11-2025,09:40:47,COMPLETED,0,1
79KWH,8,1,FULL,17-11-2025,09:40:53,17-11-2025,09:40:57,17-11-2025,09:42:43,COMPLETED,0,1
79KWH,8,1,FULL,17-11-2025,09:43:05,17-11-2025,09:43:05,17-11-2025,09:44:55,COMPLETED,0,1
79KWH,8,1,FULL,17-11-2025,09:45:01,17-11-2025,09:45:05,17-11-2025,09:46:53,COMPLETED,0,1
79KWH,8,1,FULL,17-11-2025,09:47:14,17-11-2025,09:47:14,17-11-2025,09:49:04,COMPLETED,0,1
79KWH,8,1,FULL,17-11-2025,09:49:11,17-11-2025,09:49:13,17-11-2025,09:51:03,COMPLETED,0,1
79KWH,8,1,FULL,17-11-2025,09:51:20,17-11-2025,09:51:22,17-11-2025,09:53:12,COMPLETED,0,1
79KWH,8,1,FULL,17-11-2025,09:53:19,17-11-2025,09:53:23,17-11-2025,09:55:12,COMPLETED,0,1
79KWH,8,1,FULL,17-11-2025,09:55:33,17-11-2025,09:55:34,17-11-2025,09:57:27,COMPLETED,0,1
79KWH,8,1,FULL,17-11-2025,09:57:33,17-11-2025,09:57:35,17-11-2025,09:59:26,COMPLETED,0,1
79KWH,8,1,FULL,17-11-2025,09:59:47,17-11-2025,10:02:27,17-11-2025,10:04:39,COMPLETED,0,1
79KWH,8,1,FULL,17-11-2025,10:04:45,17-11-2025,10:04:47,17-11-2025,10:06:39,COMPLETED,0,1
79KWH,8,1,FULL,17-11-2025,10:07:03,17-11-2025,10:09:39,17-11-2025,10:11:52,COMPLETED,0,1
79KWH,8,1,FULL,17-11-2025,10:11:58,17-11-2025,10:14:47,17-11-2025,10:16:59,COMPLETED,0,1
79KWH,8,1,FULL,17-11-2025,10:17:19,17-11-2025,10:19:55,17-11-2025,10:22:14,COMPLETED,0,1
79KWH,8,1,FULL,17-11-2025,10:22:20,17-11-2025,10:22:22,17-11-2025,10:24:16,COMPLETED,0,1
79KWH,8,1,FULL,17-11-2025,10:24:34,17-11-2025,10:29:29,17-11-2025,10:31:43,COMPLETED,0,1
79KWH,8,1,FULL,17-11-2025,10:31:51,17-11-2025,10:38:34,17-11-2025,10:40:50,COMPLETED,0,1
79KWH,8,1,FULL,17-11-2025,10:41:09,17-11-2025,10:42:27,17-11-2025,10:44:44,COMPLETED,0,1
79KWH,8,1,FULL,17-11-2025,10:44:51,17-11-2025,10:44:53,17-11-2025,10:46:49,COMPLETED,0,1
79KWH,8,1,FULL,17-11-2025,10:47:08,17-11-2025,10:48:25,17-11-2025,10:50:42,COMPLETED,0,1
79KWH,8,1,FULL,17-11-2025,10:50:48,17-11-2025,10:50:50,17-11-2025,10:52:48,COMPLETED,0,1
79KWH,8,1,FULL,17-11-2025,10:53:04,17-11-2025,11:07:40,17-11-2025,11:10:00,COMPLETED,0,1
79KWH,8,1,FULL,17-11-2025,11:10:07,17-11-2025,11:11:40,17-11-2025,11:13:58,COMPLETED,0,1
79KWH,8,1,FULL,17-11-2025,11:14:18,17-11-2025,11:18:16,17-11-2025,11:20:39,COMPLETED,0,1
79KWH,8,1,FULL,17-11-2025,11:20:46,17-11-2025,11:20:59,17-11-2025,11:22:58,COMPLETED,0,1
79KWH,8,1,FULL,17-11-2025,11:23:21,17-11-2025,11:23:22,17-11-2025,11:25:24,COMPLETED,0,1
79KWH,8,1,FULL,17-11-2025,11:25:30,17-11-2025,11:27:44,17-11-2025,11:30:05,COMPLETED,0,1
79KWH,8,1,FULL,17-11-2025,11:30:23,17-11-2025,11:31:52,17-11-2025,11:33:26,COMPLETED,0,1
79KWH,8,1,FULL,17-11-2025,11:33:32,17-11-2025,11:33:36,17-11-2025,11:35:37,COMPLETED,0,1
79KWH,8,1,FULL,17-11-2025,11:35:53,17-11-2025,11:35:54,17-11-2025,11:37:58,COMPLETED,0,1
79KWH,8,1,FULL,17-11-2025,11:38:05,17-11-2025,11:38:06,17-11-2025,11:40:08,COMPLETED,0,1
79KWH,8,3,FULL,17-11-2025,11:39:35,17-11-2025,11:39:35,17-11-2025,11:41:41,COMPLETED,0,1
79KWH,8,1,FULL,17-11-2025,11:40:27,17-11-2025,11:40:27,17-11-2025,11:42:33,COMPLETED,0,1
79KWH,8,3,FULL,17-11-2025,11:41:47,17-11-2025,11:41:50,17-11-2025,11:43:08,COMPLETED,0,1
79KWH,8,1,FULL,17-11-2025,11:42:40,17-11-2025,11:42:43,17-11-2025,11:44:47,COMPLETED,0,1
79KWH,8,3,FULL,17-11-2025,11:43:26,17-11-2025,11:43:27,17-11-2025,11:44:48,COMPLETED,0,1
79KWH,8,3,FULL,17-11-2025,11:44:54,17-11-2025,11:44:56,17-11-2025,11:46:13,COMPLETED,0,1
79KWH,8,1,FULL,17-11-2025,11:45:04,17-11-2025,11:45:04,17-11-2025,11:47:11,COMPLETED,0,1
79KWH,8,3,FULL,17-11-2025,11:46:30,17-11-2025,11:46:30,17-11-2025,11:47:50,COMPLETED,0,1
79KWH,8,1,FULL,17-11-2025,11:47:18,17-11-2025,11:47:20,17-11-2025,11:49:25,COMPLETED,0,1
79KWH,8,3,FULL,17-11-2025,11:47:56,17-11-2025,11:47:59,17-11-2025,11:49:17,COMPLETED,0,1
79KWH,8,3,FULL,17-11-2025,11:49:33,17-11-2025,11:50:45,17-11-2025,11:51:59,COMPLETED,0,1
79KWH,8,1,FULL,17-11-2025,11:49:41,17-11-2025,11:49:42,17-11-2025,11:51:49,COMPLETED,0,1
79KWH,8,1,FULL,17-11-2025,11:51:56,17-11-2025,11:52:00,17-11-2025,11:54:05,COMPLETED,0,1
79KWH,8,3,FULL,17-11-2025,11:52:06,17-11-2025,11:54:51,17-11-2025,11:56:03,COMPLETED,0,1
79KWH,8,1,FULL,17-11-2025,11:54:22,17-11-2025,11:54:23,17-11-2025,11:56:33,COMPLETED,0,1
79KWH,8,3,FULL,17-11-2025,11:56:20,17-11-2025,12:00:03,17-11-2025,12:01:18,COMPLETED,0,1
79KWH,8,1,FULL,17-11-2025,11:56:38,17-11-2025,11:56:42,17-11-2025,11:58:49,COMPLETED,0,1
79KWH,8,1,FULL,17-11-2025,11:59:04,17-11-2025,11:59:05,17-11-2025,12:01:14,COMPLETED,0,1
79KWH,8,1,FULL,17-11-2025,12:01:21,17-11-2025,12:01:24,17-11-2025,12:03:32,COMPLETED,0,1
79KWH,8,3,FULL,17-11-2025,12:01:25,17-11-2025,12:02:48,17-11-2025,12:04:03,COMPLETED,0,1
79KWH,8,1,FULL,17-11-2025,12:03:53,17-11-2025,12:03:55,17-11-2025,12:06:06,COMPLETED,0,1
79KWH,8,3,FULL,17-11-2025,12:04:26,17-11-2025,12:04:36,17-11-2025,12:05:57,COMPLETED,0,1
79KWH,8,3,FULL,17-11-2025,12:06:03,17-11-2025,12:06:06,17-11-2025,12:07:26,COMPLETED,0,1
79KWH,8,1,FULL,17-11-2025,12:06:15,17-11-2025,12:06:15,17-11-2025,12:08:24,COMPLETED,0,1
79KWH,8,3,FULL,17-11-2025,12:07:46,17-11-2025,12:07:47,17-11-2025,12:09:07,COMPLETED,0,1
79KWH,8,1,FULL,17-11-2025,12:08:42,17-11-2025,12:08:44,17-11-2025,12:10:56,COMPLETED,0,1
79KWH,8,3,FULL,17-11-2025,12:09:14,17-11-2025,12:09:16,17-11-2025,12:10:34,COMPLETED,0,1
79KWH,8,3,FULL,17-11-2025,12:10:56,17-11-2025,12:10:57,17-11-2025,12:12:17,COMPLETED,0,1
79KWH,8,1,FULL,17-11-2025,12:11:02,17-11-2025,12:11:05,17-11-2025,12:13:15,COMPLETED,0,1
79KWH,8,3,FULL,17-11-2025,12:12:23,17-11-2025,12:12:26,17-11-2025,12:13:44,COMPLETED,0,1
79KWH,8,1,FULL,17-11-2025,12:13:33,17-11-2025,12:13:34,17-11-2025,12:15:48,COMPLETED,0,1
79KWH,8,3,FULL,17-11-2025,12:14:02,17-11-2025,12:14:03,17-11-2025,12:15:23,COMPLETED,0,1
79KWH,8,3,FULL,17-11-2025,12:15:29,17-11-2025,12:15:31,17-11-2025,12:16:48,COMPLETED,0,1
79KWH,8,1,FULL,17-11-2025,12:15:55,17-11-2025,12:15:57,17-11-2025,12:18:09,COMPLETED,0,1
79KWH,8,3,FULL,17-11-2025,12:17:05,17-11-2025,12:18:15,17-11-2025,12:19:29,COMPLETED,0,1
79KWH,8,1,FULL,17-11-2025,12:18:25,17-11-2025,12:18:26,17-11-2025,12:20:40,COMPLETED,0,1
79KWH,8,3,FULL,17-11-2025,12:19:36,17-11-2025,12:19:38,17-11-2025,12:20:56,COMPLETED,0,1
79KWH,8,1,FULL,17-11-2025,12:20:45,17-11-2025,12:20:48,17-11-2025,12:23:00,COMPLETED,0,1
79KWH,8,3,FULL,17-11-2025,12:21:13,17-11-2025,12:23:38,17-11-2025,12:24:52,COMPLETED,0,1
79KWH,8,1,FULL,17-11-2025,12:23:17,17-11-2025,12:24:21,17-11-2025,12:26:29,COMPLETED,0,1
79KWH,8,3,FULL,17-11-2025,12:24:58,17-11-2025,12:25:00,17-11-2025,12:26:18,COMPLETED,0,1
79KWH,8,3,FULL,17-11-2025,12:26:35,17-11-2025,12:28:59,17-11-2025,12:30:13,COMPLETED,0,1
79KWH,8,1,FULL,17-11-2025,12:26:36,17-11-2025,12:27:56,17-11-2025,12:30:04,COMPLETED,0,1
79KWH,8,3,FULL,17-11-2025,12:30:20,17-11-2025,12:31:39,17-11-2025,12:32:50,COMPLETED,0,1
79KWH,8,1,FULL,17-11-2025,12:30:23,17-11-2025,12:30:24,17-11-2025,12:32:41,COMPLETED,0,1
79KWH,8,1,FULL,17-11-2025,12:32:48,17-11-2025,12:34:02,17-11-2025,12:36:03,COMPLETED,0,1
79KWH,8,3,FULL,17-11-2025,12:33:08,17-11-2025,12:34:26,17-11-2025,12:35:40,COMPLETED,0,1
79KWH,8,3,FULL,17-11-2025,12:35:47,17-11-2025,12:35:49,17-11-2025,12:37:07,COMPLETED,0,1
79KWH,8,1,FULL,17-11-2025,12:36:24,17-11-2025,12:38:59,17-11-2025,12:40:53,COMPLETED,0,1
79KWH,8,3,FULL,17-11-2025,12:37:24,17-11-2025,12:47:50,17-11-2025,12:49:06,COMPLETED,0,1
79KWH,8,1,FULL,17-11-2025,12:40:59,17-11-2025,12:43:36,17-11-2025,12:45:43,COMPLETED,0,1
79KWH,8,1,FULL,17-11-2025,12:46:05,17-11-2025,12:46:06,17-11-2025,12:48:27,COMPLETED,0,1
79KWH,8,1,FULL,17-11-2025,12:48:33,17-11-2025,12:48:37,17-11-2025,12:50:55,COMPLETED,0,1
79KWH,8,3,FULL,17-11-2025,12:49:15,17-11-2025,12:54:13,17-11-2025,12:55:25,COMPLETED,0,1
79KWH,8,1,FULL,17-11-2025,12:51:12,17-11-2025,12:52:17,17-11-2025,12:54:54,COMPLETED,0,1
79KWH,8,1,FULL,17-11-2025,12:55:00,17-11-2025,12:55:03,17-11-2025,12:57:23,COMPLETED,0,1
79KWH,8,3,FULL,17-11-2025,12:55:41,17-11-2025,12:58:07,17-11-2025,12:59:23,COMPLETED,0,1
79KWH,8,1,FULL,17-11-2025,12:57:44,17-11-2025,12:57:45,17-11-2025,13:00:07,COMPLETED,0,1
79KWH,8,3,FULL,17-11-2025,12:59:29,17-11-2025,13:00:53,17-11-2025,13:02:07,COMPLETED,0,1
79KWH,8,1,FULL,17-11-2025,13:00:14,17-11-2025,13:00:16,17-11-2025,13:02:36,COMPLETED,0,1
79KWH,8,3,FULL,17-11-2025,13:02:23,17-11-2025,13:27:40,17-11-2025,13:28:56,COMPLETED,0,1
79KWH,8,1,FULL,17-11-2025,13:02:53,17-11-2025,13:02:54,17-11-2025,13:05:17,COMPLETED,0,1
79KWH,8,1,FULL,17-11-2025,13:05:24,17-11-2025,13:05:26,17-11-2025,13:07:47,COMPLETED,0,1
79KWH,8,1,FULL,17-11-2025,13:08:04,17-11-2025,13:08:04,17-11-2025,13:10:30,COMPLETED,0,1
79KWH,8,1,FULL,17-11-2025,13:10:36,17-11-2025,13:10:38,17-11-2025,13:13:02,COMPLETED,0,1
79KWH,8,1,FULL,17-11-2025,13:13:19,17-11-2025,13:13:20,17-11-2025,13:15:46,COMPLETED,0,1
79KWH,8,1,FULL,17-11-2025,13:15:52,17-11-2025,13:15:55,17-11-2025,13:18:19,COMPLETED,0,1
79KWH,8,1,FULL,17-11-2025,13:18:36,17-11-2025,13:18:37,17-11-2025,13:21:04,COMPLETED,0,1
79KWH,8,1,FULL,17-11-2025,13:21:10,17-11-2025,13:21:13,17-11-2025,13:23:38,COMPLETED,0,1
79KWH,8,1,FULL,17-11-2025,13:23:56,17-11-2025,13:23:57,17-11-2025,13:26:26,COMPLETED,0,1
79KWH,8,1,FULL,17-11-2025,13:26:32,17-11-2025,13:26:35,17-11-2025,13:29:01,COMPLETED,0,1
79KWH,8,3,FULL,17-11-2025,13:29:02,17-11-2025,13:29:06,17-11-2025,13:30:24,COMPLETED,0,1
79KWH,8,1,FULL,17-11-2025,13:29:21,17-11-2025,13:29:22,17-11-2025,13:31:51,COMPLETED,0,1
79KWH,8,3,FULL,17-11-2025,13:30:43,17-11-2025,13:31:55,17-11-2025,13:33:13,COMPLETED,0,1
79KWH,8,1,FULL,17-11-2025,13:31:57,17-11-2025,13:32:00,17-11-2025,13:34:28,COMPLETED,0,1
79KWH,8,3,FULL,17-11-2025,13:33:18,17-11-2025,13:36:01,17-11-2025,13:37:18,COMPLETED,0,1
79KWH,8,1,FULL,17-11-2025,13:34:44,17-11-2025,13:34:44,17-11-2025,13:37:15,COMPLETED,0,1
79KWH,8,1,FULL,17-11-2025,13:37:21,17-11-2025,13:37:23,17-11-2025,13:39:51,COMPLETED,0,1
79KWH,8,3,FULL,17-11-2025,13:37:36,17-11-2025,13:38:49,17-11-2025,13:40:10,COMPLETED,0,1
79KWH,8,1,FULL,17-11-2025,13:40:10,17-11-2025,13:40:11,17-11-2025,13:42:42,COMPLETED,0,1
79KWH,8,3,FULL,17-11-2025,13:40:15,17-11-2025,13:41:39,17-11-2025,13:42:56,COMPLETED,0,1
79KWH,8,1,FULL,17-11-2025,13:42:48,17-11-2025,13:42:51,17-11-2025,13:45:20,COMPLETED,0,1
79KWH,8,3,FULL,17-11-2025,13:43:14,17-11-2025,13:54:11,17-11-2025,13:55:31,COMPLETED,0,1
79KWH,8,1,FULL,17-11-2025,13:45:38,17-11-2025,13:45:40,17-11-2025,13:48:14,COMPLETED,0,1
79KWH,8,1,FULL,17-11-2025,13:48:20,17-11-2025,13:48:22,17-11-2025,13:50:54,COMPLETED,0,1
79KWH,8,1,FULL,17-11-2025,13:51:13,17-11-2025,13:51:14,17-11-2025,13:53:48,COMPLETED,0,1
79KWH,8,1,FULL,17-11-2025,13:53:54,17-11-2025,13:53:57,17-11-2025,13:56:30,COMPLETED,0,1
79KWH,8,3,FULL,17-11-2025,13:55:37,17-11-2025,13:55:40,17-11-2025,13:57:01,COMPLETED,0,1
79KWH,8,1,FULL,17-11-2025,13:56:52,17-11-2025,13:56:53,17-11-2025,13:59:28,COMPLETED,0,1
79KWH,8,3,FULL,17-11-2025,13:57:21,17-11-2025,13:57:23,17-11-2025,13:58:46,COMPLETED,0,1
79KWH,8,3,FULL,17-11-2025,13:58:52,17-11-2025,13:58:55,17-11-2025,14:00:17,COMPLETED,0,1
79KWH,8,1,FULL,17-11-2025,13:59:35,17-11-2025,13:59:38,17-11-2025,14:02:12,COMPLETED,0,1
79KWH,8,3,FULL,17-11-2025,14:00:32,17-11-2025,14:00:33,17-11-2025,14:01:57,COMPLETED,0,1
79KWH,8,3,FULL,17-11-2025,14:02:03,17-11-2025,14:02:06,17-11-2025,14:03:28,COMPLETED,0,1
79KWH,8,1,FULL,17-11-2025,14:02:30,17-11-2025,14:02:31,17-11-2025,14:05:08,COMPLETED,0,1
79KWH,8,3,FULL,17-11-2025,14:03:46,17-11-2025,14:03:47,17-11-2025,14:05:12,COMPLETED,0,1
79KWH,8,1,FULL,17-11-2025,14:05:14,17-11-2025,14:05:17,17-11-2025,14:07:52,COMPLETED,0,1
79KWH,8,3,FULL,17-11-2025,14:05:18,17-11-2025,14:05:22,17-11-2025,14:06:46,COMPLETED,0,1
79KWH,8,3,FULL,17-11-2025,14:07:04,17-11-2025,14:07:04,17-11-2025,14:08:31,COMPLETED,0,1
79KWH,8,1,FULL,17-11-2025,14:08:11,17-11-2025,14:08:13,17-11-2025,14:10:50,COMPLETED,0,1
79KWH,8,3,FULL,17-11-2025,14:08:38,17-11-2025,14:08:41,17-11-2025,14:10:07,COMPLETED,0,1
79KWH,8,3,FULL,17-11-2025,14:10:24,17-11-2025,14:10:24,17-11-2025,14:11:52,COMPLETED,0,1
79KWH,8,1,FULL,17-11-2025,14:10:56,17-11-2025,14:10:59,17-11-2025,14:13:35,COMPLETED,0,1
79KWH,8,3,FULL,17-11-2025,14:11:59,17-11-2025,14:12:02,17-11-2025,14:13:29,COMPLETED,0,1
79KWH,8,3,FULL,17-11-2025,14:13:46,17-11-2025,14:13:47,17-11-2025,14:15:17,COMPLETED,0,1
79KWH,8,1,FULL,17-11-2025,14:13:56,17-11-2025,14:13:57,17-11-2025,14:16:38,COMPLETED,0,1
79KWH,8,3,FULL,17-11-2025,14:15:23,17-11-2025,14:15:26,17-11-2025,14:16:54,COMPLETED,0,1
79KWH,8,1,FULL,17-11-2025,14:16:43,17-11-2025,14:16:46,17-11-2025,14:19:23,COMPLETED,0,1
79KWH,8,1,FULL,17-11-2025,14:27:18,17-11-2025,14:28:05,17-11-2025,14:30:50,COMPLETED,0,1
79KWH,8,3,FULL,17-11-2025,14:28:22,17-11-2025,14:28:36,17-11-2025,14:30:47,COMPLETED,0,1
79KWH,8,1,FULL,17-11-2025,14:30:57,17-11-2025,14:33:36,17-11-2025,14:36:19,COMPLETED,0,1
79KWH,8,3,FULL,17-11-2025,14:31:09,17-11-2025,14:33:12,17-11-2025,14:35:22,COMPLETED,0,1
79KWH,8,3,FULL,17-11-2025,14:35:38,17-11-2025,14:37:43,17-11-2025,14:39:58,COMPLETED,0,1
79KWH,8,1,FULL,17-11-2025,14:36:39,17-11-2025,14:39:00,17-11-2025,14:41:49,COMPLETED,0,1
79KWH,8,3,FULL,17-11-2025,14:40:04,17-11-2025,14:40:05,17-11-2025,14:41:37,COMPLETED,0,1
79KWH,8,1,FULL,17-11-2025,14:41:54,17-11-2025,14:41:57,17-11-2025,14:44:37,COMPLETED,0,1
79KWH,8,3,FULL,17-11-2025,14:41:55,17-11-2025,14:43:54,17-11-2025,14:46:07,COMPLETED,0,1
79KWH,8,1,FULL,17-11-2025,14:44:56,17-11-2025,14:53:08,17-11-2025,14:55:55,COMPLETED,0,1
79KWH,8,3,FULL,17-11-2025,14:46:13,17-11-2025,14:46:16,17-11-2025,14:47:48,COMPLETED,0,1
79KWH,8,3,FULL,17-11-2025,14:48:05,17-11-2025,14:48:06,17-11-2025,14:49:41,COMPLETED,0,1
79KWH,8,3,FULL,17-11-2025,14:49:47,17-11-2025,14:49:51,17-11-2025,14:51:24,COMPLETED,0,1
79KWH,8,3,FULL,17-11-2025,14:51:40,17-11-2025,14:51:41,17-11-2025,14:53:19,COMPLETED,0,1
79KWH,8,1,FULL,17-11-2025,14:56:01,17-11-2025,15:00:13,17-11-2025,15:02:20,COMPLETED,0,1
79KWH,8,1,FULL,17-11-2025,15:02:26,17-11-2025,15:05:34,17-11-2025,15:07:48,COMPLETED,0,1
79KWH,8,1,FULL,17-11-2025,15:46:19,17-11-2025,15:46:20,17-11-2025,15:48:22,COMPLETED,0,1
79KWH,8,3,FULL,17-11-2025,15:47:30,17-11-2025,15:47:49,17-11-2025,15:49:28,COMPLETED,0,1
79KWH,8,1,FULL,17-11-2025,15:48:28,17-11-2025,15:49:45,17-11-2025,15:51:25,COMPLETED,0,1
79KWH,8,3,FULL,17-11-2025,15:49:48,17-11-2025,15:50:51,17-11-2025,15:52:29,COMPLETED,0,1
79KWH,8,1,FULL,17-11-2025,15:51:47,17-11-2025,15:54:38,17-11-2025,15:56:37,COMPLETED,0,1
79KWH,8,3,FULL,17-11-2025,15:52:36,17-11-2025,15:52:38,17-11-2025,15:54:15,COMPLETED,0,1
79KWH,8,3,FULL,17-11-2025,15:54:31,17-11-2025,15:59:28,17-11-2025,16:01:04,COMPLETED,0,1
79KWH,8,1,FULL,17-11-2025,15:56:43,17-11-2025,16:04:33,17-11-2025,16:06:23,COMPLETED,0,1
79KWH,8,3,FULL,17-11-2025,16:01:10,17-11-2025,16:10:19,17-11-2025,16:11:57,COMPLETED,0,1
79KWH,8,1,FULL,17-11-2025,16:06:40,17-11-2025,16:07:37,17-11-2025,16:10:24,COMPLETED,0,1
79KWH,8,1,FULL,17-11-2025,16:10:30,17-11-2025,16:10:33,17-11-2025,16:13:15,COMPLETED,0,1
79KWH,8,3,FULL,17-11-2025,16:12:14,17-11-2025,16:13:25,17-11-2025,16:15:04,COMPLETED,0,1
79KWH,8,1,FULL,17-11-2025,16:13:32,17-11-2025,16:15:16,17-11-2025,16:17:10,COMPLETED,0,1
79KWH,8,3,FULL,17-11-2025,16:15:11,17-11-2025,16:18:58,17-11-2025,16:20:36,COMPLETED,0,1
79KWH,8,1,FULL,17-11-2025,16:17:16,17-11-2025,16:22:57,17-11-2025,16:24:53,COMPLETED,0,1
79KWH,8,3,FULL,17-11-2025,16:20:53,17-11-2025,16:27:00,17-11-2025,16:29:16,COMPLETED,0,1
79KWH,8,1,FULL,17-11-2025,16:25:13,17-11-2025,16:28:51,17-11-2025,16:31:39,COMPLETED,0,1
79KWH,8,3,FULL,17-11-2025,16:29:22,17-11-2025,16:34:32,17-11-2025,16:36:12,COMPLETED,0,1
79KWH,8,1,FULL,17-11-2025,16:31:45,17-11-2025,16:31:48,17-11-2025,16:34:32,COMPLETED,0,1
79KWH,8,1,FULL,17-11-2025,16:34:51,17-11-2025,16:37:28,17-11-2025,16:40:18,COMPLETED,0,1
79KWH,8,3,FULL,17-11-2025,16:36:27,17-11-2025,16:44:16,17-11-2025,16:46:00,COMPLETED,0,1
79KWH,8,1,FULL,17-11-2025,16:40:24,17-11-2025,16:42:22,17-11-2025,16:44:15,COMPLETED,0,1
79KWH,8,1,FULL,17-11-2025,16:44:30,17-11-2025,16:46:17,17-11-2025,16:48:13,COMPLETED,0,1
79KWH,8,3,FULL,17-11-2025,16:46:06,17-11-2025,16:48:51,17-11-2025,16:50:35,COMPLETED,0,1
79KWH,8,1,FULL,17-11-2025,16:48:19,17-11-2025,16:48:21,17-11-2025,16:51:08,COMPLETED,0,1
79KWH,8,3,FULL,17-11-2025,16:50:52,17-11-2025,16:50:53,17-11-2025,16:52:37,COMPLETED,0,1
79KWH,8,1,FULL,17-11-2025,16:51:26,17-11-2025,16:56:04,17-11-2025,16:57:13,COMPLETED,0,1
79KWH,8,3,FULL,17-11-2025,16:52:43,17-11-2025,16:52:46,17-11-2025,16:54:29,COMPLETED,0,1
79KWH,8,3,FULL,17-11-2025,16:54:44,17-11-2025,16:54:45,17-11-2025,16:56:30,COMPLETED,0,1
79KWH,8,3,FULL,17-11-2025,16:56:36,17-11-2025,16:56:39,17-11-2025,16:58:24,COMPLETED,0,1
79KWH,8,1,FULL,17-11-2025,16:57:20,17-11-2025,17:03:10,17-11-2025,17:04:23,COMPLETED,0,1
79KWH,8,3,FULL,17-11-2025,16:58:40,17-11-2025,16:58:40,17-11-2025,17:00:27,COMPLETED,0,1
79KWH,8,3,FULL,17-11-2025,17:00:34,17-11-2025,17:00:36,17-11-2025,17:02:23,COMPLETED,0,1
79KWH,8,3,FULL,17-11-2025,17:02:42,17-11-2025,17:02:42,17-11-2025,17:04:32,COMPLETED,0,1
79KWH,8,3,FULL,17-11-2025,17:04:38,17-11-2025,17:04:41,17-11-2025,17:06:28,COMPLETED,0,1
79KWH,8,1,FULL,17-11-2025,17:04:42,17-11-2025,17:06:28,17-11-2025,17:07:44,COMPLETED,0,1
79KWH,8,3,FULL,17-11-2025,17:06:44,17-11-2025,17:06:45,17-11-2025,17:08:35,COMPLETED,0,1
79KWH,8,1,FULL,17-11-2025,17:07:50,17-11-2025,17:16:42,17-11-2025,17:17:59,COMPLETED,0,1
79KWH,8,3,FULL,17-11-2025,17:08:41,17-11-2025,17:08:44,17-11-2025,17:10:32,COMPLETED,0,1
79KWH,8,3,FULL,17-11-2025,17:10:50,17-11-2025,17:10:51,17-11-2025,17:12:46,COMPLETED,0,1
79KWH,8,3,FULL,17-11-2025,17:12:53,17-11-2025,17:12:54,17-11-2025,17:14:48,COMPLETED,0,1
79KWH,8,3,FULL,17-11-2025,17:15:06,17-11-2025,17:16:17,17-11-2025,17:18:06,COMPLETED,0,1
79KWH,8,1,FULL,17-11-2025,17:18:06,17-11-2025,17:18:07,17-11-2025,17:19:45,COMPLETED,0,1
79KWH,8,3,FULL,17-11-2025,17:18:13,17-11-2025,17:19:38,17-11-2025,17:21:26,COMPLETED,0,1
79KWH,8,1,FULL,17-11-2025,17:19:51,17-11-2025,17:19:52,17-11-2025,17:21:42,COMPLETED,0,1
79KWH,8,3,FULL,17-11-2025,17:21:45,17-11-2025,17:21:46,17-11-2025,17:23:44,COMPLETED,0,1
79KWH,8,1,FULL,17-11-2025,17:21:49,17-11-2025,17:21:50,17-11-2025,17:23:39,COMPLETED,0,1
79KWH,8,1,FULL,17-11-2025,17:23:45,17-11-2025,17:26:02,17-11-2025,17:28:21,COMPLETED,0,1
79KWH,8,3,FULL,17-11-2025,17:23:50,17-11-2025,17:23:53,17-11-2025,17:25:49,COMPLETED,0,1
79KWH,8,3,FULL,17-11-2025,17:26:06,17-11-2025,17:28:11,17-11-2025,17:30:38,COMPLETED,0,1
79KWH,8,1,FULL,17-11-2025,17:28:44,17-11-2025,17:28:44,17-11-2025,17:30:21,COMPLETED,0,1
79KWH,8,1,FULL,17-11-2025,17:30:30,17-11-2025,17:30:31,17-11-2025,17:31:57,COMPLETED,0,1
79KWH,8,3,FULL,17-11-2025,17:30:45,17-11-2025,17:34:39,17-11-2025,17:36:30,COMPLETED,0,1
79KWH,8,1,FULL,17-11-2025,17:32:19,17-11-2025,17:32:19,17-11-2025,17:33:45,COMPLETED,0,1
79KWH,8,1,FULL,17-11-2025,17:33:51,17-11-2025,17:33:54,17-11-2025,17:35:18,COMPLETED,0,1
79KWH,8,1,FULL,17-11-2025,17:35:35,17-11-2025,17:35:36,17-11-2025,17:37:02,COMPLETED,0,1
79KWH,8,3,FULL,17-11-2025,17:36:46,17-11-2025,18:49:11,17-11-2025,18:51:17,COMPLETED,0,1
79KWH,8,1,FULL,17-11-2025,17:37:08,17-11-2025,17:37:11,17-11-2025,17:38:34,COMPLETED,0,1
79KWH,8,1,FULL,17-11-2025,17:40:25,17-11-2025,17:40:26,17-11-2025,17:41:52,COMPLETED,0,1
79KWH,8,1,FULL,17-11-2025,17:42:04,17-11-2025,17:42:05,17-11-2025,17:43:28,COMPLETED,0,1
79KWH,8,1,FULL,17-11-2025,17:43:46,17-11-2025,17:43:47,17-11-2025,17:45:13,COMPLETED,0,1
79KWH,8,1,FULL,17-11-2025,17:45:19,17-11-2025,17:45:24,17-11-2025,17:46:48,COMPLETED,0,1
79KWH,8,1,FULL,17-11-2025,17:47:06,17-11-2025,17:47:06,17-11-2025,17:48:31,COMPLETED,0,1
79KWH,8,1,FULL,17-11-2025,17:48:38,17-11-2025,17:48:41,17-11-2025,17:50:04,COMPLETED,0,1
79KWH,8,1,FULL,17-11-2025,17:50:24,17-11-2025,17:50:24,17-11-2025,17:51:50,COMPLETED,0,1
79KWH,8,1,FULL,17-11-2025,17:51:56,17-11-2025,17:51:59,17-11-2025,17:53:22,COMPLETED,0,1
79KWH,8,1,FULL,17-11-2025,17:53:39,17-11-2025,17:53:40,17-11-2025,17:55:06,COMPLETED,0,1
79KWH,8,1,FULL,17-11-2025,17:55:12,17-11-2025,17:55:14,17-11-2025,17:56:37,COMPLETED,0,1
79KWH,8,1,FULL,17-11-2025,17:56:58,17-11-2025,17:56:59,17-11-2025,17:58:25,COMPLETED,0,1
79KWH,8,1,FULL,17-11-2025,17:58:31,17-11-2025,17:58:33,17-11-2025,17:59:56,COMPLETED,0,1
79KWH,8,1,FULL,17-11-2025,18:00:14,17-11-2025,18:00:14,17-11-2025,18:01:40,COMPLETED,0,1
79KWH,8,1,FULL,17-11-2025,18:01:46,17-11-2025,18:01:49,17-11-2025,18:03:12,COMPLETED,0,1
79KWH,8,1,FULL,17-11-2025,18:03:31,17-11-2025,18:03:31,17-11-2025,18:04:57,COMPLETED,0,1
79KWH,8,1,FULL,17-11-2025,18:05:03,17-11-2025,18:05:05,17-11-2025,18:06:28,COMPLETED,0,1
79KWH,8,1,FULL,17-11-2025,18:06:44,17-11-2025,18:06:45,17-11-2025,18:08:11,COMPLETED,0,1
79KWH,8,1,FULL,17-11-2025,18:08:17,17-11-2025,18:08:20,17-11-2025,18:09:43,COMPLETED,0,1
79KWH,8,1,FULL,17-11-2025,18:10:01,17-11-2025,18:10:01,17-11-2025,18:11:26,COMPLETED,0,1
79KWH,8,1,FULL,17-11-2025,18:11:33,17-11-2025,18:11:36,17-11-2025,18:12:59,COMPLETED,0,1
79KWH,8,1,FULL,17-11-2025,18:13:16,17-11-2025,18:13:16,17-11-2025,18:14:42,COMPLETED,0,1
79KWH,8,1,FULL,17-11-2025,18:14:49,17-11-2025,18:14:51,17-11-2025,18:16:14,COMPLETED,0,1
79KWH,8,1,FULL,17-11-2025,18:16:31,17-11-2025,18:16:31,17-11-2025,18:17:57,COMPLETED,0,1
79KWH,8,1,FULL,17-11-2025,18:18:03,17-11-2025,18:18:05,17-11-2025,18:19:28,COMPLETED,0,1
79KWH,8,1,FULL,17-11-2025,18:19:44,17-11-2025,18:19:46,17-11-2025,18:21:11,COMPLETED,0,1
79KWH,8,1,FULL,17-11-2025,18:21:17,17-11-2025,18:21:20,17-11-2025,18:22:43,COMPLETED,0,1
79KWH,8,1,FULL,17-11-2025,18:23:01,17-11-2025,18:24:48,17-11-2025,18:26:56,COMPLETED,0,1
79KWH,8,1,FULL,17-11-2025,18:27:02,17-11-2025,18:29:02,17-11-2025,18:31:08,COMPLETED,0,1
79KWH,8,1,FULL,17-11-2025,18:31:25,17-11-2025,18:31:25,17-11-2025,18:32:52,COMPLETED,0,1
79KWH,8,1,FULL,17-11-2025,18:32:58,17-11-2025,18:33:00,17-11-2025,18:34:23,COMPLETED,0,1
79KWH,8,1,FULL,17-11-2025,18:34:40,17-11-2025,18:34:41,17-11-2025,18:36:07,COMPLETED,0,1
79KWH,8,1,FULL,17-11-2025,18:36:13,17-11-2025,18:36:16,17-11-2025,18:37:39,COMPLETED,0,1
79KWH,8,1,FULL,17-11-2025,18:37:58,17-11-2025,18:37:59,17-11-2025,18:39:25,COMPLETED,0,1
79KWH,8,1,FULL,17-11-2025,18:48:59,17-11-2025,18:49:00,17-11-2025,18:51:05,COMPLETED,0,1
79KWH,8,1,FULL,17-11-2025,18:51:22,17-11-2025,18:51:24,17-11-2025,18:52:49,COMPLETED,0,1
79KWH,8,3,FULL,17-11-2025,18:51:22,17-11-2025,18:55:18,17-11-2025,18:57:23,COMPLETED,0,1
79KWH,8,1,FULL,17-11-2025,18:52:56,17-11-2025,18:52:58,17-11-2025,18:54:22,COMPLETED,0,1
79KWH,8,1,FULL,17-11-2025,18:54:41,17-11-2025,18:54:43,17-11-2025,18:56:08,COMPLETED,0,1
79KWH,8,1,FULL,17-11-2025,18:56:15,17-11-2025,18:56:17,17-11-2025,18:57:40,COMPLETED,0,1
79KWH,8,3,FULL,17-11-2025,18:57:42,17-11-2025,18:57:43,17-11-2025,18:59:45,COMPLETED,0,1
79KWH,8,1,FULL,17-11-2025,18:57:58,17-11-2025,18:57:59,17-11-2025,18:59:25,COMPLETED,0,1
79KWH,8,1,FULL,17-11-2025,18:59:31,17-11-2025,18:59:33,17-11-2025,19:00:57,COMPLETED,0,1
79KWH,8,3,FULL,17-11-2025,18:59:50,17-11-2025,18:59:54,17-11-2025,19:01:55,COMPLETED,0,1
79KWH,8,1,FULL,17-11-2025,19:01:16,17-11-2025,19:01:17,17-11-2025,19:02:42,COMPLETED,0,1
79KWH,8,3,FULL,17-11-2025,19:02:13,17-11-2025,19:02:13,17-11-2025,19:04:16,COMPLETED,0,1
79KWH,8,1,FULL,17-11-2025,19:02:48,17-11-2025,19:04:44,17-11-2025,19:06:51,COMPLETED,0,1
79KWH,8,3,FULL,17-11-2025,19:04:22,17-11-2025,19:04:25,17-11-2025,19:06:26,COMPLETED,0,1
79KWH,8,3,FULL,17-11-2025,19:06:46,17-11-2025,19:06:49,17-11-2025,19:08:53,COMPLETED,0,1
79KWH,8,1,FULL,17-11-2025,19:07:07,17-11-2025,19:07:11,17-11-2025,19:08:37,COMPLETED,0,1
79KWH,8,1,FULL,17-11-2025,19:08:43,17-11-2025,19:08:47,17-11-2025,19:10:12,COMPLETED,0,1
79KWH,8,3,FULL,17-11-2025,19:08:59,17-11-2025,19:09:02,17-11-2025,19:11:05,COMPLETED,0,1
79KWH,8,1,FULL,17-11-2025,19:10:31,17-11-2025,19:10:32,17-11-2025,19:12:00,COMPLETED,0,1
79KWH,8,3,FULL,17-11-2025,19:11:22,17-11-2025,19:11:23,17-11-2025,19:13:27,COMPLETED,0,1
79KWH,8,1,FULL,17-11-2025,19:12:06,17-11-2025,19:12:09,17-11-2025,19:13:35,COMPLETED,0,1
79KWH,8,1,FULL,17-11-2025,19:13:51,17-11-2025,19:13:54,17-11-2025,19:15:23,COMPLETED,0,1
79KWH,8,1,FULL,17-11-2025,19:15:29,17-11-2025,19:15:32,17-11-2025,19:16:59,COMPLETED,0,1
79KWH,8,1,FULL,17-11-2025,19:17:17,17-11-2025,19:17:18,17-11-2025,19:18:48,COMPLETED,0,1
79KWH,8,1,FULL,17-11-2025,19:18:54,17-11-2025,19:18:56,17-11-2025,19:20:24,COMPLETED,0,1
79KWH,8,1,FULL,17-11-2025,19:20:46,17-11-2025,19:20:46,17-11-2025,19:22:17,COMPLETED,0,1
79KWH,8,1,FULL,17-11-2025,19:22:23,17-11-2025,19:22:27,17-11-2025,19:23:56,COMPLETED,0,1
79KWH,8,1,FULL,17-11-2025,19:24:15,17-11-2025,19:24:15,17-11-2025,19:25:47,COMPLETED,0,1
79KWH,8,1,FULL,17-11-2025,19:25:54,17-11-2025,19:25:56,17-11-2025,19:27:27,COMPLETED,0,1
79KWH,8,1,FULL,17-11-2025,19:27:45,17-11-2025,19:27:45,17-11-2025,19:29:18,COMPLETED,0,1
79KWH,8,1,FULL,17-11-2025,19:29:25,17-11-2025,19:29:26,17-11-2025,19:30:57,COMPLETED,0,1
79KWH,8,1,FULL,17-11-2025,19:31:17,17-11-2025,19:31:18,17-11-2025,19:32:53,COMPLETED,0,1
79KWH,8,1,FULL,17-11-2025,19:32:59,17-11-2025,19:33:01,17-11-2025,19:34:34,COMPLETED,0,1
79KWH,8,1,FULL,17-11-2025,19:34:53,17-11-2025,19:34:54,17-11-2025,19:36:30,COMPLETED,0,1
79KWH,8,1,FULL,17-11-2025,19:36:35,17-11-2025,19:36:38,17-11-2025,19:38:12,COMPLETED,0,1
79KWH,8,1,FULL,17-11-2025,19:38:31,17-11-2025,19:38:32,17-11-2025,19:40:08,COMPLETED,0,1
79KWH,8,1,FULL,17-11-2025,19:40:14,17-11-2025,19:40:17,17-11-2025,19:41:53,COMPLETED,0,1
79KWH,8,1,FULL,17-11-2025,19:42:12,17-11-2025,19:42:12,17-11-2025,19:43:49,COMPLETED,0,1
79KWH,8,1,FULL,17-11-2025,19:43:56,17-11-2025,19:43:58,17-11-2025,19:45:34,COMPLETED,0,1
79KWH,8,1,FULL,17-11-2025,19:45:50,17-11-2025,19:45:52,17-11-2025,19:47:30,COMPLETED,0,1
79KWH,8,1,FULL,17-11-2025,19:47:37,17-11-2025,19:47:39,17-11-2025,19:49:15,COMPLETED,0,1
79KWH,8,1,FULL,17-11-2025,19:49:33,17-11-2025,19:49:34,17-11-2025,19:51:13,COMPLETED,0,1
79KWH,8,1,FULL,17-11-2025,19:51:18,17-11-2025,19:51:22,17-11-2025,19:52:59,COMPLETED,0,1
79KWH,8,1,FULL,17-11-2025,19:53:16,17-11-2025,19:53:17,17-11-2025,19:54:58,COMPLETED,0,1
79KWH,8,1,FULL,17-11-2025,19:55:04,17-11-2025,19:55:06,17-11-2025,19:56:46,COMPLETED,0,1
79KWH,8,3,FULL,17-11-2025,19:55:39,17-11-2025,20:01:16,17-11-2025,20:03:37,COMPLETED,0,1
79KWH,8,1,FULL,17-11-2025,19:57:03,17-11-2025,19:57:03,17-11-2025,19:58:45,COMPLETED,0,1
79KWH,8,1,FULL,17-11-2025,19:58:51,17-11-2025,19:58:54,17-11-2025,20:00:34,COMPLETED,0,1
79KWH,8,1,FULL,17-11-2025,20:00:50,17-11-2025,20:00:50,17-11-2025,20:02:33,COMPLETED,0,1
79KWH,8,1,FULL,17-11-2025,20:02:39,17-11-2025,20:02:41,17-11-2025,20:04:22,COMPLETED,0,1
79KWH,8,3,FULL,17-11-2025,20:03:43,17-11-2025,20:03:47,17-11-2025,20:05:52,COMPLETED,0,1
79KWH,8,1,FULL,17-11-2025,20:04:42,17-11-2025,20:04:43,17-11-2025,20:06:27,COMPLETED,0,1
79KWH,8,3,FULL,17-11-2025,20:06:09,17-11-2025,20:14:55,17-11-2025,20:17:20,COMPLETED,0,1
79KWH,8,1,FULL,17-11-2025,20:06:33,17-11-2025,20:06:36,17-11-2025,20:08:19,COMPLETED,0,1
79KWH,8,1,FULL,17-11-2025,20:08:33,17-11-2025,20:08:34,17-11-2025,20:10:19,COMPLETED,0,1
79KWH,8,1,FULL,17-11-2025,20:10:25,17-11-2025,20:10:27,17-11-2025,20:12:11,COMPLETED,0,1
79KWH,8,1,FULL,17-11-2025,20:12:31,17-11-2025,20:12:32,17-11-2025,20:14:18,COMPLETED,0,1
79KWH,8,1,FULL,17-11-2025,20:14:25,17-11-2025,20:14:28,17-11-2025,20:16:12,COMPLETED,0,1
79KWH,8,1,FULL,17-11-2025,20:16:31,17-11-2025,20:16:32,17-11-2025,20:18:19,COMPLETED,0,1
79KWH,8,3,FULL,17-11-2025,20:17:28,17-11-2025,20:17:30,17-11-2025,20:19:37,COMPLETED,0,1
79KWH,8,1,FULL,17-11-2025,20:18:25,17-11-2025,20:18:28,17-11-2025,20:20:13,COMPLETED,0,1
79KWH,8,3,FULL,17-11-2025,20:19:55,17-11-2025,20:19:56,17-11-2025,20:22:05,COMPLETED,0,1
79KWH,8,3,FULL,17-11-2025,20:22:11,17-11-2025,20:22:14,17-11-2025,20:24:22,COMPLETED,0,1
79KWH,8,3,FULL,17-11-2025,20:24:39,17-11-2025,20:24:40,17-11-2025,20:26:51,COMPLETED,0,1
79KWH,8,3,FULL,17-11-2025,20:26:57,17-11-2025,20:27:03,17-11-2025,20:29:12,COMPLETED,0,1
79KWH,8,1,FULL,17-11-2025,20:53:41,17-11-2025,20:53:42,17-11-2025,20:55:30,COMPLETED,0,1
79KWH,8,3,FULL,17-11-2025,20:54:49,17-11-2025,20:54:50,17-11-2025,20:57:02,COMPLETED,0,1
79KWH,8,1,FULL,17-11-2025,20:55:36,17-11-2025,20:55:39,17-11-2025,20:57:26,COMPLETED,0,1
79KWH,8,3,FULL,17-11-2025,20:57:09,17-11-2025,20:57:12,17-11-2025,20:59:23,COMPLETED,0,1
79KWH,8,1,FULL,17-11-2025,20:57:42,17-11-2025,20:57:43,17-11-2025,20:59:35,COMPLETED,0,1
79KWH,8,3,FULL,17-11-2025,20:59:39,17-11-2025,20:59:40,17-11-2025,21:01:53,COMPLETED,0,1
79KWH,8,1,FULL,17-11-2025,20:59:42,17-11-2025,20:59:44,17-11-2025,21:01:36,COMPLETED,0,1
79KWH,8,1,FULL,17-11-2025,21:01:53,17-11-2025,21:01:54,17-11-2025,21:03:48,COMPLETED,0,1
79KWH,8,3,FULL,17-11-2025,21:01:59,17-11-2025,21:02:02,17-11-2025,21:04:13,COMPLETED,0,1
79KWH,8,1,FULL,17-11-2025,21:03:55,17-11-2025,21:03:58,17-11-2025,21:05:50,COMPLETED,0,1
79KWH,8,3,FULL,17-11-2025,21:04:29,17-11-2025,21:04:30,17-11-2025,21:06:43,COMPLETED,0,1
79KWH,8,1,FULL,17-11-2025,21:06:06,17-11-2025,21:06:06,17-11-2025,21:08:02,COMPLETED,0,1
79KWH,8,3,FULL,17-11-2025,21:06:49,17-11-2025,21:06:52,17-11-2025,21:09:05,COMPLETED,0,1
79KWH,8,1,FULL,17-11-2025,21:08:08,17-11-2025,21:08:11,17-11-2025,21:10:05,COMPLETED,0,1
79KWH,8,3,FULL,17-11-2025,21:09:22,17-11-2025,21:09:23,17-11-2025,21:11:39,COMPLETED,0,1
79KWH,8,1,FULL,17-11-2025,21:10:24,17-11-2025,21:10:25,17-11-2025,21:12:22,COMPLETED,0,1
79KWH,8,3,FULL,17-11-2025,21:11:46,17-11-2025,21:11:49,17-11-2025,21:14:03,COMPLETED,0,1
79KWH,8,1,FULL,17-11-2025,21:12:28,17-11-2025,21:12:31,17-11-2025,21:14:27,COMPLETED,0,1
79KWH,8,3,FULL,17-11-2025,21:14:20,17-11-2025,21:14:20,17-11-2025,21:16:38,COMPLETED,0,1
79KWH,8,1,FULL,17-11-2025,21:14:46,17-11-2025,21:14:47,17-11-2025,21:16:45,COMPLETED,0,1
79KWH,8,3,FULL,17-11-2025,21:16:44,17-11-2025,21:16:46,17-11-2025,21:19:02,COMPLETED,0,1
79KWH,8,1,FULL,17-11-2025,21:16:51,17-11-2025,21:16:55,17-11-2025,21:18:51,COMPLETED,0,1
79KWH,8,1,FULL,17-11-2025,21:19:11,17-11-2025,21:19:12,17-11-2025,21:21:11,COMPLETED,0,1
79KWH,8,3,FULL,17-11-2025,21:19:21,17-11-2025,21:19:23,17-11-2025,21:21:43,COMPLETED,0,1
79KWH,8,1,FULL,17-11-2025,21:21:17,17-11-2025,21:21:20,17-11-2025,21:23:17,COMPLETED,0,1
79KWH,8,3,FULL,17-11-2025,21:21:49,17-11-2025,21:21:52,17-11-2025,21:24:10,COMPLETED,0,1
79KWH,8,1,FULL,17-11-2025,21:23:34,17-11-2025,21:23:34,17-11-2025,21:25:34,COMPLETED,0,1
79KWH,8,3,FULL,17-11-2025,21:24:27,17-11-2025,21:24:28,17-11-2025,21:26:49,COMPLETED,0,1
79KWH,8,1,FULL,17-11-2025,21:25:39,17-11-2025,21:25:44,17-11-2025,21:27:41,COMPLETED,0,1
79KWH,8,3,FULL,17-11-2025,21:26:55,17-11-2025,21:26:58,17-11-2025,21:29:17,COMPLETED,0,1
79KWH,8,1,FULL,17-11-2025,21:27:58,17-11-2025,21:27:59,17-11-2025,21:30:00,COMPLETED,0,1
79KWH,8,3,FULL,17-11-2025,21:29:35,17-11-2025,21:29:36,17-11-2025,21:31:58,COMPLETED,0,1
79KWH,8,1,FULL,17-11-2025,21:30:06,17-11-2025,21:30:09,17-11-2025,21:32:08,COMPLETED,0,1
79KWH,8,3,FULL,17-11-2025,21:32:04,17-11-2025,21:32:07,17-11-2025,21:34:27,COMPLETED,0,1
79KWH,8,1,FULL,17-11-2025,21:32:23,17-11-2025,21:32:23,17-11-2025,21:34:25,COMPLETED,0,1
79KWH,8,1,FULL,17-11-2025,21:34:33,17-11-2025,21:34:34,17-11-2025,21:36:34,COMPLETED,0,1
79KWH,8,3,FULL,17-11-2025,21:34:45,17-11-2025,21:34:46,17-11-2025,21:37:08,COMPLETED,0,1
79KWH,8,1,FULL,17-11-2025,21:36:52,17-11-2025,21:36:53,17-11-2025,21:38:57,COMPLETED,0,1
79KWH,8,3,FULL,17-11-2025,21:37:15,17-11-2025,21:37:18,17-11-2025,21:39:38,COMPLETED,0,1
79KWH,8,1,FULL,17-11-2025,21:39:03,17-11-2025,21:39:06,17-11-2025,21:41:08,COMPLETED,0,1
79KWH,8,3,FULL,17-11-2025,21:40:00,17-11-2025,21:40:00,17-11-2025,21:42:25,COMPLETED,0,1
79KWH,8,1,FULL,17-11-2025,21:41:29,17-11-2025,21:41:31,17-11-2025,21:43:34,COMPLETED,0,1
79KWH,8,3,FULL,17-11-2025,21:42:31,17-11-2025,21:42:34,17-11-2025,21:44:56,COMPLETED,0,1
79KWH,8,1,FULL,17-11-2025,21:43:41,17-11-2025,21:43:44,17-11-2025,21:45:46,COMPLETED,0,1
79KWH,8,3,FULL,17-11-2025,21:45:13,17-11-2025,21:45:15,17-11-2025,21:47:40,COMPLETED,0,1
79KWH,8,1,FULL,17-11-2025,21:46:01,17-11-2025,21:46:03,17-11-2025,21:48:09,COMPLETED,0,1
79KWH,8,3,FULL,17-11-2025,21:47:46,17-11-2025,21:47:49,17-11-2025,21:50:13,COMPLETED,0,1
79KWH,8,1,FULL,17-11-2025,21:48:15,17-11-2025,21:48:19,17-11-2025,21:50:24,COMPLETED,0,1
79KWH,8,3,FULL,17-11-2025,21:50:29,17-11-2025,21:50:29,17-11-2025,21:52:55,COMPLETED,0,1
79KWH,8,1,FULL,17-11-2025,21:50:41,17-11-2025,21:50:41,17-11-2025,21:52:49,COMPLETED,0,1
79KWH,8,1,FULL,17-11-2025,21:52:54,17-11-2025,21:52:57,17-11-2025,21:55:03,COMPLETED,0,1
79KWH,8,3,FULL,17-11-2025,21:53:02,17-11-2025,21:53:04,17-11-2025,21:55:29,COMPLETED,0,1
79KWH,8,1,FULL,17-11-2025,21:55:19,17-11-2025,21:55:19,17-11-2025,21:57:28,COMPLETED,0,1
79KWH,8,3,FULL,17-11-2025,21:55:50,17-11-2025,21:55:51,17-11-2025,21:58:18,COMPLETED,0,1
79KWH,8,1,FULL,17-11-2025,21:57:33,17-11-2025,21:57:37,17-11-2025,21:59:44,COMPLETED,0,1
79KWH,8,3,FULL,17-11-2025,21:58:23,17-11-2025,21:58:27,17-11-2025,22:00:52,COMPLETED,0,1
79KWH,8,1,FULL,17-11-2025,22:00:02,17-11-2025,22:00:03,17-11-2025,22:02:13,COMPLETED,0,1
79KWH,8,3,FULL,17-11-2025,22:01:11,17-11-2025,22:01:12,17-11-2025,22:03:40,COMPLETED,0,1
79KWH,8,1,FULL,17-11-2025,22:02:19,17-11-2025,22:02:21,17-11-2025,22:04:30,COMPLETED,0,1
79KWH,8,3,FULL,17-11-2025,22:03:47,17-11-2025,22:03:49,17-11-2025,22:06:16,COMPLETED,0,1
79KWH,8,1,FULL,17-11-2025,22:04:47,17-11-2025,22:04:48,17-11-2025,22:06:59,COMPLETED,0,1
79KWH,8,3,FULL,17-11-2025,22:06:32,17-11-2025,22:06:32,17-11-2025,22:09:01,COMPLETED,0,1
79KWH,8,1,FULL,17-11-2025,22:07:05,17-11-2025,22:07:08,17-11-2025,22:09:17,COMPLETED,0,1
79KWH,8,3,FULL,17-11-2025,22:09:07,17-11-2025,22:09:10,17-11-2025,22:11:37,COMPLETED,0,1
79KWH,8,1,FULL,17-11-2025,22:09:36,17-11-2025,22:09:38,17-11-2025,22:11:50,COMPLETED,0,1
79KWH,8,1,FULL,17-11-2025,22:11:57,17-11-2025,22:11:58,17-11-2025,22:14:09,COMPLETED,0,1
79KWH,8,3,FULL,17-11-2025,22:11:57,17-11-2025,22:11:58,17-11-2025,22:14:29,COMPLETED,0,1
79KWH,8,1,FULL,17-11-2025,22:14:25,17-11-2025,22:14:26,17-11-2025,22:16:40,COMPLETED,0,1
79KWH,8,3,FULL,17-11-2025,22:14:36,17-11-2025,22:14:39,17-11-2025,22:17:10,COMPLETED,0,1
79KWH,8,1,FULL,17-11-2025,22:16:46,17-11-2025,22:16:48,17-11-2025,22:19:00,COMPLETED,0,1
79KWH,8,3,FULL,17-11-2025,22:17:26,17-11-2025,22:17:26,17-11-2025,22:19:58,COMPLETED,0,1
79KWH,8,1,FULL,17-11-2025,22:19:16,17-11-2025,22:19:17,17-11-2025,22:21:32,COMPLETED,0,1
79KWH,8,3,FULL,17-11-2025,22:20:05,17-11-2025,22:20:08,17-11-2025,22:22:38,COMPLETED,0,1
79KWH,8,1,FULL,17-11-2025,22:21:40,17-11-2025,22:21:41,17-11-2025,22:23:53,COMPLETED,0,1
79KWH,8,3,FULL,17-11-2025,22:22:56,17-11-2025,22:22:58,17-11-2025,22:25:31,COMPLETED,0,1
79KWH,8,1,FULL,17-11-2025,22:24:13,17-11-2025,22:24:14,17-11-2025,22:26:30,COMPLETED,0,1
79KWH,8,3,FULL,17-11-2025,22:25:37,17-11-2025,22:25:41,17-11-2025,22:28:13,COMPLETED,0,1
79KWH,8,3,FULL,17-11-2025,22:28:29,17-11-2025,22:28:30,17-11-2025,22:31:05,COMPLETED,0,1
79KWH,8,1,FULL,17-11-2025,22:49:32,17-11-2025,22:49:32,17-11-2025,22:51:46,COMPLETED,0,1
79KWH,8,3,FULL,17-11-2025,22:50:37,17-11-2025,22:50:38,17-11-2025,22:53:11,COMPLETED,0,1
79KWH,8,1,FULL,17-11-2025,22:52:03,17-11-2025,22:52:03,17-11-2025,22:54:20,COMPLETED,0,1
79KWH,8,3,FULL,17-11-2025,22:53:28,17-11-2025,22:53:28,17-11-2025,22:56:04,COMPLETED,0,1
79KWH,8,1,FULL,17-11-2025,22:54:26,17-11-2025,22:54:29,17-11-2025,22:56:44,COMPLETED,0,1
79KWH,8,3,FULL,17-11-2025,22:56:10,17-11-2025,22:56:12,17-11-2025,22:58:47,COMPLETED,0,1
79KWH,8,1,FULL,17-11-2025,22:57:03,17-11-2025,22:57:04,17-11-2025,22:59:21,COMPLETED,0,1
79KWH,8,3,FULL,17-11-2025,22:59:08,17-11-2025,22:59:08,17-11-2025,23:01:46,COMPLETED,0,1
79KWH,8,1,FULL,17-11-2025,22:59:28,17-11-2025,22:59:30,17-11-2025,23:01:45,COMPLETED,0,1
79KWH,8,3,FULL,17-11-2025,23:01:53,17-11-2025,23:01:56,17-11-2025,23:04:32,COMPLETED,0,1
79KWH,8,1,FULL,17-11-2025,23:02:04,17-11-2025,23:02:05,17-11-2025,23:04:24,COMPLETED,0,1
79KWH,8,1,FULL,17-11-2025,23:04:30,17-11-2025,23:04:32,17-11-2025,23:06:49,COMPLETED,0,1
79KWH,8,3,FULL,17-11-2025,23:04:50,17-11-2025,23:04:51,17-11-2025,23:07:30,COMPLETED,0,1
79KWH,8,1,FULL,17-11-2025,23:07:06,17-11-2025,23:07:07,17-11-2025,23:09:27,COMPLETED,0,1
79KWH,8,3,FULL,17-11-2025,23:07:37,17-11-2025,23:07:39,17-11-2025,23:10:16,COMPLETED,0,1
79KWH,8,1,FULL,17-11-2025,23:09:33,17-11-2025,23:09:37,17-11-2025,23:11:57,COMPLETED,0,1
79KWH,8,3,FULL,17-11-2025,23:10:37,17-11-2025,23:10:38,17-11-2025,23:13:18,COMPLETED,0,1
79KWH,8,1,FULL,17-11-2025,23:12:14,17-11-2025,23:12:15,17-11-2025,23:14:37,COMPLETED,0,1
79KWH,8,3,FULL,17-11-2025,23:13:25,17-11-2025,23:13:28,17-11-2025,23:16:06,COMPLETED,0,1
79KWH,8,1,FULL,17-11-2025,23:14:42,17-11-2025,23:14:46,17-11-2025,23:17:06,COMPLETED,0,1
79KWH,8,3,FULL,17-11-2025,23:16:23,17-11-2025,23:16:24,17-11-2025,23:19:06,COMPLETED,0,1
79KWH,8,1,FULL,17-11-2025,23:17:23,17-11-2025,23:17:23,17-11-2025,23:19:46,COMPLETED,0,1
79KWH,8,3,FULL,17-11-2025,23:19:11,17-11-2025,23:19:14,17-11-2025,23:21:55,COMPLETED,0,1
79KWH,8,1,FULL,17-11-2025,23:19:53,17-11-2025,23:19:54,17-11-2025,23:22:15,COMPLETED,0,1
79KWH,8,3,FULL,17-11-2025,23:22:11,17-11-2025,23:22:11,17-11-2025,23:24:55,COMPLETED,0,1
79KWH,8,1,FULL,17-11-2025,23:22:31,17-11-2025,23:22:32,17-11-2025,23:24:55,COMPLETED,0,1
79KWH,8,1,FULL,17-11-2025,23:25:01,17-11-2025,23:25:03,17-11-2025,23:27:24,COMPLETED,0,1
79KWH,8,3,FULL,17-11-2025,23:25:01,17-11-2025,23:25:05,17-11-2025,23:27:47,COMPLETED,0,1
79KWH,8,3,FULL,17-11-2025,23:28:03,17-11-2025,23:28:04,17-11-2025,23:30:48,COMPLETED,0,1
79KWH,8,3,FULL,17-11-2025,23:30:55,17-11-2025,23:30:58,17-11-2025,23:33:41,COMPLETED,0,1
79KWH,8,3,FULL,17-11-2025,23:33:57,17-11-2025,23:33:58,17-11-2025,23:36:45,COMPLETED,0,1
79KWH,8,3,FULL,17-11-2025,23:36:50,17-11-2025,23:36:53,17-11-2025,23:39:38,COMPLETED,0,1
79KWH,8,3,FULL,17-11-2025,23:39:54,17-11-2025,23:39:55,17-11-2025,23:42:44,COMPLETED,0,1
79KWH,8,3,FULL,17-11-2025,23:42:49,17-11-2025,23:42:53,17-11-2025,23:45:40,COMPLETED,0,1
79KWH,8,3,FULL,17-11-2025,23:46:02,17-11-2025,23:46:03,17-11-2025,23:48:08,COMPLETED,0,1
79KWH,8,3,FULL,17-11-2025,23:48:14,17-11-2025,23:48:17,17-11-2025,23:49:35,COMPLETED,0,1
79KWH,8,3,FULL,17-11-2025,23:49:53,17-11-2025,23:49:54,17-11-2025,23:51:13,COMPLETED,0,1
79KWH,8,1,FULL,18-11-2025,06:56:36,18-11-2025,06:56:36,18-11-2025,06:59:01,COMPLETED,0,1
79KWH,8,1,FULL,18-11-2025,06:59:08,18-11-2025,06:59:11,18-11-2025,07:01:33,COMPLETED,0,1
79KWH,8,3,FULL,18-11-2025,06:59:09,18-11-2025,06:59:09,18-11-2025,07:00:30,COMPLETED,0,1
79KWH,8,3,FULL,18-11-2025,07:00:56,18-11-2025,07:00:56,18-11-2025,07:02:14,COMPLETED,0,1
79KWH,8,1,FULL,18-11-2025,07:01:51,18-11-2025,07:01:52,18-11-2025,07:04:18,COMPLETED,0,1
79KWH,8,3,FULL,18-11-2025,07:02:51,18-11-2025,07:02:52,18-11-2025,07:04:12,COMPLETED,0,1
79KWH,8,3,FULL,18-11-2025,07:04:19,18-11-2025,07:04:21,18-11-2025,07:05:39,COMPLETED,0,1
79KWH,8,3,FULL,18-11-2025,07:05:48,18-11-2025,07:05:49,18-11-2025,07:07:08,COMPLETED,0,1
79KWH,8,3,FULL,18-11-2025,07:07:15,18-11-2025,07:07:19,18-11-2025,07:08:37,COMPLETED,0,1
79KWH,8,3,FULL,18-11-2025,07:08:45,18-11-2025,07:08:47,18-11-2025,07:10:06,COMPLETED,0,1
79KWH,8,3,FULL,18-11-2025,07:10:13,18-11-2025,07:10:15,18-11-2025,07:11:33,COMPLETED,0,1
79KWH,8,3,FULL,18-11-2025,07:11:42,18-11-2025,07:11:43,18-11-2025,07:13:03,COMPLETED,0,1
79KWH,8,1,FULL,18-11-2025,07:15:42,18-11-2025,07:15:42,18-11-2025,07:18:07,COMPLETED,0,1
79KWH,8,3,FULL,18-11-2025,07:59:46,18-11-2025,08:00:11,18-11-2025,08:02:14,COMPLETED,0,1
79KWH,8,3,FULL,18-11-2025,08:02:23,18-11-2025,08:04:21,18-11-2025,08:06:26,COMPLETED,0,1
79KWH,8,3,FULL,18-11-2025,08:06:32,18-11-2025,08:06:36,18-11-2025,08:07:54,COMPLETED,0,1
79KWH,8,3,FULL,18-11-2025,08:08:04,18-11-2025,08:08:05,18-11-2025,08:09:25,COMPLETED,0,1
79KWH,8,3,FULL,18-11-2025,08:09:31,18-11-2025,08:09:35,18-11-2025,08:10:52,COMPLETED,0,1
79KWH,8,3,FULL,18-11-2025,08:11:01,18-11-2025,08:11:03,18-11-2025,08:12:22,COMPLETED,0,1
79KWH,8,3,FULL,18-11-2025,08:12:28,18-11-2025,08:12:31,18-11-2025,08:13:49,COMPLETED,0,1
79KWH,8,3,FULL,18-11-2025,08:13:58,18-11-2025,08:15:43,18-11-2025,08:17:49,COMPLETED,0,1
79KWH,8,3,FULL,18-11-2025,08:17:56,18-11-2025,08:17:59,18-11-2025,08:19:16,COMPLETED,0,1
79KWH,8,3,FULL,18-11-2025,08:19:26,18-11-2025,08:21:12,18-11-2025,08:23:15,COMPLETED,0,1
79KWH,8,3,FULL,18-11-2025,08:23:21,18-11-2025,08:23:25,18-11-2025,08:24:42,COMPLETED,0,1
79KWH,8,3,FULL,18-11-2025,08:24:51,18-11-2025,08:26:41,18-11-2025,08:28:46,COMPLETED,0,1
79KWH,8,3,FULL,18-11-2025,08:28:52,18-11-2025,08:28:56,18-11-2025,08:30:13,COMPLETED,0,1
79KWH,8,3,FULL,18-11-2025,08:30:22,18-11-2025,08:32:21,18-11-2025,08:34:27,COMPLETED,0,1
79KWH,8,3,FULL,18-11-2025,08:34:33,18-11-2025,08:34:36,18-11-2025,08:35:55,COMPLETED,0,1
79KWH,8,3,FULL,18-11-2025,08:36:03,18-11-2025,08:38:04,18-11-2025,08:40:12,COMPLETED,0,1
79KWH,8,3,FULL,18-11-2025,08:40:19,18-11-2025,08:40:21,18-11-2025,08:41:44,COMPLETED,0,1
79KWH,8,3,FULL,18-11-2025,08:41:53,18-11-2025,08:43:51,18-11-2025,08:46:01,COMPLETED,0,1
79KWH,8,3,FULL,18-11-2025,08:46:06,18-11-2025,08:46:10,18-11-2025,08:47:34,COMPLETED,0,1
79KWH,8,1,FULL,18-11-2025,08:47:39,18-11-2025,08:47:40,18-11-2025,08:50:18,COMPLETED,0,1
79KWH,8,3,FULL,18-11-2025,08:47:43,18-11-2025,08:49:44,18-11-2025,08:51:53,COMPLETED,0,1
79KWH,8,3,FULL,18-11-2025,08:51:59,18-11-2025,08:52:03,18-11-2025,08:53:28,COMPLETED,0,1
79KWH,8,3,FULL,18-11-2025,08:53:37,18-11-2025,08:55:36,18-11-2025,08:57:48,COMPLETED,0,1
79KWH,8,3,FULL,18-11-2025,08:57:57,18-11-2025,08:59:57,18-11-2025,09:02:06,COMPLETED,0,1
79KWH,8,1,FULL,18-11-2025,09:01:59,18-11-2025,09:02:00,18-11-2025,09:04:36,COMPLETED,0,1
79KWH,8,3,FULL,18-11-2025,09:02:19,18-11-2025,09:04:09,18-11-2025,09:06:21,COMPLETED,0,1
79KWH,8,1,FULL,18-11-2025,09:05:00,18-11-2025,09:05:01,18-11-2025,09:07:29,COMPLETED,0,1
79KWH,8,3,FULL,18-11-2025,09:06:27,18-11-2025,09:06:32,18-11-2025,09:08:02,COMPLETED,0,1
79KWH,8,1,FULL,18-11-2025,09:07:35,18-11-2025,09:07:38,18-11-2025,09:10:04,COMPLETED,0,1
79KWH,8,3,FULL,18-11-2025,09:08:12,18-11-2025,09:10:05,18-11-2025,09:12:18,COMPLETED,0,1
79KWH,8,1,FULL,18-11-2025,09:10:24,18-11-2025,09:10:25,18-11-2025,09:12:54,COMPLETED,0,1
79KWH,8,3,FULL,18-11-2025,09:12:24,18-11-2025,09:12:28,18-11-2025,09:13:59,COMPLETED,0,1
79KWH,8,1,FULL,18-11-2025,09:12:59,18-11-2025,09:13:02,18-11-2025,09:15:29,COMPLETED,0,1
79KWH,8,3,FULL,18-11-2025,09:14:07,18-11-2025,09:14:09,18-11-2025,09:15:43,COMPLETED,0,1
79KWH,8,3,FULL,18-11-2025,09:15:48,18-11-2025,09:15:53,18-11-2025,09:17:27,COMPLETED,0,1
79KWH,8,1,FULL,18-11-2025,09:15:52,18-11-2025,09:15:52,18-11-2025,09:18:23,COMPLETED,0,1
79KWH,8,3,FULL,18-11-2025,09:17:36,18-11-2025,09:17:38,18-11-2025,09:19:13,COMPLETED,0,1
79KWH,8,1,FULL,18-11-2025,09:18:30,18-11-2025,09:18:32,18-11-2025,09:21:01,COMPLETED,0,1
79KWH,8,3,FULL,18-11-2025,09:19:19,18-11-2025,09:19:23,18-11-2025,09:20:56,COMPLETED,0,1
79KWH,8,3,FULL,18-11-2025,09:21:07,18-11-2025,09:25:23,18-11-2025,09:27:32,COMPLETED,0,1
79KWH,8,1,FULL,18-11-2025,09:21:20,18-11-2025,09:21:22,18-11-2025,09:23:54,COMPLETED,0,1
79KWH,8,1,FULL,18-11-2025,09:24:00,18-11-2025,09:24:03,18-11-2025,09:26:32,COMPLETED,0,1
79KWH,8,1,FULL,18-11-2025,09:26:49,18-11-2025,09:26:51,18-11-2025,09:29:25,COMPLETED,0,1
79KWH,8,3,FULL,18-11-2025,09:27:38,18-11-2025,09:27:41,18-11-2025,09:29:17,COMPLETED,0,1
79KWH,8,1,FULL,18-11-2025,09:31:33,18-11-2025,09:31:34,18-11-2025,09:34:08,COMPLETED,0,1
79KWH,8,3,FULL,18-11-2025,09:32:43,18-11-2025,09:32:44,18-11-2025,09:34:54,COMPLETED,0,1
79KWH,8,1,FULL,18-11-2025,09:34:25,18-11-2025,09:34:26,18-11-2025,09:37:02,COMPLETED,0,1
79KWH,8,3,FULL,18-11-2025,09:35:00,18-11-2025,09:37:01,18-11-2025,09:39:09,COMPLETED,0,1
79KWH,8,1,FULL,18-11-2025,09:37:08,18-11-2025,09:37:10,18-11-2025,09:39:44,COMPLETED,0,1
79KWH,8,3,FULL,18-11-2025,09:39:18,18-11-2025,09:39:18,18-11-2025,09:40:58,COMPLETED,0,1
79KWH,8,1,FULL,18-11-2025,09:40:05,18-11-2025,09:40:05,18-11-2025,09:42:43,COMPLETED,0,1
79KWH,8,3,FULL,18-11-2025,09:41:03,18-11-2025,09:41:07,18-11-2025,09:42:44,COMPLETED,0,1
79KWH,8,1,FULL,18-11-2025,09:42:49,18-11-2025,09:42:51,18-11-2025,09:45:26,COMPLETED,0,1
79KWH,8,3,FULL,18-11-2025,09:42:54,18-11-2025,09:42:56,18-11-2025,09:44:40,COMPLETED,0,1
79KWH,8,3,FULL,18-11-2025,09:44:45,18-11-2025,09:46:46,18-11-2025,09:48:58,COMPLETED,0,1
79KWH,8,1,FULL,18-11-2025,09:45:43,18-11-2025,09:45:44,18-11-2025,09:48:22,COMPLETED,0,1
79KWH,8,1,FULL,18-11-2025,09:48:28,18-11-2025,09:48:32,18-11-2025,09:51:08,COMPLETED,0,1
79KWH,8,3,FULL,18-11-2025,09:49:07,18-11-2025,09:51:03,18-11-2025,09:53:18,COMPLETED,0,1
79KWH,8,1,FULL,18-11-2025,09:51:25,18-11-2025,09:51:26,18-11-2025,09:54:06,COMPLETED,0,1
79KWH,8,3,FULL,18-11-2025,09:53:24,18-11-2025,09:58:30,18-11-2025,10:00:43,COMPLETED,0,1
79KWH,8,1,FULL,18-11-2025,09:54:12,18-11-2025,09:54:15,18-11-2025,09:56:53,COMPLETED,0,1
79KWH,8,1,FULL,18-11-2025,09:57:14,18-11-2025,09:57:15,18-11-2025,09:59:56,COMPLETED,0,1
79KWH,8,1,FULL,18-11-2025,10:00:03,18-11-2025,10:00:05,18-11-2025,10:02:45,COMPLETED,0,1
79KWH,8,3,FULL,18-11-2025,10:00:53,18-11-2025,10:00:54,18-11-2025,10:02:43,COMPLETED,0,1
79KWH,8,3,FULL,18-11-2025,10:02:49,18-11-2025,10:05:14,18-11-2025,10:07:28,COMPLETED,0,1
79KWH,8,1,FULL,18-11-2025,10:03:09,18-11-2025,10:03:10,18-11-2025,10:05:53,COMPLETED,0,1
79KWH,8,1,FULL,18-11-2025,10:05:59,18-11-2025,10:06:01,18-11-2025,10:08:42,COMPLETED,0,1
79KWH,8,3,FULL,18-11-2025,10:07:37,18-11-2025,10:07:38,18-11-2025,10:09:28,COMPLETED,0,1
79KWH,8,1,FULL,18-11-2025,10:09:02,18-11-2025,10:09:04,18-11-2025,10:11:47,COMPLETED,0,1
79KWH,8,3,FULL,18-11-2025,10:09:34,18-11-2025,10:09:36,18-11-2025,10:11:25,COMPLETED,0,1
79KWH,8,3,FULL,18-11-2025,10:11:33,18-11-2025,10:14:01,18-11-2025,10:16:20,COMPLETED,0,1
79KWH,8,1,FULL,18-11-2025,10:11:53,18-11-2025,10:11:56,18-11-2025,10:14:37,COMPLETED,0,1
79KWH,8,1,FULL,18-11-2025,10:15:00,18-11-2025,10:15:02,18-11-2025,10:17:46,COMPLETED,0,1
79KWH,8,3,FULL,18-11-2025,10:16:26,18-11-2025,10:16:31,18-11-2025,10:18:22,COMPLETED,0,1
79KWH,8,1,FULL,18-11-2025,10:17:53,18-11-2025,10:32:54,18-11-2025,10:35:38,COMPLETED,0,1
79KWH,8,3,FULL,18-11-2025,10:18:33,18-11-2025,10:18:34,18-11-2025,10:20:28,COMPLETED,0,1
79KWH,8,3,FULL,18-11-2025,10:20:34,18-11-2025,10:20:37,18-11-2025,10:22:30,COMPLETED,0,1
79KWH,8,3,FULL,18-11-2025,10:22:38,18-11-2025,10:22:40,18-11-2025,10:24:36,COMPLETED,0,1
79KWH,8,3,FULL,18-11-2025,10:24:42,18-11-2025,10:24:44,18-11-2025,10:26:39,COMPLETED,0,1
79KWH,8,3,FULL,18-11-2025,10:26:49,18-11-2025,10:26:49,18-11-2025,10:28:46,COMPLETED,0,1
79KWH,8,3,FULL,18-11-2025,10:28:52,18-11-2025,10:28:55,18-11-2025,10:30:51,COMPLETED,0,1
79KWH,8,3,FULL,18-11-2025,10:31:00,18-11-2025,10:31:01,18-11-2025,10:33:02,COMPLETED,0,1
79KWH,8,3,FULL,18-11-2025,10:33:09,18-11-2025,10:33:10,18-11-2025,10:35:07,COMPLETED,0,1
79KWH,8,3,FULL,18-11-2025,10:35:16,18-11-2025,10:35:17,18-11-2025,10:37:16,COMPLETED,0,1
79KWH,8,1,FULL,18-11-2025,10:36:01,18-11-2025,10:41:05,18-11-2025,10:43:01,COMPLETED,0,1
79KWH,8,3,FULL,18-11-2025,10:37:25,18-11-2025,10:37:26,18-11-2025,10:39:24,COMPLETED,0,1
79KWH,8,3,FULL,18-11-2025,10:39:33,18-11-2025,10:39:34,18-11-2025,10:41:34,COMPLETED,0,1
79KWH,8,3,FULL,18-11-2025,10:41:40,18-11-2025,10:41:44,18-11-2025,10:43:44,COMPLETED,0,1
79KWH,8,1,FULL,18-11-2025,10:43:17,18-11-2025,10:45:05,18-11-2025,10:46:59,COMPLETED,0,1
79KWH,8,3,FULL,18-11-2025,10:44:00,18-11-2025,10:44:01,18-11-2025,10:46:04,COMPLETED,0,1
79KWH,8,3,FULL,18-11-2025,10:46:11,18-11-2025,10:46:13,18-11-2025,10:48:14,COMPLETED,0,1
79KWH,8,1,FULL,18-11-2025,10:47:19,18-11-2025,10:52:27,18-11-2025,10:54:27,COMPLETED,0,1
79KWH,8,3,FULL,18-11-2025,10:48:23,18-11-2025,10:48:23,18-11-2025,10:50:26,COMPLETED,0,1
79KWH,8,3,FULL,18-11-2025,10:50:32,18-11-2025,10:50:35,18-11-2025,10:52:36,COMPLETED,0,1
79KWH,8,3,FULL,18-11-2025,10:52:45,18-11-2025,10:52:48,18-11-2025,10:54:52,COMPLETED,0,1
79KWH,8,1,FULL,18-11-2025,10:54:34,18-11-2025,10:54:36,18-11-2025,10:57:23,COMPLETED,0,1
79KWH,8,3,FULL,18-11-2025,10:54:59,18-11-2025,10:55:03,18-11-2025,10:57:04,COMPLETED,0,1
79KWH,8,3,FULL,18-11-2025,10:57:13,18-11-2025,10:57:14,18-11-2025,10:59:20,COMPLETED,0,1
79KWH,8,1,FULL,18-11-2025,10:57:39,18-11-2025,10:57:40,18-11-2025,11:00:29,COMPLETED,0,1
79KWH,8,3,FULL,18-11-2025,10:59:26,18-11-2025,10:59:29,18-11-2025,11:01:32,COMPLETED,0,1
79KWH,8,1,FULL,18-11-2025,11:00:34,18-11-2025,11:00:38,18-11-2025,11:03:24,COMPLETED,0,1
79KWH,8,3,FULL,18-11-2025,11:01:41,18-11-2025,11:01:43,18-11-2025,11:03:49,COMPLETED,0,1
79KWH,8,3,FULL,18-11-2025,11:03:55,18-11-2025,11:03:59,18-11-2025,11:06:05,COMPLETED,0,1
79KWH,8,3,FULL,18-11-2025,11:06:14,18-11-2025,11:06:15,18-11-2025,11:08:23,COMPLETED,0,1
79KWH,8,3,FULL,18-11-2025,11:08:29,18-11-2025,11:08:34,18-11-2025,11:10:42,COMPLETED,0,1
79KWH,8,3,FULL,18-11-2025,11:10:50,18-11-2025,11:10:52,18-11-2025,11:13:03,COMPLETED,0,1
79KWH,8,3,FULL,18-11-2025,11:13:10,18-11-2025,11:13:12,18-11-2025,11:15:23,COMPLETED,0,1
79KWH,8,3,FULL,18-11-2025,11:15:33,18-11-2025,11:15:34,18-11-2025,11:17:47,COMPLETED,0,1
79KWH,8,3,FULL,18-11-2025,11:17:54,18-11-2025,11:17:56,18-11-2025,11:20:07,COMPLETED,0,1
79KWH,8,3,FULL,18-11-2025,11:20:18,18-11-2025,11:20:19,18-11-2025,11:22:35,COMPLETED,0,1
79KWH,8,3,FULL,18-11-2025,11:22:40,18-11-2025,11:22:44,18-11-2025,11:24:57,COMPLETED,0,1
79KWH,8,3,FULL,18-11-2025,11:25:08,18-11-2025,11:25:09,18-11-2025,11:27:25,COMPLETED,0,1
79KWH,8,3,FULL,18-11-2025,11:27:31,18-11-2025,11:27:34,18-11-2025,11:29:49,COMPLETED,0,1
79KWH,8,3,FULL,18-11-2025,11:29:58,18-11-2025,11:30:00,18-11-2025,11:32:20,COMPLETED,0,1
79KWH,8,3,FULL,18-11-2025,11:32:26,18-11-2025,11:32:28,18-11-2025,11:34:47,COMPLETED,0,1
